0 0.502564 0.300000 0.469231 0.307143 0.438462 0.332143 0.425641 0.350000 0.415385 0.385714 0.415385 0.460714 0.425641 0.485714 0.451282 0.514286 0.484615 0.532143 0.520513 0.521429 0.556410 0.492857 0.571795 0.460714 0.574359 0.382143 0.569231 0.360714 0.543590 0.325000
0 0.758974 0.035714 0.766667 0.082143 0.802564 0.096429 0.838462 0.135714 0.851282 0.139286 0.905128 0.100000 0.920513 0.064286 0.923077 0.000000 0.769231 0.000000
0 0.592308 0.057143 0.615385 0.092857 0.658974 0.135714 0.679487 0.135714 0.741026 0.071429 0.748718 0.050000 0.751282 0.000000 0.594872 0.000000
0 0.425641 0.007143 0.428205 0.042857 0.441026 0.078571 0.456410 0.100000 0.482051 0.117857 0.538462 0.107143 0.571795 0.071429 0.579487 0.046429 0.579487 0.000000 0.428205 0.000000
0 0.048718 0.803571 0.041026 0.875000 0.046154 0.907143 0.058974 0.928571 0.194872 0.928571 0.217949 0.889286 0.220513 0.810714 0.210256 0.778571 0.200000 0.764286 0.156410 0.735714 0.102564 0.739286 0.064103 0.775000
0 0.343590 0.307143 0.312821 0.303571 0.287179 0.310714 0.256410 0.335714 0.233333 0.382143 0.233333 0.453571 0.251282 0.510714 0.305128 0.542857 0.333333 0.539286 0.382051 0.503571 0.405128 0.460714 0.405128 0.385714 0.387179 0.339286
0 0.123077 0.307143 0.087179 0.325000 0.053846 0.364286 0.043590 0.400000 0.043590 0.460714 0.058974 0.500000 0.087179 0.532143 0.115385 0.550000 0.161538 0.546429 0.197436 0.517857 0.217949 0.485714 0.223077 0.467857 0.217949 0.367857 0.187179 0.321429 0.151282 0.307143
0 0.902564 0.107143 0.874359 0.128571 0.851282 0.160714 0.851282 0.228571 0.843590 0.264286 0.853846 0.289286 0.905128 0.325000 0.946154 0.328571 0.984615 0.300000 0.992308 0.282143 1.000000 0.282143 1.000000 0.142857 0.961538 0.107143
0 0.107692 0.096429 0.053846 0.092857 0.028205 0.107143 0.000000 0.142857 0.000000 0.278571 0.012821 0.296429 0.058974 0.328571 0.071795 0.328571 0.133333 0.296429 0.146154 0.282143 0.153846 0.257143 0.156410 0.153571 0.135897 0.117857
0 0.089744 0.000000 0.092308 0.046429 0.110256 0.092857 0.151282 0.125000 0.171795 0.125000 0.194872 0.100000 0.238462 0.078571 0.248718 0.060714 0.246154 0.000000
0 0.220513 0.089286 0.197436 0.100000 0.166667 0.139286 0.156410 0.178571 0.156410 0.235714 0.166667 0.275000 0.187179 0.307143 0.220513 0.325000 0.256410 0.325000 0.315385 0.278571 0.325641 0.221429 0.323077 0.160714 0.317949 0.142857 0.294872 0.114286 0.256410 0.089286
0 0.261538 0.039286 0.266667 0.067857 0.282051 0.092857 0.305128 0.110714 0.348718 0.110714 0.382051 0.089286 0.397436 0.060714 0.407692 0.003571 0.264103 0.000000
0 0.433333 0.096429 0.397436 0.096429 0.376923 0.107143 0.343590 0.139286 0.333333 0.171429 0.335897 0.264286 0.361538 0.307143 0.400000 0.328571 0.438462 0.321429 0.479487 0.282143 0.489744 0.250000 0.492308 0.200000 0.484615 0.150000 0.466667 0.121429
0 0.605128 0.100000 0.576923 0.100000 0.538462 0.117857 0.515385 0.146429 0.505128 0.171429 0.500000 0.228571 0.507692 0.264286 0.530769 0.303571 0.564103 0.328571 0.600000 0.325000 0.633333 0.303571 0.651282 0.278571 0.661538 0.250000 0.664103 0.175000 0.653846 0.146429 0.635897 0.121429
0 0.787179 0.092857 0.756410 0.089286 0.728205 0.100000 0.705128 0.117857 0.679487 0.157143 0.671795 0.182143 0.669231 0.260714 0.682051 0.289286 0.748718 0.328571 0.784615 0.321429 0.828205 0.282143 0.848718 0.221429 0.846154 0.167857 0.817949 0.110714
0 0.233333 0.796429 0.225641 0.817857 0.223077 0.853571 0.225641 0.900000 0.233333 0.921429 0.248718 0.928571 0.376923 0.928571 0.387179 0.917857 0.397436 0.864286 0.397436 0.810714 0.382051 0.764286 0.358974 0.742857 0.325641 0.725000 0.294872 0.728571 0.269231 0.746429
0 0.538462 0.732143 0.505128 0.714286 0.471795 0.717857 0.412821 0.782143 0.405128 0.807143 0.402564 0.860714 0.405128 0.889286 0.423077 0.925000 0.528205 0.928571 0.556410 0.914286 0.566667 0.875000 0.571795 0.817857 0.556410 0.760714
0 0.597436 0.742857 0.576923 0.792857 0.579487 0.867857 0.594872 0.914286 0.617949 0.928571 0.692308 0.928571 0.710256 0.921429 0.725641 0.903571 0.746154 0.828571 0.743590 0.792857 0.725641 0.750000 0.687179 0.714286 0.658974 0.707143 0.638462 0.710714
0 0.758974 0.750000 0.748718 0.782143 0.751282 0.857143 0.776923 0.914286 0.802564 0.928571 0.882051 0.925000 0.910256 0.896429 0.917949 0.867857 0.920513 0.807143 0.905128 0.760714 0.884615 0.728571 0.843590 0.710714 0.807692 0.710714
0 0.861538 0.535714 0.835897 0.589286 0.835897 0.667857 0.843590 0.689286 0.861538 0.710714 0.920513 0.739286 0.956410 0.735714 0.982051 0.717857 1.000000 0.685714 1.000000 0.553571 0.971795 0.525000 0.946154 0.510714 0.910256 0.510714
0 0.725641 0.510714 0.682051 0.542857 0.669231 0.571429 0.664103 0.600000 0.669231 0.664286 0.679487 0.692857 0.705128 0.717857 0.741026 0.735714 0.771795 0.732143 0.800000 0.710714 0.823077 0.671429 0.828205 0.571429 0.817949 0.546429 0.787179 0.514286 0.764103 0.507143
0 0.589744 0.507143 0.553846 0.510714 0.523077 0.532143 0.507692 0.550000 0.497436 0.582143 0.494872 0.639286 0.502564 0.685714 0.517949 0.707143 0.556410 0.735714 0.579487 0.739286 0.610256 0.725000 0.638462 0.696429 0.653846 0.664286 0.656410 0.603571 0.648718 0.564286 0.625641 0.525000
0 0.430769 0.514286 0.397436 0.514286 0.369231 0.525000 0.333333 0.564286 0.320513 0.596429 0.320513 0.671429 0.328205 0.700000 0.343590 0.725000 0.384615 0.757143 0.412821 0.757143 0.435897 0.742857 0.476923 0.696429 0.484615 0.671429 0.484615 0.575000 0.466667 0.539286
0 0.241026 0.517857 0.210256 0.521429 0.174359 0.542857 0.146154 0.578571 0.135897 0.607143 0.133333 0.653571 0.148718 0.710714 0.166667 0.735714 0.205128 0.760714 0.241026 0.757143 0.276923 0.732143 0.294872 0.710714 0.310256 0.657143 0.312821 0.603571 0.297436 0.557143 0.282051 0.539286
0 0.064103 0.521429 0.041026 0.517857 0.000000 0.532143 0.000000 0.753571 0.023077 0.767857 0.048718 0.767857 0.084615 0.750000 0.112821 0.717857 0.128205 0.675000 0.130769 0.592857 0.115385 0.557143
0 0.823077 0.300000 0.774359 0.342857 0.761538 0.382143 0.753846 0.467857 0.774359 0.500000 0.823077 0.525000 0.853846 0.528571 0.882051 0.514286 0.905128 0.489286 0.920513 0.439286 0.923077 0.385714 0.912821 0.346429 0.889744 0.314286 0.858974 0.300000
0 0.656410 0.300000 0.633333 0.310714 0.594872 0.346429 0.582051 0.378571 0.582051 0.457143 0.602564 0.500000 0.643590 0.528571 0.671795 0.528571 0.723077 0.500000 0.738462 0.475000 0.743590 0.371429 0.733333 0.335714 0.717949 0.317857 0.684615 0.300000
