0 0.683333 0.000000 0.702083 0.025926 0.702083 0.092593 0.708333 0.129630 0.727083 0.129630 0.731250 0.070370 0.741667 0.029630 0.741667 0.000000
0 0.110417 0.381481 0.104167 0.403704 0.104167 0.481481 0.108333 0.548148 0.116667 0.574074 0.116667 0.592593 0.091667 0.666667 0.064583 0.725926 0.054167 0.807407 0.066667 0.914815 0.083333 0.959259 0.083333 0.992593 0.089583 1.000000 0.304167 1.000000 0.310417 0.959259 0.310417 0.766667 0.289583 0.703704 0.250000 0.633333 0.227083 0.574074 0.231250 0.437037 0.225000 0.388889 0.214583 0.370370 0.183333 0.359259 0.139583 0.362963
0 0.393750 0.311111 0.377083 0.337037 0.372917 0.370370 0.377083 0.485185 0.385417 0.507407 0.370833 0.559259 0.337500 0.625926 0.327083 0.674074 0.320833 0.992593 0.325000 1.000000 0.554167 1.000000 0.558333 0.751852 0.535417 0.614815 0.508333 0.570370 0.485417 0.503704 0.491667 0.485185 0.491667 0.340741 0.485417 0.322222 0.464583 0.307407
0 0.622917 0.259259 0.608333 0.274074 0.602083 0.307407 0.602083 0.407407 0.608333 0.448148 0.583333 0.514815 0.556250 0.566667 0.547917 0.607407 0.554167 0.692593 0.568750 0.788889 0.566667 0.992593 0.568750 1.000000 0.750000 1.000000 0.756250 0.992593 0.762500 0.651852 0.750000 0.562963 0.710417 0.477778 0.702083 0.444444 0.710417 0.407407 0.712500 0.292593 0.704167 0.266667 0.691667 0.259259
0 0.818750 0.211111 0.806250 0.222222 0.797917 0.296296 0.804167 0.377778 0.781250 0.451852 0.745833 0.522222 0.745833 0.537037 0.772917 0.644444 0.766667 0.996296 0.922917 1.000000 0.929167 0.985185 0.933333 0.792593 0.945833 0.703704 0.950000 0.574074 0.935417 0.503704 0.889583 0.385185 0.900000 0.359259 0.904167 0.311111 0.902083 0.233333 0.897917 0.222222 0.877083 0.211111
0 0.358333 0.222222 0.302083 0.222222 0.279167 0.244444 0.275000 0.296296 0.287500 0.403704 0.272917 0.455556 0.243750 0.511111 0.233333 0.562963 0.243750 0.614815 0.308333 0.740741 0.316667 0.740741 0.331250 0.640741 0.364583 0.570370 0.379167 0.518519 0.372917 0.485185 0.370833 0.374074 0.383333 0.318519 0.383333 0.262963 0.375000 0.233333
0 0.516667 0.177778 0.493750 0.188889 0.485417 0.222222 0.483333 0.266667 0.495833 0.355556 0.493750 0.459259 0.497917 0.466667 0.489583 0.511111 0.516667 0.577778 0.533333 0.603704 0.539583 0.603704 0.595833 0.470370 0.593750 0.392593 0.583333 0.366667 0.579167 0.337037 0.585417 0.296296 0.585417 0.211111 0.568750 0.181481
0 0.122917 0.266667 0.062500 0.270370 0.037500 0.285185 0.031250 0.300000 0.031250 0.377778 0.037500 0.437037 0.045833 0.440741 0.045833 0.470370 0.035417 0.507407 0.014583 0.551852 0.000000 0.622222 0.000000 1.000000 0.043750 1.000000 0.052083 0.992593 0.050000 0.962963 0.054167 0.940741 0.047917 0.833333 0.054167 0.759259 0.070833 0.700000 0.095833 0.648148 0.106250 0.592593 0.102083 0.411111 0.114583 0.377778 0.145833 0.355556 0.139583 0.288889
0 0.852083 0.111111 0.841667 0.129630 0.841667 0.200000 0.887500 0.214815 0.904167 0.237037 0.906250 0.292593 0.900000 0.392593 0.908333 0.411111 0.910417 0.433333 0.925000 0.444444 0.935417 0.429630 0.947917 0.366667 0.947917 0.340741 0.920833 0.266667 0.931250 0.200000 0.931250 0.125926 0.920833 0.111111 0.893750 0.103704
0 0.687500 0.140741 0.672917 0.162963 0.672917 0.248148 0.695833 0.259259 0.712500 0.281481 0.714583 0.418519 0.708333 0.433333 0.708333 0.459259 0.718750 0.492593 0.741667 0.522222 0.772917 0.466667 0.785417 0.407407 0.783333 0.370370 0.768750 0.337037 0.758333 0.288889 0.766667 0.211111 0.764583 0.159259 0.745833 0.140741
0 1.000000 0.174074 0.985417 0.188889 0.981250 0.214815 0.979167 0.300000 0.983333 0.333333 0.927083 0.462963 0.956250 0.577778 0.954167 0.688889 0.943750 0.792593 0.941667 0.985185 0.952083 1.000000 1.000000 1.000000
0 0.281250 0.155556 0.218750 0.155556 0.204167 0.170370 0.200000 0.192593 0.208333 0.288889 0.208333 0.355556 0.225000 0.385185 0.231250 0.411111 0.237500 0.503704 0.254167 0.492593 0.281250 0.425926 0.283333 0.385185 0.275000 0.318519 0.275000 0.266667 0.281250 0.240741 0.297917 0.218519 0.295833 0.177778
0 0.206250 0.100000 0.150000 0.100000 0.135417 0.114815 0.133333 0.174074 0.143750 0.225926 0.139583 0.277778 0.150000 0.351852 0.177083 0.355556 0.197917 0.344444 0.202083 0.292593 0.200000 0.188889 0.210417 0.162963 0.220833 0.155556 0.218750 0.118519
0 0.060417 0.192593 0.016667 0.192593 0.000000 0.200000 0.000000 0.559259 0.010417 0.555556 0.022917 0.533333 0.039583 0.485185 0.039583 0.448148 0.033333 0.433333 0.029167 0.359259 0.031250 0.303704 0.041667 0.281481 0.079167 0.266667 0.081250 0.259259 0.077083 0.211111
0 0.093750 0.055556 0.083333 0.070370 0.083333 0.118519 0.087500 0.155556 0.093750 0.170370 0.093750 0.188889 0.083333 0.207407 0.085417 0.251852 0.089583 0.262963 0.133333 0.262963 0.139583 0.229630 0.133333 0.188889 0.133333 0.129630 0.141667 0.107407 0.162500 0.096296 0.160417 0.066667 0.152083 0.051852
0 0.060417 0.007407 0.039583 0.022222 0.039583 0.070370 0.052083 0.133333 0.035417 0.166667 0.033333 0.185185 0.066667 0.188889 0.081250 0.200000 0.087500 0.188889 0.085417 0.133333 0.079167 0.118519 0.083333 0.074074 0.089583 0.059259 0.108333 0.051852 0.112500 0.029630 0.106250 0.011111
0 0.404167 0.122222 0.395833 0.140741 0.397917 0.262963 0.404167 0.270370 0.395833 0.281481 0.391667 0.303704 0.452083 0.300000 0.479167 0.307407 0.475000 0.248148 0.481250 0.237037 0.485417 0.185185 0.479167 0.125926 0.466667 0.114815 0.418750 0.114815
0 0.318750 0.070370 0.312500 0.088889 0.312500 0.140741 0.316667 0.159259 0.312500 0.211111 0.318750 0.218519 0.364583 0.222222 0.387500 0.248148 0.391667 0.222222 0.389583 0.181481 0.395833 0.140741 0.395833 0.103704 0.389583 0.070370 0.379167 0.062963 0.329167 0.062963
0 0.256250 0.025926 0.250000 0.037037 0.254167 0.144444 0.283333 0.155556 0.297917 0.185185 0.306250 0.185185 0.312500 0.174074 0.312500 0.088889 0.325000 0.062963 0.320833 0.025926 0.312500 0.018519
0 0.643750 0.085185 0.595833 0.077778 0.579167 0.085185 0.570833 0.100000 0.566667 0.133333 0.568750 0.174074 0.587500 0.207407 0.589583 0.355556 0.597917 0.344444 0.602083 0.285185 0.612500 0.262963 0.652083 0.248148 0.650000 0.181481 0.654167 0.111111
0 0.481250 0.040741 0.475000 0.092593 0.477083 0.118519 0.487500 0.144444 0.487500 0.188889 0.520833 0.174074 0.547917 0.174074 0.554167 0.103704 0.550000 0.044444 0.539583 0.033333 0.491667 0.033333
0 0.743750 0.055556 0.733333 0.066667 0.729167 0.129630 0.731250 0.137037 0.754167 0.144444 0.766667 0.166667 0.762500 0.292593 0.766667 0.322222 0.785417 0.351852 0.795833 0.325926 0.795833 0.277778 0.804167 0.225926 0.802083 0.174074 0.810417 0.137037 0.812500 0.085185 0.810417 0.070370 0.797917 0.055556
0 0.883333 0.025926 0.872917 0.040741 0.870833 0.100000 0.918750 0.111111 0.931250 0.129630 0.929167 0.266667 0.937500 0.296296 0.945833 0.311111 0.952083 0.311111 0.966667 0.281481 0.968750 0.248148 0.941667 0.162963 0.950000 0.096296 0.950000 0.044444 0.943750 0.029630 0.925000 0.022222
0 0.768750 0.000000 0.764583 0.044444 0.802083 0.059259 0.810417 0.074074 0.814583 0.096296 0.812500 0.159259 0.814583 0.170370 0.825000 0.174074 0.835417 0.155556 0.831250 0.085185 0.839583 0.033333 0.837500 0.003704
0 0.687500 0.007407 0.650000 0.007407 0.633333 0.018519 0.629167 0.033333 0.629167 0.077778 0.643750 0.085185 0.654167 0.107407 0.652083 0.218519 0.658333 0.248148 0.670833 0.244444 0.668750 0.207407 0.672917 0.162963 0.697917 0.129630 0.702083 0.025926
0 0.404167 0.000000 0.400000 0.029630 0.404167 0.118519 0.464583 0.111111 0.468750 0.103704 0.475000 0.040741 0.468750 0.000000
0 0.616667 0.000000 0.547917 0.000000 0.547917 0.037037 0.556250 0.066667 0.552083 0.140741 0.558333 0.162963 0.564583 0.159259 0.570833 0.100000 0.585417 0.081481 0.610417 0.070370
