0 0.341503 0.000000 0.267974 0.000000 0.258170 0.017157 0.253268 0.090686 0.235294 0.134804 0.228758 0.164216 0.228758 0.196078 0.235294 0.240196 0.248366 0.262255 0.258170 0.301471 0.271242 0.325980 0.279412 0.306373 0.281046 0.279412 0.297386 0.245098 0.307190 0.237745 0.334967 0.230392 0.348039 0.232843 0.372549 0.250000 0.382353 0.264706 0.397059 0.235294 0.398693 0.208333 0.388889 0.159314 0.352941 0.078431 0.352941 0.026961 0.348039 0.007353
0 0.000000 0.004902 0.000000 0.284314 0.026144 0.281863 0.057190 0.296569 0.076797 0.333333 0.080065 0.357843 0.084967 0.357843 0.114379 0.267157 0.107843 0.200980 0.066993 0.115196 0.057190 0.051471 0.049020 0.024510 0.029412 0.004902
0 0.143791 0.117647 0.125817 0.134804 0.117647 0.166667 0.116013 0.218137 0.122549 0.259804 0.102941 0.313725 0.094771 0.360294 0.094771 0.384804 0.102941 0.426471 0.114379 0.450980 0.130719 0.473039 0.137255 0.473039 0.160131 0.436275 0.183007 0.424020 0.215686 0.426471 0.246732 0.453431 0.272876 0.389706 0.272876 0.360294 0.248366 0.286765 0.227124 0.240196 0.225490 0.200980 0.217320 0.159314 0.209150 0.134804 0.196078 0.117647 0.186275 0.112745
0 0.349673 0.235294 0.312092 0.237745 0.290850 0.257353 0.282680 0.284314 0.277778 0.333333 0.281046 0.392157 0.259804 0.438725 0.254902 0.463235 0.253268 0.500000 0.264706 0.563725 0.297386 0.637255 0.310458 0.656863 0.318627 0.651961 0.323529 0.617647 0.341503 0.583333 0.375817 0.566176 0.415033 0.573529 0.436275 0.539216 0.441176 0.522059 0.441176 0.500000 0.428105 0.453431 0.415033 0.424020 0.388889 0.382353 0.390523 0.340686 0.382353 0.279412 0.367647 0.247549
0 0.521242 0.367647 0.496732 0.367647 0.470588 0.387255 0.462418 0.409314 0.454248 0.455882 0.454248 0.517157 0.436275 0.549020 0.426471 0.578431 0.426471 0.598039 0.437908 0.651961 0.446078 0.718137 0.477124 0.772059 0.490196 0.803922 0.501634 0.803922 0.514706 0.764706 0.534314 0.737745 0.555556 0.727941 0.581699 0.727941 0.586601 0.720588 0.589869 0.598039 0.594771 0.590686 0.594771 0.575980 0.565359 0.509804 0.565359 0.448529 0.555556 0.394608 0.545752 0.379902
0 0.831699 0.980392 0.826797 0.950980 0.807190 0.916667 0.790850 0.901961 0.772876 0.897059 0.750000 0.901961 0.733660 0.916667 0.712418 0.965686 0.707516 1.000000 0.831699 1.000000
0 0.867647 0.705882 0.839869 0.750000 0.828431 0.813725 0.799020 0.852941 0.790850 0.879902 0.790850 0.897059 0.808824 0.911765 0.825163 0.936275 0.833333 0.965686 0.836601 1.000000 0.983660 1.000000 0.982026 0.933824 0.967320 0.887255 0.950980 0.855392 0.959150 0.796569 0.954248 0.745098 0.933007 0.713235 0.916667 0.700980 0.900327 0.696078
0 0.526144 0.752451 0.517974 0.767157 0.501634 0.845588 0.501634 0.879902 0.462418 0.970588 0.472222 1.000000 0.671569 1.000000 0.655229 0.933824 0.629085 0.884804 0.624183 0.808824 0.612745 0.762255 0.599673 0.745098 0.583333 0.735294 0.547386 0.735294
0 0.397059 0.573529 0.361111 0.573529 0.339869 0.588235 0.330065 0.605392 0.320261 0.651961 0.316993 0.718137 0.299020 0.757353 0.281046 0.811275 0.299020 0.928922 0.341503 1.000000 0.369281 1.000000 0.385621 0.975490 0.406863 0.963235 0.418301 0.960784 0.455882 0.968137 0.491830 0.882353 0.485294 0.813725 0.475490 0.779412 0.441176 0.715686 0.436275 0.654412 0.426471 0.607843 0.413399 0.583333
0 0.008170 0.644608 0.000000 0.651961 0.000000 1.000000 0.142157 1.000000 0.163399 0.936275 0.163399 0.862745 0.155229 0.835784 0.137255 0.803922 0.109477 0.772059 0.106209 0.730392 0.099673 0.700980 0.078431 0.649510 0.050654 0.634804 0.031046 0.634804
0 0.178105 0.821078 0.168301 0.855392 0.165033 0.904412 0.166667 0.943627 0.148693 0.992647 0.150327 1.000000 0.330065 1.000000 0.318627 0.968137 0.294118 0.941176 0.294118 0.901961 0.281046 0.835784 0.269608 0.808824 0.254902 0.794118 0.227124 0.789216 0.199346 0.796569
0 0.204248 0.426471 0.186275 0.426471 0.163399 0.436275 0.143791 0.465686 0.137255 0.534314 0.140523 0.578431 0.125817 0.615196 0.124183 0.634804 0.112745 0.676471 0.111111 0.720588 0.114379 0.762255 0.161765 0.835784 0.166667 0.835784 0.189542 0.799020 0.212418 0.786765 0.240196 0.784314 0.272876 0.799020 0.299020 0.750000 0.308824 0.710784 0.307190 0.683824 0.295752 0.644608 0.266340 0.598039 0.256536 0.573529 0.254902 0.524510 0.241830 0.465686 0.225490 0.436275
0 0.000000 0.289216 0.000000 0.644608 0.024510 0.632353 0.050654 0.629902 0.075163 0.642157 0.094771 0.674020 0.101307 0.674020 0.132353 0.578431 0.132353 0.558824 0.125817 0.526961 0.111111 0.490196 0.106209 0.465686 0.086601 0.428922 0.080065 0.370098 0.060458 0.303922 0.034314 0.286765
0 0.630719 0.000000 0.540850 0.000000 0.537582 0.034314 0.517974 0.085784 0.524510 0.164216 0.522876 0.200980 0.560458 0.299020 0.566993 0.328431 0.576797 0.316176 0.578431 0.274510 0.588235 0.220588 0.601307 0.196078 0.630719 0.181373 0.658497 0.186275 0.669935 0.181373 0.668301 0.154412 0.656863 0.100490 0.632353 0.041667
0 0.756536 0.019608 0.725490 0.029412 0.709150 0.051471 0.697712 0.100490 0.696078 0.156863 0.679739 0.186275 0.691176 0.254902 0.692810 0.328431 0.732026 0.428922 0.738562 0.470588 0.748366 0.465686 0.756536 0.453431 0.759804 0.414216 0.781046 0.343137 0.795752 0.325980 0.830065 0.316176 0.834967 0.303922 0.825163 0.230392 0.799020 0.161765 0.802288 0.075980 0.797386 0.049020 0.785948 0.029412
0 0.942810 0.142157 0.923203 0.147059 0.905229 0.164216 0.883987 0.232843 0.882353 0.272059 0.852941 0.316176 0.852941 0.325980 0.870915 0.352941 0.877451 0.382353 0.877451 0.419118 0.872549 0.453431 0.874183 0.480392 0.888889 0.509804 0.898693 0.546569 0.903595 0.551471 0.906863 0.580882 0.921569 0.590686 0.944444 0.585784 0.967320 0.504902 0.980392 0.485294 1.000000 0.473039 1.000000 0.323529 0.988562 0.301471 0.993464 0.257353 0.993464 0.188725 0.988562 0.174020 0.975490 0.156863 0.962418 0.147059
0 0.715686 0.522059 0.681373 0.524510 0.658497 0.546569 0.643791 0.610294 0.642157 0.637255 0.647059 0.656863 0.643791 0.683824 0.637255 0.698529 0.640523 0.705882 0.638889 0.715686 0.627451 0.720588 0.627451 0.730392 0.614379 0.742647 0.614379 0.754902 0.625817 0.799020 0.632353 0.875000 0.655229 0.928922 0.674837 1.000000 0.704248 1.000000 0.717320 0.946078 0.732026 0.916667 0.746732 0.901961 0.777778 0.892157 0.797386 0.843137 0.795752 0.791667 0.789216 0.764706 0.782680 0.750000 0.769608 0.742647 0.759804 0.713235 0.763072 0.703431 0.767974 0.710784 0.769608 0.698529 0.767974 0.691176 0.758170 0.683824 0.753268 0.659314 0.758170 0.651961 0.750000 0.617647 0.751634 0.573529 0.748366 0.551471 0.733660 0.531863
0 0.843137 0.325980 0.812092 0.323529 0.782680 0.343137 0.766340 0.399510 0.763072 0.455882 0.750000 0.475490 0.741830 0.504902 0.741830 0.529412 0.758170 0.590686 0.748366 0.610294 0.748366 0.625000 0.754902 0.629902 0.754902 0.639706 0.759804 0.644608 0.756536 0.686275 0.764706 0.688725 0.769608 0.700980 0.769608 0.715686 0.766340 0.718137 0.763072 0.710784 0.761438 0.725490 0.766340 0.725490 0.776144 0.740196 0.843137 0.737745 0.852941 0.713235 0.870915 0.688725 0.883987 0.683824 0.903595 0.686275 0.919935 0.661765 0.916667 0.642157 0.919935 0.637255 0.903595 0.602941 0.903595 0.578431 0.897059 0.551471 0.867647 0.475490 0.875817 0.414216 0.874183 0.367647 0.857843 0.335784
0 0.660131 0.188725 0.617647 0.188725 0.602941 0.198529 0.593137 0.213235 0.580065 0.286765 0.581699 0.323529 0.562092 0.387255 0.571895 0.517157 0.601307 0.583333 0.609477 0.590686 0.638889 0.590686 0.647059 0.583333 0.656863 0.546569 0.666667 0.534314 0.684641 0.522059 0.723856 0.519608 0.728758 0.507353 0.730392 0.465686 0.723856 0.419118 0.710784 0.379902 0.687908 0.330882 0.686275 0.225490 0.678105 0.203431
0 0.478758 0.063725 0.449346 0.066176 0.424837 0.090686 0.419935 0.107843 0.418301 0.196078 0.406863 0.220588 0.388889 0.279412 0.395425 0.377451 0.442810 0.480392 0.450980 0.465686 0.460784 0.406863 0.473856 0.379902 0.500000 0.362745 0.521242 0.362745 0.550654 0.375000 0.560458 0.350490 0.560458 0.323529 0.553922 0.294118 0.539216 0.250000 0.517974 0.203431 0.519608 0.137255 0.514706 0.098039 0.504902 0.075980
