1 0.967670 0.729496 0.940914 0.723741 0.919732 0.723022 0.892977 0.727338 0.860647 0.736691 0.837235 0.751799 0.831661 0.761151 0.830546 0.780576 0.835006 0.790647 0.840580 0.796403 0.859532 0.807194 0.877369 0.812230 0.894091 0.813669 0.914158 0.812950 0.948718 0.807914 0.971014 0.802878 0.981048 0.798561 0.991081 0.791367 1.000000 0.780576 1.000000 0.758273 0.991081 0.743885
1 0.783724 0.731655 0.758082 0.728777 0.726867 0.731655 0.712375 0.735971 0.696767 0.743165 0.678930 0.760432 0.676700 0.773381 0.678930 0.786331 0.687848 0.800000 0.706800 0.811511 0.734671 0.816547 0.783724 0.811511 0.804905 0.805036 0.817168 0.796403 0.826087 0.782014 0.826087 0.758993 0.812709 0.743885 0.803790 0.738129
1 0.559643 0.735971 0.539576 0.746043 0.523969 0.760432 0.520624 0.771942 0.520624 0.783453 0.525084 0.794964 0.532887 0.803597 0.545151 0.810791 0.556299 0.814388 0.571906 0.816547 0.605351 0.817266 0.616499 0.815827 0.632107 0.810791 0.646600 0.802158 0.658863 0.785612 0.658863 0.766906 0.648829 0.751079 0.638796 0.743885 0.623188 0.737410 0.613155 0.735252 0.586399 0.733094
1 0.400223 0.728777 0.377926 0.736691 0.360089 0.751079 0.355630 0.764029 0.355630 0.774101 0.360089 0.787770 0.372352 0.801439 0.390190 0.810791 0.403567 0.813669 0.422520 0.815108 0.441472 0.814388 0.452620 0.812230 0.477146 0.800000 0.490524 0.787050 0.491639 0.761151 0.487179 0.752518 0.479376 0.744604 0.465998 0.735971 0.449275 0.730216 0.429208 0.727338
1 0.257525 0.723741 0.243032 0.728058 0.219621 0.742446 0.210702 0.758273 0.209588 0.771223 0.211817 0.780576 0.219621 0.793525 0.227425 0.801439 0.241918 0.808633 0.270903 0.812950 0.295429 0.812230 0.307692 0.809353 0.321070 0.803597 0.335563 0.794245 0.344482 0.780576 0.345596 0.758993 0.343367 0.751799 0.335563 0.739568 0.316611 0.728777 0.289855 0.723022
1 0.053512 0.727338 0.033445 0.739568 0.023411 0.751799 0.021182 0.774820 0.032330 0.791367 0.047938 0.800719 0.073579 0.810072 0.091416 0.810791 0.108138 0.813669 0.131550 0.811511 0.151616 0.803597 0.163880 0.794964 0.170569 0.784892 0.172798 0.774820 0.172798 0.759712 0.170569 0.755396 0.158305 0.744604 0.138239 0.730935 0.114827 0.723022 0.101449 0.721583 0.073579 0.722302
1 0.837235 0.856115 0.828317 0.869784 0.828317 0.881295 0.831661 0.888489 0.846154 0.905036 0.876254 0.920863 0.936455 0.929496 0.944259 0.923022 0.955407 0.921583 0.964326 0.915108 0.981048 0.920863 0.993311 0.920863 1.000000 0.917986 1.000000 0.866906 0.996656 0.866187 0.991081 0.860432 0.974359 0.852518 0.963211 0.848921 0.921962 0.843885 0.909699 0.841007 0.875139 0.839568 0.853958 0.844604
1 0.690078 0.848201 0.680045 0.856115 0.673356 0.868345 0.673356 0.883453 0.676700 0.894964 0.687848 0.908633 0.716834 0.924460 0.746934 0.931655 0.780379 0.931655 0.802676 0.924460 0.819398 0.907914 0.822742 0.897122 0.822742 0.885612 0.819398 0.876259 0.806020 0.861871 0.795987 0.855396 0.778149 0.848921 0.751394 0.845324 0.739130 0.841007 0.712375 0.841007
1 0.547380 0.845324 0.531773 0.856835 0.526198 0.869065 0.525084 0.882014 0.531773 0.897842 0.548495 0.912230 0.564103 0.917986 0.603122 0.926619 0.632107 0.925180 0.651059 0.917986 0.663322 0.908633 0.671126 0.895683 0.670011 0.872662 0.664437 0.862590 0.655518 0.853957 0.636566 0.845324 0.597547 0.838849 0.578595 0.838129 0.562988 0.840288
1 0.410256 0.840288 0.392419 0.846043 0.376812 0.856835 0.369008 0.876978 0.370123 0.888489 0.374582 0.897842 0.380156 0.905036 0.389075 0.911511 0.409142 0.920863 0.434783 0.926619 0.452620 0.926619 0.464883 0.924460 0.478261 0.919424 0.490524 0.912230 0.505017 0.892806 0.505017 0.876259 0.499443 0.864029 0.490524 0.853957 0.467113 0.843165 0.451505 0.839568 0.434783 0.838129
1 0.127090 0.843885 0.091416 0.844604 0.072464 0.850360 0.053512 0.864029 0.041249 0.879856 0.041249 0.899281 0.049052 0.912950 0.071349 0.926619 0.090301 0.932374 0.120401 0.932374 0.141583 0.926619 0.163880 0.912230 0.175028 0.897122 0.177258 0.891367 0.177258 0.875540 0.169454 0.863309 0.152731 0.851079 0.137124 0.845324
1 0.259755 0.842446 0.237458 0.850360 0.227425 0.856835 0.220736 0.865468 0.216276 0.882014 0.219621 0.905755 0.226310 0.913669 0.237458 0.921583 0.257525 0.928777 0.278707 0.932374 0.293200 0.932374 0.311037 0.929496 0.328874 0.921583 0.345596 0.904317 0.350056 0.892806 0.350056 0.882734 0.342252 0.863309 0.326644 0.851079 0.314381 0.846043 0.283166 0.841007
1 0.406912 0.615108 0.384615 0.620863 0.369008 0.630216 0.361204 0.638129 0.356745 0.648201 0.356745 0.662590 0.367893 0.685612 0.375697 0.694964 0.385730 0.701439 0.399108 0.707194 0.418060 0.710791 0.441472 0.710791 0.460424 0.706475 0.483835 0.693525 0.492754 0.678417 0.492754 0.650360 0.483835 0.633813 0.465998 0.622302 0.451505 0.617266 0.439242 0.615108
1 0.257525 0.382014 0.250836 0.382734 0.245262 0.385612 0.227425 0.387770 0.204013 0.400719 0.195095 0.414388 0.192865 0.425180 0.193980 0.434532 0.205128 0.465468 0.212932 0.476259 0.226310 0.487770 0.254181 0.498561 0.283166 0.499281 0.311037 0.492806 0.327759 0.482014 0.336678 0.468345 0.338907 0.459712 0.336678 0.428777 0.328874 0.407914 0.309922 0.391367 0.301003 0.387050 0.279822 0.382734
1 0.032330 0.391367 0.015608 0.400719 0.008919 0.407194 0.004459 0.417266 0.004459 0.430935 0.016722 0.451079 0.047938 0.483453 0.064660 0.492086 0.086957 0.497122 0.117057 0.497842 0.147157 0.491367 0.154961 0.486331 0.163880 0.471942 0.168339 0.457554 0.168339 0.447482 0.154961 0.424460 0.131550 0.396403 0.112598 0.388489 0.093645 0.384892 0.074693 0.384892 0.060201 0.388489 0.041249 0.389209
1 0.986622 0.531655 0.962096 0.523022 0.946488 0.520863 0.921962 0.520863 0.905240 0.523022 0.876254 0.532374 0.859532 0.541007 0.841695 0.556835 0.837235 0.568345 0.837235 0.580576 0.843924 0.592806 0.866221 0.607194 0.892977 0.612950 0.927536 0.611511 0.954292 0.605755 0.977703 0.597842 0.988852 0.592806 1.000000 0.584892 1.000000 0.541727
1 0.782609 0.509353 0.756968 0.507914 0.727982 0.512230 0.712375 0.517986 0.704571 0.523022 0.688963 0.541727 0.680045 0.564748 0.681159 0.577698 0.696767 0.595683 0.704571 0.600719 0.721293 0.606475 0.738016 0.609353 0.748049 0.609353 0.779264 0.602878 0.798216 0.592806 0.817168 0.576978 0.827202 0.564748 0.830546 0.554676 0.830546 0.544604 0.824972 0.531655 0.811594 0.519424 0.794872 0.512230
1 0.636566 0.510072 0.617614 0.508633 0.588629 0.510791 0.577480 0.513669 0.564103 0.519424 0.555184 0.525899 0.538462 0.546043 0.531773 0.556835 0.531773 0.577698 0.546265 0.594964 0.566332 0.605036 0.581940 0.608633 0.604236 0.608633 0.616499 0.606475 0.646600 0.593525 0.671126 0.574820 0.681159 0.553237 0.678930 0.534532 0.662207 0.519424
1 0.397993 0.507914 0.384615 0.510791 0.370123 0.517266 0.360089 0.524460 0.350056 0.542446 0.351171 0.560432 0.366778 0.585612 0.374582 0.592806 0.385730 0.599281 0.399108 0.604317 0.429208 0.607914 0.447046 0.605755 0.473802 0.596403 0.487179 0.583453 0.491639 0.571223 0.491639 0.549640 0.487179 0.535971 0.476031 0.522302 0.467113 0.516547 0.447046 0.508633 0.419175 0.506475
1 0.228540 0.504317 0.212932 0.509353 0.191750 0.525180 0.187291 0.533813 0.187291 0.549640 0.191750 0.559712 0.210702 0.584892 0.232999 0.599281 0.247492 0.603597 0.265329 0.605755 0.284281 0.605755 0.295429 0.603597 0.322185 0.592086 0.328874 0.584892 0.331104 0.572662 0.335563 0.568345 0.334448 0.556115 0.328874 0.550360 0.326644 0.541007 0.318841 0.526619 0.303233 0.512950 0.282051 0.504317 0.264214 0.502158
1 0.010033 0.509353 0.000000 0.515827 0.000000 0.563309 0.017837 0.578417 0.055741 0.598561 0.086957 0.605036 0.105909 0.605036 0.138239 0.599281 0.149387 0.594245 0.159420 0.583453 0.162765 0.574820 0.162765 0.559712 0.157191 0.548201 0.151616 0.541007 0.104794 0.509353 0.088071 0.502878 0.069119 0.499281 0.033445 0.501439
1 0.981048 0.633094 0.955407 0.624460 0.919732 0.623022 0.892977 0.627338 0.860647 0.640288 0.845039 0.650360 0.832776 0.672662 0.833891 0.683453 0.838350 0.692086 0.860647 0.706475 0.879599 0.711511 0.896321 0.713669 0.921962 0.712950 0.971014 0.701439 0.987737 0.693525 1.000000 0.683453 1.000000 0.649640 0.992196 0.641007
1 0.764771 0.620144 0.743590 0.620144 0.719064 0.625899 0.695652 0.640288 0.680045 0.656835 0.676700 0.666906 0.680045 0.684173 0.694537 0.700000 0.712375 0.708633 0.740245 0.712950 0.749164 0.712950 0.770346 0.708633 0.808250 0.693525 0.819398 0.685612 0.827202 0.675540 0.827202 0.656835 0.820513 0.649640 0.819398 0.641727 0.812709 0.633813 0.794872 0.625180
1 0.635452 0.624460 0.622074 0.621583 0.593088 0.620863 0.564103 0.626619 0.548495 0.635252 0.531773 0.651079 0.523969 0.665468 0.525084 0.680576 0.534002 0.694964 0.542921 0.702158 0.556299 0.708633 0.576366 0.712230 0.594203 0.712230 0.608696 0.710072 0.642140 0.698561 0.662207 0.686331 0.672241 0.670504 0.672241 0.651799 0.663322 0.639568 0.655518 0.633094
1 0.263099 0.617986 0.243032 0.622302 0.220736 0.634532 0.210702 0.649640 0.208473 0.657554 0.209588 0.669065 0.222965 0.693525 0.240803 0.705755 0.263099 0.712230 0.276477 0.713669 0.296544 0.712230 0.318841 0.705036 0.335563 0.694245 0.344482 0.678417 0.346711 0.664748 0.345596 0.651079 0.335563 0.635252 0.321070 0.625899 0.290970 0.617986
1 0.017837 0.625180 0.000000 0.646043 0.000000 0.663309 0.010033 0.676978 0.023411 0.686331 0.061315 0.702878 0.089186 0.709353 0.109253 0.710072 0.128205 0.707914 0.146042 0.702158 0.154961 0.697122 0.166109 0.684892 0.168339 0.678417 0.167224 0.663309 0.156076 0.646043 0.115942 0.620863 0.092531 0.612950 0.061315 0.611511 0.041249 0.615108
1 1.000000 0.022302 0.977703 0.023741 0.955407 0.031655 0.923077 0.054676 0.919732 0.060432 0.907469 0.068345 0.903010 0.076259 0.898551 0.079137 0.891862 0.088489 0.887402 0.102878 0.875139 0.117266 0.870680 0.135252 0.870680 0.156115 0.874025 0.169065 0.878484 0.174101 0.882943 0.174101 0.892977 0.170504 0.916388 0.158273 0.935340 0.153237 0.945373 0.151799 0.984392 0.152518 1.000000 0.146043
1 0.849498 0.031655 0.823857 0.023022 0.787068 0.021583 0.767001 0.025899 0.754738 0.031655 0.743590 0.039568 0.721293 0.064748 0.717949 0.076978 0.713489 0.081295 0.704571 0.102158 0.701226 0.125180 0.702341 0.141007 0.705686 0.151079 0.710145 0.153957 0.720178 0.153957 0.750279 0.148921 0.772575 0.148921 0.810479 0.154676 0.827202 0.140288 0.838350 0.123741 0.845039 0.107194 0.850613 0.100000 0.853958 0.085612 0.861761 0.076259 0.865106 0.068345 0.865106 0.050360 0.857302 0.038129
1 0.627648 0.018705 0.602007 0.023022 0.586399 0.030935 0.571906 0.045324 0.564103 0.055396 0.560758 0.066187 0.548495 0.087050 0.542921 0.107194 0.541806 0.123741 0.545151 0.141727 0.549610 0.146043 0.591973 0.146043 0.613155 0.151079 0.635452 0.159712 0.641026 0.159712 0.654404 0.152518 0.663322 0.144604 0.678930 0.123741 0.702341 0.069065 0.703456 0.051799 0.700111 0.043165 0.694537 0.036691 0.670011 0.023022
1 0.434783 0.011511 0.415831 0.014388 0.400223 0.020144 0.382386 0.028777 0.375697 0.036691 0.371237 0.058273 0.372352 0.105755 0.375697 0.129496 0.384615 0.141007 0.408027 0.141727 0.428094 0.144604 0.447046 0.151799 0.468227 0.165468 0.483835 0.155396 0.499443 0.139568 0.506132 0.124460 0.510591 0.070504 0.509476 0.045324 0.501672 0.029496 0.474916 0.015827 0.452620 0.011511
1 0.246377 0.008633 0.227425 0.012950 0.211817 0.018705 0.202899 0.024460 0.195095 0.035252 0.196210 0.069065 0.200669 0.082734 0.204013 0.108633 0.210702 0.127338 0.219621 0.136691 0.264214 0.138129 0.283166 0.143165 0.304348 0.160432 0.311037 0.161151 0.327759 0.146763 0.336678 0.133813 0.343367 0.116547 0.342252 0.056115 0.335563 0.033094 0.325530 0.022302 0.315496 0.016547 0.299889 0.012230 0.295429 0.009353 0.265329 0.007194
1 0.023411 0.000000 0.000000 0.010791 0.000000 0.080576 0.002230 0.081295 0.006689 0.092086 0.015608 0.102878 0.023411 0.117266 0.036789 0.130935 0.044593 0.133094 0.068004 0.134532 0.082497 0.138849 0.101449 0.148921 0.118172 0.164029 0.130435 0.164029 0.144928 0.158993 0.149387 0.153957 0.159420 0.124460 0.159420 0.105036 0.153846 0.082014 0.124861 0.025899 0.109253 0.009353 0.089186 0.002878 0.086957 0.000000
1 0.988852 0.156835 0.965440 0.153237 0.945373 0.153237 0.931996 0.155396 0.908584 0.163309 0.884058 0.177698 0.866221 0.205755 0.853958 0.238129 0.853958 0.253237 0.859532 0.267626 0.867336 0.278417 0.874025 0.283453 0.894091 0.288489 0.909699 0.282014 0.918618 0.276259 0.937570 0.270504 0.967670 0.267626 0.975474 0.264029 0.991081 0.246763 0.995541 0.237410 1.000000 0.234532 1.000000 0.162590
1 0.800446 0.154676 0.780379 0.151079 0.745819 0.151079 0.712375 0.156835 0.690078 0.166187 0.681159 0.187770 0.682274 0.236691 0.688963 0.258273 0.696767 0.268345 0.704571 0.274101 0.711260 0.274101 0.736901 0.267626 0.754738 0.266187 0.795987 0.268345 0.802676 0.264748 0.813824 0.248201 0.819398 0.231655 0.823857 0.180576 0.820513 0.171942 0.810479 0.159712
1 0.531773 0.153957 0.512821 0.166187 0.507246 0.174101 0.503902 0.187050 0.505017 0.202158 0.513935 0.234532 0.525084 0.258273 0.535117 0.268345 0.540691 0.271223 0.595318 0.265468 0.613155 0.266906 0.619844 0.269065 0.630992 0.269065 0.647715 0.250360 0.651059 0.234532 0.646600 0.187050 0.643255 0.174820 0.637681 0.165468 0.624303 0.156835 0.607581 0.151079 0.588629 0.147482 0.559643 0.148201
1 0.352285 0.152518 0.332219 0.165468 0.328874 0.174101 0.327759 0.188489 0.328874 0.194245 0.332219 0.196403 0.336678 0.209353 0.350056 0.231655 0.352285 0.241007 0.366778 0.259712 0.376812 0.266906 0.434783 0.261871 0.453735 0.265468 0.464883 0.269784 0.471572 0.269065 0.477146 0.264029 0.486065 0.248921 0.487179 0.227338 0.474916 0.189928 0.467113 0.172662 0.452620 0.156835 0.438127 0.149640 0.412486 0.143885 0.375697 0.145324
1 0.193980 0.144604 0.181717 0.149640 0.170569 0.157554 0.164994 0.166906 0.163880 0.177698 0.164994 0.186331 0.168339 0.189209 0.172798 0.201439 0.202899 0.251079 0.211817 0.259712 0.219621 0.261871 0.245262 0.260432 0.268673 0.261871 0.285396 0.266187 0.299889 0.276259 0.306577 0.277698 0.309922 0.276259 0.319955 0.263309 0.328874 0.247482 0.331104 0.228777 0.326644 0.209353 0.318841 0.190647 0.297659 0.156835 0.283166 0.146043 0.270903 0.141727 0.260870 0.140288 0.226310 0.138849 0.211817 0.140288
1 0.000000 0.142446 0.000000 0.215108 0.031215 0.250360 0.040134 0.256835 0.081382 0.257554 0.099220 0.261151 0.111483 0.265468 0.129320 0.277698 0.134894 0.278417 0.143813 0.276259 0.150502 0.269784 0.156076 0.257554 0.159420 0.243885 0.158305 0.226619 0.148272 0.205036 0.125975 0.178417 0.123746 0.172662 0.107023 0.156115 0.085842 0.141727 0.060201 0.135971 0.032330 0.135252
1 1.000000 0.276259 0.976589 0.270504 0.955407 0.270504 0.940914 0.272662 0.916388 0.279856 0.890747 0.296403 0.860647 0.330935 0.851728 0.351079 0.853958 0.374101 0.861761 0.384892 0.871795 0.391367 0.890747 0.396403 0.901895 0.396403 0.942029 0.387050 0.958751 0.384892 0.967670 0.379856 0.971014 0.369065 0.969900 0.365468 0.989967 0.358273 1.000000 0.351079
1 0.795987 0.271942 0.769231 0.268345 0.735786 0.269784 0.711260 0.276978 0.695652 0.289928 0.687848 0.308633 0.683389 0.335971 0.683389 0.357554 0.688963 0.371942 0.695652 0.379856 0.705686 0.387050 0.717949 0.392086 0.727982 0.392086 0.752508 0.387050 0.788183 0.384173 0.798216 0.376978 0.810479 0.361871 0.828317 0.320863 0.829431 0.300000 0.827202 0.292806 0.817168 0.282014
1 0.597547 0.266906 0.566332 0.269065 0.540691 0.274820 0.526198 0.287050 0.517280 0.302158 0.519509 0.345324 0.526198 0.366187 0.531773 0.373381 0.548495 0.384173 0.564103 0.389928 0.585284 0.394245 0.619844 0.387050 0.633222 0.381295 0.648829 0.364748 0.654404 0.344604 0.655518 0.297842 0.653289 0.291367 0.646600 0.283453 0.632107 0.274101 0.614270 0.269065
1 0.377926 0.269784 0.360089 0.279856 0.351171 0.289928 0.347826 0.301439 0.352285 0.325180 0.367893 0.364029 0.375697 0.374820 0.384615 0.382014 0.392419 0.384892 0.428094 0.385612 0.459309 0.389209 0.476031 0.379856 0.492754 0.358993 0.494983 0.351799 0.492754 0.320863 0.488294 0.297122 0.483835 0.287050 0.467113 0.271942 0.448161 0.265468 0.420290 0.264029
1 0.201784 0.267626 0.189521 0.273381 0.178372 0.282014 0.172798 0.289209 0.170569 0.305755 0.172798 0.315108 0.205128 0.364748 0.217391 0.375540 0.231884 0.383453 0.247492 0.382014 0.253066 0.379137 0.269788 0.378417 0.278707 0.379137 0.301003 0.384892 0.307692 0.383453 0.319955 0.374101 0.327759 0.361151 0.329989 0.337410 0.311037 0.290647 0.303233 0.279856 0.279822 0.266187 0.260870 0.262590 0.214047 0.264029
1 0.017837 0.266187 0.000000 0.279137 0.000000 0.316547 0.032330 0.358273 0.045708 0.364029 0.047938 0.369784 0.054627 0.372662 0.054627 0.376259 0.057971 0.378417 0.071349 0.381295 0.099220 0.383453 0.123746 0.389928 0.139353 0.387050 0.149387 0.381295 0.161650 0.365468 0.166109 0.353237 0.166109 0.338129 0.153846 0.314388 0.130435 0.281295 0.108138 0.266906 0.092531 0.261871 0.079153 0.259712 0.054627 0.258993 0.037904 0.260432
1 0.991081 0.400000 0.963211 0.391367 0.944259 0.390647 0.906355 0.397122 0.882943 0.407914 0.861761 0.427338 0.845039 0.448921 0.842809 0.471942 0.846154 0.482014 0.855072 0.490647 0.867336 0.496403 0.878484 0.499281 0.896321 0.501439 0.916388 0.501439 0.939799 0.497122 0.954292 0.491367 0.972129 0.480576 1.000000 0.458993 1.000000 0.405755
1 0.788183 0.387770 0.751394 0.389209 0.746934 0.391367 0.721293 0.396403 0.704571 0.409353 0.703456 0.435971 0.700111 0.444604 0.684504 0.466187 0.684504 0.475540 0.688963 0.482734 0.700111 0.491367 0.723523 0.500000 0.748049 0.502158 0.764771 0.499281 0.788183 0.491367 0.803790 0.479137 0.827202 0.450360 0.835006 0.437410 0.836120 0.421583 0.827202 0.405755 0.810479 0.394245
1 0.662207 0.391367 0.643255 0.388489 0.617614 0.389209 0.595318 0.394964 0.579710 0.404317 0.570792 0.412230 0.547380 0.438849 0.542921 0.448921 0.548495 0.475540 0.555184 0.486331 0.567447 0.494964 0.583055 0.499281 0.597547 0.500719 0.618729 0.500000 0.629877 0.497842 0.646600 0.492086 0.661093 0.484173 0.680045 0.467626 0.694537 0.451799 0.698997 0.443165 0.702341 0.418705 0.695652 0.407914 0.683389 0.399281
1 0.383501 0.388489 0.358974 0.399281 0.344482 0.416547 0.344482 0.435252 0.360089 0.467626 0.373467 0.483453 0.385730 0.491367 0.400223 0.496403 0.425864 0.500719 0.435897 0.500719 0.454849 0.497122 0.474916 0.487050 0.480491 0.475540 0.479376 0.469784 0.484950 0.453957 0.486065 0.442446 0.483835 0.420144 0.477146 0.407194 0.464883 0.396403 0.447046 0.389928 0.430323 0.387770
