4 0.878333 0.248663 0.870000 0.235294 0.846667 0.216578 0.823333 0.208556 0.801667 0.208556 0.791667 0.219251 0.786667 0.243316 0.780000 0.251337 0.740000 0.240642 0.721667 0.251337 0.688333 0.283422 0.685000 0.307487 0.728333 0.328877 0.733333 0.326203 0.738333 0.304813 0.753333 0.294118 0.778333 0.291444 0.818333 0.312834 0.843333 0.342246 0.843333 0.379679 0.846667 0.387701 0.853333 0.374332 0.858333 0.374332 0.868333 0.315508 0.876667 0.288770
4 0.526667 0.307487 0.490000 0.280749 0.446667 0.278075 0.423333 0.299465 0.353333 0.328877 0.325000 0.350267 0.298333 0.360963 0.296667 0.368984 0.323333 0.385027 0.341667 0.409091 0.350000 0.457219 0.386667 0.491979 0.388333 0.537433 0.398333 0.534759 0.433333 0.505348 0.468333 0.534759 0.475000 0.534759 0.473333 0.491979 0.490000 0.470588 0.540000 0.427807 0.553333 0.406417 0.553333 0.393048 0.533333 0.368984 0.533333 0.323529
4 0.488333 0.155080 0.475000 0.141711 0.455000 0.133690 0.420000 0.133690 0.411667 0.139037 0.401667 0.163102 0.356667 0.187166 0.356667 0.197861 0.371667 0.221925 0.371667 0.259358 0.375000 0.267380 0.395000 0.280749 0.403333 0.299465 0.420000 0.296791 0.438333 0.278075 0.491667 0.248663 0.500000 0.235294 0.508333 0.232620 0.508333 0.221925 0.491667 0.203209 0.491667 0.168449
4 0.166667 0.267380 0.145000 0.251337 0.088333 0.245989 0.065000 0.251337 0.050000 0.262032 0.038333 0.291444 0.000000 0.302139 0.000000 0.513369 0.033333 0.548128 0.045000 0.553476 0.046667 0.513369 0.041667 0.491979 0.046667 0.483957 0.216667 0.382353 0.220000 0.371658 0.215000 0.352941 0.176667 0.323529 0.173333 0.283422
4 0.248333 0.200535 0.218333 0.176471 0.216667 0.139037 0.211667 0.125668 0.193333 0.109626 0.155000 0.101604 0.121667 0.112299 0.115000 0.131016 0.111667 0.173797 0.098333 0.192513 0.071667 0.200535 0.065000 0.216578 0.063333 0.240642 0.066667 0.245989 0.125000 0.243316 0.158333 0.254011 0.226667 0.229947 0.251667 0.216578
4 0.218333 0.128342 0.220000 0.173797 0.258333 0.211230 0.263333 0.211230 0.275000 0.192513 0.286667 0.184492 0.316667 0.181818 0.346667 0.189840 0.360000 0.173797 0.360000 0.157754 0.351667 0.144385 0.351667 0.096257 0.336667 0.077540 0.310000 0.069519 0.280000 0.072193 0.273333 0.080214 0.266667 0.112299
4 0.470000 0.133690 0.470000 0.139037 0.480000 0.144385 0.491667 0.163102 0.491667 0.208556 0.513333 0.229947 0.523333 0.229947 0.533333 0.219251 0.545000 0.216578 0.581667 0.187166 0.585000 0.179144 0.583333 0.168449 0.575000 0.157754 0.573333 0.120321 0.570000 0.112299 0.538333 0.093583 0.506667 0.096257 0.500000 0.104278 0.495000 0.125668 0.481667 0.125668
4 0.353333 0.096257 0.353333 0.133690 0.363333 0.152406 0.375000 0.157754 0.376667 0.165775 0.400000 0.160428 0.410000 0.139037 0.420000 0.131016 0.453333 0.128342 0.455000 0.122995 0.448333 0.106952 0.448333 0.064171 0.426667 0.045455 0.383333 0.048128 0.375000 0.080214 0.366667 0.090909
4 0.000000 0.927807 0.000000 1.000000 0.445000 1.000000 0.445000 0.981283 0.435000 0.962567 0.363333 0.898396 0.333333 0.860963 0.306667 0.842246 0.283333 0.807487 0.261667 0.794118 0.206667 0.737968 0.190000 0.745989 0.081667 0.855615
4 0.625000 0.219251 0.590000 0.203209 0.563333 0.203209 0.548333 0.216578 0.543333 0.235294 0.523333 0.232620 0.508333 0.237968 0.466667 0.267380 0.466667 0.275401 0.506667 0.288770 0.528333 0.310160 0.535000 0.328877 0.533333 0.368984 0.551667 0.385027 0.555000 0.409091 0.561667 0.409091 0.588333 0.390374 0.603333 0.393048 0.613333 0.366310 0.645000 0.334225 0.648333 0.299465 0.640000 0.288770 0.640000 0.243316
4 0.730000 0.406417 0.696667 0.387701 0.650000 0.385027 0.638333 0.393048 0.623333 0.417112 0.583333 0.395722 0.476667 0.486631 0.478333 0.532086 0.481667 0.540107 0.526667 0.537433 0.556667 0.548128 0.591667 0.582888 0.610000 0.617647 0.618333 0.655080 0.626667 0.668449 0.625000 0.716578 0.620000 0.735294 0.620000 0.756684 0.623333 0.762032 0.665000 0.695187 0.675000 0.692513 0.683333 0.700535 0.691667 0.700535 0.701667 0.665775 0.721667 0.639037 0.741667 0.593583 0.751667 0.513369 0.755000 0.449198 0.750000 0.430481
4 0.251667 0.665775 0.251667 0.695187 0.263333 0.759358 0.273333 0.791444 0.315000 0.844920 0.328333 0.852941 0.433333 0.957219 0.445000 0.973262 0.450000 1.000000 0.520000 0.997326 0.516667 0.941176 0.593333 0.818182 0.603333 0.786096 0.608333 0.780749 0.615000 0.705882 0.623333 0.687166 0.623333 0.668449 0.613333 0.652406 0.608333 0.617647 0.576667 0.566845 0.560000 0.553476 0.526667 0.540107 0.476667 0.545455 0.438333 0.510695 0.425000 0.513369
4 0.328333 0.390374 0.295000 0.371658 0.266667 0.368984 0.235000 0.374332 0.203333 0.398396 0.150000 0.422460 0.100000 0.457219 0.070000 0.470588 0.046667 0.489305 0.046667 0.513369 0.055000 0.561497 0.061667 0.566845 0.065000 0.580214 0.170000 0.687166 0.178333 0.703209 0.176667 0.721925 0.180000 0.745989 0.205000 0.732620 0.228333 0.754011 0.248333 0.762032 0.251667 0.740642 0.250000 0.663102 0.376667 0.553476 0.383333 0.540107 0.383333 0.486631 0.345000 0.454545 0.343333 0.417112
4 0.403333 0.291444 0.375000 0.256684 0.373333 0.224599 0.360000 0.200535 0.323333 0.184492 0.281667 0.187166 0.263333 0.219251 0.243333 0.221925 0.183333 0.254011 0.168333 0.256684 0.176667 0.286096 0.180000 0.320856 0.218333 0.352941 0.231667 0.374332 0.255000 0.366310 0.288333 0.366310 0.401667 0.299465
4 0.520000 0.941176 0.523333 0.973262 0.531667 1.000000 0.985000 1.000000 0.991667 0.970588 0.985000 0.917112 0.965000 0.866310 0.935000 0.823529 0.906667 0.796791 0.883333 0.780749 0.846667 0.767380 0.820000 0.770053 0.793333 0.788770 0.758333 0.759358 0.745000 0.756684 0.721667 0.740642 0.676667 0.700535 0.665000 0.703209
4 0.708333 0.665775 0.715000 0.708556 0.713333 0.721925 0.736667 0.748663 0.751667 0.751337 0.790000 0.783422 0.800000 0.783422 0.828333 0.764706 0.851667 0.764706 0.873333 0.772727 0.920000 0.804813 0.941667 0.828877 0.978333 0.885027 1.000000 0.863636 1.000000 0.572193 0.991667 0.564171 0.951667 0.545455 0.913333 0.545455 0.905000 0.550802 0.888333 0.582888 0.801667 0.532086 0.788333 0.529412 0.741667 0.601604
4 1.000000 0.401070 0.976667 0.398396 0.963333 0.403743 0.940000 0.451872 0.930000 0.438503 0.873333 0.409091 0.856667 0.406417 0.805000 0.497326 0.806667 0.524064 0.813333 0.540107 0.883333 0.577540 0.890000 0.577540 0.905000 0.548128 0.925000 0.540107 0.960000 0.545455 1.000000 0.566845
4 0.610000 0.377005 0.611667 0.403743 0.621667 0.411765 0.648333 0.385027 0.683333 0.382353 0.715000 0.393048 0.745000 0.422460 0.756667 0.446524 0.756667 0.505348 0.748333 0.574866 0.753333 0.577540 0.786667 0.526738 0.796667 0.521390 0.798333 0.502674 0.820000 0.465241 0.836667 0.401070 0.840000 0.344920 0.831667 0.328877 0.811667 0.310160 0.776667 0.294118 0.758333 0.294118 0.743333 0.299465 0.731667 0.328877 0.720000 0.328877 0.681667 0.310160
