1 0.343137 0.767089 0.328431 0.787342 0.321895 0.832911 0.320261 0.936709 0.328431 1.000000 0.424837 1.000000 0.421569 0.916456 0.424837 0.870886 0.416667 0.792405 0.403595 0.769620 0.390523 0.762025 0.366013 0.759494
1 0.352941 0.508861 0.334967 0.526582 0.330065 0.546835 0.334967 0.681013 0.333333 0.769620 0.338235 0.772152 0.356209 0.759494 0.388889 0.759494 0.408497 0.774684 0.419935 0.797468 0.411765 0.663291 0.413399 0.640506 0.410131 0.630380 0.413399 0.597468 0.410131 0.536709 0.398693 0.513924 0.388889 0.506329 0.366013 0.503797
1 0.196078 0.402532 0.176471 0.420253 0.171569 0.465823 0.178105 0.503797 0.186275 0.615190 0.202614 0.665823 0.210784 0.777215 0.227124 0.881013 0.251634 0.969620 0.266340 1.000000 0.307190 1.000000 0.310458 0.992405 0.313725 0.855696 0.267974 0.622785 0.253268 0.511392 0.248366 0.432911 0.241830 0.412658 0.233660 0.402532
1 0.068627 0.311392 0.055556 0.316456 0.042484 0.331646 0.037582 0.354430 0.039216 0.382278 0.047386 0.417722 0.060458 0.518987 0.063725 0.600000 0.071895 0.660759 0.091503 0.744304 0.094771 0.772152 0.109477 0.820253 0.120915 0.840506 0.116013 0.762025 0.102941 0.706329 0.102941 0.658228 0.119281 0.627848 0.133987 0.615190 0.155229 0.607595 0.156863 0.600000 0.142157 0.554430 0.130719 0.496203 0.111111 0.336709 0.096405 0.313924
1 0.125817 0.622785 0.107843 0.648101 0.104575 0.658228 0.104575 0.688608 0.124183 0.815190 0.125817 0.863291 0.133987 0.924051 0.133987 0.997468 0.256536 1.000000 0.227124 0.898734 0.205882 0.754430 0.202614 0.686076 0.194444 0.643038 0.186275 0.625316 0.168301 0.612658 0.147059 0.612658
1 0.003268 0.496203 0.000000 0.498734 0.000000 0.845570 0.014706 0.875949 0.034314 0.941772 0.107843 0.946835 0.114379 0.956962 0.112745 0.979747 0.107843 0.987342 0.083333 0.992405 0.083333 1.000000 0.122549 1.000000 0.127451 0.967089 0.124183 0.865823 0.096405 0.784810 0.062092 0.615190 0.053922 0.536709 0.037582 0.501266
1 0.934641 0.356962 0.910131 0.359494 0.898693 0.374684 0.892157 0.397468 0.888889 0.450633 0.882353 0.486076 0.882353 0.498734 0.901961 0.503797 0.915033 0.516456 0.929739 0.556962 0.929739 0.589873 0.923203 0.602532 0.921569 0.622785 0.906863 0.678481 0.901961 0.734177 0.895425 0.754430 0.892157 0.789873 0.892157 1.000000 0.915033 1.000000 0.923203 0.941772 0.928105 0.929114 0.933007 0.739241 0.923203 0.734177 0.919935 0.721519 0.928105 0.703797 0.928105 0.675949 0.931373 0.670886 0.937908 0.607595 0.937908 0.572152 0.954248 0.481013 0.968954 0.425316 0.967320 0.382278 0.952614 0.364557
1 0.892157 0.501266 0.867647 0.501266 0.852941 0.513924 0.844771 0.536709 0.830065 0.620253 0.826797 0.668354 0.848039 0.691139 0.852941 0.744304 0.831699 0.853165 0.818627 0.962025 0.820261 1.000000 0.890523 0.997468 0.888889 0.822785 0.893791 0.749367 0.929739 0.562025 0.921569 0.526582 0.908497 0.508861
1 0.834967 0.220253 0.795752 0.215190 0.789216 0.220253 0.782680 0.240506 0.779412 0.303797 0.766340 0.372152 0.764706 0.402532 0.751634 0.473418 0.740196 0.584810 0.743464 0.589873 0.803922 0.594937 0.821895 0.587342 0.821895 0.410127 0.831699 0.324051 0.843137 0.281013 0.844771 0.258228 0.843137 0.237975
1 0.732026 0.298734 0.710784 0.301266 0.697712 0.316456 0.687908 0.397468 0.686275 0.450633 0.697712 0.478481 0.700980 0.511392 0.694444 0.556962 0.691176 0.653165 0.686275 0.688608 0.686275 0.782278 0.699346 0.896203 0.704248 0.901266 0.717320 0.901266 0.722222 0.891139 0.733660 0.825316 0.735294 0.792405 0.743464 0.749367 0.733660 0.731646 0.740196 0.686076 0.733660 0.594937 0.748366 0.498734 0.751634 0.432911 0.763072 0.367089 0.763072 0.339241 0.758170 0.318987
1 0.789216 0.668354 0.774510 0.681013 0.781046 0.691139 0.781046 0.701266 0.772876 0.706329 0.766340 0.729114 0.750000 0.762025 0.748366 0.807595 0.733660 0.908861 0.759804 0.949367 0.763072 1.000000 0.816993 1.000000 0.816993 0.964557 0.826797 0.903797 0.830065 0.848101 0.846405 0.782278 0.849673 0.746835 0.844771 0.716456 0.831699 0.706329 0.826797 0.708861 0.820261 0.698734 0.825163 0.688608 0.831699 0.693671 0.826797 0.678481 0.808824 0.668354
1 0.666667 0.445570 0.648693 0.445570 0.633987 0.453165 0.625817 0.468354 0.619281 0.511392 0.617647 0.579747 0.609477 0.650633 0.614379 0.675949 0.609477 0.698734 0.611111 0.711392 0.601307 0.746835 0.596405 0.820253 0.596405 0.903797 0.607843 1.000000 0.648693 1.000000 0.658497 0.941772 0.668301 0.924051 0.696078 0.901266 0.679739 0.739241 0.679739 0.696203 0.699346 0.496203 0.694444 0.468354 0.686275 0.455696
1 0.583333 0.617722 0.571895 0.612658 0.540850 0.615190 0.531046 0.622785 0.522876 0.637975 0.516340 0.681013 0.516340 0.751899 0.508170 0.855696 0.482026 1.000000 0.601307 1.000000 0.601307 0.967089 0.594771 0.911392 0.596405 0.749367 0.593137 0.711392 0.598039 0.653165 0.593137 0.630380
1 0.568627 0.248101 0.542484 0.250633 0.532680 0.260759 0.529412 0.273418 0.526144 0.435443 0.516340 0.524051 0.514706 0.597468 0.519608 0.630380 0.539216 0.612658 0.581699 0.610127 0.584967 0.600000 0.580065 0.448101 0.584967 0.397468 0.588235 0.275949 0.583333 0.258228
1 0.444444 0.169620 0.416667 0.172152 0.406863 0.192405 0.408497 0.364557 0.392157 0.503797 0.403595 0.516456 0.413399 0.544304 0.415033 0.701266 0.421569 0.716456 0.428105 0.708861 0.431373 0.678481 0.431373 0.589873 0.444444 0.554430 0.446078 0.400000 0.460784 0.359494 0.462418 0.200000 0.459150 0.182278
1 0.493464 0.364557 0.464052 0.367089 0.454248 0.374684 0.447712 0.394937 0.442810 0.589873 0.431373 0.693671 0.419935 0.749367 0.423203 0.797468 0.437908 0.868354 0.439542 0.908861 0.457516 1.000000 0.477124 1.000000 0.498366 0.911392 0.511438 0.797468 0.514706 0.670886 0.511438 0.592405 0.514706 0.577215 0.519608 0.405063 0.516340 0.387342 0.506536 0.372152
1 0.344771 0.273418 0.321895 0.273418 0.310458 0.281013 0.300654 0.298734 0.299020 0.311392 0.305556 0.392405 0.307190 0.475949 0.303922 0.544304 0.285948 0.670886 0.285948 0.698734 0.305556 0.800000 0.313725 0.817722 0.318627 0.815190 0.321895 0.794937 0.326797 0.787342 0.331699 0.749367 0.330065 0.539241 0.341503 0.516456 0.370915 0.498734 0.367647 0.311392 0.361111 0.286076
1 0.199346 0.200000 0.166667 0.205063 0.156863 0.225316 0.158497 0.293671 0.173203 0.417722 0.197712 0.400000 0.235294 0.397468 0.225490 0.313924 0.220588 0.230380 0.214052 0.210127
