2 0.013136 0.000000 0.006568 0.020370 0.000000 0.027778 0.000000 0.305556 0.154351 0.301852 0.159278 0.294444 0.160920 0.218519 0.159278 0.044444 0.141215 0.000000
2 0.182266 0.000000 0.177340 0.022222 0.164204 0.042593 0.162562 0.281481 0.165846 0.305556 0.190476 0.309259 0.323481 0.303704 0.328407 0.292593 0.328407 0.281481 0.321839 0.275926 0.321839 0.268519 0.328407 0.264815 0.328407 0.044444 0.311987 0.001852
2 0.361248 0.001852 0.353038 0.007407 0.333333 0.057407 0.334975 0.303704 0.344828 0.311111 0.380952 0.307407 0.487685 0.309259 0.497537 0.298148 0.499179 0.048148 0.484401 0.018519 0.482759 0.007407 0.474548 0.000000
2 0.532020 0.003704 0.518883 0.018519 0.505747 0.057407 0.505747 0.303704 0.515599 0.309259 0.663383 0.305556 0.668309 0.296296 0.669951 0.075926 0.668309 0.051852 0.656814 0.029630 0.655172 0.018519 0.645320 0.000000 0.540230 0.000000 0.536946 0.005556
2 0.697865 0.000000 0.689655 0.009259 0.676519 0.042593 0.673235 0.070370 0.678161 0.298148 0.684729 0.303704 0.737274 0.300000 0.834154 0.301852 0.840722 0.288889 0.837438 0.261111 0.839080 0.048148 0.819376 0.001852
2 0.860427 0.000000 0.842365 0.044444 0.844007 0.285185 0.847291 0.298148 1.000000 0.298148 1.000000 0.033333 0.986864 0.012963 0.983580 0.000000
2 0.136289 0.311111 0.022989 0.312963 0.014778 0.318519 0.000000 0.348148 0.000000 0.633333 0.004926 0.637037 0.072250 0.638889 0.147783 0.629630 0.159278 0.616667 0.157635 0.359259
2 0.298851 0.314815 0.187192 0.316667 0.182266 0.320370 0.177340 0.338889 0.164204 0.364815 0.160920 0.387037 0.162562 0.624074 0.165846 0.633333 0.174056 0.640741 0.269294 0.644444 0.313629 0.637037 0.325123 0.625926 0.328407 0.370370 0.315271 0.346296 0.308703 0.322222
2 0.471264 0.320370 0.433498 0.314815 0.412151 0.320370 0.405583 0.316667 0.367816 0.320370 0.354680 0.327778 0.349754 0.344444 0.334975 0.368519 0.331691 0.401852 0.330049 0.611111 0.333333 0.631481 0.346470 0.640741 0.459770 0.640741 0.487685 0.635185 0.497537 0.624074 0.499179 0.388889 0.497537 0.372222
2 0.530378 0.316667 0.504105 0.374074 0.500821 0.624074 0.509031 0.637037 0.528736 0.642593 0.630542 0.644444 0.655172 0.640741 0.668309 0.625926 0.669951 0.375926 0.656814 0.353704 0.645320 0.316667
2 0.699507 0.309259 0.689655 0.344444 0.673235 0.374074 0.673235 0.625926 0.686371 0.637037 0.702791 0.640741 0.821018 0.640741 0.830870 0.635185 0.837438 0.624074 0.835796 0.359259 0.822660 0.333333 0.819376 0.316667 0.807882 0.309259
2 0.868637 0.309259 0.860427 0.316667 0.853859 0.342593 0.842365 0.366667 0.844007 0.624074 0.858785 0.631481 0.899836 0.633333 0.906404 0.637037 0.940887 0.638889 1.000000 0.631481 1.000000 0.342593 0.990148 0.318519 0.981938 0.311111 0.958949 0.311111 0.950739 0.307407
2 0.141215 0.635185 0.068966 0.642593 0.016420 0.642593 0.000000 0.674074 0.000000 0.953704 0.008210 0.959259 0.036125 0.962963 0.118227 0.961111 0.139573 0.953704 0.155993 0.937037 0.159278 0.874074 0.159278 0.683333
2 0.308703 0.642593 0.256158 0.650000 0.182266 0.646296 0.164204 0.681481 0.160920 0.714815 0.164204 0.951852 0.174056 0.961111 0.298851 0.961111 0.315271 0.953704 0.326765 0.937037 0.326765 0.685185
2 0.472906 0.642593 0.403941 0.650000 0.351396 0.648148 0.341544 0.674074 0.331691 0.688889 0.330049 0.946296 0.336617 0.959259 0.357964 0.962963 0.459770 0.962963 0.482759 0.957407 0.494253 0.942593 0.497537 0.694444 0.477833 0.646296
2 0.523810 0.646296 0.500821 0.694444 0.500821 0.948148 0.509031 0.959259 0.523810 0.962963 0.650246 0.961111 0.663383 0.946296 0.666667 0.811111 0.665025 0.685185 0.646962 0.646296 0.584565 0.651852
2 0.691297 0.644444 0.669951 0.694444 0.668309 0.944444 0.684729 0.957407 0.715928 0.962963 0.801314 0.962963 0.819376 0.959259 0.829228 0.951852 0.832512 0.942593 0.835796 0.688889 0.816092 0.646296 0.740558 0.648148 0.707718 0.642593
2 0.860427 0.635185 0.839080 0.696296 0.837438 0.942593 0.844007 0.951852 0.866995 0.961111 0.978654 0.962963 1.000000 0.953704 1.000000 0.674074 0.983580 0.638889 0.922824 0.640741
