1 0.000000 0.132143 0.000000 0.214286 0.022959 0.242857 0.061224 0.267857 0.117347 0.246429 0.117347 0.221429 0.091837 0.182143 0.086735 0.160714 0.089286 0.139286 0.081633 0.128571 0.048469 0.121429 0.020408 0.139286
1 0.163265 0.292857 0.158163 0.328571 0.165816 0.353571 0.198980 0.385714 0.247449 0.389286 0.272959 0.367857 0.275510 0.328571 0.267857 0.289286 0.242347 0.257143 0.209184 0.253571 0.188776 0.267857 0.183673 0.282143
1 0.040816 0.296429 0.035714 0.335714 0.053571 0.367857 0.102041 0.396429 0.137755 0.396429 0.163265 0.378571 0.165816 0.353571 0.155612 0.325000 0.160714 0.282143 0.137755 0.260714 0.094388 0.260714 0.068878 0.285714
1 0.109694 0.417857 0.076531 0.389286 0.053571 0.389286 0.030612 0.403571 0.010204 0.435714 0.000000 0.435714 0.000000 0.514286 0.028061 0.510714 0.053571 0.525000 0.096939 0.514286 0.094388 0.464286 0.112245 0.428571
1 0.288265 0.382143 0.257653 0.389286 0.234694 0.410714 0.219388 0.467857 0.227041 0.507143 0.257653 0.525000 0.285714 0.525000 0.303571 0.517857 0.318878 0.500000 0.326531 0.467857 0.321429 0.417857 0.311224 0.400000
1 0.219388 0.410714 0.196429 0.392857 0.178571 0.389286 0.142857 0.400000 0.099490 0.450000 0.096939 0.482143 0.102041 0.500000 0.119898 0.514286 0.165816 0.528571 0.198980 0.521429 0.216837 0.496429 0.224490 0.435714
1 0.275510 0.542857 0.239796 0.517857 0.219388 0.517857 0.196429 0.532143 0.181122 0.560714 0.178571 0.585714 0.165816 0.617857 0.168367 0.653571 0.183673 0.667857 0.239796 0.664286 0.272959 0.635714 0.280612 0.610714 0.280612 0.553571
1 0.178571 0.550000 0.132653 0.521429 0.109694 0.521429 0.079082 0.542857 0.068878 0.571429 0.043367 0.596429 0.038265 0.610714 0.043367 0.650000 0.056122 0.660714 0.073980 0.660714 0.089286 0.653571 0.135204 0.653571 0.155612 0.642857 0.170918 0.600000
1 0.229592 0.682143 0.211735 0.671429 0.183673 0.671429 0.168367 0.660714 0.142857 0.671429 0.130102 0.696429 0.125000 0.725000 0.107143 0.757143 0.107143 0.789286 0.117347 0.800000 0.140306 0.800000 0.178571 0.767857 0.186224 0.753571 0.219388 0.742857 0.229592 0.717857
1 0.122449 0.682143 0.091837 0.660714 0.040816 0.660714 0.020408 0.692857 0.017857 0.714286 0.000000 0.725000 0.000000 0.800000 0.015306 0.800000 0.043367 0.782143 0.091837 0.782143 0.102041 0.771429 0.122449 0.717857
1 0.859694 0.678571 0.872449 0.739286 0.897959 0.767857 0.905612 0.796429 0.954082 0.792857 0.977041 0.814286 1.000000 0.817857 1.000000 0.742857 0.977041 0.721429 0.961735 0.675000 0.882653 0.667857
1 0.823980 0.553571 0.823980 0.578571 0.844388 0.617857 0.841837 0.653571 0.846939 0.660714 0.908163 0.657143 0.948980 0.671429 0.959184 0.667857 0.966837 0.653571 0.966837 0.614286 0.948980 0.596429 0.931122 0.592857 0.923469 0.582143 0.918367 0.553571 0.903061 0.532143 0.882653 0.521429 0.857143 0.521429 0.834184 0.535714
1 0.772959 0.667857 0.765306 0.682143 0.767857 0.721429 0.780612 0.778571 0.788265 0.789286 0.813776 0.803571 0.834184 0.800000 0.864796 0.825000 0.880102 0.825000 0.895408 0.814286 0.900510 0.775000 0.869898 0.735714 0.867347 0.707143 0.852041 0.675000 0.829082 0.657143 0.790816 0.657143
1 0.607143 0.825000 0.614796 0.885714 0.635204 0.921429 0.655612 0.928571 0.716837 0.925000 0.716837 0.900000 0.704082 0.871429 0.701531 0.821429 0.670918 0.771429 0.655612 0.764286 0.647959 0.800000 0.635204 0.817857
1 0.658163 0.682143 0.660714 0.753571 0.676020 0.775000 0.719388 0.789286 0.737245 0.803571 0.755102 0.803571 0.770408 0.792857 0.775510 0.757143 0.765306 0.732143 0.762755 0.696429 0.750000 0.671429 0.719388 0.650000 0.701531 0.667857 0.670918 0.667857
1 0.711735 0.553571 0.711735 0.592857 0.721939 0.635714 0.729592 0.646429 0.744898 0.653571 0.836735 0.650000 0.841837 0.635714 0.839286 0.603571 0.818878 0.575000 0.811224 0.550000 0.780612 0.517857 0.739796 0.525000 0.719388 0.539286
1 0.880102 0.403571 0.877551 0.421429 0.900510 0.435714 0.913265 0.457143 0.913265 0.478571 0.900510 0.517857 0.915816 0.525000 0.946429 0.525000 0.966837 0.510714 1.000000 0.517857 1.000000 0.442857 0.984694 0.435714 0.964286 0.400000 0.938776 0.385714 0.910714 0.385714
1 0.709184 0.800000 0.709184 0.857143 0.719388 0.892857 0.737245 0.921429 0.770408 0.928571 0.834184 0.925000 0.831633 0.910714 0.816327 0.892857 0.818878 0.846429 0.811224 0.825000 0.780612 0.792857 0.767857 0.792857 0.747449 0.807143 0.724490 0.792857
1 0.811224 0.814286 0.821429 0.860714 0.821429 0.889286 0.844388 0.925000 0.956633 0.928571 0.954082 0.910714 0.928571 0.889286 0.915816 0.867857 0.915816 0.850000 0.903061 0.810714 0.882653 0.825000 0.864796 0.825000 0.836735 0.803571
1 0.428571 0.250000 0.400510 0.271429 0.392857 0.285714 0.390306 0.346429 0.397959 0.367857 0.413265 0.385714 0.454082 0.392857 0.484694 0.350000 0.484694 0.300000 0.477041 0.275000 0.459184 0.253571
1 0.390306 0.382143 0.367347 0.385714 0.344388 0.410714 0.339286 0.435714 0.339286 0.478571 0.346939 0.503571 0.364796 0.525000 0.380102 0.532143 0.415816 0.517857 0.433673 0.475000 0.433673 0.435714 0.426020 0.410714 0.413265 0.392857
1 0.390306 0.021429 0.390306 0.075000 0.395408 0.092857 0.418367 0.125000 0.464286 0.117857 0.484694 0.092857 0.489796 0.046429 0.484694 0.017857 0.474490 0.000000 0.403061 0.000000
1 0.346939 0.514286 0.313776 0.517857 0.288265 0.553571 0.285714 0.628571 0.290816 0.646429 0.306122 0.664286 0.349490 0.657143 0.380102 0.614286 0.382653 0.582143 0.377551 0.557143
1 0.313776 0.671429 0.288265 0.653571 0.272959 0.653571 0.239796 0.682143 0.232143 0.717857 0.234694 0.739286 0.219388 0.767857 0.219388 0.789286 0.227041 0.807143 0.239796 0.814286 0.267857 0.810714 0.280612 0.792857 0.303571 0.785714 0.321429 0.760714 0.329082 0.714286
1 0.278061 0.817857 0.242347 0.817857 0.216837 0.782143 0.196429 0.796429 0.178571 0.832143 0.181122 0.867857 0.163265 0.907143 0.163265 0.928571 0.244898 0.921429 0.275510 0.875000
1 0.484694 0.114286 0.456633 0.139286 0.446429 0.175000 0.446429 0.214286 0.454082 0.239286 0.489796 0.264286 0.507653 0.264286 0.540816 0.228571 0.548469 0.171429 0.528061 0.128571 0.505102 0.114286
1 0.387755 0.835714 0.354592 0.817857 0.339286 0.778571 0.313776 0.785714 0.295918 0.817857 0.290816 0.853571 0.293367 0.892857 0.285714 0.907143 0.285714 0.925000 0.339286 0.928571 0.352041 0.921429 0.372449 0.896429 0.382653 0.871429
1 0.390306 0.646429 0.354592 0.664286 0.336735 0.710714 0.344388 0.757143 0.344388 0.800000 0.357143 0.821429 0.372449 0.828571 0.387755 0.825000 0.420918 0.778571 0.436224 0.739286 0.433673 0.685714
1 0.428571 0.517857 0.395408 0.550000 0.390306 0.592857 0.392857 0.614286 0.410714 0.657143 0.428571 0.671429 0.446429 0.671429 0.479592 0.635714 0.487245 0.578571 0.482143 0.557143 0.454082 0.517857
1 0.170918 0.821429 0.155612 0.800000 0.125000 0.803571 0.112245 0.792857 0.094388 0.796429 0.079082 0.821429 0.076531 0.867857 0.048469 0.900000 0.043367 0.925000 0.109694 0.928571 0.142857 0.921429 0.168367 0.878571 0.173469 0.846429
1 0.484694 0.382143 0.461735 0.396429 0.448980 0.414286 0.441327 0.439286 0.441327 0.471429 0.456633 0.510714 0.471939 0.525000 0.507653 0.528571 0.530612 0.507143 0.538265 0.453571 0.528061 0.410714 0.512755 0.389286
1 0.530612 0.253571 0.497449 0.300000 0.500000 0.360714 0.507653 0.375000 0.533163 0.392857 0.571429 0.389286 0.589286 0.367857 0.594388 0.350000 0.591837 0.282143 0.561224 0.253571
1 0.647959 0.128571 0.604592 0.110714 0.589286 0.114286 0.571429 0.132143 0.553571 0.171429 0.551020 0.225000 0.556122 0.239286 0.589286 0.267857 0.614796 0.267857 0.637755 0.250000 0.663265 0.189286 0.663265 0.153571
1 0.515306 0.000000 0.502551 0.025000 0.502551 0.092857 0.525510 0.110714 0.584184 0.107143 0.596939 0.078571 0.599490 0.000000
1 0.604592 0.096429 0.640306 0.121429 0.686224 0.114286 0.701531 0.092857 0.729592 0.000000 0.625000 0.000000 0.609694 0.021429
1 0.704082 0.110714 0.676020 0.132143 0.658163 0.225000 0.665816 0.239286 0.691327 0.257143 0.724490 0.260714 0.752551 0.239286 0.788265 0.178571 0.788265 0.146429 0.772959 0.125000 0.744898 0.121429 0.734694 0.110714
1 0.637755 0.253571 0.619898 0.267857 0.604592 0.292857 0.602041 0.325000 0.607143 0.346429 0.627551 0.389286 0.676020 0.392857 0.714286 0.353571 0.719388 0.310714 0.693878 0.264286 0.670918 0.250000
1 0.568878 0.403571 0.556122 0.428571 0.553571 0.471429 0.561224 0.500000 0.571429 0.514286 0.591837 0.528571 0.614796 0.528571 0.650510 0.507143 0.655612 0.492857 0.653061 0.439286 0.632653 0.396429 0.619898 0.389286 0.586735 0.389286
1 0.535714 0.514286 0.502551 0.553571 0.500000 0.610714 0.515306 0.646429 0.548469 0.671429 0.568878 0.671429 0.591837 0.642857 0.594388 0.560714 0.576531 0.525000 0.558673 0.514286
1 0.448980 0.764286 0.426020 0.775000 0.397959 0.821429 0.395408 0.857143 0.413265 0.928571 0.464286 0.928571 0.489796 0.864286 0.484694 0.817857 0.469388 0.785714
1 0.489796 0.646429 0.454082 0.682143 0.448980 0.728571 0.451531 0.750000 0.477041 0.807143 0.500000 0.821429 0.520408 0.807143 0.543367 0.750000 0.543367 0.703571 0.512755 0.650000
1 0.535714 0.782143 0.500000 0.832143 0.505102 0.885714 0.535714 0.928571 0.584184 0.928571 0.599490 0.860714 0.596939 0.821429 0.568878 0.785714 0.553571 0.778571
1 0.591837 0.653571 0.561224 0.685714 0.556122 0.742857 0.563776 0.767857 0.604592 0.817857 0.627551 0.821429 0.640306 0.814286 0.650510 0.792857 0.650510 0.696429 0.630102 0.660714 0.619898 0.653571
1 0.607143 0.542857 0.602041 0.557143 0.602041 0.600000 0.627551 0.650000 0.678571 0.667857 0.696429 0.667857 0.716837 0.650000 0.706633 0.560714 0.686224 0.528571 0.658163 0.514286
1 0.668367 0.414286 0.660714 0.457143 0.663265 0.492857 0.683673 0.521429 0.724490 0.528571 0.772959 0.510714 0.778061 0.460714 0.739796 0.396429 0.719388 0.382143 0.696429 0.382143
1 0.716837 0.289286 0.719388 0.339286 0.714286 0.371429 0.742347 0.396429 0.793367 0.389286 0.808673 0.371429 0.826531 0.367857 0.844388 0.342857 0.844388 0.300000 0.831633 0.285714 0.813776 0.282143 0.788265 0.253571 0.747449 0.253571 0.721939 0.275000
1 0.760204 0.242857 0.803571 0.257143 0.844388 0.253571 0.875000 0.210714 0.900510 0.203571 0.913265 0.185714 0.918367 0.167857 0.915816 0.146429 0.897959 0.125000 0.864796 0.128571 0.839286 0.110714 0.803571 0.114286 0.788265 0.128571 0.788265 0.178571 0.767857 0.210714
1 0.709184 0.100000 0.765306 0.117857 0.801020 0.107143 0.818878 0.078571 0.823980 0.057143 0.852041 0.025000 0.854592 0.000000 0.737245 0.000000 0.711735 0.067857
1 0.816327 0.100000 0.859694 0.121429 0.913265 0.110714 0.941327 0.053571 0.977041 0.039286 0.984694 0.000000 0.875000 0.000000 0.826531 0.057143
1 0.836735 0.271429 0.836735 0.285714 0.849490 0.310714 0.849490 0.332143 0.834184 0.364286 0.834184 0.375000 0.844388 0.385714 0.890306 0.385714 0.923469 0.353571 0.956633 0.350000 0.969388 0.335714 0.971939 0.296429 0.966837 0.282143 0.956633 0.275000 0.926020 0.278571 0.905612 0.250000 0.867347 0.246429
1 0.765306 0.410714 0.765306 0.432143 0.780612 0.464286 0.783163 0.492857 0.801020 0.517857 0.846939 0.521429 0.857143 0.514286 0.890306 0.514286 0.908163 0.489286 0.910714 0.467857 0.905612 0.442857 0.875000 0.428571 0.852041 0.392857 0.834184 0.382143 0.808673 0.378571
1 0.290816 0.275000 0.280612 0.292857 0.278061 0.328571 0.288265 0.367857 0.301020 0.385714 0.357143 0.389286 0.372449 0.371429 0.377551 0.292857 0.364796 0.267857 0.341837 0.253571 0.318878 0.253571
1 0.375000 0.114286 0.352041 0.128571 0.336735 0.157143 0.334184 0.203571 0.352041 0.250000 0.375000 0.267857 0.392857 0.267857 0.428571 0.239286 0.436224 0.217857 0.438776 0.182143 0.433673 0.157143 0.403061 0.114286
1 0.272959 0.000000 0.278061 0.064286 0.293367 0.114286 0.318878 0.128571 0.344388 0.128571 0.375000 0.103571 0.375000 0.032143 0.359694 0.000000
1 0.147959 0.000000 0.165816 0.078571 0.188776 0.117857 0.219388 0.132143 0.272959 0.107143 0.272959 0.057143 0.265306 0.025000 0.250000 0.003571
1 0.020408 0.000000 0.025510 0.028571 0.053571 0.060714 0.071429 0.110714 0.096939 0.121429 0.145408 0.121429 0.170918 0.107143 0.155612 0.039286 0.140306 0.000000
1 0.221939 0.132143 0.214286 0.153571 0.216837 0.185714 0.244898 0.246429 0.265306 0.260714 0.290816 0.260714 0.318878 0.235714 0.326531 0.217857 0.326531 0.167857 0.306122 0.132143 0.283163 0.117857 0.257653 0.117857
1 0.094388 0.135714 0.089286 0.171429 0.135204 0.250000 0.158163 0.264286 0.181122 0.264286 0.214286 0.239286 0.219388 0.225000 0.214286 0.178571 0.201531 0.146429 0.183673 0.125000 0.160714 0.117857 0.137755 0.128571 0.109694 0.125000
