2 0.838000 0.526000 0.835333 0.532000 0.834000 0.542000 0.832667 0.628000 0.833333 0.960000 0.835333 0.966000 0.843333 0.974000 0.851333 0.975000 0.982000 0.974000 0.991333 0.968000 0.993333 0.961000 0.994000 0.938000 0.992667 0.916000 0.994000 0.906000 0.994000 0.611000 0.992667 0.607000 0.992667 0.596000 0.994000 0.589000 0.992667 0.575000 0.993333 0.557000 0.988667 0.529000 0.986667 0.525000 0.978667 0.523000 0.853333 0.523000
2 0.016667 0.029000 0.014000 0.032000 0.013333 0.043000 0.008000 0.067000 0.006667 0.113000 0.008667 0.341000 0.008000 0.411000 0.010000 0.451000 0.021333 0.468000 0.029333 0.474000 0.036000 0.476000 0.119333 0.477000 0.146667 0.474000 0.153333 0.469000 0.163333 0.453000 0.166000 0.440000 0.165333 0.205000 0.168000 0.088000 0.167333 0.068000 0.164667 0.058000 0.162667 0.034000 0.152000 0.028000 0.128000 0.025000 0.032000 0.026000
2 0.180667 0.030000 0.176667 0.034000 0.172667 0.066000 0.171333 0.155000 0.172667 0.159000 0.171333 0.187000 0.172667 0.447000 0.176000 0.455000 0.185333 0.469000 0.190000 0.473000 0.198667 0.476000 0.277333 0.477000 0.310667 0.473000 0.326000 0.453000 0.328667 0.436000 0.327333 0.219000 0.329333 0.088000 0.328000 0.066000 0.323333 0.033000 0.315333 0.029000 0.246000 0.027000
2 0.338000 0.036000 0.337333 0.053000 0.334000 0.076000 0.334667 0.119000 0.333333 0.129000 0.332667 0.202000 0.334000 0.205000 0.333333 0.249000 0.334667 0.252000 0.334667 0.368000 0.333333 0.387000 0.333333 0.438000 0.334667 0.447000 0.348667 0.469000 0.353333 0.473000 0.364000 0.476000 0.453333 0.477000 0.472667 0.474000 0.477333 0.470000 0.489333 0.453000 0.491333 0.446000 0.492667 0.427000 0.493333 0.079000 0.486000 0.033000 0.478667 0.028000 0.456000 0.026000 0.368000 0.027000 0.345333 0.029000
2 0.516000 0.024000 0.510667 0.033000 0.505333 0.075000 0.506000 0.151000 0.504000 0.280000 0.506000 0.331000 0.504667 0.354000 0.504667 0.436000 0.506667 0.450000 0.518667 0.469000 0.526000 0.475000 0.594000 0.478000 0.636000 0.476000 0.645333 0.473000 0.660000 0.455000 0.662667 0.450000 0.665333 0.436000 0.665333 0.331000 0.664000 0.322000 0.664667 0.310000 0.662000 0.243000 0.663333 0.233000 0.662667 0.213000 0.666000 0.177000 0.664667 0.135000 0.666667 0.097000 0.665333 0.090000 0.666000 0.066000 0.664000 0.058000 0.662000 0.033000 0.652000 0.025000 0.558000 0.022000
2 0.681333 0.027000 0.676667 0.033000 0.676000 0.048000 0.672000 0.064000 0.671333 0.083000 0.672667 0.192000 0.670000 0.247000 0.670000 0.289000 0.672000 0.320000 0.672000 0.384000 0.670667 0.403000 0.670667 0.439000 0.672000 0.451000 0.681333 0.467000 0.690000 0.475000 0.733333 0.479000 0.763333 0.478000 0.768667 0.480000 0.810000 0.475000 0.826667 0.453000 0.829333 0.435000 0.830000 0.335000 0.827333 0.248000 0.829333 0.159000 0.828000 0.131000 0.828667 0.075000 0.826000 0.043000 0.826667 0.035000 0.825333 0.032000 0.818667 0.028000 0.756000 0.027000 0.746667 0.025000 0.696000 0.025000
2 0.846000 0.028000 0.840667 0.033000 0.838667 0.054000 0.834667 0.071000 0.834667 0.158000 0.832000 0.253000 0.835333 0.302000 0.834000 0.438000 0.836000 0.451000 0.842000 0.461000 0.850667 0.470000 0.852667 0.475000 0.860667 0.477000 0.908000 0.481000 0.945333 0.481000 0.950667 0.479000 0.974667 0.478000 0.990667 0.459000 0.994000 0.438000 0.993333 0.409000 0.994667 0.406000 0.994667 0.372000 0.993333 0.346000 0.994667 0.330000 0.992667 0.322000 0.994667 0.313000 0.994000 0.229000 0.996000 0.184000 0.994667 0.135000 0.996000 0.076000 0.995333 0.065000 0.992000 0.058000 0.990667 0.034000 0.981333 0.029000
2 0.014667 0.531000 0.011333 0.537000 0.006000 0.574000 0.007333 0.951000 0.009333 0.957000 0.020000 0.971000 0.036667 0.976000 0.109333 0.978000 0.138000 0.975000 0.154667 0.968000 0.164667 0.951000 0.168000 0.927000 0.166667 0.594000 0.165333 0.575000 0.162000 0.563000 0.160000 0.546000 0.154000 0.532000 0.139333 0.526000 0.122000 0.526000 0.105333 0.523000 0.071333 0.523000 0.052667 0.527000 0.024000 0.528000
2 0.182000 0.531000 0.177333 0.539000 0.171333 0.584000 0.173333 0.953000 0.184667 0.971000 0.190000 0.975000 0.232667 0.980000 0.272667 0.980000 0.310000 0.975000 0.318000 0.968000 0.326000 0.954000 0.328000 0.938000 0.328000 0.909000 0.326667 0.904000 0.328000 0.866000 0.326667 0.762000 0.327333 0.592000 0.326667 0.575000 0.321333 0.555000 0.319333 0.537000 0.312000 0.529000 0.299333 0.526000 0.270667 0.527000 0.243333 0.524000 0.240667 0.526000 0.203333 0.527000
2 0.348000 0.532000 0.344000 0.536000 0.338000 0.553000 0.336667 0.564000 0.332667 0.577000 0.332000 0.894000 0.334000 0.949000 0.342000 0.962000 0.348667 0.969000 0.358000 0.975000 0.365333 0.977000 0.432000 0.979000 0.468000 0.976000 0.482000 0.971000 0.493333 0.952000 0.494667 0.934000 0.493333 0.890000 0.493333 0.581000 0.492000 0.570000 0.488000 0.556000 0.486000 0.536000 0.481333 0.530000 0.474667 0.528000 0.450000 0.528000 0.418667 0.524000 0.392000 0.524000
2 0.516000 0.526000 0.510000 0.534000 0.507333 0.558000 0.507333 0.936000 0.509333 0.967000 0.518000 0.973000 0.540000 0.975000 0.655333 0.973000 0.662000 0.970000 0.664000 0.966000 0.664667 0.955000 0.666000 0.953000 0.666000 0.919000 0.664667 0.916000 0.666000 0.913000 0.666000 0.904000 0.664667 0.901000 0.666000 0.889000 0.664667 0.885000 0.666000 0.882000 0.666000 0.872000 0.664667 0.869000 0.666000 0.866000 0.664667 0.862000 0.666000 0.858000 0.664667 0.854000 0.666000 0.851000 0.666000 0.841000 0.664667 0.838000 0.664667 0.822000 0.666000 0.819000 0.666000 0.810000 0.664667 0.807000 0.666000 0.803000 0.664667 0.799000 0.664667 0.791000 0.666000 0.788000 0.666000 0.779000 0.664667 0.776000 0.666000 0.772000 0.664667 0.761000 0.666000 0.756000 0.664667 0.744000 0.666000 0.741000 0.664667 0.737000 0.666000 0.726000 0.664667 0.713000 0.664667 0.697000 0.666000 0.694000 0.664667 0.674000 0.666000 0.661000 0.664667 0.650000 0.666000 0.640000 0.665333 0.580000 0.666667 0.567000 0.663333 0.532000 0.655333 0.525000 0.541333 0.524000
2 0.674667 0.529000 0.672667 0.534000 0.670667 0.557000 0.670000 0.907000 0.670667 0.955000 0.672667 0.968000 0.680667 0.974000 0.704000 0.976000 0.745333 0.976000 0.755333 0.974000 0.800000 0.975000 0.820000 0.972000 0.827333 0.968000 0.829333 0.960000 0.829333 0.564000 0.826000 0.531000 0.822667 0.527000 0.798000 0.524000 0.680667 0.525000
