1 0.525676 0.509859 0.514865 0.516901 0.504054 0.539437 0.508108 0.576056 0.512162 0.584507 0.528378 0.598592 0.531081 0.612676 0.540541 0.628169 0.548649 0.630986 0.566216 0.629577 0.574324 0.622535 0.578378 0.612676 0.578378 0.592958 0.587838 0.569014 0.586486 0.545070 0.577027 0.521127 0.568919 0.512676 0.551351 0.507042
1 0.132432 0.707042 0.118919 0.722535 0.112162 0.747887 0.110811 0.776056 0.118919 0.800000 0.133784 0.807042 0.160811 0.805634 0.172973 0.811268 0.190541 0.809859 0.197297 0.802817 0.202703 0.771831 0.204054 0.746479 0.200000 0.728169 0.191892 0.716901 0.171622 0.704225 0.145946 0.702817
1 0.301351 0.691549 0.283784 0.685915 0.232432 0.690141 0.208108 0.736620 0.206757 0.763380 0.209459 0.777465 0.206757 0.791549 0.212162 0.801408 0.235135 0.808451 0.262162 0.805634 0.268919 0.809859 0.285135 0.809859 0.298649 0.801408 0.302703 0.738028 0.308108 0.718310 0.308108 0.700000
1 0.160811 0.502817 0.143243 0.512676 0.139189 0.521127 0.118919 0.543662 0.112162 0.564789 0.112162 0.594366 0.116216 0.612676 0.124324 0.622535 0.136486 0.625352 0.160811 0.623944 0.167568 0.628169 0.186486 0.629577 0.201351 0.621127 0.204054 0.561972 0.212162 0.545070 0.212162 0.528169 0.202703 0.512676 0.190541 0.504225
1 0.251351 0.505634 0.232432 0.518310 0.209459 0.557746 0.208108 0.578873 0.212162 0.615493 0.214865 0.622535 0.220270 0.625352 0.245946 0.628169 0.264865 0.625352 0.283784 0.629577 0.295946 0.621127 0.300000 0.609859 0.304054 0.549296 0.308108 0.545070 0.306757 0.536620 0.295946 0.515493 0.289189 0.509859 0.271622 0.504225
1 0.336486 0.509859 0.321622 0.525352 0.308108 0.560563 0.310811 0.611268 0.314865 0.622535 0.339189 0.628169 0.359459 0.628169 0.368919 0.623944 0.382432 0.625352 0.391892 0.622535 0.398649 0.609859 0.402703 0.577465 0.401351 0.542254 0.395946 0.526761 0.385135 0.511268 0.374324 0.505634 0.350000 0.504225
1 0.444595 0.507042 0.427027 0.515493 0.414865 0.529577 0.406757 0.560563 0.406757 0.578873 0.410811 0.585915 0.425676 0.594366 0.429730 0.618310 0.436486 0.628169 0.443243 0.630986 0.460811 0.630986 0.468919 0.626761 0.474324 0.616901 0.478378 0.597183 0.493243 0.580282 0.495946 0.557746 0.490541 0.532394 0.479730 0.515493 0.464865 0.507042
1 0.618919 0.508451 0.605405 0.519718 0.595946 0.539437 0.595946 0.571831 0.600000 0.588732 0.610811 0.608451 0.622973 0.612676 0.636486 0.628169 0.650000 0.632394 0.663514 0.630986 0.672973 0.623944 0.677027 0.612676 0.677027 0.601408 0.689189 0.577465 0.689189 0.561972 0.682432 0.539437 0.674324 0.523944 0.655405 0.508451
1 0.385135 0.690141 0.333784 0.688732 0.321622 0.695775 0.314865 0.708451 0.306757 0.733803 0.306757 0.747887 0.314865 0.763380 0.324324 0.798592 0.333784 0.808451 0.350000 0.809859 0.363514 0.804225 0.367568 0.800000 0.371622 0.784507 0.381081 0.777465 0.385135 0.780282 0.383784 0.776056 0.387838 0.774648 0.400000 0.749296 0.400000 0.705634
1 0.421622 0.691549 0.408108 0.708451 0.406757 0.750704 0.425676 0.784507 0.429730 0.802817 0.441892 0.811268 0.455405 0.811268 0.468919 0.802817 0.478378 0.767606 0.486486 0.764789 0.495946 0.750704 0.497297 0.732394 0.494595 0.709859 0.483784 0.691549 0.479730 0.690141
1 0.505405 0.692958 0.501351 0.697183 0.500000 0.726761 0.505405 0.759155 0.513514 0.780282 0.528378 0.800000 0.532432 0.800000 0.544595 0.809859 0.558108 0.811268 0.568919 0.807042 0.578378 0.794366 0.594595 0.752113 0.593243 0.726761 0.581081 0.705634 0.582432 0.700000 0.577027 0.691549 0.570270 0.688732 0.525676 0.688732
1 0.600000 0.691549 0.594595 0.695775 0.591892 0.714085 0.598649 0.736620 0.600000 0.764789 0.606757 0.784507 0.617568 0.798592 0.629730 0.801408 0.644595 0.809859 0.659459 0.811268 0.668919 0.807042 0.675676 0.800000 0.690541 0.763380 0.691892 0.736620 0.685135 0.721127 0.671622 0.705634 0.667568 0.692958 0.663514 0.690141 0.609459 0.688732
1 0.700000 0.690141 0.689189 0.701408 0.685135 0.712676 0.694595 0.735211 0.694595 0.763380 0.698649 0.780282 0.708108 0.791549 0.722973 0.800000 0.732432 0.800000 0.750000 0.816901 0.764865 0.818310 0.772973 0.814085 0.781081 0.801408 0.782432 0.781690 0.787838 0.770423 0.787838 0.742254 0.781081 0.721127 0.766216 0.705634 0.759459 0.692958 0.754054 0.690141
1 0.778378 0.691549 0.774324 0.698592 0.774324 0.712676 0.787838 0.738028 0.795946 0.776056 0.804054 0.794366 0.816216 0.804225 0.832432 0.804225 0.844595 0.814085 0.854054 0.816901 0.874324 0.811268 0.881081 0.800000 0.881081 0.781690 0.878378 0.777465 0.879730 0.746479 0.875676 0.722535 0.870270 0.711268 0.841892 0.688732 0.785135 0.688732
1 0.705405 0.509859 0.695946 0.518310 0.689189 0.530986 0.689189 0.553521 0.697297 0.571831 0.722973 0.595775 0.735135 0.619718 0.743243 0.628169 0.751351 0.630986 0.771622 0.628169 0.779730 0.619718 0.782432 0.597183 0.787838 0.581690 0.789189 0.566197 0.782432 0.547887 0.763514 0.521127 0.745946 0.507042 0.720270 0.504225
1 0.791892 0.509859 0.779730 0.526761 0.779730 0.540845 0.790541 0.556338 0.793243 0.583099 0.797297 0.592958 0.822973 0.602817 0.836486 0.623944 0.844595 0.630986 0.852703 0.633803 0.874324 0.630986 0.881081 0.622535 0.882432 0.600000 0.875676 0.587324 0.878378 0.567606 0.868919 0.536620 0.841892 0.505634 0.813514 0.501408
1 0.212162 0.360563 0.194595 0.350704 0.150000 0.354930 0.133784 0.360563 0.125676 0.367606 0.116216 0.385915 0.117568 0.430986 0.127027 0.438028 0.144595 0.439437 0.158108 0.436620 0.177027 0.416901 0.187838 0.412676 0.197297 0.404225 0.202703 0.394366 0.204054 0.383099 0.214865 0.370423
1 0.290541 0.359155 0.275676 0.352113 0.251351 0.350704 0.236486 0.354930 0.218919 0.367606 0.209459 0.383099 0.209459 0.395775 0.227027 0.436620 0.232432 0.439437 0.251351 0.439437 0.258108 0.436620 0.266216 0.426761 0.270270 0.415493 0.277027 0.408451 0.290541 0.402817 0.300000 0.392958 0.301351 0.376056
1 0.386486 0.357746 0.374324 0.352113 0.347297 0.350704 0.335135 0.353521 0.320270 0.363380 0.312162 0.376056 0.308108 0.394366 0.325676 0.430986 0.332432 0.438028 0.339189 0.440845 0.358108 0.439437 0.367568 0.430986 0.378378 0.414085 0.397297 0.404225 0.401351 0.395775 0.401351 0.381690 0.398649 0.373239
1 0.439189 0.354930 0.425676 0.361972 0.414865 0.374648 0.408108 0.390141 0.408108 0.401408 0.412162 0.405634 0.425676 0.407042 0.428378 0.409859 0.429730 0.428169 0.437838 0.439437 0.460811 0.440845 0.468919 0.435211 0.475676 0.416901 0.493243 0.401408 0.497297 0.394366 0.497297 0.387324 0.479730 0.360563 0.459459 0.353521
1 0.524324 0.360563 0.516216 0.367606 0.509459 0.380282 0.508108 0.397183 0.517568 0.405634 0.527027 0.405634 0.529730 0.408451 0.532432 0.425352 0.540541 0.439437 0.547297 0.442254 0.568919 0.439437 0.577027 0.430986 0.579730 0.419718 0.593243 0.397183 0.593243 0.383099 0.579730 0.369014 0.575676 0.360563 0.563514 0.356338 0.539189 0.356338
1 0.608108 0.366197 0.600000 0.384507 0.602703 0.397183 0.610811 0.405634 0.625676 0.407042 0.643243 0.436620 0.650000 0.439437 0.672973 0.436620 0.679730 0.426761 0.681081 0.415493 0.691892 0.395775 0.686486 0.371831 0.675676 0.360563 0.655405 0.352113 0.624324 0.354930
1 0.695946 0.366197 0.694595 0.373239 0.701351 0.380282 0.704054 0.398592 0.710811 0.404225 0.724324 0.408451 0.745946 0.438028 0.770270 0.440845 0.781081 0.432394 0.787838 0.409859 0.787838 0.390141 0.779730 0.370423 0.771622 0.361972 0.754054 0.353521 0.728378 0.352113 0.712162 0.354930
1 0.783784 0.366197 0.782432 0.373239 0.795946 0.388732 0.798649 0.405634 0.821622 0.408451 0.836486 0.433803 0.843243 0.439437 0.863514 0.440845 0.872973 0.436620 0.877027 0.426761 0.874324 0.380282 0.870270 0.370423 0.859459 0.359155 0.847297 0.354930 0.806757 0.353521 0.790541 0.359155
1 0.117568 0.188732 0.110811 0.201408 0.109459 0.221127 0.125676 0.242254 0.133784 0.247887 0.154054 0.252113 0.172973 0.263380 0.198649 0.263380 0.202703 0.202817 0.195946 0.188732 0.185135 0.177465 0.168919 0.170423 0.150000 0.169014 0.133784 0.174648
1 0.213514 0.190141 0.205405 0.219718 0.208108 0.249296 0.216216 0.256338 0.247297 0.250704 0.274324 0.263380 0.294595 0.263380 0.301351 0.240845 0.301351 0.219718 0.294595 0.194366 0.279730 0.177465 0.263514 0.171831 0.241892 0.171831 0.227027 0.177465
1 0.329730 0.177465 0.314865 0.191549 0.305405 0.214085 0.305405 0.233803 0.310811 0.239437 0.313514 0.254930 0.316216 0.257746 0.325676 0.257746 0.337838 0.250704 0.347297 0.249296 0.371622 0.256338 0.375676 0.261972 0.387838 0.263380 0.397297 0.246479 0.400000 0.222535 0.398649 0.209859 0.389189 0.188732 0.372973 0.174648 0.363514 0.171831 0.345946 0.171831
1 0.422973 0.180282 0.414865 0.188732 0.406757 0.208451 0.405405 0.229577 0.408108 0.247887 0.416216 0.257746 0.427027 0.257746 0.439189 0.250704 0.458108 0.250704 0.478378 0.260563 0.486486 0.260563 0.494595 0.247887 0.497297 0.226761 0.495946 0.208451 0.487838 0.190141 0.472973 0.176056 0.460811 0.171831 0.436486 0.173239
1 0.510811 0.190141 0.502703 0.211268 0.502703 0.235211 0.506757 0.247887 0.518919 0.260563 0.552703 0.250704 0.570270 0.252113 0.586486 0.247887 0.593243 0.226761 0.593243 0.202817 0.586486 0.188732 0.577027 0.178873 0.563514 0.171831 0.536486 0.171831 0.520270 0.180282
1 0.617568 0.180282 0.609459 0.190141 0.602703 0.209859 0.602703 0.233803 0.608108 0.238028 0.609459 0.249296 0.666216 0.250704 0.672973 0.254930 0.683784 0.254930 0.689189 0.240845 0.689189 0.201408 0.683784 0.188732 0.675676 0.180282 0.658108 0.171831 0.633784 0.171831
1 0.762162 0.173239 0.750000 0.169014 0.727027 0.170423 0.720270 0.173239 0.704054 0.188732 0.697297 0.216901 0.697297 0.233803 0.702703 0.249296 0.713514 0.250704 0.718919 0.259155 0.727027 0.260563 0.737838 0.250704 0.754054 0.249296 0.774324 0.238028 0.772973 0.232394 0.781081 0.222535 0.782432 0.202817 0.778378 0.190141
1 0.866216 0.177465 0.847297 0.169014 0.825676 0.169014 0.810811 0.174648 0.794595 0.190141 0.789189 0.200000 0.789189 0.225352 0.791892 0.247887 0.795946 0.252113 0.795946 0.260563 0.798649 0.263380 0.808108 0.266197 0.821622 0.264789 0.867568 0.240845 0.882432 0.219718 0.882432 0.201408 0.875676 0.187324
