0 0.555556 0.000000 0.555556 0.010893 0.522876 0.043573 0.516340 0.067538 0.517974 0.111111 0.527778 0.143791 0.531046 0.189542 0.534314 0.191721 0.560458 0.172113 0.565359 0.163399 0.570261 0.128540 0.588235 0.119826 0.601307 0.124183 0.609477 0.135076 0.611111 0.169935 0.624183 0.176471 0.627451 0.093682 0.624183 0.041394 0.614379 0.028322 0.598039 0.019608 0.593137 0.013072 0.591503 0.000000
0 0.459150 0.050109 0.449346 0.065359 0.447712 0.093682 0.419935 0.117647 0.413399 0.135076 0.415033 0.204793 0.419935 0.222222 0.423203 0.267974 0.431373 0.272331 0.457516 0.250545 0.460784 0.220044 0.475490 0.206972 0.488562 0.209150 0.498366 0.220044 0.501634 0.257081 0.521242 0.261438 0.524510 0.248366 0.524510 0.150327 0.519608 0.122004 0.513072 0.111111 0.490196 0.093682 0.488562 0.065359 0.482026 0.052288
0 0.372549 0.132898 0.356209 0.130719 0.346405 0.135076 0.341503 0.143791 0.339869 0.174292 0.315359 0.196078 0.307190 0.209150 0.303922 0.278867 0.313725 0.361656 0.343137 0.342048 0.346405 0.309368 0.354575 0.298475 0.369281 0.294118 0.380719 0.298475 0.388889 0.311547 0.392157 0.344227 0.408497 0.352941 0.415033 0.350763 0.419935 0.285403 0.416667 0.215686 0.401961 0.189542 0.382353 0.176471 0.379085 0.143791
0 0.235294 0.220044 0.228758 0.228758 0.227124 0.261438 0.205882 0.278867 0.196078 0.291939 0.192810 0.305011 0.192810 0.383442 0.197712 0.444444 0.200980 0.450980 0.207516 0.450980 0.225490 0.437908 0.232026 0.400871 0.241830 0.389978 0.253268 0.387800 0.269608 0.400871 0.277778 0.435730 0.302288 0.448802 0.307190 0.433551 0.308824 0.383442 0.307190 0.309368 0.303922 0.294118 0.297386 0.281046 0.269608 0.259259 0.263072 0.222222 0.254902 0.217865
0 0.117647 0.309368 0.111111 0.320261 0.109477 0.355120 0.084967 0.372549 0.075163 0.400871 0.080065 0.529412 0.086601 0.540305 0.101307 0.535948 0.107843 0.527233 0.109477 0.496732 0.119281 0.485839 0.138889 0.483660 0.150327 0.494553 0.156863 0.529412 0.186275 0.542484 0.189542 0.535948 0.189542 0.488017 0.194444 0.470588 0.192810 0.396514 0.187908 0.376906 0.151961 0.344227 0.148693 0.313725 0.138889 0.307190
0 0.000000 0.398693 0.000000 0.579521 0.019608 0.581699 0.027778 0.592593 0.032680 0.625272 0.050654 0.636166 0.063725 0.636166 0.070261 0.627451 0.070261 0.581699 0.076797 0.553377 0.076797 0.503268 0.071895 0.472767 0.063725 0.459695 0.032680 0.437908 0.031046 0.413943 0.024510 0.400871 0.011438 0.396514
0 0.836601 0.000000 0.836601 0.021786 0.843137 0.030501 0.848039 0.063181 0.846405 0.143791 0.834967 0.217865 0.834967 0.267974 0.839869 0.322440 0.844771 0.328976 0.880719 0.337691 0.897059 0.335512 0.921569 0.309368 0.928105 0.294118 0.931373 0.272331 0.928105 0.159041 0.929739 0.111111 0.937908 0.074074 0.936275 0.000000
0 0.774510 0.000000 0.769608 0.008715 0.743464 0.028322 0.735294 0.041394 0.735294 0.093682 0.748366 0.137255 0.748366 0.244009 0.740196 0.274510 0.738562 0.344227 0.741830 0.394336 0.746732 0.409586 0.795752 0.418301 0.826797 0.392157 0.834967 0.366013 0.833333 0.198257 0.843137 0.163399 0.844771 0.056645 0.836601 0.028322 0.816993 0.013072 0.810458 0.000000
0 0.697712 0.041394 0.679739 0.043573 0.673203 0.054466 0.669935 0.084967 0.645425 0.104575 0.633987 0.122004 0.633987 0.183007 0.643791 0.213508 0.647059 0.309368 0.638889 0.381264 0.642157 0.481481 0.653595 0.496732 0.668301 0.496732 0.684641 0.505447 0.709150 0.498911 0.733660 0.470588 0.736928 0.457516 0.738562 0.361656 0.735294 0.283224 0.745098 0.248366 0.746732 0.137255 0.743464 0.122004 0.732026 0.100218 0.712418 0.084967 0.709150 0.050109
0 0.578431 0.124183 0.568627 0.135076 0.566993 0.167756 0.540850 0.187364 0.529412 0.209150 0.531046 0.276688 0.539216 0.307190 0.540850 0.403050 0.534314 0.448802 0.532680 0.514161 0.539216 0.562092 0.549020 0.579521 0.571895 0.579521 0.594771 0.590414 0.622549 0.570806 0.632353 0.557734 0.637255 0.538126 0.638889 0.457516 0.635621 0.355120 0.640523 0.342048 0.643791 0.311547 0.643791 0.224401 0.637255 0.193900 0.607843 0.167756 0.604575 0.130719 0.596405 0.124183
0 0.475490 0.209150 0.462418 0.217865 0.459150 0.250545 0.431373 0.274510 0.421569 0.294118 0.421569 0.359477 0.428105 0.389978 0.431373 0.442266 0.426471 0.603486 0.431373 0.649237 0.439542 0.666667 0.470588 0.673203 0.482026 0.681917 0.493464 0.681917 0.527778 0.649237 0.534314 0.618736 0.535948 0.579521 0.531046 0.514161 0.531046 0.444444 0.537582 0.413943 0.537582 0.309368 0.531046 0.281046 0.521242 0.267974 0.500000 0.257081 0.495098 0.217865 0.488562 0.211329
0 0.367647 0.296296 0.356209 0.298475 0.349673 0.305011 0.344771 0.342048 0.320261 0.361656 0.310458 0.381264 0.310458 0.461874 0.318627 0.540305 0.315359 0.692810 0.320261 0.738562 0.331699 0.760349 0.359477 0.762527 0.380719 0.775599 0.416667 0.749455 0.423203 0.738562 0.428105 0.712418 0.428105 0.655773 0.421569 0.572985 0.421569 0.533769 0.428105 0.507625 0.428105 0.403050 0.419935 0.366013 0.410131 0.355120 0.392157 0.346405 0.387255 0.339869 0.387255 0.313725 0.383987 0.305011
0 0.246732 0.389978 0.233660 0.398693 0.228758 0.433551 0.204248 0.455338 0.196078 0.470588 0.192810 0.490196 0.197712 0.614379 0.204248 0.638344 0.202614 0.751634 0.204248 0.799564 0.212418 0.843137 0.225490 0.858388 0.248366 0.858388 0.264706 0.869281 0.274510 0.867102 0.302288 0.845316 0.312092 0.819172 0.315359 0.742919 0.312092 0.736383 0.307190 0.642702 0.313725 0.607843 0.312092 0.481481 0.308824 0.466231 0.299020 0.450980 0.277778 0.440087 0.271242 0.431373 0.267974 0.398693
0 0.120915 0.485839 0.111111 0.494553 0.107843 0.529412 0.080065 0.553377 0.071895 0.590414 0.076797 0.703704 0.086601 0.760349 0.083333 0.797386 0.086601 0.910675 0.093137 0.938998 0.102941 0.954248 0.130719 0.960784 0.142157 0.971678 0.155229 0.973856 0.184641 0.949891 0.196078 0.934641 0.200980 0.915033 0.200980 0.832244 0.192810 0.766885 0.192810 0.727669 0.197712 0.703704 0.194444 0.581699 0.186275 0.551198 0.153595 0.527233 0.151961 0.503268 0.147059 0.490196 0.140523 0.485839
0 0.000000 0.579521 0.000000 1.000000 0.086601 1.000000 0.086601 0.986928 0.083333 0.984749 0.086601 0.967320 0.083333 0.954248 0.084967 0.934641 0.071895 0.838780 0.076797 0.819172 0.078431 0.784314 0.076797 0.718954 0.068627 0.655773 0.060458 0.642702 0.031046 0.625272 0.027778 0.594771 0.022876 0.586057 0.011438 0.579521
0 0.189542 0.000000 0.189542 0.052288 0.194444 0.108932 0.199346 0.117647 0.209150 0.115468 0.222222 0.104575 0.227124 0.065359 0.238562 0.056645 0.253268 0.056645 0.261438 0.063181 0.269608 0.104575 0.289216 0.115468 0.295752 0.113290 0.299020 0.061002 0.297386 0.000000
0 0.114379 0.000000 0.114379 0.028322 0.086601 0.056645 0.080065 0.076253 0.086601 0.193900 0.096405 0.198257 0.109477 0.187364 0.111111 0.154684 0.120915 0.141612 0.138889 0.139434 0.145425 0.141612 0.151961 0.152505 0.155229 0.183007 0.184641 0.200436 0.192810 0.128540 0.187908 0.056645 0.178105 0.043573 0.153595 0.026144 0.151961 0.000000
0 0.006536 0.067538 0.000000 0.082789 0.000000 0.226580 0.021242 0.224401 0.029412 0.228758 0.035948 0.239651 0.039216 0.263617 0.045752 0.272331 0.063725 0.285403 0.073529 0.285403 0.081699 0.211329 0.078431 0.139434 0.066993 0.124183 0.040850 0.104575 0.035948 0.069717 0.029412 0.065359
0 0.336601 0.000000 0.334967 0.019608 0.305556 0.047930 0.300654 0.065359 0.300654 0.113290 0.310458 0.191721 0.315359 0.193900 0.336601 0.176471 0.338235 0.143791 0.352941 0.128540 0.372549 0.130719 0.382353 0.141612 0.383987 0.172113 0.403595 0.185185 0.408497 0.108932 0.405229 0.102397 0.408497 0.093682 0.408497 0.063181 0.405229 0.047930 0.397059 0.037037 0.374183 0.021786 0.372549 0.000000
0 0.235294 0.058824 0.225490 0.071895 0.223856 0.104575 0.202614 0.119826 0.196078 0.128540 0.191176 0.148148 0.191176 0.200436 0.197712 0.267974 0.202614 0.276688 0.207516 0.276688 0.223856 0.263617 0.230392 0.224401 0.235294 0.217865 0.251634 0.215686 0.266340 0.224401 0.269608 0.248366 0.276144 0.263617 0.290850 0.272331 0.297386 0.270153 0.303922 0.222222 0.302288 0.150327 0.297386 0.126362 0.264706 0.100218 0.264706 0.076253 0.258170 0.061002
0 0.120915 0.141612 0.111111 0.159041 0.111111 0.185185 0.089869 0.204793 0.080065 0.226580 0.078431 0.298475 0.083333 0.357298 0.086601 0.366013 0.093137 0.366013 0.107843 0.355120 0.111111 0.318083 0.120915 0.307190 0.138889 0.305011 0.153595 0.318083 0.156863 0.350763 0.184641 0.366013 0.187908 0.357298 0.187908 0.313725 0.192810 0.296296 0.189542 0.215686 0.183007 0.202614 0.153595 0.180828 0.153595 0.161220 0.147059 0.143791 0.137255 0.139434
0 0.000000 0.228758 0.000000 0.396514 0.024510 0.398693 0.031046 0.409586 0.035948 0.437908 0.053922 0.453159 0.068627 0.455338 0.073529 0.435730 0.073529 0.396514 0.078431 0.381264 0.076797 0.307190 0.066993 0.289760 0.037582 0.265795 0.031046 0.230937 0.024510 0.226580
