2 0.170000 0.510526 0.068000 0.515789 0.062000 0.539474 0.060000 0.602632 0.070000 0.878947 0.068000 0.913158 0.070000 0.926316 0.080000 0.939474 0.092000 0.944737 0.132000 0.947368 0.156000 0.942105 0.184000 0.923684 0.192000 0.905263 0.186000 0.542105
2 0.062000 0.089474 0.050000 0.128947 0.060000 0.505263 0.066000 0.515789 0.174000 0.510526 0.180000 0.505263 0.174000 0.352632 0.172000 0.102632 0.168000 0.094737 0.152000 0.089474
2 0.190000 0.084211 0.184000 0.089474 0.176000 0.152632 0.186000 0.505263 0.204000 0.513158 0.304000 0.507895 0.312000 0.494737 0.306000 0.168421 0.298000 0.094737 0.288000 0.086842 0.260000 0.081579
2 0.302000 0.507895 0.272000 0.513158 0.196000 0.513158 0.188000 0.544737 0.194000 0.889474 0.200000 0.928947 0.214000 0.939474 0.232000 0.944737 0.278000 0.942105 0.306000 0.928947 0.314000 0.915789 0.314000 0.542105
2 0.322000 0.086842 0.314000 0.094737 0.310000 0.121053 0.310000 0.307895 0.316000 0.500000 0.324000 0.513158 0.436000 0.507895 0.440000 0.492105 0.434000 0.134211 0.424000 0.094737 0.412000 0.086842
2 0.430000 0.513158 0.330000 0.515789 0.318000 0.550000 0.318000 0.905263 0.324000 0.931579 0.342000 0.944737 0.360000 0.950000 0.404000 0.947368 0.428000 0.936842 0.438000 0.921053 0.440000 0.544737
2 0.458000 0.081579 0.452000 0.089474 0.444000 0.126316 0.446000 0.500000 0.454000 0.513158 0.466000 0.515789 0.562000 0.513158 0.570000 0.484211 0.570000 0.115789 0.560000 0.084211 0.542000 0.078947
2 0.454000 0.518421 0.444000 0.555263 0.444000 0.918421 0.454000 0.939474 0.468000 0.947368 0.526000 0.952632 0.562000 0.934211 0.566000 0.913158 0.568000 0.552632 0.562000 0.526316 0.556000 0.518421
2 0.584000 0.521053 0.574000 0.552632 0.576000 0.926316 0.586000 0.942105 0.614000 0.955263 0.660000 0.957895 0.680000 0.952632 0.696000 0.936842 0.700000 0.913158 0.700000 0.555263 0.688000 0.523684 0.630000 0.528947
2 0.714000 0.518421 0.704000 0.550000 0.702000 0.586842 0.704000 0.928947 0.720000 0.950000 0.744000 0.960526 0.784000 0.965789 0.814000 0.957895 0.830000 0.936842 0.834000 0.555263 0.824000 0.521053 0.746000 0.523684
2 0.848000 0.518421 0.838000 0.557895 0.834000 0.928947 0.844000 0.947368 0.866000 0.960526 0.890000 0.968421 0.938000 0.968421 0.954000 0.960526 0.962000 0.947368 0.972000 0.655263 0.972000 0.557895 0.966000 0.526316
2 0.586000 0.086842 0.576000 0.126316 0.574000 0.500000 0.582000 0.515789 0.692000 0.515789 0.700000 0.502632 0.702000 0.476316 0.700000 0.260526 0.704000 0.121053 0.694000 0.084211 0.678000 0.078947 0.610000 0.078947
2 0.830000 0.078947 0.796000 0.073684 0.730000 0.078947 0.718000 0.086842 0.710000 0.115789 0.706000 0.147368 0.708000 0.323684 0.704000 0.505263 0.712000 0.515789 0.766000 0.521053 0.828000 0.518421 0.836000 0.505263 0.842000 0.113158 0.836000 0.086842
2 0.868000 0.078947 0.854000 0.086842 0.846000 0.126316 0.842000 0.507895 0.846000 0.515789 0.876000 0.521053 0.964000 0.521053 0.972000 0.515789 0.976000 0.484211 0.976000 0.360526 0.982000 0.242105 0.978000 0.197368 0.982000 0.178947 0.980000 0.110526 0.972000 0.100000 0.976000 0.086842 0.970000 0.076316 0.956000 0.071053
