0 0.145425 0.134804 0.137255 0.142157 0.135621 0.188725 0.142157 0.213235 0.111111 0.276961 0.102941 0.301471 0.096405 0.340686 0.099673 0.409314 0.098039 0.534314 0.114379 0.602941 0.114379 0.629902 0.098039 0.762255 0.101307 0.821078 0.107843 0.860294 0.116013 0.870098 0.148693 0.879902 0.194444 0.879902 0.200980 0.875000 0.200980 0.845588 0.197712 0.838235 0.197712 0.745098 0.202614 0.725490 0.205882 0.634804 0.202614 0.590686 0.189542 0.539216 0.192810 0.507353 0.189542 0.352941 0.196078 0.316176 0.218954 0.252451 0.202614 0.215686 0.205882 0.193627 0.202614 0.139706
0 0.055556 0.127451 0.050654 0.132353 0.049020 0.181373 0.053922 0.193627 0.053922 0.208333 0.032680 0.242647 0.014706 0.294118 0.011438 0.323529 0.013072 0.399510 0.008170 0.507353 0.021242 0.553922 0.022876 0.600490 0.011438 0.683824 0.013072 0.705882 0.008170 0.764706 0.014706 0.821078 0.022876 0.833333 0.049020 0.843137 0.099673 0.843137 0.101307 0.825980 0.093137 0.786765 0.093137 0.767157 0.109477 0.639706 0.109477 0.585784 0.094771 0.534314 0.094771 0.333333 0.102941 0.294118 0.124183 0.250000 0.125817 0.232843 0.114379 0.208333 0.117647 0.186275 0.116013 0.132353 0.107843 0.127451
0 0.581699 0.134804 0.575163 0.142157 0.570261 0.174020 0.575163 0.227941 0.553922 0.264706 0.575163 0.323529 0.583333 0.362745 0.580065 0.414216 0.583333 0.568627 0.578431 0.620098 0.571895 0.644608 0.570261 0.691176 0.576797 0.730392 0.581699 0.882353 0.578431 0.928922 0.580065 0.938725 0.593137 0.943627 0.640523 0.943627 0.679739 0.931373 0.687908 0.916667 0.691176 0.879902 0.694444 0.875000 0.694444 0.776961 0.679739 0.705882 0.683007 0.674020 0.679739 0.664216 0.669935 0.664216 0.666667 0.654412 0.683007 0.654412 0.684641 0.620098 0.696078 0.561275 0.696078 0.355392 0.692810 0.330882 0.679739 0.289216 0.648693 0.230392 0.648693 0.210784 0.653595 0.196078 0.650327 0.139706 0.635621 0.132353
0 0.460784 0.134804 0.455882 0.144608 0.454248 0.205882 0.459150 0.218137 0.455882 0.235294 0.437908 0.267157 0.423203 0.308824 0.410131 0.372549 0.410131 0.578431 0.426471 0.644608 0.429739 0.674020 0.426471 0.713235 0.428105 0.745098 0.423203 0.752451 0.415033 0.825980 0.415033 0.921569 0.419935 0.936275 0.419935 0.950980 0.431373 0.968137 0.465686 0.975490 0.468954 0.980392 0.488562 0.977941 0.490196 0.973039 0.519608 0.980392 0.558824 0.968137 0.570261 0.950980 0.573529 0.921569 0.571895 0.801471 0.568627 0.762255 0.560458 0.730392 0.560458 0.691176 0.575163 0.585784 0.578431 0.536765 0.575163 0.450980 0.578431 0.360294 0.563725 0.296569 0.531046 0.235294 0.531046 0.215686 0.535948 0.208333 0.535948 0.154412 0.532680 0.139706 0.519608 0.132353
0 0.354575 0.134804 0.341503 0.139706 0.338235 0.149510 0.341503 0.235294 0.312092 0.291667 0.299020 0.333333 0.295752 0.357843 0.299020 0.438725 0.297386 0.571078 0.316993 0.644608 0.312092 0.745098 0.307190 0.754902 0.302288 0.794118 0.300654 0.875000 0.305556 0.914216 0.316993 0.933824 0.349673 0.943627 0.405229 0.943627 0.411765 0.938725 0.408497 0.867647 0.411765 0.857843 0.410131 0.801471 0.423203 0.703431 0.421569 0.639706 0.406863 0.583333 0.408497 0.424020 0.405229 0.377451 0.410131 0.345588 0.431373 0.284314 0.434641 0.264706 0.415033 0.232843 0.416667 0.156863 0.413399 0.144608 0.393791 0.134804
0 0.251634 0.137255 0.235294 0.142157 0.232026 0.186275 0.240196 0.220588 0.202614 0.299020 0.191176 0.360294 0.194444 0.453431 0.192810 0.546569 0.209150 0.620098 0.209150 0.678922 0.202614 0.735294 0.202614 0.857843 0.205882 0.884804 0.218954 0.906863 0.248366 0.914216 0.295752 0.914216 0.300654 0.906863 0.297386 0.877451 0.299020 0.781863 0.313725 0.686275 0.313725 0.637255 0.294118 0.551471 0.297386 0.522059 0.294118 0.357843 0.297386 0.330882 0.320261 0.274510 0.320261 0.257353 0.303922 0.220588 0.308824 0.186275 0.303922 0.151961 0.294118 0.139706
0 0.892157 0.127451 0.887255 0.132353 0.883987 0.164216 0.888889 0.205882 0.875817 0.227941 0.872549 0.245098 0.895425 0.299020 0.901961 0.360294 0.900327 0.504902 0.890523 0.566176 0.888889 0.600490 0.892157 0.639706 0.897059 0.661765 0.901961 0.666667 0.898693 0.678922 0.903595 0.681373 0.901961 0.693627 0.911765 0.740196 0.903595 0.764706 0.898693 0.838235 0.900327 0.843137 0.950980 0.845588 0.975490 0.835784 0.983660 0.808824 0.986928 0.732843 0.983660 0.644608 0.972222 0.580882 0.986928 0.507353 0.985294 0.409314 0.988562 0.323529 0.983660 0.286765 0.947712 0.200980 0.952614 0.181373 0.950980 0.129902
0 0.982026 0.127451 0.977124 0.132353 0.975490 0.176471 0.980392 0.198529 0.965686 0.227941 0.965686 0.237745 0.983660 0.281863 0.990196 0.313725 0.988562 0.512255 0.977124 0.561275 0.977124 0.593137 0.988562 0.644608 0.986928 0.671569 0.991830 0.754902 0.986928 0.791667 0.988562 0.811275 1.000000 0.813725 1.000000 0.127451
0 0.792484 0.127451 0.782680 0.156863 0.787582 0.213235 0.772876 0.247549 0.802288 0.321078 0.807190 0.384804 0.802288 0.475490 0.803922 0.539216 0.794118 0.610294 0.797386 0.671569 0.802288 0.676471 0.799020 0.686275 0.803922 0.691176 0.800654 0.698529 0.803922 0.705882 0.800654 0.715686 0.803922 0.740196 0.802288 0.875000 0.856209 0.875000 0.874183 0.870098 0.885621 0.860294 0.892157 0.843137 0.897059 0.796569 0.897059 0.759804 0.893791 0.752451 0.897059 0.747549 0.892157 0.737745 0.892157 0.713235 0.882353 0.674020 0.882353 0.580882 0.897059 0.517157 0.897059 0.325980 0.882353 0.267157 0.854575 0.215686 0.854575 0.191176 0.857843 0.183824 0.854575 0.132353 0.844771 0.127451
0 0.692810 0.129902 0.683007 0.144608 0.681373 0.191176 0.686275 0.220588 0.669935 0.250000 0.669935 0.267157 0.692810 0.323529 0.700980 0.360294 0.697712 0.470588 0.699346 0.553922 0.691176 0.607843 0.696078 0.659314 0.687908 0.691176 0.689542 0.747549 0.696078 0.769608 0.696078 0.872549 0.692810 0.901961 0.696078 0.909314 0.705882 0.911765 0.766340 0.909314 0.787582 0.901961 0.794118 0.892157 0.800654 0.828431 0.797386 0.750000 0.787582 0.696078 0.785948 0.615196 0.795752 0.580882 0.802288 0.531863 0.802288 0.338235 0.797386 0.308824 0.789216 0.286765 0.756536 0.223039 0.756536 0.137255 0.743464 0.129902
