1 0.340000 0.688889 0.343333 0.702222 0.363333 0.720000 0.386667 0.751111 0.391667 0.764444 0.433333 0.815556 0.466667 0.831111 0.488333 0.855556 0.521667 0.875556 0.560000 0.915556 0.580000 0.915556 0.591667 0.904444 0.595000 0.895556 0.593333 0.866667 0.551667 0.813333 0.550000 0.777778 0.543333 0.751111 0.526667 0.724444 0.503333 0.704444 0.496667 0.691111 0.466667 0.668889 0.441667 0.668889 0.425000 0.684444 0.380000 0.677778 0.351667 0.682222
1 0.278333 0.693333 0.275000 0.700000 0.275000 0.826667 0.278333 0.835556 0.310000 0.857778 0.330000 0.882222 0.356667 0.897778 0.393333 0.940000 0.406667 0.946667 0.428333 0.940000 0.436667 0.924444 0.436667 0.900000 0.396667 0.837778 0.398333 0.797778 0.385000 0.760000 0.325000 0.688889 0.306667 0.686667
1 0.633333 0.644444 0.633333 0.655556 0.645000 0.671111 0.653333 0.675556 0.658333 0.686667 0.665000 0.688889 0.701667 0.733333 0.715000 0.742222 0.728333 0.764444 0.765000 0.777778 0.788333 0.806667 0.816667 0.820000 0.870000 0.864444 0.888333 0.864444 0.900000 0.851111 0.903333 0.842222 0.901667 0.817778 0.890000 0.800000 0.843333 0.753333 0.843333 0.726667 0.835000 0.700000 0.765000 0.633333 0.755000 0.631111 0.738333 0.640000 0.718333 0.633333 0.685000 0.633333
1 0.615000 0.404444 0.625000 0.422222 0.683333 0.466667 0.703333 0.500000 0.715000 0.504444 0.743333 0.528889 0.768333 0.537778 0.790000 0.560000 0.801667 0.562222 0.835000 0.588889 0.881667 0.615556 0.895000 0.613333 0.906667 0.595556 0.905000 0.564444 0.845000 0.513333 0.843333 0.482222 0.828333 0.453333 0.748333 0.391111 0.716667 0.388889
1 0.326667 0.437778 0.326667 0.446667 0.333333 0.457778 0.383333 0.506667 0.408333 0.544444 0.441667 0.573333 0.470000 0.582222 0.481667 0.597778 0.520000 0.620000 0.563333 0.657778 0.583333 0.660000 0.598333 0.644444 0.600000 0.620000 0.593333 0.602222 0.555000 0.562222 0.551667 0.526667 0.538333 0.497778 0.463333 0.426667 0.430000 0.422222 0.421667 0.426667 0.333333 0.433333
1 0.280000 0.440000 0.276667 0.446667 0.276667 0.564444 0.280000 0.593333 0.301667 0.595556 0.325000 0.622222 0.355000 0.637778 0.398333 0.677778 0.425000 0.682222 0.433333 0.675556 0.441667 0.657778 0.440000 0.635556 0.401667 0.582222 0.398333 0.544444 0.381667 0.508889 0.311667 0.444444 0.295000 0.437778
1 0.608333 0.148889 0.603333 0.173333 0.610000 0.182222 0.681667 0.226667 0.695000 0.244444 0.711667 0.280000 0.736667 0.295556 0.766667 0.297778 0.791667 0.324444 0.806667 0.328889 0.875000 0.368889 0.893333 0.366667 0.903333 0.355556 0.903333 0.320000 0.891667 0.306667 0.848333 0.277778 0.835000 0.233333 0.811667 0.204444 0.671667 0.122222 0.645000 0.120000 0.631667 0.124444
1 0.468333 0.166667 0.465000 0.191111 0.486667 0.211111 0.530000 0.237778 0.546667 0.262222 0.556667 0.286667 0.596667 0.311111 0.620000 0.313333 0.640000 0.335556 0.661667 0.342222 0.723333 0.382222 0.748333 0.382222 0.756667 0.366667 0.756667 0.337778 0.700000 0.284444 0.691667 0.242222 0.673333 0.220000 0.628333 0.195556 0.553333 0.142222 0.528333 0.131111 0.508333 0.131111 0.493333 0.137778
1 0.326667 0.182222 0.321667 0.208889 0.345000 0.233333 0.380000 0.260000 0.400000 0.297778 0.443333 0.324444 0.466667 0.331111 0.485000 0.351111 0.521667 0.371111 0.560000 0.400000 0.581667 0.404444 0.598333 0.391111 0.601667 0.382222 0.600000 0.355556 0.593333 0.344444 0.546667 0.300000 0.545000 0.264444 0.525000 0.235556 0.396667 0.144444 0.370000 0.142222 0.353333 0.148889 0.338333 0.162222
1 0.180000 0.193333 0.173333 0.224444 0.176667 0.255556 0.195000 0.288889 0.216667 0.313333 0.231667 0.322222 0.250000 0.320000 0.283333 0.342222 0.300000 0.342222 0.323333 0.366667 0.348333 0.380000 0.400000 0.420000 0.423333 0.422222 0.436667 0.411111 0.440000 0.377778 0.436667 0.368889 0.400000 0.335556 0.386667 0.315556 0.390000 0.280000 0.373333 0.253333 0.353333 0.240000 0.271667 0.166667 0.248333 0.153333 0.211667 0.157778 0.188333 0.177778
1 0.473333 0.666667 0.473333 0.671111 0.496667 0.686667 0.525000 0.717778 0.573333 0.788889 0.615000 0.802222 0.633333 0.824444 0.668333 0.844444 0.713333 0.888889 0.735000 0.891111 0.748333 0.877778 0.748333 0.840000 0.703333 0.786667 0.701667 0.753333 0.688333 0.722222 0.673333 0.702222 0.615000 0.648889 0.601667 0.646667 0.591667 0.657778 0.575000 0.664444 0.556667 0.655556 0.533333 0.655556
1 0.470000 0.422222 0.470000 0.428889 0.486667 0.446667 0.526667 0.480000 0.558333 0.520000 0.575000 0.528889 0.595000 0.551111 0.616667 0.557778 0.643333 0.584444 0.670000 0.593333 0.730000 0.635556 0.750000 0.633333 0.758333 0.622222 0.760000 0.600000 0.756667 0.588889 0.746667 0.573333 0.706667 0.533333 0.703333 0.508889 0.686667 0.473333 0.606667 0.406667 0.561667 0.406667 0.485000 0.415556
