0 0.156863 0.173913 0.153595 0.182065 0.155229 0.192935 0.174837 0.195652 0.184641 0.211957 0.191176 0.277174 0.186275 0.290761 0.187908 0.309783 0.214052 0.334239 0.253268 0.388587 0.264706 0.353261 0.263072 0.336957 0.241830 0.293478 0.214052 0.263587 0.210784 0.179348 0.204248 0.171196
0 0.379085 0.141304 0.370915 0.149457 0.367647 0.163043 0.367647 0.187500 0.374183 0.201087 0.375817 0.277174 0.380719 0.293478 0.413399 0.339674 0.437908 0.290761 0.437908 0.252717 0.410131 0.209239 0.413399 0.192935 0.411765 0.144022 0.393791 0.138587
0 0.336601 0.157609 0.315359 0.152174 0.299020 0.154891 0.292484 0.163043 0.290850 0.211957 0.294118 0.233696 0.271242 0.269022 0.258170 0.309783 0.258170 0.320652 0.266340 0.342391 0.272876 0.342391 0.308824 0.290761 0.308824 0.209239 0.318627 0.192935 0.343137 0.184783 0.341503 0.165761
0 0.187908 0.146739 0.187908 0.168478 0.202614 0.171196 0.210784 0.182065 0.215686 0.209239 0.217320 0.266304 0.253268 0.307065 0.264706 0.279891 0.266340 0.266304 0.250000 0.233696 0.232026 0.211957 0.235294 0.192935 0.232026 0.144022 0.218954 0.138587
0 0.549020 0.138587 0.537582 0.146739 0.535948 0.220109 0.555556 0.320652 0.562092 0.320652 0.583333 0.282609 0.593137 0.274457 0.599673 0.260870 0.599673 0.250000 0.576797 0.206522 0.580065 0.192935 0.578431 0.146739 0.573529 0.141304
0 1.000000 0.467391 0.968954 0.445652 0.937908 0.437500 0.901961 0.437500 0.892157 0.445652 0.883987 0.475543 0.880719 0.516304 0.869281 0.565217 0.870915 0.592391 0.851307 0.649457 0.843137 0.660326 0.820261 0.717391 0.808824 0.766304 0.797386 0.790761 0.797386 0.807065 0.794118 0.812500 0.799020 0.812500 0.800654 0.820652 0.797386 0.823370 0.794118 0.817935 0.785948 0.839674 0.782680 0.880435 0.767974 0.961957 0.767974 0.994565 0.771242 1.000000 0.985294 1.000000 0.990196 0.991848 1.000000 0.945652
0 0.470588 0.125000 0.454248 0.122283 0.442810 0.127717 0.439542 0.141304 0.439542 0.192935 0.424837 0.220109 0.428105 0.233696 0.436275 0.244565 0.442810 0.274457 0.447712 0.274457 0.460784 0.247283 0.464052 0.192935 0.478758 0.160326 0.477124 0.133152
0 0.875817 0.125000 0.874183 0.201087 0.893791 0.239130 0.898693 0.258152 0.903595 0.258152 0.906863 0.266304 0.916667 0.258152 0.919935 0.260870 0.924837 0.241848 0.921569 0.211957 0.908497 0.192935 0.903595 0.176630 0.908497 0.146739 0.906863 0.125000
0 0.470588 0.220109 0.462418 0.277174 0.467320 0.320652 0.449346 0.350543 0.421569 0.380435 0.400327 0.432065 0.395425 0.461957 0.395425 0.497283 0.405229 0.540761 0.397059 0.635870 0.397059 0.682065 0.403595 0.728261 0.398693 0.790761 0.401961 0.940217 0.411765 0.983696 0.421569 1.000000 0.557190 1.000000 0.570261 0.961957 0.575163 0.926630 0.578431 0.744565 0.588235 0.673913 0.588235 0.543478 0.596405 0.505435 0.594771 0.456522 0.578431 0.399457 0.560458 0.369565 0.542484 0.353261 0.532680 0.336957 0.535948 0.260870 0.529412 0.222826 0.513072 0.217391
0 0.333333 0.187500 0.308824 0.203804 0.307190 0.250000 0.312092 0.285326 0.267974 0.355978 0.258170 0.388587 0.258170 0.413043 0.266340 0.467391 0.272876 0.725543 0.279412 0.790761 0.282680 0.883152 0.290850 0.910326 0.303922 0.929348 0.330065 0.942935 0.351307 0.942935 0.380719 0.934783 0.392157 0.923913 0.395425 0.910326 0.400327 0.730978 0.393791 0.676630 0.397059 0.559783 0.392157 0.470109 0.398693 0.432065 0.418301 0.380435 0.418301 0.366848 0.413399 0.347826 0.377451 0.290761 0.374183 0.274457 0.372549 0.198370 0.361111 0.187500
0 0.122549 0.198370 0.114379 0.203804 0.111111 0.214674 0.111111 0.271739 0.119281 0.309783 0.109477 0.331522 0.073529 0.380435 0.058824 0.423913 0.055556 0.445652 0.055556 0.489130 0.062092 0.513587 0.075163 0.679348 0.089869 0.739130 0.088235 0.793478 0.091503 0.834239 0.099673 0.883152 0.119281 0.913043 0.176471 0.967391 0.184641 0.967391 0.192810 0.980978 0.197712 0.978261 0.205882 0.994565 0.225490 0.994565 0.220588 0.989130 0.227124 0.983696 0.235294 0.989130 0.232026 0.994565 0.240196 0.994565 0.243464 0.983696 0.250000 0.989130 0.256536 0.980978 0.253268 0.972826 0.256536 0.961957 0.251634 0.956522 0.271242 0.934783 0.274510 0.904891 0.272876 0.790761 0.264706 0.720109 0.264706 0.614130 0.258170 0.570652 0.256536 0.527174 0.251634 0.516304 0.251634 0.494565 0.258170 0.464674 0.256536 0.413043 0.240196 0.372283 0.184641 0.304348 0.183007 0.290761 0.187908 0.279891 0.187908 0.247283 0.183007 0.211957 0.176471 0.198370
0 0.795752 0.285326 0.759804 0.274457 0.728758 0.274457 0.720588 0.279891 0.709150 0.358696 0.710784 0.410326 0.699346 0.426630 0.656863 0.459239 0.624183 0.524457 0.617647 0.557065 0.619281 0.625000 0.632353 0.625000 0.633987 0.638587 0.630719 0.641304 0.632353 0.652174 0.627451 0.657609 0.625817 0.641304 0.620915 0.635870 0.611111 0.676630 0.609477 0.736413 0.602941 0.766304 0.602941 0.853261 0.594771 0.899457 0.591503 1.000000 0.758170 1.000000 0.763072 0.951087 0.781046 0.847826 0.790850 0.755435 0.820261 0.671196 0.823529 0.644022 0.831699 0.638587 0.838235 0.611413 0.844771 0.608696 0.862745 0.578804 0.862745 0.565217 0.841503 0.502717 0.790850 0.423913 0.790850 0.415761 0.803922 0.391304 0.805556 0.358696 0.803922 0.301630
0 0.102941 0.157609 0.073529 0.157609 0.055556 0.168478 0.053922 0.203804 0.058824 0.244565 0.024510 0.296196 0.014706 0.339674 0.016340 0.369565 0.026144 0.423913 0.029412 0.500000 0.040850 0.551630 0.040850 0.592391 0.049020 0.684783 0.058824 0.741848 0.073529 0.769022 0.081699 0.769022 0.086601 0.747283 0.070261 0.665761 0.068627 0.625000 0.062092 0.584239 0.060458 0.521739 0.053922 0.491848 0.053922 0.442935 0.070261 0.385870 0.116013 0.315217 0.116013 0.301630 0.109477 0.282609 0.111111 0.187500 0.109477 0.171196
0 0.663399 0.187500 0.643791 0.190217 0.625817 0.206522 0.617647 0.239130 0.620915 0.293478 0.616013 0.304348 0.588235 0.331522 0.571895 0.355978 0.568627 0.369565 0.593137 0.437500 0.599673 0.478261 0.593137 0.562500 0.589869 0.676630 0.580065 0.750000 0.578431 0.913043 0.583333 0.926630 0.591503 0.913043 0.599673 0.866848 0.609477 0.597826 0.616013 0.578804 0.619281 0.540761 0.633987 0.497283 0.660131 0.453804 0.702614 0.421196 0.709150 0.407609 0.705882 0.358696 0.687908 0.320652 0.686275 0.304348 0.681373 0.296196 0.681373 0.214674 0.669935 0.190217
0 0.830065 0.244565 0.810458 0.260870 0.803922 0.282609 0.807190 0.320652 0.805556 0.385870 0.795752 0.421196 0.799020 0.437500 0.841503 0.500000 0.861111 0.562500 0.866013 0.565217 0.875817 0.532609 0.885621 0.459239 0.901961 0.434783 0.901961 0.423913 0.870915 0.364130 0.869281 0.353261 0.877451 0.326087 0.877451 0.266304 0.874183 0.255435 0.857843 0.244565
