1 0.260000 0.491870 0.259000 0.497967 0.268000 0.508130 0.325000 0.547764 0.342000 0.565041 0.353000 0.584350 0.361000 0.604675 0.372000 0.612805 0.400000 0.612805 0.426000 0.615854 0.454000 0.639228 0.479000 0.647358 0.501000 0.658537 0.520000 0.673780 0.548000 0.689024 0.557000 0.690041 0.569000 0.686992 0.582000 0.673780 0.585000 0.658537 0.579000 0.642276 0.531000 0.603659 0.528000 0.598577 0.529000 0.579268 0.523000 0.560976 0.508000 0.539634 0.499000 0.530488 0.456000 0.506098 0.419000 0.480691 0.410000 0.477642 0.393000 0.476626 0.373000 0.481707 0.346000 0.480691 0.334000 0.483740 0.282000 0.485772 0.265000 0.488821
1 0.445000 0.697154 0.449000 0.702236 0.495000 0.736789 0.524000 0.769309 0.532000 0.781504 0.533000 0.786585 0.537000 0.791667 0.545000 0.795732 0.548000 0.803862 0.553000 0.807927 0.601000 0.815041 0.611000 0.821138 0.634000 0.841463 0.662000 0.851626 0.713000 0.889228 0.720000 0.892276 0.737000 0.895325 0.748000 0.891260 0.756000 0.883130 0.760000 0.872967 0.757000 0.850610 0.749000 0.840447 0.721000 0.818089 0.705000 0.801829 0.703000 0.797764 0.703000 0.773374 0.695000 0.752033 0.669000 0.725610 0.606000 0.681911 0.594000 0.676829 0.586000 0.676829 0.581000 0.678862 0.576000 0.684959 0.560000 0.692073 0.551000 0.692073 0.532000 0.683943 0.478000 0.686992 0.457000 0.690041
1 0.617000 0.675813 0.616000 0.681911 0.627000 0.693089 0.631000 0.694106 0.658000 0.716463 0.675000 0.726626 0.699000 0.750000 0.716000 0.760163 0.727000 0.773374 0.744000 0.785569 0.779000 0.793699 0.788000 0.805894 0.805000 0.820122 0.834000 0.828252 0.901000 0.870935 0.911000 0.871951 0.921000 0.869919 0.935000 0.856707 0.938000 0.847561 0.935000 0.828252 0.922000 0.814024 0.916000 0.811992 0.898000 0.796748 0.893000 0.795732 0.891000 0.790650 0.886000 0.788618 0.869000 0.771341 0.869000 0.751016 0.864000 0.734756 0.857000 0.722561 0.838000 0.706301 0.805000 0.686992 0.777000 0.665650 0.768000 0.662602 0.748000 0.669715 0.742000 0.669715 0.718000 0.663618 0.702000 0.663618 0.651000 0.668699 0.644000 0.671748 0.624000 0.672764
1 0.209000 0.492886 0.207000 0.495935 0.206000 0.519309 0.208000 0.627033 0.212000 0.630081 0.238000 0.632114 0.262000 0.654472 0.303000 0.670732 0.346000 0.701220 0.361000 0.708333 0.378000 0.708333 0.393000 0.699187 0.399000 0.689024 0.398000 0.667683 0.391000 0.656504 0.351000 0.622967 0.351000 0.592480 0.338000 0.565041 0.326000 0.551829 0.311000 0.540650 0.283000 0.525407 0.277000 0.519309 0.249000 0.501016 0.228000 0.492886
1 0.589000 0.040650 0.588000 0.049797 0.595000 0.055894 0.665000 0.087398 0.683000 0.097561 0.697000 0.111789 0.703000 0.125000 0.709000 0.132114 0.711000 0.139228 0.732000 0.149390 0.736000 0.155488 0.780000 0.156504 0.787000 0.160569 0.805000 0.178862 0.833000 0.188008 0.853000 0.199187 0.872000 0.205285 0.905000 0.220528 0.926000 0.220528 0.940000 0.209350 0.943000 0.189024 0.937000 0.175813 0.922000 0.165650 0.879000 0.145325 0.872000 0.138211 0.870000 0.119919 0.859000 0.098577 0.834000 0.078252 0.699000 0.016260 0.662000 0.003049 0.635000 0.003049 0.618000 0.009146 0.599000 0.024390
1 0.431000 0.048780 0.428000 0.056911 0.428000 0.063008 0.431000 0.069106 0.475000 0.092480 0.491000 0.098577 0.505000 0.107724 0.523000 0.129065 0.531000 0.146341 0.540000 0.152439 0.558000 0.157520 0.578000 0.169715 0.606000 0.171748 0.614000 0.175813 0.635000 0.195122 0.678000 0.208333 0.716000 0.226626 0.728000 0.234756 0.749000 0.236789 0.758000 0.233740 0.767000 0.224593 0.772000 0.206301 0.765000 0.190041 0.715000 0.157520 0.705000 0.153455 0.705000 0.149390 0.701000 0.143293 0.702000 0.132114 0.699000 0.118902 0.689000 0.103659 0.680000 0.095528 0.619000 0.069106 0.522000 0.019309 0.501000 0.013211 0.478000 0.013211 0.462000 0.018293 0.444000 0.031504
1 0.268000 0.055894 0.262000 0.071138 0.262000 0.078252 0.265000 0.084350 0.276000 0.093496 0.324000 0.121951 0.335000 0.133130 0.345000 0.151423 0.352000 0.157520 0.387000 0.173780 0.401000 0.182927 0.431000 0.188008 0.447000 0.202236 0.463000 0.212398 0.500000 0.225610 0.540000 0.250000 0.568000 0.251016 0.578000 0.246951 0.584000 0.239837 0.587000 0.228659 0.587000 0.217480 0.584000 0.209350 0.575000 0.200203 0.540000 0.176829 0.525000 0.161585 0.522000 0.150407 0.522000 0.138211 0.515000 0.119919 0.507000 0.110772 0.441000 0.077236 0.420000 0.063008 0.372000 0.036585 0.340000 0.023374 0.314000 0.023374 0.299000 0.028455 0.283000 0.037602
1 0.098000 0.063008 0.088000 0.088415 0.088000 0.108740 0.092000 0.123984 0.104000 0.140244 0.138000 0.168699 0.153000 0.175813 0.176000 0.179878 0.214000 0.197154 0.242000 0.202236 0.253000 0.209350 0.260000 0.217480 0.275000 0.226626 0.303000 0.237805 0.353000 0.267276 0.360000 0.269309 0.382000 0.267276 0.390000 0.263211 0.394000 0.254065 0.399000 0.248984 0.400000 0.238821 0.396000 0.225610 0.390000 0.218496 0.375000 0.209350 0.356000 0.192073 0.352000 0.184959 0.351000 0.171748 0.346000 0.166667 0.338000 0.142276 0.329000 0.128049 0.205000 0.046748 0.177000 0.033537 0.161000 0.031504 0.147000 0.032520 0.134000 0.035569 0.119000 0.042683
1 0.602000 0.253049 0.602000 0.256098 0.610000 0.265244 0.622000 0.268293 0.626000 0.274390 0.679000 0.303862 0.696000 0.322154 0.714000 0.354675 0.723000 0.361789 0.735000 0.365854 0.778000 0.365854 0.786000 0.369919 0.806000 0.389228 0.831000 0.397358 0.901000 0.428862 0.913000 0.429878 0.928000 0.427846 0.938000 0.418699 0.940000 0.406504 0.937000 0.386179 0.927000 0.377033 0.916000 0.372967 0.898000 0.360772 0.880000 0.352642 0.873000 0.346545 0.867000 0.318089 0.854000 0.298780 0.835000 0.284553 0.806000 0.272358 0.779000 0.254065 0.755000 0.242886 0.744000 0.242886 0.726000 0.238821 0.615000 0.250000
1 0.437000 0.270325 0.440000 0.279472 0.448000 0.281504 0.457000 0.291667 0.503000 0.320122 0.530000 0.347561 0.533000 0.356707 0.546000 0.360772 0.563000 0.373984 0.609000 0.382114 0.633000 0.403455 0.685000 0.421748 0.730000 0.444106 0.748000 0.445122 0.765000 0.433943 0.769000 0.421748 0.769000 0.409553 0.765000 0.399390 0.756000 0.391260 0.753000 0.391260 0.750000 0.387195 0.739000 0.382114 0.707000 0.359756 0.704000 0.353659 0.705000 0.349593 0.702000 0.337398 0.687000 0.313008 0.667000 0.297764 0.642000 0.286585 0.593000 0.257114 0.571000 0.254065 0.534000 0.256098 0.509000 0.260163 0.493000 0.259146 0.441000 0.267276
1 0.263000 0.282520 0.263000 0.287602 0.267000 0.295732 0.274000 0.297764 0.283000 0.307927 0.325000 0.336382 0.329000 0.341463 0.336000 0.344512 0.352000 0.365854 0.355000 0.372967 0.373000 0.391260 0.400000 0.390244 0.428000 0.395325 0.456000 0.419715 0.471000 0.426829 0.497000 0.433943 0.542000 0.459350 0.559000 0.461382 0.570000 0.459350 0.577000 0.455285 0.583000 0.448171 0.586000 0.440041 0.584000 0.419715 0.574000 0.407520 0.566000 0.404472 0.532000 0.377033 0.529000 0.360772 0.522000 0.346545 0.515000 0.340447 0.514000 0.336382 0.506000 0.328252 0.502000 0.327236 0.499000 0.321138 0.472000 0.306911 0.420000 0.272358 0.403000 0.268293 0.391000 0.268293 0.372000 0.274390 0.339000 0.273374 0.304000 0.275407
1 0.210000 0.283537 0.207000 0.286585 0.206000 0.294715 0.208000 0.402439 0.212000 0.405488 0.224000 0.404472 0.239000 0.407520 0.248000 0.413618 0.267000 0.432927 0.319000 0.456301 0.352000 0.476626 0.371000 0.478659 0.382000 0.476626 0.390000 0.471545 0.398000 0.459350 0.398000 0.439024 0.389000 0.426829 0.365000 0.410569 0.352000 0.396341 0.351000 0.379065 0.346000 0.372967 0.344000 0.364837 0.337000 0.352642 0.320000 0.337398 0.278000 0.314024 0.247000 0.286585 0.237000 0.282520
1 0.600000 0.463415 0.612000 0.475610 0.638000 0.488821 0.651000 0.497967 0.663000 0.502033 0.683000 0.516260 0.700000 0.536585 0.705000 0.545732 0.712000 0.547764 0.725000 0.559959 0.740000 0.565041 0.752000 0.575203 0.773000 0.578252 0.784000 0.582317 0.799000 0.597561 0.811000 0.604675 0.831000 0.607724 0.889000 0.640244 0.911000 0.649390 0.924000 0.649390 0.931000 0.646341 0.937000 0.641260 0.943000 0.631098 0.944000 0.613821 0.938000 0.601626 0.894000 0.572154 0.884000 0.568089 0.873000 0.558943 0.867000 0.531504 0.858000 0.515244 0.848000 0.505081 0.836000 0.496951 0.784000 0.471545 0.780000 0.466463 0.754000 0.452236 0.719000 0.449187 0.632000 0.456301
1 0.430000 0.477642 0.431000 0.481707 0.439000 0.490854 0.503000 0.531504 0.517000 0.546748 0.528000 0.563008 0.548000 0.576220 0.558000 0.579268 0.569000 0.589431 0.607000 0.599593 0.636000 0.622967 0.670000 0.631098 0.734000 0.666667 0.750000 0.667683 0.763000 0.662602 0.767000 0.658537 0.772000 0.642276 0.768000 0.625000 0.762000 0.617886 0.714000 0.584350 0.707000 0.577236 0.701000 0.545732 0.688000 0.524390 0.671000 0.510163 0.628000 0.487805 0.601000 0.470528 0.587000 0.463415 0.578000 0.462398 0.575000 0.464431 0.538000 0.464431 0.438000 0.472561
1 0.211000 0.719512 0.208000 0.723577 0.205000 0.821138 0.208000 0.840447 0.213000 0.848577 0.225000 0.856707 0.240000 0.860772 0.253000 0.873984 0.273000 0.888211 0.288000 0.893293 0.302000 0.901423 0.329000 0.927846 0.343000 0.938008 0.357000 0.944106 0.370000 0.944106 0.384000 0.936992 0.394000 0.921748 0.394000 0.906504 0.388000 0.893293 0.363000 0.868902 0.348000 0.849593 0.349000 0.813008 0.345000 0.798780 0.337000 0.784553 0.314000 0.761179 0.300000 0.751016 0.281000 0.729675 0.260000 0.715447 0.250000 0.713415
1 0.267000 0.713415 0.267000 0.717480 0.290000 0.734756 0.300000 0.748984 0.306000 0.751016 0.340000 0.782520 0.348000 0.793699 0.357000 0.799797 0.364000 0.811992 0.377000 0.817073 0.394000 0.831301 0.426000 0.838415 0.447000 0.857724 0.487000 0.876016 0.511000 0.897358 0.541000 0.917683 0.553000 0.918699 0.562000 0.916667 0.577000 0.902439 0.579000 0.895325 0.577000 0.873984 0.526000 0.821138 0.526000 0.793699 0.524000 0.783537 0.513000 0.762195 0.499000 0.744919 0.482000 0.728659 0.440000 0.700203 0.426000 0.695122 0.400000 0.697154 0.389000 0.705285 0.375000 0.711382 0.360000 0.710366 0.346000 0.704268 0.330000 0.704268
