2 0.127692 0.462862 0.105385 0.479167 0.086923 0.500000 0.080000 0.510870 0.071538 0.532609 0.069231 0.546196 0.070000 0.605978 0.073846 0.623188 0.079231 0.635870 0.100000 0.664855 0.110769 0.684783 0.162308 0.762681 0.179231 0.786232 0.189231 0.796196 0.205385 0.805254 0.222308 0.809783 0.250000 0.808877 0.269231 0.802536 0.288462 0.789855 0.304615 0.771739 0.313077 0.755435 0.314615 0.743659 0.311538 0.727355 0.290769 0.676630 0.275385 0.632246 0.269231 0.605978 0.269231 0.595109 0.276923 0.555254 0.276154 0.532609 0.271538 0.516304 0.263846 0.500906 0.256923 0.492754 0.244615 0.485507 0.223077 0.462862 0.206154 0.452899 0.187692 0.449275 0.169231 0.449275 0.150769 0.452899
2 0.345385 0.469203 0.329231 0.477355 0.313077 0.489130 0.297692 0.506341 0.290769 0.518116 0.282308 0.538949 0.280000 0.561594 0.272308 0.594203 0.272308 0.607790 0.274615 0.621377 0.283077 0.647645 0.294615 0.673913 0.333077 0.778986 0.343846 0.798007 0.359231 0.813406 0.380000 0.824275 0.392308 0.826993 0.415385 0.826993 0.433846 0.822464 0.460000 0.809783 0.476154 0.793478 0.485385 0.776268 0.490769 0.754529 0.490769 0.714674 0.487692 0.690217 0.486923 0.653080 0.484615 0.634964 0.485385 0.567029 0.483077 0.552536 0.474615 0.532609 0.466923 0.519928 0.444615 0.490942 0.429231 0.477355 0.411538 0.468297 0.389231 0.463768 0.372308 0.463768
2 0.347692 0.313406 0.327692 0.306159 0.314615 0.304348 0.291538 0.305254 0.267692 0.312500 0.242308 0.328804 0.227692 0.345109 0.220000 0.360507 0.211538 0.415761 0.212308 0.436594 0.214615 0.446558 0.219231 0.456522 0.244615 0.482790 0.253846 0.486413 0.270000 0.504529 0.279231 0.526268 0.286923 0.521739 0.290769 0.512681 0.307692 0.492754 0.323846 0.479167 0.346923 0.467391 0.365385 0.461957 0.390769 0.460145 0.394615 0.458333 0.396923 0.450181 0.394615 0.446558 0.394615 0.417572 0.396923 0.406703 0.397692 0.388587 0.390000 0.363225 0.382308 0.352355 0.375385 0.346920 0.366154 0.329710
2 0.495385 0.307971 0.476154 0.308877 0.456923 0.314312 0.430769 0.331522 0.422308 0.341486 0.414615 0.356884 0.410769 0.371377 0.401538 0.390399 0.396923 0.414855 0.398462 0.437500 0.404615 0.461957 0.410000 0.466486 0.426923 0.472826 0.442308 0.485507 0.468462 0.515399 0.484615 0.539855 0.486923 0.547101 0.490769 0.545290 0.491538 0.540761 0.498462 0.532609 0.500769 0.526268 0.506923 0.519928 0.516923 0.501812 0.533077 0.484601 0.537692 0.482790 0.550000 0.471920 0.578462 0.459239 0.586154 0.435688 0.586923 0.403986 0.583846 0.389493 0.576923 0.374094 0.571538 0.366848 0.568462 0.355072 0.560769 0.339674 0.552308 0.329710 0.529231 0.314312
2 0.611538 0.464674 0.590769 0.463768 0.585385 0.465580 0.571538 0.465580 0.556154 0.471014 0.533077 0.486413 0.516923 0.505435 0.513846 0.513587 0.501538 0.533514 0.492308 0.555254 0.491538 0.565217 0.487692 0.578804 0.488462 0.608696 0.493846 0.646739 0.494615 0.697464 0.497692 0.711957 0.499231 0.745471 0.502308 0.763587 0.507692 0.779891 0.512308 0.788043 0.527692 0.807065 0.543846 0.817935 0.564615 0.825181 0.593077 0.826087 0.615385 0.823370 0.632308 0.815217 0.650000 0.798007 0.662308 0.770833 0.686154 0.675725 0.688462 0.660326 0.696154 0.639493 0.702308 0.615942 0.703077 0.587862 0.700769 0.567935 0.686154 0.524457 0.678462 0.509964 0.662308 0.490036 0.646923 0.478261 0.630769 0.470109
2 0.846154 0.455616 0.836154 0.453804 0.829231 0.450181 0.812308 0.447464 0.795385 0.447464 0.775385 0.451087 0.753077 0.465580 0.731538 0.488225 0.720769 0.496377 0.711538 0.509058 0.703846 0.526268 0.701538 0.539855 0.701538 0.558877 0.706154 0.594203 0.706154 0.615036 0.701538 0.634964 0.701538 0.642210 0.696923 0.655797 0.696154 0.666667 0.693846 0.669384 0.695385 0.673913 0.689231 0.681159 0.689231 0.687500 0.684615 0.697464 0.683846 0.707428 0.680769 0.716486 0.681538 0.724638 0.678462 0.748188 0.684615 0.767210 0.692308 0.778986 0.708462 0.793478 0.725385 0.803442 0.751538 0.811594 0.775385 0.810688 0.800769 0.802536 0.818462 0.788043 0.835385 0.763587 0.839231 0.752717 0.850000 0.732790 0.853077 0.722826 0.866923 0.701087 0.870000 0.692029 0.882308 0.671196 0.886154 0.661232 0.897692 0.647645 0.910000 0.624094 0.914615 0.607790 0.915385 0.590580 0.912308 0.550725 0.906154 0.519928 0.897692 0.500906 0.880000 0.478261 0.866154 0.466486
2 0.662308 0.301630 0.641538 0.309783 0.626923 0.318841 0.616923 0.330616 0.616154 0.334239 0.611538 0.338768 0.609231 0.347826 0.594615 0.366848 0.588462 0.390399 0.591538 0.444746 0.593077 0.454710 0.596923 0.459239 0.615385 0.462862 0.632308 0.469203 0.661538 0.486413 0.679231 0.505435 0.681538 0.511775 0.688462 0.520833 0.689231 0.525362 0.695385 0.528986 0.700769 0.524457 0.702308 0.519022 0.714615 0.500000 0.733846 0.483696 0.737692 0.477355 0.753846 0.461957 0.763846 0.456522 0.770000 0.450181 0.776923 0.432065 0.776923 0.403986 0.770769 0.384964 0.769231 0.368659 0.763846 0.349638 0.756923 0.338768 0.740769 0.321558 0.716923 0.307971 0.700769 0.302536 0.690769 0.300725
2 0.416923 0.185688 0.395385 0.185688 0.376923 0.188406 0.360000 0.195652 0.345385 0.204710 0.337692 0.212862 0.328462 0.228261 0.325385 0.252717 0.317692 0.274457 0.316923 0.287138 0.320000 0.300725 0.322308 0.303442 0.347692 0.312500 0.361538 0.323370 0.376154 0.345109 0.390000 0.359601 0.400000 0.379529 0.404615 0.376812 0.406154 0.369565 0.416154 0.346920 0.424615 0.336051 0.440769 0.321558 0.454615 0.313406 0.481538 0.303442 0.484615 0.288949 0.485385 0.262681 0.483846 0.252717 0.479231 0.242754 0.470000 0.231884 0.460769 0.211051 0.453077 0.201993 0.443077 0.194746 0.429231 0.188406
2 0.566154 0.186594 0.548462 0.190217 0.533846 0.195652 0.517692 0.206522 0.508462 0.218297 0.500769 0.236413 0.499231 0.246377 0.493846 0.251812 0.490769 0.260870 0.487692 0.277174 0.487692 0.292572 0.490000 0.301630 0.493077 0.305254 0.526154 0.311594 0.544615 0.321558 0.553077 0.328804 0.567692 0.347826 0.573077 0.363225 0.584615 0.379529 0.591538 0.371377 0.595385 0.362319 0.616923 0.329710 0.625385 0.319746 0.633846 0.312500 0.649231 0.305254 0.654615 0.300725 0.656923 0.291667 0.656923 0.273551 0.654615 0.264493 0.647692 0.250906 0.643077 0.226449 0.630769 0.208333 0.613077 0.196558 0.601538 0.192029
2 0.530769 0.102355 0.503077 0.096920 0.478462 0.097826 0.461538 0.102355 0.446923 0.110507 0.439231 0.117754 0.430769 0.133152 0.429231 0.148551 0.421538 0.168478 0.420769 0.180254 0.422308 0.184783 0.442308 0.192029 0.450769 0.197464 0.454615 0.202899 0.459231 0.205616 0.469231 0.225543 0.480000 0.239130 0.485385 0.241848 0.490000 0.248188 0.498462 0.242754 0.505385 0.222826 0.510769 0.213768 0.519231 0.204710 0.532308 0.195652 0.552308 0.188406 0.569231 0.185688 0.570769 0.182971 0.570000 0.163043 0.560769 0.144022 0.558462 0.131341 0.553846 0.119565 0.546154 0.110507
