2 0.771795 0.214286 0.753846 0.275000 0.779487 0.303571 0.800000 0.360714 0.828205 0.350000 0.897436 0.350000 0.905128 0.328571 0.910256 0.278571 0.894872 0.221429 0.858974 0.200000 0.815385 0.196429 0.792308 0.200000
2 0.997436 0.264286 0.938462 0.264286 0.912821 0.285714 0.905128 0.357143 0.930769 0.385714 0.946154 0.435714 1.000000 0.414286
2 0.856410 0.153571 0.851282 0.196429 0.892308 0.217857 0.910256 0.275000 0.982051 0.257143 0.992308 0.242857 0.994872 0.214286 0.984615 0.171429 0.964103 0.142857 0.935897 0.132143 0.874359 0.132143
2 0.179487 0.260714 0.166667 0.246429 0.135897 0.239286 0.087179 0.242857 0.053846 0.260714 0.046154 0.271429 0.041026 0.300000 0.048718 0.353571 0.064103 0.378571 0.141026 0.378571 0.153846 0.332143 0.189744 0.303571
2 0.176923 0.203571 0.171795 0.246429 0.192308 0.296429 0.266667 0.300000 0.276923 0.282143 0.279487 0.260714 0.307692 0.228571 0.297436 0.189286 0.282051 0.175000 0.207692 0.175000
2 0.187179 0.135714 0.169231 0.121429 0.141026 0.117857 0.097436 0.125000 0.069231 0.146429 0.064103 0.171429 0.066667 0.200000 0.087179 0.239286 0.164103 0.242857 0.171795 0.232143 0.176923 0.203571 0.200000 0.175000
2 0.287179 0.146429 0.287179 0.175000 0.300000 0.192857 0.307692 0.221429 0.320513 0.228571 0.376923 0.228571 0.387179 0.217857 0.394872 0.185714 0.412821 0.167857 0.405128 0.135714 0.374359 0.114286 0.312821 0.114286
2 0.182051 0.092857 0.179487 0.121429 0.202564 0.171429 0.284615 0.171429 0.289744 0.139286 0.305128 0.117857 0.294872 0.078571 0.271795 0.064286 0.210256 0.064286
2 0.525641 0.071429 0.502564 0.053571 0.430769 0.060714 0.415385 0.082143 0.407692 0.142857 0.417949 0.160714 0.502564 0.167857 0.515385 0.150000 0.530769 0.107143
2 0.310256 0.032143 0.300000 0.067857 0.300000 0.092857 0.307692 0.110714 0.364103 0.110714 0.405128 0.121429 0.425641 0.064286 0.415385 0.021429 0.400000 0.010714 0.341026 0.010714
2 0.520513 0.125000 0.512821 0.178571 0.530769 0.217857 0.561538 0.207143 0.625641 0.210714 0.635897 0.196429 0.646154 0.160714 0.638462 0.117857 0.615385 0.100000 0.546154 0.100000
2 0.641026 0.171429 0.633333 0.217857 0.648718 0.239286 0.661538 0.275000 0.682051 0.267857 0.751282 0.267857 0.774359 0.210714 0.764103 0.167857 0.730769 0.146429 0.666667 0.146429
2 0.735897 0.100000 0.730769 0.139286 0.764103 0.167857 0.774359 0.203571 0.835897 0.196429 0.853846 0.171429 0.856410 0.135714 0.851282 0.107143 0.835897 0.092857 0.817949 0.085714 0.758974 0.085714
2 0.615385 0.064286 0.612821 0.092857 0.641026 0.125000 0.648718 0.153571 0.679487 0.142857 0.717949 0.142857 0.728205 0.128571 0.733333 0.089286 0.725641 0.064286 0.707692 0.046429 0.656410 0.039286 0.630769 0.046429
2 0.202564 0.035714 0.171795 0.017857 0.107692 0.028571 0.092308 0.053571 0.097436 0.100000 0.107692 0.117857 0.176923 0.117857 0.182051 0.092857 0.207692 0.064286
2 0.092308 0.085714 0.082051 0.075000 0.064103 0.071429 0.023077 0.075000 0.002564 0.085714 0.000000 0.178571 0.061538 0.182143 0.071795 0.142857 0.100000 0.121429
2 0.000000 0.182143 0.000000 0.307143 0.035897 0.310714 0.048718 0.267857 0.079487 0.246429 0.082051 0.232143 0.056410 0.185714 0.035897 0.178571
2 0.000000 0.785714 0.000000 0.928571 0.133333 0.928571 0.130769 0.892857 0.120513 0.864286 0.084615 0.807143 0.051282 0.785714
2 0.971795 0.735714 0.948718 0.750000 0.935897 0.767857 0.920513 0.814286 0.907692 0.832143 0.902564 0.878571 0.948718 0.900000 0.974359 0.925000 1.000000 0.928571 1.000000 0.735714
2 0.812821 0.053571 0.812821 0.078571 0.843590 0.096429 0.861538 0.139286 0.882051 0.128571 0.915385 0.128571 0.930769 0.114286 0.930769 0.053571 0.915385 0.035714 0.853846 0.025000 0.825641 0.032143
2 0.697436 0.007143 0.697436 0.039286 0.720513 0.053571 0.735897 0.092857 0.797436 0.082143 0.810256 0.071429 0.812821 0.039286 0.802564 0.000000 0.705128 0.000000
2 0.512821 0.017857 0.507692 0.042857 0.525641 0.071429 0.533333 0.100000 0.607692 0.092857 0.617949 0.057143 0.617949 0.025000 0.612821 0.014286 0.582051 0.003571 0.533333 0.003571
2 0.274359 0.467857 0.243590 0.453571 0.187179 0.457143 0.141026 0.489286 0.133333 0.503571 0.120513 0.567857 0.161538 0.650000 0.248718 0.650000 0.274359 0.575000 0.307692 0.542857 0.287179 0.485714
2 0.438462 0.678571 0.415385 0.710714 0.397436 0.771429 0.394872 0.800000 0.435897 0.842857 0.471795 0.928571 0.556410 0.914286 0.579487 0.867857 0.594872 0.817857 0.612821 0.789286 0.610256 0.767857 0.584615 0.700000 0.569231 0.682143 0.530769 0.660714 0.479487 0.660714
2 0.000000 0.578571 0.000000 0.778571 0.043590 0.778571 0.079487 0.789286 0.102564 0.707143 0.128205 0.675000 0.156410 0.660714 0.156410 0.635714 0.117949 0.567857 0.102564 0.560714 0.048718 0.557143
2 0.564103 0.567857 0.546154 0.603571 0.538462 0.657143 0.569231 0.678571 0.587179 0.703571 0.612821 0.778571 0.623077 0.782143 0.661538 0.764286 0.702564 0.760714 0.707692 0.732143 0.720513 0.710714 0.735897 0.660714 0.735897 0.639286 0.720513 0.607143 0.715385 0.578571 0.687179 0.550000 0.641026 0.539286 0.589744 0.546429
2 0.420513 0.460714 0.407692 0.482143 0.394872 0.539286 0.430769 0.578571 0.453846 0.657143 0.533333 0.653571 0.551282 0.589286 0.582051 0.550000 0.579487 0.525000 0.564103 0.492857 0.561538 0.471429 0.541026 0.450000 0.510256 0.439286 0.464103 0.439286
2 0.289744 0.557143 0.266667 0.585714 0.251282 0.660714 0.297436 0.739286 0.307692 0.796429 0.389744 0.796429 0.412821 0.714286 0.453846 0.664286 0.451282 0.635714 0.428205 0.575000 0.412821 0.553571 0.379487 0.539286 0.328205 0.539286
2 0.546154 0.367857 0.533333 0.392857 0.523077 0.439286 0.561538 0.467857 0.587179 0.542857 0.658974 0.535714 0.671795 0.482143 0.694872 0.453571 0.694872 0.435714 0.679487 0.385714 0.658974 0.364286 0.620513 0.350000 0.579487 0.350000
2 0.674359 0.478571 0.666667 0.525000 0.669231 0.539286 0.694872 0.553571 0.715385 0.578571 0.738462 0.646429 0.779487 0.628571 0.815385 0.625000 0.843590 0.578571 0.846154 0.539286 0.830769 0.478571 0.807692 0.453571 0.779487 0.442857 0.717949 0.442857 0.694872 0.453571
2 0.741026 0.653571 0.710256 0.728571 0.707692 0.764286 0.758974 0.792857 0.782051 0.821429 0.807692 0.907143 0.894872 0.875000 0.900000 0.846429 0.928205 0.789286 0.928205 0.757143 0.905128 0.678571 0.887179 0.657143 0.841026 0.632143 0.779487 0.632143
2 0.243590 0.885714 0.248718 0.928571 0.464103 0.928571 0.461538 0.907143 0.435897 0.842857 0.405128 0.810714 0.379487 0.800000 0.328205 0.800000 0.287179 0.814286 0.258974 0.842857
2 0.128205 0.675000 0.100000 0.714286 0.084615 0.803571 0.123077 0.867857 0.138462 0.925000 0.235897 0.925000 0.241026 0.917857 0.243590 0.875000 0.256410 0.846429 0.276923 0.821429 0.305128 0.803571 0.305128 0.771429 0.294872 0.735714 0.274359 0.692857 0.238462 0.657143 0.171795 0.653571
2 0.417949 0.382143 0.389744 0.364286 0.364103 0.360714 0.305128 0.371429 0.282051 0.396429 0.269231 0.460714 0.289744 0.489286 0.294872 0.510714 0.312821 0.539286 0.392308 0.532143 0.412821 0.471429 0.438462 0.446429 0.438462 0.432143
2 0.410256 0.314286 0.397436 0.364286 0.428205 0.396429 0.433333 0.421429 0.446154 0.439286 0.517949 0.432143 0.528205 0.417857 0.538462 0.378571 0.553846 0.360714 0.546154 0.314286 0.535897 0.300000 0.510256 0.285714 0.443590 0.285714 0.423077 0.296429
2 0.148718 0.400000 0.115385 0.382143 0.076923 0.382143 0.020513 0.407143 0.000000 0.439286 0.000000 0.521429 0.028205 0.557143 0.112821 0.557143 0.128205 0.532143 0.133333 0.503571 0.151282 0.478571 0.171795 0.464286 0.171795 0.450000
2 0.151282 0.335714 0.141026 0.389286 0.156410 0.414286 0.161538 0.435714 0.179487 0.457143 0.205128 0.450000 0.258974 0.453571 0.274359 0.432143 0.282051 0.396429 0.302564 0.371429 0.284615 0.321429 0.261538 0.303571 0.194872 0.303571 0.166667 0.317857
2 0.569231 0.900000 0.571795 0.928571 0.805128 0.928571 0.807692 0.921429 0.774359 0.810714 0.748718 0.789286 0.702564 0.767857 0.646154 0.771429 0.610256 0.792857 0.594872 0.817857
2 0.851282 0.546429 0.846154 0.575000 0.828205 0.610714 0.828205 0.625000 0.892308 0.660714 0.907692 0.682143 0.930769 0.760714 0.971795 0.732143 1.000000 0.725000 1.000000 0.550000 0.964103 0.521429 0.900000 0.514286 0.869231 0.525000
2 0.784615 0.382143 0.779487 0.435714 0.825641 0.467857 0.848718 0.539286 0.879487 0.517857 0.917949 0.510714 0.946154 0.471429 0.946154 0.446429 0.930769 0.389286 0.902564 0.360714 0.856410 0.350000 0.820513 0.353571 0.797436 0.364286
2 0.646154 0.296429 0.630769 0.350000 0.669231 0.371429 0.682051 0.389286 0.697436 0.442857 0.764103 0.435714 0.771795 0.428571 0.782051 0.389286 0.794872 0.367857 0.794872 0.350000 0.769231 0.289286 0.733333 0.271429 0.671795 0.271429
2 0.520513 0.235714 0.510256 0.282143 0.533333 0.296429 0.546154 0.314286 0.558974 0.353571 0.623077 0.346429 0.633333 0.335714 0.641026 0.307143 0.656410 0.282143 0.648718 0.239286 0.620513 0.214286 0.553846 0.210714 0.530769 0.221429
2 0.392308 0.192857 0.389744 0.232143 0.412821 0.253571 0.423077 0.289286 0.497436 0.282143 0.512821 0.264286 0.523077 0.232143 0.515385 0.185714 0.497436 0.167857 0.423077 0.164286
2 0.282051 0.257143 0.274359 0.307143 0.289744 0.328571 0.305128 0.367857 0.328205 0.360714 0.387179 0.360714 0.400000 0.346429 0.420513 0.296429 0.410256 0.250000 0.387179 0.232143 0.320513 0.228571
