0 0.471667 0.321111 0.453333 0.318889 0.421667 0.321111 0.391667 0.332222 0.376667 0.346667 0.368333 0.368889 0.343333 0.384444 0.328333 0.406667 0.326667 0.428889 0.331667 0.448889 0.343333 0.473333 0.353333 0.506667 0.366667 0.528889 0.366667 0.535556 0.380000 0.550000 0.390000 0.547778 0.416667 0.525556 0.470000 0.502222 0.503333 0.492222 0.530000 0.491111 0.540000 0.483333 0.561667 0.451111 0.566667 0.436667 0.566667 0.413333 0.560000 0.392222 0.546667 0.377778 0.520000 0.361111 0.515000 0.347778 0.503333 0.334444
0 0.116667 0.341111 0.095000 0.355556 0.088333 0.366667 0.088333 0.397778 0.071667 0.434444 0.075000 0.455556 0.093333 0.482222 0.118333 0.500000 0.145000 0.530000 0.158333 0.537778 0.188333 0.547778 0.221667 0.572222 0.290000 0.575556 0.318333 0.581111 0.338333 0.588889 0.351667 0.590000 0.360000 0.583333 0.358333 0.540000 0.345000 0.513333 0.343333 0.498889 0.336667 0.486667 0.320000 0.416667 0.303333 0.392222 0.283333 0.376667 0.255000 0.371111 0.238333 0.364444 0.213333 0.342222 0.190000 0.333333 0.155000 0.331111
0 0.040000 0.218889 0.031667 0.232222 0.031667 0.250000 0.041667 0.274444 0.031667 0.291111 0.030000 0.326667 0.051667 0.355556 0.078333 0.374444 0.085000 0.374444 0.088333 0.362222 0.105000 0.346667 0.126667 0.336667 0.158333 0.330000 0.176667 0.330000 0.193333 0.333333 0.223333 0.346667 0.235000 0.358889 0.251667 0.367778 0.263333 0.371111 0.280000 0.370000 0.248333 0.281111 0.231667 0.267778 0.185000 0.251111 0.161667 0.220000 0.146667 0.208889 0.116667 0.200000 0.090000 0.200000 0.063333 0.205556
0 0.356667 0.158889 0.326667 0.161111 0.296667 0.174444 0.286667 0.191111 0.288333 0.221111 0.258333 0.248889 0.251667 0.262222 0.251667 0.278889 0.271667 0.317778 0.283333 0.358889 0.288333 0.362222 0.298333 0.382222 0.311667 0.392222 0.321667 0.405556 0.326667 0.405556 0.330000 0.394444 0.366667 0.365556 0.378333 0.342222 0.386667 0.334444 0.415000 0.321111 0.461667 0.314444 0.466667 0.311111 0.468333 0.252222 0.460000 0.238889 0.423333 0.210000 0.416667 0.186667 0.406667 0.173333 0.386667 0.164444
0 0.621667 0.186667 0.585000 0.186667 0.556667 0.195556 0.540000 0.210000 0.530000 0.237778 0.503333 0.255556 0.485000 0.274444 0.483333 0.317778 0.511667 0.338889 0.523333 0.357778 0.531667 0.364444 0.561667 0.380000 0.563333 0.390000 0.568333 0.393333 0.576667 0.387778 0.580000 0.378889 0.598333 0.365556 0.620000 0.354444 0.648333 0.344444 0.663333 0.331111 0.691667 0.316667 0.701667 0.307778 0.701667 0.290000 0.686667 0.260000 0.668333 0.247778 0.668333 0.220000 0.663333 0.208889 0.648333 0.195556
0 0.891667 0.212222 0.860000 0.212222 0.838333 0.218889 0.821667 0.231111 0.803333 0.253333 0.770000 0.271111 0.753333 0.277778 0.745000 0.277778 0.736667 0.283333 0.726667 0.297778 0.726667 0.312222 0.758333 0.320000 0.773333 0.326667 0.788333 0.337778 0.796667 0.348889 0.800000 0.374444 0.815000 0.390000 0.823333 0.394444 0.843333 0.393333 0.856667 0.386667 0.918333 0.373333 0.936667 0.362222 0.951667 0.340000 0.953333 0.312222 0.945000 0.295556 0.936667 0.287778 0.936667 0.282222 0.948333 0.264444 0.950000 0.245556 0.945000 0.235556 0.935000 0.226667 0.920000 0.218889
0 1.000000 0.351111 0.970000 0.352222 0.950000 0.360000 0.925000 0.376667 0.876667 0.386667 0.871667 0.390000 0.858333 0.391111 0.830000 0.408889 0.821667 0.423333 0.816667 0.446667 0.820000 0.463333 0.816667 0.466667 0.871667 0.485556 0.890000 0.497778 0.905000 0.520000 0.908333 0.548889 0.916667 0.555556 0.928333 0.551111 0.945000 0.534444 0.965000 0.523333 0.980000 0.517778 1.000000 0.514444
0 0.000000 0.097778 0.000000 0.152222 0.005000 0.161111 0.005000 0.170000 0.000000 0.172222 0.000000 0.220000 0.005000 0.222222 0.020000 0.247778 0.028333 0.248889 0.030000 0.231111 0.038333 0.220000 0.051667 0.211111 0.073333 0.202222 0.108333 0.198889 0.138333 0.204444 0.153333 0.212222 0.171667 0.227778 0.173333 0.234444 0.186667 0.243333 0.188333 0.247778 0.216667 0.251111 0.218333 0.231111 0.195000 0.165556 0.185000 0.157778 0.168333 0.157778 0.138333 0.140000 0.105000 0.095556 0.093333 0.088889 0.076667 0.084444 0.040000 0.083333
0 0.000000 0.000000 0.000000 0.094444 0.038333 0.082222 0.066667 0.081111 0.083333 0.084444 0.110000 0.098889 0.141667 0.138889 0.165000 0.152222 0.175000 0.152222 0.180000 0.146667 0.180000 0.136667 0.173333 0.125556 0.165000 0.091111 0.150000 0.064444 0.123333 0.050000 0.095000 0.038889 0.073333 0.000000
0 0.310000 0.052222 0.281667 0.051111 0.253333 0.056667 0.238333 0.063333 0.228333 0.075556 0.230000 0.118889 0.211667 0.137778 0.205000 0.151111 0.205000 0.165556 0.230000 0.236667 0.236667 0.247778 0.241667 0.250000 0.256667 0.247778 0.278333 0.227778 0.285000 0.218889 0.285000 0.195556 0.290000 0.181111 0.310000 0.165556 0.331667 0.158889 0.356667 0.157778 0.378333 0.161111 0.398333 0.167778 0.406667 0.166667 0.403333 0.150000 0.395000 0.143333 0.368333 0.132222 0.360000 0.124444 0.351667 0.085556 0.341667 0.066667 0.325000 0.056667
0 0.296667 0.000000 0.181667 0.000000 0.181667 0.015556 0.161667 0.040000 0.158333 0.064444 0.171667 0.091111 0.188333 0.140000 0.196667 0.146667 0.201667 0.146667 0.223333 0.118889 0.228333 0.073333 0.241667 0.061111 0.268333 0.052222 0.286667 0.050000 0.311667 0.052222 0.336667 0.061111 0.341667 0.060000 0.335000 0.036667 0.326667 0.026667 0.305000 0.013333
0 0.501667 0.000000 0.388333 0.000000 0.388333 0.041111 0.360000 0.075556 0.360000 0.100000 0.368333 0.123333 0.378333 0.132222 0.406667 0.145556 0.415000 0.155556 0.423333 0.154444 0.451667 0.134444 0.455000 0.108889 0.461667 0.094444 0.483333 0.080000 0.500000 0.076667 0.508333 0.072222
0 0.536667 0.077778 0.500000 0.077778 0.470000 0.087778 0.458333 0.103333 0.453333 0.138889 0.438333 0.148889 0.436667 0.154444 0.420000 0.172222 0.418333 0.185556 0.423333 0.204444 0.468333 0.243333 0.480000 0.250000 0.478333 0.256667 0.483333 0.255556 0.486667 0.248889 0.498333 0.248889 0.516667 0.242222 0.530000 0.233333 0.538333 0.211111 0.556667 0.194444 0.591667 0.183333 0.610000 0.183333 0.615000 0.181111 0.615000 0.173333 0.608333 0.160000 0.580000 0.141111 0.580000 0.110000 0.575000 0.095556 0.558333 0.083333
0 0.698333 0.000000 0.631667 0.000000 0.625000 0.003333 0.608333 0.022222 0.600000 0.065556 0.580000 0.080000 0.576667 0.085556 0.581667 0.103333 0.583333 0.132222 0.586667 0.138889 0.608333 0.155556 0.623333 0.178889 0.630000 0.178889 0.658333 0.156667 0.686667 0.145556 0.700000 0.118889 0.716667 0.102222 0.710000 0.080000 0.718333 0.063333 0.725000 0.025556 0.716667 0.010000
0 0.768333 0.095556 0.735000 0.097778 0.721667 0.102222 0.710000 0.110000 0.696667 0.126667 0.686667 0.151111 0.678333 0.156667 0.656667 0.161111 0.641667 0.173333 0.636667 0.184444 0.663333 0.205556 0.670000 0.220000 0.673333 0.244444 0.685000 0.252222 0.696667 0.266667 0.713333 0.297778 0.723333 0.294444 0.725000 0.290000 0.746667 0.272222 0.756667 0.266667 0.770000 0.264444 0.803333 0.247778 0.833333 0.214444 0.833333 0.200000 0.826667 0.190000 0.826667 0.183333 0.813333 0.170000 0.823333 0.142222 0.821667 0.121111 0.813333 0.111111 0.798333 0.102222
0 1.000000 0.121111 0.978333 0.125556 0.968333 0.132222 0.938333 0.165556 0.936667 0.171111 0.903333 0.191111 0.896667 0.192222 0.895000 0.197778 0.888333 0.202222 0.891667 0.208889 0.915000 0.214444 0.946667 0.235556 0.951667 0.244444 0.951667 0.264444 0.945000 0.284444 0.955000 0.301111 0.966667 0.300000 0.991667 0.284444 1.000000 0.283333
0 0.910000 0.018889 0.881667 0.018889 0.860000 0.025556 0.848333 0.034444 0.838333 0.047778 0.821667 0.080000 0.806667 0.092222 0.795000 0.094444 0.795000 0.097778 0.816667 0.112222 0.823333 0.122222 0.825000 0.138889 0.818333 0.156667 0.818333 0.168889 0.836667 0.191111 0.845000 0.208889 0.855000 0.208889 0.868333 0.203333 0.898333 0.204444 0.901667 0.202222 0.903333 0.191111 0.918333 0.185556 0.916667 0.182222 0.921667 0.174444 0.933333 0.170000 0.938333 0.158889 0.946667 0.153333 0.953333 0.138889 0.948333 0.127778 0.945000 0.091111 0.960000 0.061111 0.960000 0.043333 0.946667 0.030000
0 0.576667 0.915556 0.558333 0.961111 0.558333 0.992222 0.561667 1.000000 0.881667 1.000000 0.881667 0.978889 0.871667 0.948889 0.850000 0.917778 0.810000 0.886667 0.786667 0.875556 0.761667 0.867778 0.726667 0.862222 0.683333 0.862222 0.653333 0.867778 0.635000 0.873333 0.611667 0.885556 0.591667 0.900000
0 0.368333 0.753333 0.328333 0.752222 0.311667 0.754444 0.280000 0.762222 0.260000 0.770000 0.211667 0.802222 0.196667 0.821111 0.188333 0.838889 0.185000 0.875556 0.193333 0.905556 0.235000 0.945556 0.260000 0.957778 0.296667 0.967778 0.346667 0.968889 0.405000 0.953333 0.453333 0.921111 0.468333 0.904444 0.483333 0.874444 0.483333 0.832222 0.466667 0.803333 0.445000 0.782222 0.425000 0.771111 0.390000 0.757778
0 0.563333 0.671111 0.516667 0.687778 0.501667 0.696667 0.485000 0.712222 0.466667 0.747778 0.466667 0.782222 0.470000 0.794444 0.481667 0.813333 0.498333 0.826667 0.498333 0.830000 0.528333 0.850000 0.571667 0.862222 0.620000 0.864444 0.626667 0.866667 0.646667 0.865556 0.685000 0.855556 0.710000 0.843333 0.731667 0.826667 0.743333 0.812222 0.753333 0.784444 0.748333 0.737778 0.741667 0.732222 0.733333 0.714444 0.693333 0.687778 0.646667 0.672222 0.628333 0.670000
0 0.535000 0.497778 0.500000 0.496667 0.486667 0.498889 0.445000 0.516667 0.431667 0.518889 0.400000 0.538889 0.381667 0.566667 0.378333 0.608889 0.396667 0.643333 0.403333 0.673333 0.413333 0.691111 0.420000 0.718889 0.426667 0.731111 0.445000 0.743333 0.450000 0.743333 0.456667 0.750000 0.460000 0.750000 0.478333 0.717778 0.498333 0.697778 0.516667 0.685556 0.535000 0.677778 0.585000 0.664444 0.600000 0.657778 0.621667 0.640000 0.633333 0.624444 0.640000 0.607778 0.640000 0.573333 0.636667 0.563333 0.623333 0.545556 0.568333 0.508889 0.553333 0.501111
0 0.156667 0.600000 0.125000 0.634444 0.116667 0.656667 0.118333 0.696667 0.130000 0.716667 0.151667 0.734444 0.186667 0.750000 0.231667 0.763333 0.238333 0.763333 0.243333 0.767778 0.250000 0.767778 0.276667 0.757778 0.326667 0.748889 0.365000 0.748889 0.396667 0.755556 0.408333 0.753333 0.406667 0.707778 0.398333 0.690000 0.391667 0.641111 0.378333 0.618889 0.358333 0.601111 0.325000 0.586667 0.301667 0.580000 0.281667 0.577778 0.256667 0.578889 0.248333 0.576667 0.220000 0.577778 0.193333 0.582222
0 0.065000 0.760000 0.000000 0.761111 0.000000 0.974444 0.033333 0.975556 0.091667 0.958889 0.098333 0.953333 0.105000 0.952222 0.145000 0.921111 0.173333 0.891111 0.178333 0.840000 0.168333 0.810000 0.141667 0.783333 0.123333 0.773333 0.103333 0.766667
0 1.000000 0.662222 0.956667 0.656667 0.923333 0.644444 0.876667 0.641111 0.846667 0.645556 0.811667 0.656667 0.791667 0.666667 0.758333 0.692222 0.743333 0.710000 0.741667 0.721111 0.758333 0.758889 0.756667 0.788889 0.741667 0.818889 0.726667 0.835556 0.710000 0.846667 0.705000 0.854444 0.710000 0.857778 0.760000 0.860000 0.780000 0.866667 0.795000 0.866667 0.823333 0.851111 0.870000 0.836667 0.935000 0.837778 1.000000 0.825556
0 0.843333 0.477778 0.823333 0.475556 0.798333 0.476667 0.756667 0.488889 0.735000 0.488889 0.701667 0.497778 0.671667 0.513333 0.658333 0.524444 0.641667 0.552222 0.646667 0.595556 0.641667 0.614444 0.645000 0.630000 0.661667 0.641111 0.665000 0.647778 0.673333 0.648889 0.685000 0.658889 0.688333 0.657778 0.695000 0.663333 0.705000 0.663333 0.705000 0.656667 0.720000 0.671111 0.728333 0.672222 0.731667 0.675556 0.736667 0.674444 0.741667 0.678889 0.746667 0.678889 0.751667 0.673333 0.756667 0.675556 0.760000 0.671111 0.761667 0.675556 0.773333 0.674444 0.776667 0.668889 0.801667 0.655556 0.865000 0.636667 0.885000 0.624444 0.905000 0.598889 0.908333 0.563333 0.901667 0.545556 0.901667 0.521111 0.898333 0.512222 0.890000 0.501111 0.873333 0.488889
0 0.745000 0.316667 0.720000 0.314444 0.700000 0.316667 0.681667 0.322222 0.665000 0.332222 0.646667 0.348889 0.611667 0.362222 0.591667 0.375556 0.578333 0.391111 0.571667 0.408889 0.575000 0.436667 0.563333 0.462222 0.561667 0.498889 0.583333 0.513333 0.591667 0.514444 0.595000 0.521111 0.610000 0.530000 0.621667 0.533333 0.630000 0.543333 0.640000 0.541111 0.658333 0.518889 0.700000 0.493333 0.723333 0.486667 0.756667 0.483333 0.775000 0.478889 0.795000 0.467778 0.806667 0.452222 0.815000 0.423333 0.815000 0.403333 0.810000 0.390000 0.796667 0.376667 0.795000 0.346667 0.776667 0.328889
