1 0.622549 0.205882 0.616013 0.213235 0.611111 0.257353 0.617647 0.276961 0.616013 0.357843 0.606209 0.433824 0.586601 0.531863 0.586601 0.553922 0.602941 0.617647 0.614379 0.696078 0.624183 0.730392 0.633987 0.855392 0.637255 1.000000 0.743464 1.000000 0.740196 0.715686 0.735294 0.696078 0.735294 0.644608 0.725490 0.583333 0.691176 0.428922 0.681373 0.365196 0.676471 0.276961 0.681373 0.262255 0.678105 0.210784 0.669935 0.203431
0 0.723856 0.313725 0.717320 0.318627 0.715686 0.348039 0.705882 0.389706 0.705882 0.424020 0.710784 0.441176 0.705882 0.487745 0.733660 0.612745 0.741830 0.681373 0.746732 0.997549 0.828431 1.000000 0.813725 0.764706 0.815359 0.691176 0.821895 0.639706 0.820261 0.580882 0.810458 0.549020 0.772876 0.470588 0.769608 0.455882 0.772876 0.421569 0.771242 0.382353 0.763072 0.352941 0.759804 0.321078 0.753268 0.313725
0 0.408497 0.063725 0.364379 0.066176 0.359477 0.073529 0.357843 0.117647 0.361111 0.147059 0.328431 0.196078 0.313725 0.227941 0.303922 0.257353 0.294118 0.311275 0.295752 0.397059 0.315359 0.512255 0.315359 0.578431 0.300654 0.637255 0.299020 0.674020 0.295752 0.676471 0.299020 0.698529 0.295752 0.703431 0.299020 0.720588 0.299020 0.909314 0.295752 0.982843 0.299020 1.000000 0.423203 1.000000 0.424837 0.848039 0.431373 0.762255 0.465686 0.563725 0.468954 0.500000 0.485294 0.421569 0.490196 0.375000 0.490196 0.328431 0.485294 0.279412 0.468954 0.227941 0.452614 0.193627 0.423203 0.147059 0.426471 0.120098 0.424837 0.073529
0 0.805556 0.446078 0.797386 0.453431 0.795752 0.463235 0.797386 0.507353 0.820261 0.571078 0.825163 0.595588 0.818627 0.796569 0.833333 1.000000 0.910131 1.000000 0.905229 0.852941 0.905229 0.713235 0.900327 0.651961 0.882353 0.588235 0.859477 0.539216 0.859477 0.450980 0.849673 0.443627
1 0.897059 0.585784 0.890523 0.595588 0.890523 0.612745 0.898693 0.639706 0.905229 0.686275 0.906863 0.862745 0.913399 1.000000 1.000000 1.000000 1.000000 0.960784 0.990196 0.916667 0.991830 0.901961 0.985294 0.887255 0.983660 0.860294 0.955882 0.725490 0.949346 0.661765 0.950980 0.598039 0.946078 0.588235 0.934641 0.583333
0 0.289216 0.350490 0.261438 0.348039 0.246732 0.355392 0.235294 0.409314 0.236928 0.460784 0.205882 0.539216 0.187908 0.602941 0.187908 0.705882 0.191176 0.732843 0.187908 0.750000 0.187908 0.855392 0.196078 0.899510 0.202614 1.000000 0.289216 1.000000 0.290850 0.659314 0.305556 0.607843 0.312092 0.568627 0.310458 0.502451 0.299020 0.448529
1 0.957516 0.625000 0.952614 0.647059 0.954248 0.705882 0.965686 0.759804 0.968954 0.794118 0.991830 0.897059 1.000000 0.955882 1.000000 0.625000
0 0.207516 0.512255 0.165033 0.509804 0.155229 0.514706 0.153595 0.561275 0.156863 0.580882 0.153595 0.595588 0.127451 0.647059 0.116013 0.683824 0.107843 0.813725 0.107843 1.000000 0.197712 1.000000 0.194444 0.897059 0.186275 0.852941 0.189542 0.742647 0.186275 0.617647 0.191176 0.583333 0.212418 0.519608
0 0.107843 0.482843 0.078431 0.477941 0.047386 0.485294 0.045752 0.519608 0.049020 0.561275 0.026144 0.612745 0.014706 0.688725 0.013072 0.750000 0.026144 0.823529 0.026144 0.840686 0.017974 0.870098 0.013072 0.909314 0.014706 1.000000 0.106209 1.000000 0.106209 0.811275 0.111111 0.772059 0.111111 0.698529 0.132353 0.632353 0.132353 0.612745 0.109477 0.558824 0.112745 0.497549
1 0.500000 0.276961 0.493464 0.321078 0.498366 0.352941 0.496732 0.399510 0.465686 0.602941 0.437908 0.742647 0.428105 0.870098 0.429739 1.000000 0.632353 1.000000 0.632353 0.887255 0.625817 0.767157 0.617647 0.718137 0.611111 0.703431 0.609477 0.669118 0.586601 0.568627 0.565359 0.443627 0.558824 0.367647 0.560458 0.286765 0.550654 0.274510
