0 0.629085 0.163265 0.609477 0.172336 0.604575 0.188209 0.607843 0.244898 0.598039 0.281179 0.596405 0.319728 0.599673 0.333333 0.609477 0.342404 0.637255 0.349206 0.651961 0.362812 0.656863 0.385488 0.656863 0.414966 0.661765 0.414966 0.686275 0.378685 0.686275 0.340136 0.694444 0.299320 0.681373 0.235828 0.683007 0.199546 0.678105 0.179138 0.668301 0.170068 0.651961 0.163265
0 0.645425 0.108844 0.625817 0.102041 0.594771 0.102041 0.581699 0.113379 0.578431 0.124717 0.576797 0.176871 0.563725 0.197279 0.560458 0.217687 0.562092 0.233560 0.584967 0.242630 0.594771 0.253968 0.602941 0.247166 0.606209 0.179138 0.619281 0.165533 0.651961 0.160998 0.653595 0.129252
0 0.594771 0.036281 0.591503 0.052154 0.591503 0.088435 0.594771 0.099773 0.629085 0.102041 0.645425 0.108844 0.653595 0.124717 0.655229 0.160998 0.678105 0.174603 0.678105 0.163265 0.669935 0.138322 0.655229 0.106576 0.655229 0.038549 0.650327 0.034014
0 0.372549 0.056689 0.361111 0.063492 0.354575 0.074830 0.352941 0.097506 0.359477 0.158730 0.343137 0.233560 0.343137 0.251701 0.346405 0.256236 0.354575 0.247166 0.374183 0.240363 0.401961 0.242630 0.415033 0.249433 0.423203 0.265306 0.423203 0.312925 0.428105 0.312925 0.441176 0.278912 0.442810 0.258503 0.436275 0.215420 0.421569 0.163265 0.424837 0.131519 0.423203 0.074830 0.416667 0.061224 0.408497 0.056689
0 0.354575 0.040816 0.330065 0.040816 0.313725 0.047619 0.308824 0.054422 0.307190 0.099773 0.312092 0.129252 0.295752 0.172336 0.295752 0.183673 0.312092 0.222222 0.315359 0.287982 0.321895 0.303855 0.333333 0.315193 0.336601 0.269841 0.357843 0.165533 0.357843 0.142857 0.352941 0.129252 0.354575 0.077098 0.369281 0.058957 0.367647 0.047619
0 0.236928 0.079365 0.215686 0.079365 0.202614 0.088435 0.199346 0.111111 0.187908 0.140590 0.189542 0.179138 0.181373 0.190476 0.161765 0.204082 0.145425 0.229025 0.145425 0.278912 0.178105 0.337868 0.186275 0.333333 0.183007 0.269841 0.187908 0.231293 0.196078 0.219955 0.220588 0.208617 0.230392 0.188209 0.258170 0.176871 0.263072 0.170068 0.261438 0.124717 0.253268 0.111111 0.248366 0.088435
0 0.236928 0.183673 0.225490 0.197279 0.225490 0.208617 0.254902 0.217687 0.261438 0.226757 0.267974 0.253968 0.267974 0.321995 0.299020 0.410431 0.307190 0.419501 0.326797 0.376417 0.326797 0.360544 0.334967 0.331066 0.315359 0.294785 0.300654 0.247166 0.303922 0.235828 0.300654 0.195011 0.295752 0.185941 0.282680 0.179138 0.259804 0.176871
0 0.390523 0.328798 0.346405 0.331066 0.336601 0.337868 0.330065 0.351474 0.328431 0.433107 0.316993 0.455782 0.297386 0.539683 0.294118 0.616780 0.305556 1.000000 0.377451 1.000000 0.379085 0.993197 0.374183 0.891156 0.367647 0.863946 0.367647 0.746032 0.362745 0.643991 0.369281 0.598639 0.405229 0.528345 0.408497 0.444444 0.418301 0.426304 0.413399 0.408163 0.408497 0.346939 0.401961 0.335601
0 0.209150 0.213152 0.196078 0.219955 0.186275 0.235828 0.184641 0.274376 0.189542 0.326531 0.165033 0.408163 0.165033 0.419501 0.191176 0.408163 0.214052 0.408163 0.228758 0.412698 0.238562 0.421769 0.246732 0.448980 0.250000 0.526077 0.272876 0.555556 0.284314 0.580499 0.310458 0.471655 0.310458 0.448980 0.279412 0.351474 0.266340 0.321995 0.267974 0.263039 0.263072 0.229025 0.258170 0.219955 0.245098 0.213152
0 0.070261 0.219955 0.062092 0.231293 0.060458 0.265306 0.081699 0.324263 0.086601 0.367347 0.133987 0.399093 0.147059 0.424036 0.148693 0.435374 0.153595 0.437642 0.169935 0.390023 0.178105 0.349206 0.171569 0.328798 0.142157 0.283447 0.143791 0.244898 0.140523 0.226757 0.133987 0.217687 0.119281 0.210884 0.093137 0.210884
0 0.017974 0.281179 0.013072 0.285714 0.000000 0.319728 0.000000 0.947846 0.013072 0.952381 0.109477 0.954649 0.114379 0.963719 0.111111 0.975057 0.098039 0.972789 0.089869 0.981859 0.063725 0.984127 0.058824 0.979592 0.049020 0.984127 0.004902 0.984127 0.000000 0.988662 0.000000 0.997732 0.062092 1.000000 0.091503 0.995465 0.093137 1.000000 0.119281 1.000000 0.125817 0.990930 0.117647 0.773243 0.116013 0.628118 0.127451 0.582766 0.147059 0.544218 0.148693 0.437642 0.132353 0.399093 0.084967 0.367347 0.081699 0.326531 0.062092 0.281179
0 0.186275 0.410431 0.165033 0.421769 0.156863 0.451247 0.156863 0.514739 0.161765 0.526077 0.132353 0.578231 0.124183 0.603175 0.119281 0.637188 0.125817 0.875283 0.133987 0.990930 0.138889 1.000000 0.294118 1.000000 0.294118 0.832200 0.285948 0.607710 0.272876 0.564626 0.246732 0.521542 0.246732 0.469388 0.240196 0.426304 0.233660 0.417234 0.218954 0.410431
0 0.460784 0.072562 0.454248 0.083900 0.452614 0.102041 0.455882 0.136054 0.431373 0.181406 0.431373 0.195011 0.446078 0.240363 0.450980 0.238095 0.452614 0.183673 0.460784 0.172336 0.477124 0.165533 0.500000 0.165533 0.519608 0.174603 0.524510 0.188209 0.526144 0.233560 0.552288 0.231293 0.558824 0.204082 0.550654 0.176871 0.524510 0.136054 0.526144 0.095238 0.522876 0.077098 0.506536 0.065760 0.475490 0.065760
0 0.429739 0.421769 0.418301 0.428571 0.408497 0.448980 0.405229 0.503401 0.410131 0.523810 0.375817 0.585034 0.367647 0.614512 0.369281 0.859410 0.382353 0.956916 0.383987 1.000000 0.535948 1.000000 0.539216 0.909297 0.547386 0.852608 0.545752 0.755102 0.542484 0.746032 0.540850 0.702948 0.542484 0.637188 0.539216 0.609977 0.513072 0.546485 0.496732 0.517007 0.500000 0.498866 0.491830 0.435374 0.472222 0.419501 0.452614 0.417234
0 0.509804 0.167800 0.477124 0.165533 0.459150 0.172336 0.452614 0.183673 0.450980 0.244898 0.454248 0.256236 0.429739 0.315193 0.426471 0.344671 0.437908 0.374150 0.462418 0.414966 0.470588 0.414966 0.486928 0.362812 0.516340 0.321995 0.516340 0.265306 0.526144 0.233560 0.524510 0.185941 0.517974 0.172336
0 0.568627 0.235828 0.544118 0.235828 0.522876 0.247166 0.516340 0.274376 0.517974 0.326531 0.493464 0.351474 0.475490 0.396825 0.473856 0.414966 0.496732 0.444444 0.501634 0.517007 0.513072 0.537415 0.517974 0.537415 0.532680 0.494331 0.562092 0.453515 0.571895 0.362812 0.596405 0.340136 0.596405 0.276644 0.593137 0.253968
0 0.351307 0.249433 0.344771 0.258503 0.339869 0.281179 0.344771 0.331066 0.362745 0.326531 0.397059 0.331066 0.410131 0.349206 0.411765 0.390023 0.418301 0.419501 0.426471 0.421769 0.450980 0.414966 0.450980 0.399093 0.421569 0.335601 0.423203 0.272109 0.419935 0.256236 0.398693 0.242630 0.367647 0.242630
0 0.591503 0.346939 0.578431 0.356009 0.570261 0.374150 0.570261 0.439909 0.566993 0.451247 0.534314 0.494331 0.522876 0.523810 0.522876 0.560091 0.545752 0.628118 0.545752 0.748299 0.550654 0.841270 0.540850 0.950113 0.540850 1.000000 0.696078 1.000000 0.696078 0.952381 0.687908 0.897959 0.684641 0.823129 0.699346 0.732426 0.691176 0.696145 0.709150 0.664399 0.715686 0.616780 0.715686 0.582766 0.694444 0.521542 0.666667 0.482993 0.651961 0.453515 0.651961 0.365079 0.645425 0.356009 0.612745 0.344671
0 0.790850 0.410431 0.776144 0.419501 0.766340 0.435374 0.763072 0.526077 0.733660 0.571429 0.728758 0.594104 0.732026 0.605442 0.727124 0.614512 0.727124 0.673469 0.720588 0.691610 0.720588 0.700680 0.728758 0.705215 0.718954 0.727891 0.714052 0.793651 0.710784 1.000000 0.875817 1.000000 0.883987 0.795918 0.879085 0.727891 0.887255 0.664399 0.887255 0.625850 0.872549 0.569161 0.849673 0.532880 0.852941 0.514739 0.849673 0.494331 0.849673 0.435374 0.841503 0.421769 0.828431 0.414966
0 0.980392 0.340136 0.950980 0.340136 0.936275 0.349206 0.928105 0.383220 0.929739 0.412698 0.892157 0.467120 0.877451 0.519274 0.875817 0.571429 0.890523 0.609977 0.892157 0.630385 0.885621 0.730159 0.883987 1.000000 1.000000 1.000000 1.000000 0.346939
0 0.738562 0.287982 0.718954 0.287982 0.702614 0.292517 0.696078 0.299320 0.687908 0.335601 0.691176 0.374150 0.663399 0.419501 0.656863 0.437642 0.656863 0.458050 0.673203 0.487528 0.704248 0.523810 0.723856 0.573696 0.730392 0.571429 0.758170 0.530612 0.764706 0.435374 0.784314 0.405896 0.774510 0.376417 0.777778 0.349206 0.774510 0.310658 0.759804 0.294785
0 0.888889 0.188209 0.864379 0.188209 0.851307 0.199546 0.848039 0.217687 0.836601 0.240363 0.834967 0.285714 0.823529 0.299320 0.790850 0.321995 0.781046 0.337868 0.777778 0.365079 0.782680 0.392290 0.790850 0.405896 0.830065 0.412698 0.848039 0.430839 0.852941 0.458050 0.852941 0.532880 0.867647 0.553288 0.874183 0.548753 0.877451 0.507937 0.892157 0.464853 0.926471 0.414966 0.931373 0.358277 0.939542 0.344671 0.955882 0.335601 0.954248 0.324263 0.947712 0.315193 0.915033 0.292517 0.916667 0.247166 0.906863 0.224490 0.903595 0.201814
0 0.754902 0.047619 0.743464 0.054422 0.738562 0.068027 0.736928 0.126984 0.740196 0.142857 0.704248 0.251701 0.700980 0.287982 0.753268 0.290249 0.771242 0.303855 0.779412 0.326531 0.784314 0.328798 0.831699 0.285714 0.833333 0.235828 0.808824 0.149660 0.812092 0.124717 0.808824 0.061224 0.785948 0.047619
