0 0.125817 0.482843 0.102941 0.482843 0.094771 0.487745 0.062092 0.556373 0.050654 0.595588 0.019608 0.620098 0.000000 0.649510 0.000000 0.857843 0.011438 0.862745 0.017974 0.872549 0.040850 0.882353 0.047386 0.892157 0.071895 0.897059 0.080065 0.904412 0.106209 0.904412 0.109477 0.909314 0.127451 0.901961 0.147059 0.882353 0.165033 0.838235 0.171569 0.789216 0.171569 0.750000 0.168301 0.718137 0.156863 0.681373 0.156863 0.669118 0.171569 0.629902 0.183007 0.561275 0.181373 0.541667 0.166667 0.509804
0 1.000000 0.024510 0.993464 0.024510 0.978758 0.036765 0.962418 0.068627 0.960784 0.090686 0.931373 0.125000 0.900327 0.176471 0.812092 0.274510 0.763072 0.352941 0.763072 0.372549 0.784314 0.394608 0.797386 0.421569 0.797386 0.450980 0.789216 0.477941 0.789216 0.507353 0.803922 0.507353 0.828431 0.490196 0.836601 0.465686 0.857843 0.433824 0.869281 0.406863 0.887255 0.387255 0.916667 0.399510 0.949346 0.424020 0.954248 0.446078 0.954248 0.492647 0.960784 0.490196 0.967320 0.475490 0.972222 0.443627 0.970588 0.431373 0.973856 0.428922 0.977124 0.399510 0.982026 0.389706 0.980392 0.377451 0.986928 0.370098 0.995098 0.316176 1.000000 0.311275
0 0.913399 0.598039 0.892157 0.598039 0.883987 0.602941 0.867647 0.639706 0.867647 0.647059 0.898693 0.691176 0.903595 0.710784 0.882353 0.801471 0.866013 0.835784 0.869281 0.894608 0.866013 0.985294 0.872549 1.000000 0.888889 1.000000 0.905229 0.975490 0.928105 0.914216 0.937908 0.848039 0.937908 0.806373 0.933007 0.786765 0.933007 0.764706 0.937908 0.757353 0.939542 0.730392 0.952614 0.669118 0.950980 0.654412 0.937908 0.622549 0.923203 0.602941
0 0.936275 0.428922 0.900327 0.397059 0.882353 0.394608 0.869281 0.409314 0.859477 0.433824 0.843137 0.458333 0.833333 0.490196 0.777778 0.526961 0.767974 0.544118 0.761438 0.585784 0.769608 0.598039 0.769608 0.617647 0.781046 0.669118 0.790850 0.686275 0.797386 0.686275 0.820261 0.649510 0.838235 0.639706 0.859477 0.642157 0.874183 0.625000 0.882353 0.600490 0.913399 0.588235 0.915033 0.551471 0.946078 0.470588 0.944444 0.448529
0 0.862745 0.649510 0.843137 0.642157 0.821895 0.649510 0.812092 0.661765 0.785948 0.723039 0.782680 0.740196 0.784314 0.759804 0.799020 0.784314 0.807190 0.825980 0.787582 0.921569 0.781046 0.931373 0.776144 0.950980 0.779412 1.000000 0.859477 1.000000 0.867647 0.936275 0.864379 0.830882 0.877451 0.811275 0.890523 0.752451 0.900327 0.727941 0.897059 0.693627 0.880719 0.666667
0 0.799020 0.799020 0.777778 0.772059 0.748366 0.752451 0.735294 0.750000 0.720588 0.757353 0.687908 0.811275 0.666667 0.867647 0.602941 0.916667 0.578431 0.946078 0.547386 1.000000 0.774510 1.000000 0.774510 0.941176 0.785948 0.921569 0.803922 0.838235 0.803922 0.813725
0 0.790850 0.419118 0.779412 0.399510 0.746732 0.370098 0.732026 0.370098 0.720588 0.377451 0.687908 0.428922 0.669935 0.473039 0.620915 0.509804 0.594771 0.544118 0.591503 0.563725 0.593137 0.593137 0.754902 0.593137 0.759804 0.546569 0.781046 0.500000 0.782680 0.480392 0.790850 0.455882 0.794118 0.436275
0 0.750000 0.223039 0.736928 0.213235 0.712418 0.218137 0.681373 0.264706 0.668301 0.299020 0.640523 0.321078 0.622549 0.414216 0.602941 0.482843 0.599673 0.514706 0.609477 0.514706 0.647059 0.487745 0.673203 0.455882 0.725490 0.370098 0.746732 0.365196 0.758170 0.350490 0.774510 0.294118 0.776144 0.276961 0.767974 0.250000
0 0.748366 0.075980 0.710784 0.056373 0.696078 0.056373 0.669935 0.102941 0.661765 0.137255 0.640523 0.164216 0.633987 0.188725 0.633987 0.250000 0.638889 0.313725 0.645425 0.313725 0.663399 0.296569 0.712418 0.213235 0.733660 0.200980 0.748366 0.161765 0.750000 0.142157 0.759804 0.110294 0.758170 0.090686
0 0.627451 0.796569 0.594771 0.754902 0.578431 0.742647 0.540850 0.735294 0.521242 0.750000 0.500000 0.776961 0.486928 0.828431 0.454248 0.872549 0.452614 0.884804 0.441176 0.901961 0.433007 0.941176 0.429739 1.000000 0.544118 1.000000 0.581699 0.938725 0.629085 0.889706 0.635621 0.852941 0.635621 0.825980
0 0.653595 0.012255 0.637255 0.000000 0.547386 0.000000 0.535948 0.024510 0.535948 0.056373 0.529412 0.078431 0.504902 0.120098 0.454248 0.171569 0.450980 0.188725 0.434641 0.210784 0.423203 0.245098 0.401961 0.340686 0.405229 0.473039 0.398693 0.507353 0.400327 0.531863 0.405229 0.531863 0.441176 0.490196 0.483660 0.453431 0.491830 0.438725 0.498366 0.411765 0.517974 0.372549 0.544118 0.335784 0.560458 0.335784 0.575163 0.343137 0.604575 0.367647 0.612745 0.382353 0.622549 0.379902 0.633987 0.318627 0.630719 0.183824 0.642157 0.137255 0.656863 0.112745 0.665033 0.068627 0.665033 0.036765
0 0.558824 0.338235 0.545752 0.338235 0.535948 0.345588 0.500000 0.414216 0.495098 0.446078 0.446078 0.490196 0.424837 0.517157 0.398693 0.558824 0.387255 0.590686 0.383987 0.615196 0.434641 0.659314 0.450980 0.681373 0.455882 0.696078 0.457516 0.725490 0.452614 0.769608 0.439542 0.806373 0.442810 0.818627 0.441176 0.828431 0.446078 0.838235 0.470588 0.830882 0.483660 0.816176 0.483660 0.808824 0.498366 0.781863 0.500000 0.769608 0.524510 0.740196 0.542484 0.730392 0.584967 0.730392 0.584967 0.524510 0.602941 0.468137 0.614379 0.399510 0.607843 0.379902 0.599673 0.370098
0 0.387255 0.156863 0.374183 0.151961 0.348039 0.156863 0.334967 0.188725 0.312092 0.225490 0.310458 0.245098 0.321895 0.281863 0.321895 0.299020 0.310458 0.372549 0.299020 0.416667 0.300654 0.566176 0.294118 0.629902 0.271242 0.718137 0.269608 0.737745 0.279412 0.735294 0.284314 0.725490 0.290850 0.723039 0.313725 0.666667 0.339869 0.627451 0.367647 0.600490 0.392157 0.531863 0.401961 0.453431 0.397059 0.338235 0.415033 0.274510 0.423203 0.225490 0.423203 0.200980 0.416667 0.183824
0 0.153595 0.017157 0.135621 0.014706 0.125817 0.019608 0.109477 0.056373 0.101307 0.066176 0.086601 0.120098 0.075163 0.213235 0.060458 0.259804 0.070261 0.399510 0.062092 0.504902 0.055556 0.529412 0.057190 0.546569 0.062092 0.544118 0.107843 0.441176 0.138889 0.399510 0.186275 0.350490 0.189542 0.340686 0.189542 0.250000 0.183007 0.186275 0.191176 0.171569 0.207516 0.093137 0.207516 0.071078 0.196078 0.046569
0 0.024510 0.073529 0.000000 0.075980 0.000000 0.625000 0.004902 0.625000 0.027778 0.600490 0.032680 0.580882 0.039216 0.575980 0.060458 0.480392 0.066993 0.370098 0.055556 0.254902 0.068627 0.235294 0.081699 0.151961 0.081699 0.129902 0.071895 0.107843 0.045752 0.083333
0 0.274510 0.230392 0.251634 0.225490 0.235294 0.237745 0.225490 0.267157 0.202614 0.308824 0.197712 0.345588 0.129085 0.414216 0.109477 0.443627 0.098039 0.473039 0.099673 0.477941 0.124183 0.477941 0.153595 0.492647 0.171569 0.512255 0.184641 0.541667 0.178105 0.600490 0.168301 0.644608 0.158497 0.669118 0.174837 0.740196 0.171569 0.818627 0.163399 0.857843 0.156863 0.867647 0.155229 0.884804 0.145425 0.899510 0.129085 0.906863 0.125817 0.921569 0.171569 0.921569 0.165033 0.916667 0.171569 0.906863 0.189542 0.904412 0.187908 0.894608 0.197712 0.884804 0.209150 0.887255 0.225490 0.838235 0.228758 0.796569 0.254902 0.740196 0.263072 0.700980 0.276144 0.671569 0.289216 0.625000 0.299020 0.531863 0.294118 0.416667 0.308824 0.370098 0.318627 0.284314 0.312092 0.264706 0.300654 0.247549
0 0.433007 0.666667 0.385621 0.625000 0.352941 0.622549 0.344771 0.627451 0.313725 0.674020 0.303922 0.720588 0.272876 0.750000 0.251634 0.799020 0.248366 0.843137 0.233660 0.887255 0.227124 0.928922 0.228758 0.953431 0.245098 0.992647 0.251634 1.000000 0.379085 0.997549 0.383987 0.968137 0.415033 0.926471 0.423203 0.906863 0.429739 0.875000 0.431373 0.821078 0.447712 0.776961 0.452614 0.750000 0.454248 0.705882 0.446078 0.683824
