0 0.218954 0.217073 0.189542 0.229268 0.171569 0.256098 0.169935 0.336585 0.161765 0.382927 0.161765 0.400000 0.171569 0.426829 0.140523 0.490244 0.137255 0.519512 0.156863 0.575610 0.156863 0.626829 0.186275 0.663415 0.217320 0.714634 0.241830 0.770732 0.254902 0.826829 0.264706 0.826829 0.277778 0.802439 0.274510 0.751220 0.287582 0.695122 0.287582 0.604878 0.300654 0.575610 0.313725 0.558537 0.357843 0.531707 0.359477 0.514634 0.343137 0.470732 0.315359 0.421951 0.318627 0.368293 0.303922 0.319512 0.302288 0.270732 0.297386 0.248780 0.285948 0.231707 0.267974 0.219512
0 0.001634 0.417073 0.000000 1.000000 0.225490 1.000000 0.228758 0.953659 0.248366 0.882927 0.250000 0.865854 0.241830 0.802439 0.218954 0.729268 0.194444 0.682927 0.156863 0.634146 0.150327 0.619512 0.155229 0.575610 0.132353 0.512195 0.122549 0.436585 0.106209 0.414634 0.081699 0.402439 0.037582 0.402439
0 0.921569 0.026829 0.906863 0.043902 0.898693 0.065854 0.898693 0.090244 0.885621 0.126829 0.883987 0.148780 0.936275 0.163415 0.959150 0.178049 0.967320 0.190244 0.975490 0.214634 0.968954 0.273171 0.973856 0.307317 0.973856 0.341463 0.968954 0.351220 0.972222 0.370732 0.968954 0.382927 0.985294 0.424390 1.000000 0.424390 1.000000 0.041463 0.978758 0.026829
0 0.880719 0.153659 0.861111 0.163415 0.851307 0.178049 0.843137 0.204878 0.843137 0.234146 0.820261 0.290244 0.818627 0.314634 0.808824 0.346341 0.859477 0.358537 0.875817 0.370732 0.888889 0.390244 0.898693 0.431707 0.895425 0.492683 0.905229 0.536585 0.903595 0.592683 0.936275 0.682927 0.957516 0.785366 0.960784 0.785366 0.970588 0.756098 0.970588 0.743902 0.988562 0.695122 0.993464 0.656098 0.990196 0.495122 0.975490 0.419512 0.967320 0.400000 0.960784 0.368293 0.972222 0.341463 0.973856 0.326829 0.968954 0.285366 0.973856 0.214634 0.967320 0.190244 0.952614 0.173171 0.911765 0.156098
0 0.617647 0.000000 0.604575 0.009756 0.596405 0.026829 0.596405 0.073171 0.589869 0.104878 0.594771 0.114634 0.611111 0.117073 0.633987 0.131707 0.645425 0.156098 0.645425 0.212195 0.658497 0.263415 0.658497 0.307317 0.668301 0.343902 0.687908 0.390244 0.702614 0.443902 0.712418 0.519512 0.722222 0.529268 0.738562 0.473171 0.741830 0.402439 0.746732 0.387805 0.746732 0.348780 0.727124 0.239024 0.700980 0.173171 0.707516 0.139024 0.700980 0.087805 0.702614 0.043902 0.694444 0.019512 0.686275 0.012195 0.648693 0.000000
0 0.555556 0.117073 0.532680 0.134146 0.524510 0.156098 0.524510 0.214634 0.516340 0.248780 0.516340 0.278049 0.558824 0.300000 0.575163 0.324390 0.580065 0.402439 0.593137 0.458537 0.593137 0.475610 0.586601 0.495122 0.588235 0.514634 0.625817 0.590244 0.645425 0.653659 0.656863 0.673171 0.660131 0.687805 0.665033 0.687805 0.678105 0.670732 0.699346 0.617073 0.697712 0.604878 0.702614 0.597561 0.702614 0.582927 0.705882 0.578049 0.705882 0.563415 0.700980 0.558537 0.704248 0.502439 0.700980 0.497561 0.700980 0.470732 0.694444 0.426829 0.679739 0.380488 0.648693 0.314634 0.648693 0.300000 0.656863 0.280488 0.656863 0.258537 0.643791 0.212195 0.647059 0.165854 0.642157 0.146341 0.625817 0.126829 0.588235 0.112195
0 0.388889 0.000000 0.388889 0.019512 0.380719 0.053659 0.380719 0.080488 0.388889 0.097561 0.390523 0.156098 0.405229 0.209756 0.405229 0.241463 0.433007 0.307317 0.441176 0.309756 0.464052 0.287805 0.509804 0.275610 0.521242 0.217073 0.521242 0.180488 0.486928 0.097561 0.495098 0.068293 0.491830 0.039024 0.483660 0.014634 0.483660 0.000000
0 0.284314 0.075610 0.271242 0.100000 0.272876 0.170732 0.267974 0.212195 0.285948 0.229268 0.302288 0.258537 0.305556 0.317073 0.320261 0.368293 0.326797 0.424390 0.364379 0.514634 0.375817 0.526829 0.405229 0.529268 0.413399 0.524390 0.423203 0.509756 0.418301 0.458537 0.433007 0.390244 0.431373 0.324390 0.393791 0.229268 0.400327 0.207317 0.387255 0.148780 0.387255 0.114634 0.382353 0.090244 0.370915 0.070732 0.354575 0.063415 0.316993 0.063415
0 0.178105 0.000000 0.174837 0.036585 0.184641 0.065854 0.168301 0.107317 0.174837 0.146341 0.169935 0.168293 0.171569 0.192683 0.192810 0.221951 0.218954 0.214634 0.263072 0.214634 0.271242 0.165854 0.269608 0.104878 0.282680 0.073171 0.281046 0.048780 0.287582 0.031707 0.284314 0.000000
0 0.080065 0.019512 0.055556 0.034146 0.047386 0.051220 0.049020 0.117073 0.044118 0.168293 0.057190 0.192683 0.032680 0.243902 0.016340 0.297561 0.017974 0.358537 0.044118 0.395122 0.083333 0.400000 0.111111 0.417073 0.124183 0.436585 0.130719 0.456098 0.132353 0.480488 0.138889 0.485366 0.163399 0.436585 0.163399 0.414634 0.158497 0.392683 0.168301 0.331707 0.166667 0.270732 0.169935 0.256098 0.187908 0.229268 0.187908 0.217073 0.165033 0.182927 0.171569 0.160976 0.171569 0.136585 0.156863 0.092683 0.158497 0.065854 0.151961 0.036585 0.140523 0.024390 0.117647 0.017073
0 0.772876 0.363415 0.751634 0.385366 0.745098 0.407317 0.743464 0.463415 0.725490 0.529268 0.727124 0.558537 0.738562 0.582927 0.730392 0.609756 0.764706 0.604878 0.810458 0.617073 0.831699 0.631707 0.852941 0.658537 0.866013 0.707317 0.864379 0.785366 0.875817 0.848780 0.872549 0.882927 0.874183 0.909756 0.887255 0.934146 0.897059 0.968293 0.905229 0.978049 0.910131 1.000000 0.941176 1.000000 0.954248 0.897561 0.954248 0.800000 0.947712 0.753659 0.928105 0.675610 0.906863 0.624390 0.905229 0.612195 0.895425 0.595122 0.905229 0.565854 0.905229 0.541463 0.893791 0.490244 0.897059 0.458537 0.893791 0.407317 0.882353 0.380488 0.852941 0.358537 0.805556 0.353659
0 0.704248 0.634146 0.687908 0.658537 0.681373 0.678049 0.678105 0.746341 0.656863 0.829268 0.658497 0.858537 0.666667 0.885366 0.642157 0.921951 0.606209 1.000000 0.905229 1.000000 0.890523 0.956098 0.866013 0.907317 0.866013 0.895122 0.874183 0.868293 0.874183 0.848780 0.861111 0.778049 0.864379 0.712195 0.859477 0.678049 0.852941 0.660976 0.839869 0.641463 0.825163 0.629268 0.771242 0.612195 0.730392 0.614634
0 0.477124 0.285366 0.452614 0.300000 0.437908 0.324390 0.433007 0.360976 0.434641 0.400000 0.421569 0.451220 0.421569 0.482927 0.429739 0.507317 0.419935 0.536585 0.439542 0.556098 0.460784 0.595122 0.467320 0.624390 0.468954 0.675610 0.482026 0.717073 0.488562 0.756098 0.488562 0.785366 0.517974 0.831707 0.545752 0.900000 0.560458 0.948780 0.566993 0.985366 0.571895 0.992683 0.584967 0.995122 0.650327 0.890244 0.645425 0.821951 0.650327 0.812195 0.648693 0.782927 0.651961 0.780488 0.648693 0.714634 0.643791 0.697561 0.645425 0.682927 0.622549 0.600000 0.606209 0.573171 0.578431 0.509756 0.588235 0.482927 0.589869 0.456098 0.578431 0.404878 0.576797 0.343902 0.571895 0.321951 0.553922 0.297561 0.529412 0.285366
0 0.307190 0.568293 0.297386 0.582927 0.287582 0.614634 0.290850 0.687805 0.281046 0.726829 0.277778 0.760976 0.281046 0.795122 0.287582 0.814634 0.272876 0.839024 0.241830 0.917073 0.230392 1.000000 0.562092 1.000000 0.553922 0.941463 0.537582 0.890244 0.504902 0.819512 0.491830 0.807317 0.483660 0.790244 0.483660 0.739024 0.467320 0.675610 0.464052 0.614634 0.454248 0.580488 0.431373 0.551220 0.397059 0.534146 0.367647 0.534146 0.343137 0.541463
0 0.109477 0.000000 0.016340 0.000000 0.019608 0.017073 0.000000 0.056098 0.000000 0.278049 0.013072 0.295122 0.021242 0.280488 0.032680 0.241463 0.052288 0.202439 0.052288 0.187805 0.042484 0.165854 0.049020 0.114634 0.045752 0.082927 0.047386 0.051220 0.065359 0.024390 0.086601 0.014634 0.107843 0.012195
0 0.674837 0.000000 0.692810 0.017073 0.700980 0.034146 0.704248 0.051220 0.702614 0.092683 0.709150 0.129268 0.707516 0.160976 0.718954 0.185366 0.718954 0.204878 0.733660 0.243902 0.751634 0.348780 0.754902 0.353659 0.767974 0.353659 0.782680 0.331707 0.781046 0.317073 0.790850 0.287805 0.792484 0.239024 0.779412 0.146341 0.771242 0.114634 0.743464 0.048780 0.751634 0.031707 0.750000 0.000000
