1 0.166154 0.525105 0.161538 0.540795 0.161538 0.567992 0.164615 0.575314 0.171538 0.583682 0.173846 0.591004 0.183846 0.602510 0.188462 0.610879 0.189231 0.616109 0.196154 0.626569 0.203846 0.644351 0.205385 0.654812 0.226154 0.705021 0.233077 0.715481 0.243077 0.724895 0.252308 0.730126 0.268462 0.732218 0.280000 0.729079 0.298462 0.734310 0.318462 0.764644 0.321538 0.778243 0.328462 0.793933 0.338462 0.807531 0.350769 0.819038 0.364615 0.822176 0.375385 0.817992 0.383846 0.808577 0.389231 0.796025 0.389231 0.776151 0.381538 0.752092 0.373846 0.736402 0.363077 0.724895 0.352308 0.708159 0.343846 0.666318 0.342308 0.630753 0.338462 0.612971 0.326154 0.585774 0.296154 0.544979 0.280000 0.517782 0.215385 0.517782 0.177692 0.520921
1 0.000000 0.214435 0.000000 0.401674 0.006154 0.406904 0.022308 0.432008 0.033077 0.441423 0.033846 0.449791 0.039231 0.456067 0.040000 0.462343 0.051538 0.478033 0.056154 0.482218 0.066923 0.486402 0.084615 0.484310 0.093077 0.474895 0.096154 0.461297 0.095385 0.442469 0.092308 0.432008 0.077692 0.400628 0.071538 0.396444 0.063846 0.381799 0.061538 0.369247 0.062308 0.329498 0.056154 0.298117 0.050769 0.283473 0.037692 0.261506 0.012308 0.230126 0.002308 0.214435
1 0.032308 0.198745 0.026154 0.228033 0.028462 0.243724 0.046923 0.267782 0.056923 0.284519 0.070000 0.313808 0.093846 0.343096 0.102308 0.374477 0.111538 0.387029 0.125385 0.396444 0.166154 0.396444 0.175385 0.398536 0.189231 0.417364 0.208462 0.434100 0.226154 0.460251 0.243846 0.474895 0.256923 0.475941 0.272308 0.465481 0.278462 0.441423 0.278462 0.424686 0.272308 0.410042 0.263846 0.397490 0.249231 0.382845 0.243846 0.380753 0.234615 0.369247 0.226923 0.348326 0.217692 0.289749 0.209231 0.267782 0.201538 0.254184 0.182308 0.228033 0.139231 0.176778 0.126923 0.169456 0.086923 0.169456 0.058462 0.172594 0.049231 0.176778 0.041538 0.190377
1 0.180000 0.193515 0.174615 0.206067 0.175385 0.216527 0.202308 0.251046 0.217692 0.280335 0.220769 0.292887 0.226923 0.306485 0.228462 0.316946 0.234615 0.335774 0.235385 0.347280 0.242308 0.360879 0.252308 0.374477 0.257692 0.376569 0.266923 0.385983 0.276923 0.388075 0.298462 0.387029 0.308462 0.390167 0.323077 0.412134 0.343077 0.418410 0.363077 0.437238 0.376154 0.455021 0.386154 0.461297 0.396923 0.461297 0.403846 0.458159 0.413077 0.445607 0.415385 0.437238 0.415385 0.419456 0.413077 0.411088 0.404615 0.399582 0.393846 0.390167 0.380000 0.371339 0.379231 0.334728 0.374615 0.314854 0.366923 0.298117 0.355385 0.282427 0.320000 0.247908 0.279231 0.202929 0.244615 0.171548 0.229231 0.167364 0.204615 0.170502 0.190000 0.180962
1 0.321538 0.188285 0.313846 0.215481 0.313846 0.233264 0.315385 0.238494 0.322308 0.248954 0.354615 0.281381 0.366154 0.296025 0.375385 0.311715 0.381538 0.327406 0.387692 0.335774 0.390769 0.346234 0.403846 0.366109 0.410000 0.372385 0.418462 0.376569 0.458462 0.376569 0.470000 0.378661 0.482308 0.398536 0.506923 0.422594 0.519231 0.430962 0.536154 0.434100 0.538462 0.437238 0.540000 0.451883 0.544615 0.456067 0.550769 0.457113 0.560769 0.452929 0.568462 0.442469 0.570769 0.432008 0.570769 0.417364 0.568462 0.407950 0.560000 0.394351 0.536923 0.372385 0.527692 0.359833 0.528462 0.330544 0.522308 0.302301 0.514615 0.286611 0.497692 0.266736 0.478462 0.250000 0.466154 0.235356 0.453077 0.225941 0.436154 0.206067 0.400769 0.170502 0.386923 0.160042 0.366923 0.158996 0.341538 0.165272 0.330769 0.174686
1 0.460769 0.166318 0.452308 0.182008 0.446923 0.196653 0.446923 0.213389 0.456154 0.225941 0.466923 0.234310 0.470769 0.240586 0.504615 0.271967 0.515385 0.286611 0.522308 0.299163 0.526923 0.312762 0.533846 0.357741 0.541538 0.364017 0.550769 0.366109 0.596923 0.367155 0.602308 0.371339 0.620000 0.398536 0.640000 0.417364 0.650000 0.435146 0.670769 0.451883 0.681538 0.457113 0.690769 0.457113 0.702308 0.448745 0.706154 0.442469 0.709231 0.430962 0.709231 0.416318 0.702308 0.395397 0.689231 0.376569 0.679231 0.368201 0.673846 0.367155 0.653077 0.341004 0.649231 0.332636 0.639231 0.284519 0.633077 0.267782 0.623846 0.248954 0.604615 0.220711 0.545385 0.157950 0.536923 0.152720 0.476154 0.153766 0.469231 0.156904
1 0.580000 0.169456 0.576923 0.179916 0.578462 0.190377 0.606923 0.221757 0.618462 0.238494 0.633846 0.266736 0.641538 0.286611 0.660000 0.307531 0.660000 0.319038 0.663077 0.329498 0.669231 0.336820 0.676154 0.341004 0.680000 0.347280 0.687692 0.351464 0.702308 0.354603 0.750000 0.354603 0.766923 0.373431 0.791538 0.382845 0.798462 0.390167 0.826923 0.411088 0.839231 0.424686 0.849231 0.430962 0.864615 0.430962 0.873077 0.424686 0.877692 0.417364 0.881538 0.405858 0.882308 0.397490 0.881538 0.388075 0.877692 0.377615 0.870000 0.368201 0.848462 0.355649 0.826154 0.335774 0.811538 0.327406 0.806923 0.320084 0.804615 0.309623 0.796923 0.290795 0.779231 0.257322 0.761538 0.232218 0.745385 0.214435 0.721538 0.198745 0.670769 0.154812 0.657692 0.146444 0.641538 0.144351 0.595385 0.149582 0.588462 0.155858
1 0.711538 0.150628 0.705385 0.169456 0.706154 0.180962 0.727692 0.200837 0.740769 0.208159 0.751538 0.221757 0.762308 0.231172 0.778462 0.253138 0.799231 0.291841 0.805385 0.299163 0.806154 0.304393 0.812308 0.312762 0.819231 0.316946 0.820769 0.326360 0.826923 0.327406 0.830000 0.333682 0.844615 0.343096 0.869231 0.341004 0.880000 0.343096 0.884615 0.354603 0.895385 0.370293 0.923846 0.390167 0.947692 0.412134 0.970769 0.426778 0.978462 0.428870 0.986154 0.427824 1.000000 0.413180 1.000000 0.379707 0.981538 0.357741 0.956154 0.335774 0.937692 0.314854 0.922308 0.289749 0.901538 0.236402 0.890769 0.216527 0.873077 0.192469 0.823846 0.147490 0.810000 0.138075 0.759231 0.137029 0.727692 0.139121 0.716923 0.143305
1 0.000000 0.543933 0.000000 0.759414 0.022308 0.789749 0.030000 0.803347 0.040000 0.828452 0.055385 0.847280 0.062308 0.850418 0.079231 0.849372 0.092308 0.834728 0.095385 0.825314 0.096154 0.808577 0.093077 0.794979 0.076923 0.760460 0.064615 0.745816 0.062308 0.739540 0.057692 0.700837 0.057692 0.670502 0.053077 0.642259 0.048462 0.632845 0.045385 0.618201 0.015385 0.563808 0.002308 0.543933
1 0.025385 0.537657 0.020000 0.556485 0.020000 0.563808 0.024615 0.576360 0.030769 0.581590 0.033077 0.591004 0.046923 0.611925 0.051538 0.624477 0.058462 0.635983 0.069231 0.671548 0.077692 0.689331 0.090769 0.707113 0.103846 0.721757 0.126154 0.740586 0.130769 0.742678 0.153077 0.742678 0.156154 0.744770 0.166154 0.758368 0.185385 0.769874 0.227692 0.813808 0.234615 0.815900 0.240769 0.814854 0.248462 0.810669 0.255385 0.801255 0.257692 0.789749 0.256923 0.771967 0.250000 0.756276 0.227692 0.729079 0.220769 0.715481 0.218462 0.705021 0.212308 0.691423 0.202308 0.651674 0.192308 0.626569 0.170769 0.588912 0.125385 0.530335 0.116154 0.526151 0.039231 0.530335 0.030000 0.532427
1 0.302308 0.517782 0.297692 0.529289 0.297692 0.538703 0.300000 0.546025 0.322308 0.577406 0.340769 0.607741 0.344615 0.617155 0.349231 0.642259 0.356154 0.653766 0.377692 0.679916 0.390000 0.691423 0.393077 0.697699 0.406923 0.713389 0.442308 0.714435 0.446923 0.717573 0.458462 0.735356 0.482308 0.744770 0.493077 0.752092 0.508462 0.769874 0.514615 0.773013 0.530769 0.771967 0.539231 0.763598 0.544615 0.751046 0.545385 0.738494 0.540769 0.720711 0.530000 0.706067 0.518462 0.695607 0.512308 0.685146 0.512308 0.649582 0.508462 0.634937 0.501538 0.619247 0.490000 0.603556 0.447692 0.560669 0.433846 0.542887 0.425385 0.536611 0.403846 0.511506 0.396154 0.506276 0.358462 0.506276 0.314615 0.510460 0.306154 0.512552
1 0.446154 0.508368 0.440000 0.534519 0.441538 0.549163 0.471538 0.584728 0.483077 0.594142 0.499231 0.612971 0.506923 0.626569 0.513077 0.644351 0.517692 0.683054 0.524615 0.692469 0.550769 0.701883 0.573077 0.699791 0.583077 0.702929 0.596154 0.724895 0.615385 0.736402 0.626923 0.746862 0.633846 0.757322 0.640000 0.771967 0.654615 0.785565 0.670000 0.787657 0.679231 0.781381 0.685385 0.773013 0.689231 0.755230 0.686154 0.735356 0.678462 0.720711 0.661538 0.707113 0.650000 0.692469 0.645385 0.683054 0.641538 0.665272 0.639231 0.629707 0.632308 0.595188 0.623846 0.571130 0.612308 0.548117 0.585385 0.509414 0.569231 0.493724 0.564615 0.491632 0.540769 0.491632 0.461538 0.498954 0.453077 0.501046
1 0.593077 0.498954 0.590769 0.507322 0.591538 0.513598 0.615385 0.550209 0.632308 0.589958 0.641538 0.606695 0.642308 0.623431 0.647692 0.650628 0.658462 0.666318 0.668462 0.673640 0.673077 0.680962 0.683846 0.686192 0.724615 0.686192 0.731538 0.690377 0.736923 0.697699 0.765385 0.705021 0.771538 0.713389 0.778462 0.716527 0.781538 0.722803 0.792308 0.734310 0.805385 0.740586 0.820000 0.738494 0.830000 0.725941 0.833077 0.714435 0.833077 0.699791 0.830000 0.688285 0.826154 0.680962 0.805385 0.664226 0.792308 0.647490 0.790000 0.610879 0.786154 0.596234 0.775385 0.575314 0.766923 0.563808 0.749231 0.546025 0.736923 0.537657 0.733077 0.532427 0.727692 0.530335 0.690769 0.495816 0.685385 0.488494 0.675385 0.483264 0.650769 0.483264 0.607692 0.487448 0.601538 0.489540
1 0.696154 0.480126 0.693077 0.490586 0.695385 0.498954 0.728462 0.529289 0.736154 0.533473 0.755385 0.550209 0.767692 0.563808 0.780000 0.581590 0.789231 0.601464 0.793846 0.627615 0.793077 0.635983 0.797692 0.653766 0.813846 0.670502 0.822308 0.674686 0.857692 0.674686 0.876923 0.702929 0.897692 0.721757 0.907692 0.735356 0.923846 0.746862 0.934615 0.744770 0.946923 0.731172 0.950000 0.719665 0.949231 0.705021 0.940000 0.689331 0.930000 0.679916 0.927692 0.674686 0.922308 0.671548 0.920769 0.666318 0.910000 0.652720 0.912308 0.622385 0.909231 0.604603 0.904615 0.587866 0.889231 0.561715 0.803077 0.479079 0.790769 0.470711 0.781538 0.469665 0.712308 0.475941
1 0.675385 0.000000 0.680769 0.007322 0.684615 0.007322 0.690769 0.016736 0.740769 0.017782 0.747692 0.019874 0.765385 0.039749 0.776923 0.046025 0.795385 0.051255 0.820000 0.067992 0.840000 0.087866 0.853077 0.096234 0.861538 0.096234 0.873846 0.087866 0.880769 0.071130 0.880769 0.056485 0.873846 0.040795 0.847692 0.023013 0.821538 0.000000
1 0.078462 0.001046 0.080000 0.020921 0.084615 0.030335 0.094615 0.036611 0.102308 0.036611 0.110000 0.039749 0.140000 0.038703 0.143077 0.034519 0.150769 0.032427 0.154615 0.034519 0.173846 0.063808 0.195385 0.087866 0.220000 0.125523 0.227692 0.131799 0.233846 0.133891 0.247692 0.132845 0.256923 0.124477 0.263846 0.110879 0.266154 0.091004 0.263077 0.077406 0.248462 0.052301 0.229231 0.028243 0.225385 0.014644 0.221538 0.009414 0.220000 0.000000
