0 0.890052 0.093137 0.879581 0.099673 0.879581 0.124183 0.858639 0.140523 0.853403 0.256536 0.858639 0.315359 0.863874 0.320261 0.952880 0.320261 0.960733 0.310458 0.960733 0.184641 0.955497 0.142157 0.931937 0.122549 0.929319 0.094771
0 0.078534 0.338235 0.070681 0.341503 0.054974 0.366013 0.031414 0.433007 0.034031 0.470588 0.044503 0.503268 0.031414 0.599673 0.031414 0.638889 0.036649 0.648693 0.054974 0.653595 0.133508 0.653595 0.154450 0.648693 0.159686 0.640523 0.159686 0.596405 0.149215 0.542484 0.149215 0.500000 0.159686 0.464052 0.157068 0.413399 0.123037 0.343137 0.109948 0.338235
0 0.269634 0.361111 0.227749 0.364379 0.227749 0.388889 0.201571 0.413399 0.193717 0.436275 0.198953 0.547386 0.196335 0.638889 0.204188 0.651961 0.219895 0.655229 0.316754 0.653595 0.327225 0.630719 0.321990 0.591503 0.324607 0.429739 0.311518 0.406863 0.293194 0.392157 0.290576 0.366013
0 0.447644 0.406863 0.395288 0.408497 0.392670 0.442810 0.361257 0.506536 0.361257 0.557190 0.371728 0.584967 0.361257 0.612745 0.363874 0.645425 0.371728 0.661765 0.403141 0.666667 0.437173 0.665033 0.439791 0.656863 0.463351 0.655229 0.486911 0.640523 0.486911 0.609477 0.479058 0.596405 0.486911 0.562092 0.486911 0.511438 0.476440 0.480392 0.455497 0.447712 0.452880 0.410131
0 0.547120 0.392157 0.544503 0.436275 0.515707 0.483660 0.518325 0.547386 0.528796 0.586601 0.520942 0.627451 0.531414 0.643791 0.539267 0.647059 0.607330 0.648693 0.623037 0.647059 0.636126 0.622549 0.633508 0.606209 0.625654 0.596405 0.633508 0.555556 0.633508 0.477124 0.604712 0.434641 0.602094 0.393791 0.581152 0.390523
0 0.709424 0.375817 0.704188 0.377451 0.701571 0.411765 0.678010 0.429739 0.670157 0.442810 0.670157 0.584967 0.675393 0.637255 0.680628 0.648693 0.691099 0.651961 0.774869 0.651961 0.793194 0.647059 0.798429 0.625817 0.801047 0.516340 0.795812 0.436275 0.764398 0.410131 0.761780 0.377451
0 0.874346 0.374183 0.869110 0.377451 0.871728 0.406863 0.842932 0.437908 0.835079 0.454248 0.840314 0.527778 0.837696 0.637255 0.842932 0.647059 0.853403 0.651961 0.942408 0.651961 0.958115 0.647059 0.963351 0.630719 0.963351 0.452614 0.958115 0.439542 0.929319 0.408497 0.929319 0.377451 0.924084 0.374183
0 0.086387 0.694444 0.073298 0.696078 0.062827 0.702614 0.039267 0.750000 0.041885 0.790850 0.060209 0.864379 0.052356 0.936275 0.062827 0.946078 0.078534 0.949346 0.143979 0.949346 0.157068 0.939542 0.162304 0.892157 0.138743 0.828431 0.138743 0.803922 0.128272 0.787582 0.136126 0.745098 0.112565 0.700980 0.104712 0.696078
0 0.293194 0.753268 0.274869 0.754902 0.264398 0.772876 0.240838 0.784314 0.219895 0.812092 0.214660 0.831699 0.217277 0.861111 0.201571 0.919935 0.201571 0.941176 0.212042 0.947712 0.295812 0.949346 0.306283 0.942810 0.301047 0.875817 0.324607 0.816993 0.324607 0.802288 0.316754 0.787582 0.327225 0.764706
0 0.371728 0.753268 0.363874 0.756536 0.369110 0.785948 0.366492 0.826797 0.371728 0.834967 0.366492 0.861111 0.371728 0.898693 0.363874 0.913399 0.363874 0.937908 0.379581 0.947712 0.455497 0.947712 0.465969 0.939542 0.465969 0.910131 0.460733 0.906863 0.463351 0.903595 0.452880 0.900327 0.460733 0.893791 0.460733 0.872549 0.447644 0.857843 0.452880 0.836601 0.450262 0.810458 0.424084 0.784314 0.413613 0.754902 0.408377 0.751634
0 0.612565 0.751634 0.583770 0.750000 0.573298 0.758170 0.565445 0.777778 0.518325 0.797386 0.510471 0.807190 0.515707 0.875817 0.500000 0.921569 0.507853 0.946078 0.515707 0.949346 0.599476 0.949346 0.609948 0.936275 0.609948 0.903595 0.596859 0.872549 0.625654 0.830065 0.625654 0.807190 0.617801 0.797386 0.617801 0.787582 0.628272 0.771242 0.628272 0.759804
0 0.743455 0.736928 0.719895 0.738562 0.714660 0.759804 0.693717 0.784314 0.685864 0.810458 0.662304 0.848039 0.662304 0.872549 0.670157 0.893791 0.662304 0.929739 0.670157 0.944444 0.685864 0.949346 0.748691 0.947712 0.761780 0.933007 0.764398 0.915033 0.756545 0.893791 0.756545 0.849673 0.772251 0.820261 0.761780 0.787582 0.761780 0.771242 0.772251 0.746732
0 0.947644 0.738562 0.926702 0.738562 0.900524 0.761438 0.861257 0.769608 0.837696 0.792484 0.829843 0.813725 0.827225 0.856209 0.803665 0.931373 0.808901 0.944444 0.832461 0.947712 0.890052 0.947712 0.905759 0.944444 0.905759 0.900327 0.892670 0.864379 0.947644 0.823529 0.955497 0.805556 0.952880 0.781046 0.973822 0.756536 0.968586 0.746732
0 0.096859 0.021242 0.081152 0.026144 0.081152 0.045752 0.049738 0.070261 0.044503 0.080065 0.047120 0.308824 0.054974 0.315359 0.146597 0.316993 0.159686 0.313725 0.167539 0.299020 0.167539 0.083333 0.154450 0.063725 0.128272 0.045752 0.128272 0.024510
0 0.253927 0.049020 0.227749 0.050654 0.219895 0.055556 0.188482 0.125817 0.188482 0.156863 0.198953 0.202614 0.188482 0.303922 0.191099 0.312092 0.204188 0.318627 0.287958 0.318627 0.298429 0.310458 0.301047 0.281046 0.290576 0.223856 0.298429 0.122549 0.274869 0.063725 0.267016 0.053922
0 0.374346 0.062092 0.361257 0.063725 0.358639 0.091503 0.335079 0.107843 0.327225 0.119281 0.327225 0.142157 0.335079 0.155229 0.324607 0.174837 0.324607 0.308824 0.332461 0.316993 0.426702 0.318627 0.437173 0.310458 0.439791 0.269608 0.437173 0.165033 0.429319 0.156863 0.437173 0.142157 0.437173 0.119281 0.403141 0.088235 0.403141 0.063725
0 0.489529 0.081699 0.484293 0.084967 0.484293 0.107843 0.471204 0.127451 0.463351 0.174837 0.463351 0.312092 0.468586 0.318627 0.560209 0.320261 0.570681 0.315359 0.573298 0.166667 0.562827 0.119281 0.552356 0.107843 0.552356 0.084967 0.547120 0.081699
0 0.623037 0.094771 0.617801 0.099673 0.620419 0.127451 0.594241 0.169935 0.594241 0.225490 0.602094 0.250000 0.596859 0.303922 0.609948 0.318627 0.680628 0.320261 0.693717 0.312092 0.698953 0.295752 0.696335 0.279412 0.688482 0.269608 0.696335 0.233660 0.696335 0.169935 0.670157 0.130719 0.667539 0.094771
0 0.759162 0.109477 0.753927 0.114379 0.753927 0.138889 0.735602 0.166667 0.725131 0.196078 0.722513 0.227124 0.732984 0.266340 0.722513 0.289216 0.722513 0.307190 0.732984 0.320261 0.821990 0.320261 0.829843 0.312092 0.824607 0.259804 0.832461 0.214052 0.827225 0.181373 0.806283 0.142157 0.803665 0.111111
