1 0.260833 0.490833 0.232500 0.475000 0.220833 0.476667 0.213333 0.488333 0.210000 0.503333 0.200000 0.514167 0.168333 0.537500 0.150000 0.547500 0.135000 0.558333 0.131667 0.564167 0.131667 0.569167 0.136667 0.580000 0.145000 0.586667 0.154167 0.587500 0.177500 0.574167 0.205000 0.555000 0.232500 0.545000 0.257500 0.533333 0.264167 0.525833 0.259167 0.506667 0.261667 0.497500
1 0.699167 0.711667 0.687500 0.704167 0.638333 0.680000 0.626667 0.678333 0.617500 0.690833 0.615000 0.701667 0.615000 0.730000 0.606667 0.746667 0.561667 0.798333 0.550000 0.814167 0.549167 0.826667 0.554167 0.835000 0.562500 0.842500 0.568333 0.845000 0.579167 0.845833 0.584167 0.843333 0.626667 0.790833 0.642500 0.774167 0.658333 0.762500 0.669167 0.760000 0.678333 0.750000 0.680000 0.743333 0.700833 0.715833
1 0.617500 0.670000 0.611667 0.666667 0.605000 0.666667 0.595833 0.672500 0.581667 0.686667 0.578333 0.688333 0.565000 0.687500 0.549167 0.674167 0.545833 0.666667 0.545000 0.657500 0.546667 0.651667 0.553333 0.643333 0.554167 0.638333 0.545833 0.633333 0.538333 0.633333 0.532500 0.641667 0.529167 0.654167 0.505000 0.690833 0.445000 0.750833 0.441667 0.757500 0.441667 0.765833 0.445000 0.773333 0.452500 0.781667 0.459167 0.785000 0.466667 0.785833 0.472500 0.783333 0.489167 0.769167 0.500833 0.755000 0.533333 0.722500 0.573333 0.695000 0.613333 0.679167 0.618333 0.675000
1 0.530833 0.626667 0.521667 0.620000 0.505000 0.612500 0.501667 0.613333 0.480833 0.630000 0.475000 0.632500 0.469167 0.632500 0.455833 0.625000 0.446667 0.610833 0.442500 0.610833 0.421667 0.640833 0.395000 0.665000 0.384167 0.672500 0.365833 0.690833 0.362500 0.696667 0.364167 0.708333 0.368333 0.715000 0.375833 0.721667 0.383333 0.723333 0.389167 0.722500 0.397500 0.717500 0.444167 0.674167 0.449167 0.672500 0.472500 0.656667 0.518333 0.639167 0.530000 0.630833
1 0.442500 0.584167 0.433333 0.576667 0.405000 0.563333 0.398333 0.564167 0.380000 0.577500 0.366667 0.584167 0.360000 0.584167 0.349167 0.580833 0.324167 0.602500 0.283333 0.630000 0.274167 0.640000 0.274167 0.651667 0.278333 0.659167 0.285000 0.665833 0.290833 0.668333 0.300000 0.666667 0.348333 0.631667 0.375833 0.617500 0.402500 0.614167 0.420000 0.608333 0.442500 0.588333
1 0.347500 0.535000 0.326667 0.523333 0.315000 0.519167 0.309167 0.519167 0.287500 0.530833 0.275833 0.532500 0.256667 0.551667 0.203333 0.585000 0.196667 0.593333 0.196667 0.604167 0.205000 0.615833 0.211667 0.619167 0.218333 0.619167 0.275833 0.585000 0.307500 0.580000 0.325000 0.573333 0.335833 0.565000 0.340000 0.550833 0.348333 0.538333
1 0.398333 0.141667 0.387500 0.129167 0.377500 0.122500 0.369167 0.120000 0.357500 0.120000 0.200833 0.173333 0.188333 0.180000 0.177500 0.190833 0.170833 0.204167 0.168333 0.219167 0.163333 0.225000 0.136667 0.236667 0.087500 0.254167 0.079167 0.262500 0.080000 0.276667 0.087500 0.288333 0.095000 0.293333 0.101667 0.294167 0.126667 0.287500 0.158333 0.272500 0.183333 0.265000 0.205000 0.253333 0.215833 0.250833 0.237500 0.250833 0.241667 0.245833 0.246667 0.227500 0.255000 0.215833 0.267500 0.205000 0.292500 0.192500 0.329167 0.181667 0.342500 0.175000 0.395833 0.156667 0.400833 0.151667
1 0.472500 0.158333 0.460000 0.147500 0.450000 0.144167 0.438333 0.143333 0.407500 0.151667 0.365833 0.169167 0.345833 0.174167 0.317500 0.186667 0.305833 0.188333 0.281667 0.197500 0.268333 0.204167 0.250833 0.221667 0.244167 0.235000 0.241667 0.248333 0.239167 0.250833 0.225000 0.258333 0.174167 0.277500 0.158333 0.285833 0.153333 0.290833 0.150833 0.296667 0.152500 0.308333 0.157500 0.317500 0.163333 0.322500 0.175833 0.325000 0.199167 0.317500 0.247500 0.295833 0.270000 0.293333 0.285000 0.285833 0.301667 0.281667 0.313333 0.285000 0.321667 0.284167 0.327500 0.276667 0.337500 0.251667 0.351667 0.234167 0.378333 0.220000 0.388333 0.217500 0.415833 0.204167 0.425833 0.201667 0.455833 0.187500 0.469167 0.183333 0.478333 0.177500 0.479167 0.170833
1 0.561667 0.188333 0.553333 0.177500 0.545833 0.171667 0.534167 0.165833 0.516667 0.165833 0.485833 0.176667 0.465833 0.186667 0.455000 0.189167 0.449167 0.193333 0.416667 0.205000 0.395833 0.215833 0.379167 0.220833 0.351667 0.235833 0.340000 0.250833 0.332500 0.269167 0.331667 0.276667 0.324167 0.287500 0.299167 0.298333 0.293333 0.302500 0.265833 0.313333 0.248333 0.324167 0.243333 0.329167 0.241667 0.342500 0.244167 0.350000 0.252500 0.360833 0.260000 0.364167 0.270833 0.365000 0.280000 0.362500 0.283333 0.359167 0.335833 0.332500 0.373333 0.322500 0.406667 0.310000 0.425000 0.293333 0.438333 0.275833 0.448333 0.266667 0.498333 0.240833 0.501667 0.237500 0.560000 0.210000 0.564167 0.202500
1 0.652500 0.211667 0.639167 0.197500 0.628333 0.192500 0.617500 0.190833 0.603333 0.192500 0.574167 0.204167 0.535000 0.225000 0.510000 0.235000 0.490000 0.248333 0.465000 0.259167 0.451667 0.267500 0.436667 0.283333 0.430833 0.295833 0.426667 0.317500 0.420000 0.326667 0.412500 0.329167 0.398333 0.339167 0.354167 0.361667 0.344167 0.370000 0.340833 0.375833 0.340833 0.383333 0.345000 0.395833 0.353333 0.405000 0.363333 0.410000 0.370000 0.410000 0.449167 0.366667 0.467500 0.365000 0.495000 0.355000 0.505000 0.357500 0.509167 0.362500 0.519167 0.362500 0.531667 0.343333 0.540000 0.322500 0.552500 0.306667 0.563333 0.297500 0.575000 0.291667 0.600833 0.273333 0.637500 0.251667 0.647500 0.247500 0.655833 0.240833 0.659167 0.230000 0.657500 0.221667
1 0.756667 0.240000 0.742500 0.224167 0.725833 0.216667 0.711667 0.215833 0.695833 0.220000 0.595000 0.279167 0.575000 0.293333 0.564167 0.298333 0.547500 0.313333 0.540000 0.328333 0.535833 0.345000 0.535833 0.356667 0.529167 0.370833 0.470000 0.407500 0.460833 0.416667 0.457500 0.423333 0.456667 0.431667 0.461667 0.445000 0.469167 0.452500 0.476667 0.455833 0.490833 0.455833 0.514167 0.440833 0.548333 0.413333 0.559167 0.407500 0.584167 0.405833 0.605833 0.397500 0.611667 0.397500 0.625000 0.404167 0.630000 0.402500 0.639167 0.387500 0.650000 0.360833 0.660833 0.345833 0.761667 0.271667 0.764167 0.268333 0.764167 0.259167
1 0.874167 0.255000 0.859167 0.242500 0.846667 0.236667 0.827500 0.235000 0.814167 0.238333 0.792500 0.254167 0.768333 0.268333 0.755833 0.280000 0.727500 0.298333 0.692500 0.326667 0.689167 0.327500 0.665833 0.345000 0.657500 0.353333 0.649167 0.367500 0.640833 0.391667 0.639167 0.408333 0.622500 0.424167 0.592500 0.445833 0.578333 0.460000 0.575000 0.474167 0.579167 0.486667 0.587500 0.495833 0.595000 0.500000 0.610000 0.500833 0.615833 0.499167 0.632500 0.488333 0.652500 0.469167 0.674167 0.452500 0.703333 0.453333 0.714167 0.450833 0.725000 0.445000 0.745000 0.430000 0.752500 0.428333 0.760833 0.423333 0.826667 0.365833 0.854167 0.337500 0.875000 0.319167 0.883333 0.303333 0.885000 0.280833 0.881667 0.268333
1 0.276667 0.370000 0.263333 0.369167 0.254167 0.365833 0.235000 0.337500 0.202500 0.323333 0.190000 0.324167 0.181667 0.326667 0.171667 0.333333 0.163333 0.345000 0.156667 0.359167 0.152500 0.363333 0.135000 0.370833 0.111667 0.376667 0.072500 0.392500 0.064167 0.400833 0.064167 0.413333 0.072500 0.428333 0.084167 0.431667 0.115000 0.422500 0.170000 0.397500 0.178333 0.398333 0.190000 0.405000 0.200833 0.408333 0.216667 0.408333 0.247500 0.396667 0.263333 0.388333 0.276667 0.373333
1 0.360833 0.415833 0.345000 0.401667 0.340000 0.388333 0.333333 0.378333 0.315000 0.372500 0.310833 0.369167 0.294167 0.367500 0.282500 0.373333 0.274167 0.380833 0.265833 0.390833 0.256667 0.406667 0.248333 0.415000 0.187500 0.446667 0.180000 0.455000 0.180000 0.465000 0.189167 0.480000 0.196667 0.483333 0.205000 0.482500 0.263333 0.452500 0.306667 0.440000 0.327500 0.439167 0.339167 0.431667 0.343333 0.431667 0.357500 0.422500
1 0.450833 0.430833 0.436667 0.421667 0.395000 0.404167 0.384167 0.404167 0.375833 0.410000 0.359167 0.429167 0.335000 0.452500 0.300000 0.470000 0.267500 0.492500 0.261667 0.501667 0.264167 0.517500 0.271667 0.527500 0.278333 0.530833 0.285833 0.530833 0.295000 0.527500 0.354167 0.488333 0.380833 0.482500 0.401667 0.471667 0.423333 0.465000 0.436667 0.452500 0.439167 0.446667 0.450000 0.435833
1 0.549167 0.471667 0.541667 0.469167 0.530000 0.460833 0.506667 0.451667 0.501667 0.451667 0.487500 0.459167 0.479167 0.458333 0.466667 0.452500 0.455833 0.440833 0.450833 0.440833 0.432500 0.461667 0.425000 0.481667 0.412500 0.498333 0.360833 0.532500 0.343333 0.547500 0.340833 0.554167 0.342500 0.566667 0.348333 0.576667 0.353333 0.580833 0.360000 0.583333 0.368333 0.583333 0.380833 0.575833 0.393333 0.565000 0.404167 0.559167 0.437500 0.532500 0.451667 0.527500 0.467500 0.526667 0.478333 0.522500 0.498333 0.518333 0.526667 0.494167 0.534167 0.493333 0.550000 0.475833
1 0.635000 0.510833 0.628333 0.505000 0.620833 0.501667 0.611667 0.503333 0.595833 0.501667 0.581667 0.492500 0.576667 0.483333 0.569167 0.478333 0.556667 0.481667 0.547500 0.493333 0.545833 0.500000 0.539167 0.511667 0.533333 0.517500 0.521667 0.535833 0.511667 0.545833 0.466667 0.579167 0.450000 0.595000 0.446667 0.605000 0.447500 0.612500 0.455833 0.625000 0.465000 0.630833 0.475833 0.631667 0.482500 0.629167 0.536667 0.583333 0.543333 0.574167 0.567500 0.563333 0.572500 0.559167 0.595000 0.553333 0.616667 0.542500 0.628333 0.530000 0.635833 0.515000
1 0.719167 0.541667 0.685000 0.525833 0.655000 0.518333 0.648333 0.520000 0.635000 0.527500 0.620000 0.550000 0.616667 0.577500 0.612500 0.590833 0.555833 0.640000 0.547500 0.650000 0.545833 0.665833 0.550000 0.675000 0.563333 0.685833 0.577500 0.686667 0.591667 0.676667 0.642500 0.625833 0.652500 0.621667 0.667500 0.624167 0.685000 0.624167 0.694167 0.620833 0.698333 0.614167 0.706667 0.570833 0.710000 0.563333 0.721667 0.550000
