2 0.145414 0.006321 0.017897 0.007585 0.005593 0.037927 0.003356 0.063211 0.004474 0.465234 0.007830 0.476612 0.016779 0.484197 0.054810 0.493047 0.117450 0.493047 0.149888 0.484197 0.156600 0.477876 0.159955 0.467762 0.157718 0.051833 0.152125 0.013906
2 0.181208 0.005057 0.176734 0.010114 0.171141 0.040455 0.172260 0.469027 0.183445 0.481669 0.211409 0.489254 0.265101 0.491783 0.309843 0.485461 0.324385 0.474083 0.326622 0.447535 0.326622 0.313527 0.324385 0.278129 0.325503 0.067004 0.324385 0.039191 0.319911 0.024020 0.318792 0.008850 0.313199 0.003793
2 0.346756 0.005057 0.343400 0.008850 0.335570 0.050569 0.337808 0.466498 0.345638 0.480405 0.369128 0.487990 0.393736 0.491783 0.435123 0.493047 0.475391 0.485461 0.489933 0.476612 0.493289 0.467762 0.491051 0.044248 0.485459 0.021492 0.485459 0.008850 0.478747 0.003793
2 0.516779 0.005057 0.511186 0.010114 0.504474 0.040455 0.503356 0.065740 0.505593 0.173198 0.505593 0.466498 0.508949 0.475348 0.520134 0.482933 0.553691 0.490518 0.583893 0.493047 0.609620 0.491783 0.646532 0.484197 0.656600 0.476612 0.659955 0.467762 0.658837 0.055626 0.652125 0.007585 0.644295 0.003793
2 0.684564 0.007585 0.680089 0.013906 0.678971 0.027813 0.673378 0.046776 0.673378 0.447535 0.676734 0.475348 0.687919 0.484197 0.723714 0.493047 0.781879 0.493047 0.807606 0.489254 0.822148 0.482933 0.828859 0.476612 0.831096 0.453856 0.827740 0.184576 0.828859 0.050569 0.822148 0.008850 0.818792 0.006321 0.730425 0.005057
2 0.853468 0.005057 0.847875 0.010114 0.841163 0.049305 0.842282 0.467762 0.844519 0.474083 0.854586 0.481669 0.888143 0.490518 0.922819 0.493047 0.965324 0.490518 0.988814 0.481669 0.996644 0.471555 0.995526 0.040455 0.987696 0.007585 0.984340 0.005057
2 0.017897 0.509482 0.008949 0.517067 0.003356 0.549937 0.004474 0.967130 0.011186 0.982301 0.049217 0.993679 0.115213 0.994943 0.134228 0.992415 0.154362 0.983565 0.159955 0.970923 0.157718 0.544880 0.152125 0.517067 0.144295 0.508217
2 0.181208 0.508217 0.175615 0.518331 0.171141 0.544880 0.171141 0.968394 0.175615 0.978508 0.183445 0.983565 0.220358 0.992415 0.272931 0.993679 0.312081 0.986094 0.322148 0.979772 0.326622 0.967130 0.324385 0.541087 0.318792 0.514539 0.315436 0.508217 0.308725 0.506953
2 0.345638 0.508217 0.342282 0.515803 0.335570 0.556258 0.337808 0.964602 0.340045 0.974716 0.347875 0.983565 0.391499 0.992415 0.453020 0.992415 0.479866 0.984829 0.491051 0.975980 0.493289 0.968394 0.491051 0.543616 0.483221 0.508217 0.479866 0.506953
2 0.514541 0.509482 0.510067 0.518331 0.504474 0.549937 0.505593 0.967130 0.508949 0.977244 0.516779 0.983565 0.554810 0.992415 0.589485 0.993679 0.634228 0.989886 0.653244 0.982301 0.659955 0.969659 0.658837 0.557522 0.651007 0.510746 0.646532 0.508217
2 0.687919 0.509482 0.680089 0.517067 0.673378 0.553729 0.674497 0.967130 0.681208 0.982301 0.710291 0.992415 0.727069 0.994943 0.804251 0.992415 0.826622 0.982301 0.831096 0.968394 0.828859 0.551201 0.822148 0.515803 0.817673 0.509482
2 0.853468 0.508217 0.847875 0.515803 0.842282 0.541087 0.841163 0.912769 0.843400 0.973451 0.853468 0.983565 0.892617 0.992415 0.963087 0.992415 0.991051 0.982301 0.996644 0.972187 0.995526 0.544880 0.986577 0.509482 0.979866 0.506953
