1 0.661074 0.660606 0.662192 0.684848 0.667785 0.706061 0.675615 0.713636 0.692394 0.716667 0.720358 0.715152 0.825503 0.727273 0.841163 0.734848 0.855705 0.734848 0.873602 0.724242 0.890380 0.701515 0.966443 0.704545 0.970917 0.698485 0.970917 0.674242 0.966443 0.665152 0.945190 0.665152 0.940716 0.662121 0.893736 0.657576 0.871365 0.627273 0.857942 0.618182 0.828859 0.618182 0.817673 0.624242 0.706935 0.613636 0.678971 0.615152 0.667785 0.627273
1 0.663311 0.474242 0.664430 0.506061 0.670022 0.524242 0.676734 0.531818 0.690157 0.534848 0.710291 0.528788 0.815436 0.531818 0.842282 0.546970 0.873602 0.548485 0.890380 0.539394 0.913870 0.516667 0.989933 0.521212 0.995526 0.516667 0.997763 0.507576 0.996644 0.483333 0.991051 0.475758 0.918345 0.472727 0.909396 0.468182 0.889262 0.442424 0.866890 0.433333 0.800895 0.434848 0.731544 0.428788 0.684564 0.428788 0.671141 0.439394
1 0.976510 0.293939 0.972036 0.281818 0.964206 0.278788 0.890380 0.278788 0.872483 0.254545 0.859060 0.245455 0.692394 0.253030 0.674497 0.259091 0.665548 0.278788 0.663311 0.313636 0.668904 0.340909 0.676734 0.350000 0.683445 0.353030 0.697987 0.353030 0.706935 0.343939 0.718121 0.342424 0.805369 0.343939 0.823266 0.346970 0.840045 0.357576 0.851230 0.359091 0.873602 0.348485 0.888143 0.325758 0.894855 0.322727 0.970917 0.319697 0.975391 0.313636
1 0.314318 0.616667 0.315436 0.646970 0.319911 0.659091 0.326622 0.666667 0.427293 0.678788 0.463087 0.689394 0.498881 0.689394 0.521253 0.665152 0.538031 0.663636 0.583893 0.668182 0.589485 0.665152 0.592841 0.657576 0.592841 0.639394 0.586130 0.631818 0.527964 0.624242 0.522371 0.621212 0.506711 0.596970 0.483221 0.589394 0.457494 0.590909 0.400447 0.583333 0.338926 0.580303 0.329978 0.583333 0.321029 0.592424
1 0.312081 0.450000 0.313199 0.481818 0.322148 0.496970 0.331096 0.501515 0.417226 0.506061 0.456376 0.516667 0.524609 0.509091 0.585011 0.516667 0.590604 0.513636 0.595078 0.506061 0.595078 0.486364 0.591723 0.481818 0.533557 0.468182 0.463087 0.433333 0.426174 0.421212 0.336689 0.410606 0.324385 0.416667 0.319911 0.422727
1 0.312081 0.281818 0.313199 0.316667 0.317673 0.327273 0.326622 0.337879 0.363535 0.331818 0.435123 0.334848 0.453020 0.345455 0.474273 0.346970 0.485459 0.340909 0.502237 0.319697 0.561521 0.319697 0.567114 0.313636 0.569351 0.303030 0.567114 0.289394 0.561521 0.283333 0.502237 0.280303 0.488814 0.260606 0.474273 0.250000 0.335570 0.250000 0.322148 0.257576
1 0.984340 0.095455 0.976510 0.084848 0.907159 0.086364 0.883669 0.063636 0.860179 0.054545 0.687919 0.071212 0.673378 0.078788 0.666667 0.101515 0.665548 0.128788 0.672260 0.159091 0.684564 0.171212 0.699105 0.171212 0.705817 0.157576 0.729306 0.154545 0.825503 0.154545 0.844519 0.168182 0.864653 0.168182 0.888143 0.154545 0.901566 0.136364 0.910515 0.130303 0.979866 0.124242 0.984340 0.115152
1 0.559284 0.109091 0.555928 0.096970 0.549217 0.092424 0.505593 0.093939 0.489933 0.065152 0.468680 0.056061 0.460850 0.056061 0.442953 0.063636 0.328859 0.065152 0.318792 0.069697 0.312081 0.078788 0.306488 0.101515 0.306488 0.130303 0.313199 0.159091 0.326622 0.174242 0.335570 0.174242 0.336689 0.168182 0.345638 0.159091 0.356823 0.159091 0.375839 0.163636 0.431767 0.162121 0.454139 0.174242 0.475391 0.175758 0.489933 0.168182 0.506711 0.137879 0.553691 0.137879 0.559284 0.124242
1 0.000000 0.130303 0.006711 0.153030 0.017897 0.163636 0.114094 0.165152 0.136465 0.175758 0.175615 0.174242 0.215884 0.183333 0.225951 0.181818 0.231544 0.171212 0.231544 0.157576 0.227069 0.150000 0.174497 0.133333 0.157718 0.122727 0.123043 0.090909 0.100671 0.078788 0.032438 0.078788 0.019016 0.075758 0.010067 0.083333 0.003356 0.101515
1 0.233781 0.284848 0.231544 0.274242 0.225951 0.268182 0.178971 0.265152 0.162192 0.240909 0.154362 0.236364 0.139821 0.234848 0.114094 0.239394 0.032438 0.242424 0.023490 0.245455 0.013423 0.254545 0.007830 0.268182 0.006711 0.293939 0.010067 0.310606 0.017897 0.322727 0.023490 0.325758 0.036913 0.319697 0.111857 0.321212 0.137584 0.333333 0.152125 0.333333 0.164430 0.327273 0.181208 0.304545 0.227069 0.301515 0.232662 0.293939
1 0.008949 0.427273 0.008949 0.443939 0.012304 0.460606 0.016779 0.469697 0.023490 0.474242 0.112975 0.480303 0.140940 0.490909 0.161074 0.490909 0.167785 0.487879 0.191275 0.465152 0.237136 0.466667 0.243848 0.460606 0.246085 0.451515 0.244966 0.437879 0.239374 0.430303 0.195749 0.425758 0.171141 0.398485 0.145414 0.390909 0.124161 0.393939 0.032438 0.390909 0.019016 0.400000 0.013423 0.407576
1 0.008949 0.586364 0.012304 0.613636 0.015660 0.622727 0.023490 0.628788 0.107383 0.637879 0.158837 0.650000 0.185682 0.648485 0.202461 0.630303 0.249441 0.634848 0.255034 0.631818 0.259508 0.622727 0.257271 0.601515 0.247204 0.596970 0.208054 0.592424 0.197987 0.574242 0.186801 0.565152 0.096197 0.556061 0.051454 0.548485 0.027964 0.548485 0.015660 0.560606
1 0.012304 0.739394 0.015660 0.765152 0.026846 0.777273 0.138702 0.800000 0.163311 0.795455 0.182327 0.775758 0.231544 0.781818 0.236018 0.778788 0.239374 0.769697 0.238255 0.754545 0.234899 0.750000 0.185682 0.740909 0.175615 0.728788 0.171141 0.716667 0.162192 0.709091 0.146532 0.704545 0.106264 0.707576 0.031320 0.698485 0.017897 0.712121
1 0.325503 0.777273 0.327740 0.812121 0.337808 0.830303 0.451902 0.854545 0.468680 0.854545 0.497763 0.842424 0.515660 0.827273 0.524609 0.824242 0.591723 0.830303 0.599553 0.824242 0.601790 0.813636 0.600671 0.796970 0.592841 0.789394 0.538031 0.783333 0.523490 0.778788 0.508949 0.765152 0.498881 0.750000 0.475391 0.733333 0.451902 0.736364 0.436242 0.754545 0.431767 0.756061 0.336689 0.743939 0.328859 0.757576
1 0.665548 0.824242 0.664430 0.863636 0.667785 0.877273 0.680089 0.889394 0.701342 0.898485 0.795302 0.915152 0.835570 0.916667 0.843400 0.919697 0.861298 0.915152 0.895973 0.918182 0.955257 0.934848 0.961969 0.934848 0.967562 0.922727 0.968680 0.906061 0.966443 0.896970 0.883669 0.866667 0.853468 0.843939 0.832215 0.822727 0.815436 0.813636 0.728188 0.801515 0.703579 0.793939 0.694631 0.783333 0.686801 0.783333 0.673378 0.796970
