2 0.187320 0.785714 0.158501 0.775000 0.138329 0.778571 0.109510 0.807143 0.103746 0.842857 0.109510 0.867857 0.123919 0.889286 0.164265 0.896429 0.195965 0.867857 0.201729 0.817857
2 0.244957 0.775000 0.219020 0.800000 0.210375 0.821429 0.210375 0.857143 0.230548 0.889286 0.268012 0.896429 0.282421 0.889286 0.302594 0.860714 0.305476 0.814286 0.288184 0.782143
2 0.210375 0.660714 0.195965 0.667857 0.178674 0.692857 0.175793 0.739286 0.195965 0.767857 0.230548 0.771429 0.259366 0.742857 0.265130 0.700000 0.244957 0.664286
2 0.360231 0.775000 0.331412 0.803571 0.325648 0.850000 0.345821 0.889286 0.383285 0.896429 0.412104 0.871429 0.420749 0.825000 0.400576 0.782143
2 0.314121 0.664286 0.285303 0.689286 0.279539 0.728571 0.296830 0.764286 0.314121 0.775000 0.348703 0.767857 0.368876 0.735714 0.368876 0.696429 0.342939 0.664286
2 0.463977 0.771429 0.435159 0.796429 0.426513 0.821429 0.426513 0.850000 0.446686 0.885714 0.487032 0.892857 0.515850 0.860714 0.518732 0.817857 0.498559 0.778571
2 0.567723 0.767857 0.550432 0.775000 0.533141 0.796429 0.527378 0.850000 0.536023 0.871429 0.556196 0.889286 0.585014 0.892857 0.613833 0.867857 0.619597 0.853571 0.619597 0.814286 0.599424 0.778571
2 0.654179 0.771429 0.634006 0.796429 0.628242 0.817857 0.631124 0.853571 0.659942 0.889286 0.697406 0.889286 0.717579 0.867857 0.723343 0.850000 0.717579 0.800000 0.688761 0.771429
2 0.757925 0.767857 0.734870 0.789286 0.729107 0.810714 0.731988 0.853571 0.763689 0.885714 0.795389 0.885714 0.821326 0.857143 0.821326 0.807143 0.795389 0.771429
2 0.855908 0.767857 0.841499 0.782143 0.829971 0.814286 0.835735 0.857143 0.861671 0.882143 0.887608 0.885714 0.904899 0.878571 0.925072 0.839286 0.916427 0.789286 0.890490 0.767857
2 0.878963 0.653571 0.858790 0.682143 0.858790 0.721429 0.864553 0.735714 0.887608 0.757143 0.907781 0.760714 0.930836 0.750000 0.945245 0.721429 0.939481 0.678571 0.916427 0.653571
2 0.780980 0.657143 0.766571 0.671429 0.760807 0.692857 0.763689 0.725000 0.772334 0.742857 0.792507 0.760714 0.821326 0.760714 0.838617 0.750000 0.850144 0.728571 0.850144 0.689286 0.844380 0.675000 0.818444 0.653571
2 0.691643 0.653571 0.674352 0.667857 0.665706 0.689286 0.668588 0.728571 0.688761 0.757143 0.706052 0.764286 0.726225 0.760714 0.749280 0.739286 0.755043 0.714286 0.752161 0.685714 0.723343 0.653571
2 0.599424 0.657143 0.573487 0.689286 0.573487 0.728571 0.582133 0.750000 0.599424 0.764286 0.636888 0.764286 0.654179 0.746429 0.659942 0.728571 0.657061 0.685714 0.631124 0.657143
2 0.510086 0.657143 0.495677 0.664286 0.478386 0.689286 0.475504 0.725000 0.489914 0.757143 0.504323 0.767857 0.530259 0.771429 0.561960 0.742857 0.564841 0.700000 0.547550 0.664286
2 0.406340 0.660714 0.383285 0.689286 0.383285 0.735714 0.406340 0.764286 0.446686 0.764286 0.466859 0.735714 0.466859 0.689286 0.446686 0.660714
2 0.170029 0.557143 0.138329 0.578571 0.126801 0.617857 0.132565 0.642857 0.149856 0.664286 0.184438 0.667857 0.198847 0.660714 0.216138 0.635714 0.219020 0.592857 0.201729 0.564286
2 0.262248 0.564286 0.239193 0.589286 0.233429 0.632143 0.253602 0.664286 0.291066 0.671429 0.319885 0.642857 0.322767 0.600000 0.299712 0.564286
2 0.210375 0.467857 0.190202 0.492857 0.187320 0.539286 0.213256 0.567857 0.253602 0.564286 0.273775 0.532143 0.276657 0.510714 0.270893 0.489286 0.247839 0.464286
2 0.354467 0.564286 0.328530 0.600000 0.328530 0.632143 0.357349 0.667857 0.394813 0.664286 0.414986 0.635714 0.414986 0.592857 0.391931 0.564286
2 0.314121 0.460714 0.288184 0.485714 0.282421 0.528571 0.305476 0.564286 0.337176 0.567857 0.363112 0.546429 0.371758 0.521429 0.368876 0.492857 0.342939 0.460714
2 0.466859 0.553571 0.438040 0.571429 0.429395 0.589286 0.429395 0.628571 0.446686 0.657143 0.481268 0.664286 0.510086 0.639286 0.515850 0.592857 0.498559 0.564286
2 0.403458 0.460714 0.380403 0.489286 0.380403 0.535714 0.397695 0.560714 0.435159 0.564286 0.461095 0.535714 0.461095 0.489286 0.438040 0.460714
2 0.507205 0.457143 0.481268 0.478571 0.475504 0.525000 0.492795 0.553571 0.530259 0.560714 0.553314 0.535714 0.556196 0.496429 0.538905 0.464286
2 0.556196 0.553571 0.530259 0.571429 0.521614 0.617857 0.541787 0.653571 0.576369 0.660714 0.602305 0.639286 0.608069 0.592857 0.593660 0.564286
2 0.587896 0.457143 0.570605 0.478571 0.564841 0.503571 0.567723 0.525000 0.582133 0.550000 0.599424 0.560714 0.622478 0.560714 0.645533 0.539286 0.654179 0.514286 0.651297 0.489286 0.628242 0.457143
2 0.634006 0.560714 0.616715 0.585714 0.619597 0.628571 0.642651 0.657143 0.665706 0.660714 0.682997 0.653571 0.703170 0.621429 0.697406 0.578571 0.671470 0.553571
2 0.685879 0.453571 0.662824 0.478571 0.662824 0.528571 0.688761 0.557143 0.720461 0.557143 0.740634 0.535714 0.746398 0.492857 0.726225 0.457143
2 0.731988 0.553571 0.708934 0.589286 0.714697 0.632143 0.740634 0.657143 0.780980 0.650000 0.798271 0.617857 0.792507 0.578571 0.769452 0.553571
2 0.824207 0.553571 0.804035 0.585714 0.806916 0.625000 0.821326 0.646429 0.838617 0.657143 0.870317 0.653571 0.890490 0.628571 0.890490 0.585714 0.876081 0.560714 0.858790 0.550000
2 0.772334 0.453571 0.752161 0.485714 0.757925 0.532143 0.789625 0.557143 0.815562 0.553571 0.835735 0.528571 0.835735 0.496429 0.824207 0.464286 0.801153 0.450000
2 0.158501 0.107143 0.138329 0.139286 0.135447 0.160714 0.141210 0.182143 0.167147 0.207143 0.204611 0.200000 0.221902 0.171429 0.221902 0.128571 0.190202 0.103571
2 0.213256 0.196429 0.187320 0.221429 0.184438 0.257143 0.195965 0.285714 0.230548 0.300000 0.268012 0.275000 0.273775 0.235714 0.256484 0.203571
2 0.221902 0.325000 0.221902 0.350000 0.244957 0.360714 0.302594 0.360714 0.311239 0.353571 0.314121 0.335714 0.305476 0.300000 0.276657 0.282143 0.253602 0.285714
2 0.317003 0.192857 0.296830 0.203571 0.285303 0.221429 0.282421 0.260714 0.308357 0.296429 0.334294 0.300000 0.354467 0.289286 0.368876 0.267857 0.368876 0.225000 0.345821 0.196429
2 0.262248 0.103571 0.242075 0.125000 0.236311 0.167857 0.259366 0.203571 0.299712 0.203571 0.322767 0.171429 0.322767 0.139286 0.293948 0.103571
2 0.109510 0.332143 0.115274 0.353571 0.198847 0.357143 0.207493 0.342857 0.207493 0.314286 0.198847 0.292857 0.155620 0.278571 0.126801 0.292857
2 0.328530 0.310714 0.328530 0.360714 0.414986 0.357143 0.414986 0.321429 0.406340 0.300000 0.386167 0.285714 0.357349 0.285714
2 0.354467 0.103571 0.331412 0.135714 0.331412 0.164286 0.342939 0.175000 0.348703 0.196429 0.389049 0.203571 0.406340 0.189286 0.414986 0.167857 0.414986 0.139286 0.406340 0.117857 0.389049 0.103571
2 0.452450 0.100000 0.426513 0.125000 0.423631 0.167857 0.440922 0.196429 0.478386 0.203571 0.498559 0.185714 0.507205 0.164286 0.507205 0.139286 0.487032 0.107143
2 0.403458 0.196429 0.377522 0.228571 0.380403 0.271429 0.403458 0.296429 0.435159 0.296429 0.461095 0.267857 0.461095 0.225000 0.438040 0.196429
2 0.429395 0.303571 0.423631 0.317857 0.426513 0.360714 0.507205 0.360714 0.512968 0.350000 0.507205 0.307143 0.478386 0.282143 0.458213 0.282143
2 0.501441 0.189286 0.475504 0.210714 0.469741 0.260714 0.489914 0.289286 0.524496 0.296429 0.544669 0.282143 0.553314 0.264286 0.553314 0.221429 0.536023 0.196429
2 0.544669 0.096429 0.524496 0.110714 0.515850 0.128571 0.515850 0.171429 0.541787 0.200000 0.567723 0.200000 0.590778 0.182143 0.596542 0.132143 0.579251 0.103571
2 0.585014 0.192857 0.561960 0.225000 0.564841 0.271429 0.596542 0.296429 0.613833 0.296429 0.642651 0.267857 0.642651 0.217857 0.619597 0.192857
2 0.518732 0.317857 0.518732 0.350000 0.524496 0.360714 0.599424 0.360714 0.608069 0.353571 0.602305 0.303571 0.576369 0.282143 0.547550 0.282143
2 0.634006 0.096429 0.608069 0.121429 0.602305 0.135714 0.605187 0.160714 0.622478 0.192857 0.657061 0.200000 0.685879 0.171429 0.688761 0.135714 0.671470 0.103571
2 0.671470 0.192857 0.654179 0.221429 0.657061 0.267857 0.691643 0.292857 0.714697 0.289286 0.737752 0.257143 0.731988 0.207143 0.711816 0.189286
2 0.616715 0.310714 0.619597 0.357143 0.662824 0.360714 0.703170 0.353571 0.703170 0.310714 0.677233 0.282143 0.639769 0.282143
2 0.726225 0.092857 0.700288 0.114286 0.694524 0.153571 0.708934 0.185714 0.729107 0.196429 0.749280 0.196429 0.778098 0.167857 0.780980 0.128571 0.763689 0.100000
2 0.798271 0.103571 0.786744 0.125000 0.795389 0.171429 0.824207 0.192857 0.855908 0.189286 0.873199 0.160714 0.870317 0.114286 0.850144 0.092857 0.815562 0.092857
2 0.766571 0.189286 0.743516 0.225000 0.749280 0.267857 0.786744 0.289286 0.818444 0.278571 0.829971 0.253571 0.827089 0.210714 0.804035 0.189286
2 0.711816 0.307143 0.711816 0.342857 0.717579 0.353571 0.760807 0.357143 0.801153 0.350000 0.804035 0.328571 0.795389 0.296429 0.769452 0.278571 0.749280 0.275000 0.729107 0.282143
2 0.855908 0.192857 0.838617 0.225000 0.844380 0.264286 0.893372 0.289286 0.913545 0.278571 0.927954 0.250000 0.919308 0.207143 0.899135 0.189286
2 0.809798 0.300000 0.812680 0.350000 0.893372 0.350000 0.904899 0.339286 0.902017 0.303571 0.878963 0.278571 0.844380 0.271429 0.821326 0.282143
