0 0.441250 0.689139 0.392500 0.694757 0.361250 0.720974 0.341250 0.758427 0.331250 0.792135 0.327500 0.818352 0.328750 0.872659 0.350000 0.932584 0.367500 0.956929 0.386250 0.971910 0.422500 0.985019 0.456250 0.981273 0.493750 0.953184 0.507500 0.936330 0.521250 0.906367 0.531250 0.865169 0.530000 0.805243 0.521250 0.773408 0.507500 0.741573 0.483750 0.711610 0.466250 0.698502
0 0.097500 0.046816 0.102500 0.076779 0.112500 0.108614 0.133750 0.147940 0.148750 0.162921 0.167500 0.174157 0.196250 0.181648 0.218750 0.179775 0.250000 0.162921 0.266250 0.146067 0.275000 0.131086 0.281250 0.112360 0.285000 0.076779 0.297500 0.046816 0.300000 0.003745 0.298750 0.000000 0.131250 0.000000 0.127500 0.007491 0.123750 0.000000 0.102500 0.000000 0.098750 0.016854
0 0.337500 0.110487 0.310000 0.121723 0.295000 0.134831 0.275000 0.159176 0.258750 0.187266 0.251250 0.205993 0.246250 0.237828 0.247500 0.290262 0.258750 0.342697 0.273750 0.374532 0.303750 0.404494 0.320000 0.413858 0.337500 0.419476 0.358750 0.419476 0.396250 0.406367 0.412500 0.391386 0.428750 0.368914 0.435000 0.348315 0.443750 0.333333 0.451250 0.305243 0.452500 0.245318 0.448750 0.215356 0.438750 0.183521 0.410000 0.140449 0.372500 0.114232
0 0.538750 0.043071 0.501250 0.063670 0.470000 0.110487 0.457500 0.159176 0.456250 0.209738 0.461250 0.247191 0.477500 0.288390 0.498750 0.320225 0.531250 0.342697 0.573750 0.346442 0.600000 0.335206 0.615000 0.322097 0.643750 0.275281 0.652500 0.249064 0.658750 0.213483 0.656250 0.149813 0.647500 0.116105 0.640000 0.099251 0.625000 0.076779 0.611250 0.063670 0.575000 0.043071
0 0.711250 0.003745 0.687500 0.050562 0.678750 0.097378 0.677500 0.134831 0.687500 0.185393 0.695000 0.205993 0.713750 0.237828 0.725000 0.245318 0.731250 0.256554 0.736250 0.254682 0.740000 0.260300 0.773750 0.269663 0.788750 0.269663 0.818750 0.258427 0.851250 0.226592 0.873750 0.181648 0.882500 0.140449 0.882500 0.080524 0.873750 0.039326 0.860000 0.011236 0.846250 0.000000 0.715000 0.000000
0 0.683750 0.282772 0.651250 0.305243 0.633750 0.327715 0.617500 0.361423 0.607500 0.402622 0.606250 0.443820 0.616250 0.498127 0.625000 0.520599 0.657500 0.569288 0.688750 0.584270 0.726250 0.584270 0.750000 0.571161 0.788750 0.522472 0.803750 0.475655 0.807500 0.438202 0.806250 0.417603 0.796250 0.378277 0.796250 0.363296 0.787500 0.338951 0.771250 0.312734 0.748750 0.292135 0.731250 0.282772
0 0.907500 0.204120 0.892500 0.209738 0.871250 0.230337 0.853750 0.241573 0.837500 0.258427 0.813750 0.307116 0.811250 0.322097 0.811250 0.385768 0.821250 0.432584 0.833750 0.460674 0.850000 0.483146 0.883750 0.509363 0.905000 0.514981 0.928750 0.514981 0.951250 0.503745 0.983750 0.471910 0.991250 0.470037 1.000000 0.456929 1.000000 0.265918 0.986250 0.243446 0.966250 0.224719 0.932500 0.205993
0 0.698750 0.956929 0.702500 1.000000 0.893750 1.000000 0.897500 0.994382 0.897500 0.947566 0.890000 0.913858 0.873750 0.876404 0.850000 0.850187 0.808750 0.825843 0.772500 0.825843 0.768750 0.831461 0.750000 0.838951 0.746250 0.848315 0.727500 0.867041 0.716250 0.885768 0.703750 0.926966
0 0.825000 0.524345 0.805000 0.537453 0.773750 0.569288 0.756250 0.602996 0.743750 0.642322 0.743750 0.662921 0.748750 0.676030 0.748750 0.698502 0.758750 0.739700 0.781250 0.782772 0.833750 0.820225 0.868750 0.818352 0.897500 0.801498 0.910000 0.788390 0.926250 0.764045 0.940000 0.734082 0.947500 0.694757 0.947500 0.634831 0.928750 0.573034 0.905000 0.539326 0.875000 0.522472 0.843750 0.520599
0 0.500000 0.352060 0.472500 0.355805 0.437500 0.376404 0.423750 0.391386 0.408750 0.417603 0.391250 0.470037 0.391250 0.541199 0.406250 0.593633 0.415000 0.610487 0.440000 0.636704 0.456250 0.647940 0.478750 0.655431 0.498750 0.655431 0.525000 0.647940 0.555000 0.623596 0.577500 0.584270 0.586250 0.561798 0.590000 0.537453 0.588750 0.466292 0.585000 0.447566 0.570000 0.408240 0.547500 0.376404 0.527500 0.361423
0 0.617500 0.604869 0.596250 0.616105 0.578750 0.632959 0.563750 0.653558 0.547500 0.685393 0.538750 0.724719 0.540000 0.780899 0.546250 0.810861 0.558750 0.842697 0.575000 0.868914 0.587500 0.882022 0.602500 0.891386 0.626250 0.898876 0.660000 0.897004 0.693750 0.874532 0.722500 0.831461 0.740000 0.769663 0.741250 0.747191 0.733750 0.696629 0.718750 0.657303 0.693750 0.623596 0.675000 0.610487 0.648750 0.602996
0 0.102500 0.200375 0.063750 0.235955 0.040000 0.284644 0.035000 0.316479 0.035000 0.350187 0.041250 0.393258 0.055000 0.430712 0.075000 0.468165 0.101250 0.492509 0.117500 0.500000 0.155000 0.501873 0.186250 0.488764 0.206250 0.468165 0.232500 0.423221 0.241250 0.397004 0.245000 0.367041 0.245000 0.337079 0.238750 0.295880 0.218750 0.245318 0.200000 0.219101 0.185000 0.205993 0.151250 0.192884 0.132500 0.192884
0 0.275000 0.430712 0.255000 0.438202 0.231250 0.455056 0.218750 0.468165 0.203750 0.492509 0.192500 0.518727 0.186250 0.544944 0.186250 0.602996 0.188750 0.623596 0.200000 0.662921 0.220000 0.702247 0.232500 0.717228 0.255000 0.732210 0.293750 0.737828 0.336250 0.719101 0.352500 0.702247 0.368750 0.677903 0.381250 0.653558 0.388750 0.623596 0.390000 0.573034 0.385000 0.552434 0.377500 0.539326 0.373750 0.503745 0.353750 0.468165 0.343750 0.456929 0.315000 0.438202
0 0.056250 0.516854 0.030000 0.531835 0.000000 0.561798 0.000000 0.769663 0.010000 0.786517 0.031250 0.807116 0.061250 0.820225 0.100000 0.820225 0.116250 0.812734 0.146250 0.782772 0.171250 0.739700 0.180000 0.704120 0.180000 0.638577 0.172500 0.604869 0.165000 0.588015 0.132500 0.541199 0.106250 0.520599 0.092500 0.514981
0 0.303750 0.808989 0.290000 0.786517 0.257500 0.760300 0.237500 0.752809 0.220000 0.750936 0.197500 0.754682 0.172500 0.769663 0.132500 0.814607 0.117500 0.855805 0.115000 0.870787 0.115000 0.934457 0.126250 0.981273 0.136250 1.000000 0.296250 1.000000 0.311250 0.968165 0.321250 0.921348 0.320000 0.870787
