0 0.115016 0.170940 0.103834 0.176638 0.100639 0.193732 0.103834 0.284900 0.063898 0.390313 0.051118 0.452991 0.052716 0.498575 0.060703 0.532764 0.060703 0.581197 0.055911 0.621083 0.060703 0.735043 0.052716 0.760684 0.051118 0.792023 0.055911 0.854701 0.065495 0.891738 0.071885 0.897436 0.107029 0.894587 0.150160 0.900285 0.162939 0.894587 0.170927 0.874644 0.177316 0.874644 0.175719 0.868946 0.182109 0.851852 0.183706 0.760684 0.191693 0.732194 0.188498 0.698006 0.191693 0.541311 0.185304 0.492877 0.185304 0.450142 0.196486 0.398860 0.196486 0.376068 0.166134 0.287749 0.166134 0.179487 0.156550 0.170940
0 0.263578 0.156695 0.246006 0.150997 0.204473 0.156695 0.204473 0.256410 0.185304 0.316239 0.186901 0.341880 0.199681 0.378917 0.209265 0.364672 0.234824 0.287749 0.233227 0.207977 0.236422 0.182336 0.247604 0.170940 0.263578 0.168091
0 0.241214 0.173789 0.234824 0.190883 0.233227 0.236467 0.238019 0.279202 0.196486 0.407407 0.188498 0.458689 0.188498 0.495726 0.196486 0.535613 0.193291 0.621083 0.194888 0.737892 0.186901 0.766382 0.188498 0.846154 0.196486 0.880342 0.206070 0.894587 0.225240 0.894587 0.231629 0.888889 0.246006 0.897436 0.330671 0.894587 0.341853 0.874644 0.349840 0.797721 0.348243 0.774929 0.337061 0.729345 0.341853 0.695157 0.338658 0.663818 0.337061 0.527066 0.345048 0.501425 0.346645 0.452991 0.327476 0.367521 0.297125 0.284900 0.300319 0.250712 0.298722 0.179487 0.287540 0.170940
0 0.386581 0.153846 0.340256 0.150997 0.329073 0.156695 0.327476 0.225071 0.330671 0.259259 0.313099 0.304843 0.313099 0.324786 0.332268 0.378917 0.348243 0.444444 0.370607 0.361823 0.394569 0.296296 0.394569 0.279202 0.388179 0.259259 0.391374 0.165242
0 0.405751 0.170940 0.396166 0.182336 0.394569 0.250712 0.397764 0.290598 0.361022 0.398860 0.351438 0.464387 0.351438 0.507123 0.357827 0.527066 0.353035 0.652422 0.354633 0.743590 0.351438 0.752137 0.351438 0.863248 0.359425 0.891738 0.370607 0.897436 0.391374 0.891738 0.404153 0.897436 0.453674 0.897436 0.458466 0.891738 0.485623 0.897436 0.498403 0.888889 0.509585 0.820513 0.509585 0.763533 0.501597 0.732194 0.506390 0.623932 0.501597 0.532764 0.509585 0.498575 0.509585 0.450142 0.484026 0.344729 0.460064 0.284900 0.463259 0.247863 0.460064 0.179487 0.447284 0.170940
0 0.455272 0.150997 0.447284 0.156695 0.447284 0.168091 0.461661 0.182336 0.464856 0.247863 0.461661 0.284900 0.477636 0.327635 0.487220 0.339031 0.506390 0.284900 0.501597 0.259259 0.506390 0.159544 0.495208 0.150997
0 0.512780 0.170940 0.504792 0.188034 0.503195 0.250712 0.507987 0.279202 0.488818 0.339031 0.490415 0.364672 0.500000 0.396011 0.512780 0.464387 0.506390 0.521368 0.507987 0.698006 0.504792 0.735043 0.514377 0.777778 0.514377 0.806268 0.503195 0.886040 0.512780 0.897436 0.559105 0.897436 0.565495 0.891738 0.599042 0.897436 0.611821 0.874644 0.618211 0.811966 0.616613 0.769231 0.607029 0.732194 0.610224 0.695157 0.607029 0.527066 0.615016 0.498575 0.616613 0.450142 0.599042 0.367521 0.568690 0.282051 0.571885 0.253561 0.568690 0.176638 0.559105 0.170940
0 0.851438 0.173789 0.846645 0.193732 0.848243 0.290598 0.841853 0.316239 0.816294 0.376068 0.797125 0.470085 0.798722 0.504274 0.806709 0.541311 0.803514 0.695157 0.795527 0.763533 0.797125 0.834758 0.805112 0.883191 0.814696 0.897436 0.940895 0.897436 0.952077 0.874644 0.961661 0.789174 0.960064 0.766382 0.950479 0.735043 0.955272 0.632479 0.952077 0.529915 0.960064 0.498575 0.960064 0.452991 0.952077 0.407407 0.936102 0.350427 0.912141 0.287749 0.915335 0.242165 0.912141 0.179487 0.902556 0.170940
0 0.827476 0.150997 0.784345 0.150997 0.776358 0.159544 0.774760 0.242165 0.777955 0.259259 0.755591 0.324786 0.755591 0.336182 0.781150 0.421652 0.789137 0.470085 0.781150 0.521368 0.784345 0.618234 0.781150 0.743590 0.790735 0.772080 0.793930 0.766382 0.803514 0.678063 0.801917 0.603989 0.805112 0.544160 0.797125 0.498575 0.797125 0.458689 0.816294 0.373219 0.845048 0.296296 0.837061 0.256410 0.840256 0.236467 0.838658 0.159544
0 0.733227 0.173789 0.678914 0.173789 0.672524 0.179487 0.669329 0.227920 0.674121 0.284900 0.669329 0.307692 0.642173 0.381766 0.638978 0.415954 0.627796 0.464387 0.634185 0.569801 0.629393 0.669516 0.630990 0.735043 0.623003 0.774929 0.623003 0.834758 0.634185 0.888889 0.642173 0.897436 0.768371 0.897436 0.779553 0.880342 0.789137 0.800570 0.777955 0.735043 0.781150 0.695157 0.777955 0.532764 0.785942 0.490028 0.785942 0.461538 0.774760 0.398860 0.736422 0.284900 0.739617 0.219373 0.738019 0.185185
0 0.571885 0.156695 0.573482 0.262108 0.570288 0.284900 0.600639 0.370370 0.618211 0.452991 0.624601 0.455840 0.640575 0.378917 0.656550 0.333333 0.653355 0.304843 0.634185 0.259259 0.637380 0.230769 0.635783 0.159544 0.627796 0.153846
