2 0.000000 0.000000 0.000000 0.229097 0.023750 0.239130 0.061250 0.244147 0.083750 0.252508 0.112500 0.269231 0.130000 0.272575 0.151250 0.269231 0.177500 0.249164 0.180000 0.234114 0.177500 0.222408 0.148750 0.170569 0.142500 0.138796 0.138750 0.075251 0.125000 0.050167 0.106250 0.028428 0.075000 0.005017 0.061250 0.000000
2 0.000000 0.247492 0.000000 0.479933 0.037500 0.488294 0.090000 0.484950 0.098750 0.471572 0.106250 0.466555 0.110000 0.454849 0.123750 0.434783 0.130000 0.411371 0.132500 0.392977 0.130000 0.337793 0.133750 0.319398 0.131250 0.301003 0.092500 0.265886 0.066250 0.250836 0.041250 0.245819
2 0.158750 0.274247 0.138750 0.306020 0.131250 0.346154 0.135000 0.389632 0.156250 0.438127 0.178750 0.464883 0.220000 0.481605 0.248750 0.483278 0.272500 0.474916 0.290000 0.461538 0.310000 0.426421 0.318750 0.377926 0.317500 0.329431 0.302500 0.295987 0.288750 0.277592 0.273750 0.264214 0.231250 0.249164 0.210000 0.249164 0.188750 0.254181
2 0.165000 0.016722 0.150000 0.041806 0.142500 0.061873 0.141250 0.113712 0.148750 0.155518 0.157500 0.180602 0.168750 0.200669 0.196250 0.232441 0.222500 0.242475 0.270000 0.244147 0.280000 0.240803 0.297500 0.225753 0.318750 0.185619 0.326250 0.148829 0.326250 0.112040 0.322500 0.090301 0.307500 0.053512 0.278750 0.023411 0.245000 0.000000 0.186250 0.000000
2 0.376250 0.011706 0.361250 0.025084 0.345000 0.050167 0.331250 0.095318 0.330000 0.137124 0.333750 0.160535 0.345000 0.197324 0.367500 0.234114 0.385000 0.245819 0.448750 0.257525 0.462500 0.255853 0.476250 0.249164 0.482500 0.240803 0.491250 0.215719 0.502500 0.157191 0.501250 0.103679 0.493750 0.075251 0.466250 0.031773 0.435000 0.006689 0.407500 0.000000
2 0.640000 0.016722 0.615000 0.003344 0.598750 0.001672 0.580000 0.005017 0.563750 0.013378 0.547500 0.028428 0.521250 0.063545 0.507500 0.110368 0.508750 0.157191 0.518750 0.193980 0.531250 0.205686 0.535000 0.217391 0.545000 0.219064 0.548750 0.225753 0.558750 0.229097 0.575000 0.225753 0.580000 0.220736 0.601250 0.217391 0.646250 0.220736 0.662500 0.198997 0.670000 0.183946 0.678750 0.147157 0.678750 0.100334 0.671250 0.065217 0.663750 0.046823
2 0.647500 0.225753 0.633750 0.220736 0.610000 0.219064 0.571250 0.230769 0.555000 0.242475 0.532500 0.267559 0.513750 0.309365 0.506250 0.349498 0.507500 0.403010 0.512500 0.429766 0.521250 0.449833 0.535000 0.468227 0.567500 0.491639 0.596250 0.494983 0.625000 0.491639 0.638750 0.484950 0.662500 0.483278 0.686250 0.459866 0.687500 0.451505 0.703750 0.423077 0.711250 0.399666 0.717500 0.364548 0.717500 0.339465 0.707500 0.294314 0.701250 0.277592 0.683750 0.250836
2 0.827500 0.008361 0.812500 0.000000 0.773750 0.000000 0.751250 0.013378 0.725000 0.040134 0.705000 0.053512 0.692500 0.073579 0.682500 0.110368 0.683750 0.157191 0.688750 0.178930 0.711250 0.205686 0.720000 0.225753 0.736250 0.240803 0.780000 0.245819 0.805000 0.237458 0.835000 0.205686 0.851250 0.173913 0.865000 0.127090 0.866250 0.071906 0.852500 0.035117
2 0.751250 0.250836 0.720000 0.265886 0.706250 0.282609 0.717500 0.327759 0.718750 0.359532 0.711250 0.419732 0.703750 0.433110 0.701250 0.451505 0.713750 0.466555 0.737500 0.479933 0.748750 0.483278 0.785000 0.481605 0.812500 0.464883 0.845000 0.421405 0.857500 0.389632 0.860000 0.374582 0.858750 0.327759 0.843750 0.289298 0.813750 0.260870 0.785000 0.250836
2 0.376250 0.259197 0.347500 0.282609 0.336250 0.299331 0.326250 0.322742 0.322500 0.341137 0.322500 0.386288 0.333750 0.428094 0.347500 0.451505 0.371250 0.473244 0.403750 0.483278 0.425000 0.483278 0.442500 0.476589 0.468750 0.451505 0.483750 0.421405 0.491250 0.397993 0.493750 0.354515 0.487500 0.322742 0.472500 0.292642 0.447500 0.265886 0.416250 0.255853
2 1.000000 0.000000 0.957500 0.000000 0.950000 0.006689 0.937500 0.010033 0.931250 0.018395 0.923750 0.020067 0.898750 0.040134 0.877500 0.061873 0.872500 0.071906 0.870000 0.086957 0.868750 0.135452 0.865000 0.152174 0.867500 0.168896 0.885000 0.207358 0.896250 0.210702 0.922500 0.234114 0.936250 0.240803 0.966250 0.240803 1.000000 0.229097
2 1.000000 0.249164 0.955000 0.247492 0.932500 0.250836 0.900000 0.265886 0.860000 0.299331 0.857500 0.314381 0.863750 0.344482 0.863750 0.367893 0.860000 0.411371 0.856250 0.418060 0.853750 0.443144 0.848750 0.453177 0.861250 0.456522 0.861250 0.468227 0.880000 0.476589 0.888750 0.474916 0.892500 0.479933 0.911250 0.478261 0.952500 0.483278 0.977500 0.479933 1.000000 0.469900
2 0.845000 0.530100 0.845000 0.541806 0.860000 0.573579 0.865000 0.655518 0.872500 0.667224 0.877500 0.687291 0.882500 0.688963 0.892500 0.702341 0.938750 0.725753 0.973750 0.727425 1.000000 0.720736 1.000000 0.500000 0.973750 0.489967 0.922500 0.491639 0.872500 0.513378 0.861250 0.515050
2 0.703750 0.508361 0.686250 0.528428 0.687500 0.533445 0.678750 0.545151 0.671250 0.583612 0.675000 0.640468 0.687500 0.670569 0.702500 0.690635 0.717500 0.704013 0.741250 0.717391 0.783750 0.720736 0.822500 0.700669 0.843750 0.677258 0.858750 0.637124 0.858750 0.588629 0.851250 0.563545 0.845000 0.556856 0.843750 0.546823 0.825000 0.520067 0.810000 0.505017 0.786250 0.493311 0.735000 0.493311
2 0.510000 0.531773 0.485000 0.563545 0.471250 0.608696 0.471250 0.652174 0.485000 0.700669 0.493750 0.715719 0.508750 0.730769 0.540000 0.747492 0.570000 0.749164 0.591250 0.742475 0.602500 0.734114 0.626250 0.707358 0.641250 0.667224 0.643750 0.622074 0.638750 0.591973 0.631250 0.573579 0.616250 0.551839 0.566250 0.533445 0.558750 0.526756 0.551250 0.528428 0.545000 0.521739 0.530000 0.523411
2 0.353750 0.486622 0.337500 0.491639 0.322500 0.501672 0.297500 0.535117 0.283750 0.571906 0.281250 0.593645 0.282500 0.627090 0.291250 0.658863 0.313750 0.695652 0.345000 0.715719 0.378750 0.719064 0.403750 0.710702 0.418750 0.700669 0.437500 0.678930 0.446250 0.660535 0.456250 0.625418 0.457500 0.578595 0.446250 0.536789 0.428750 0.511706 0.415000 0.501672 0.396250 0.498328 0.378750 0.488294
2 0.163750 0.484950 0.145000 0.493311 0.127500 0.506689 0.096250 0.550167 0.087500 0.575251 0.085000 0.593645 0.086250 0.633779 0.096250 0.665552 0.125000 0.698997 0.156250 0.715719 0.203750 0.717391 0.221250 0.710702 0.241250 0.697324 0.257500 0.680602 0.267500 0.662207 0.276250 0.633779 0.277500 0.596990 0.285000 0.545151 0.255000 0.511706 0.241250 0.501672 0.191250 0.483278
2 0.163750 0.730769 0.122500 0.700669 0.100000 0.673913 0.093750 0.670569 0.037500 0.688963 0.015000 0.704013 0.000000 0.719064 0.000000 0.931438 0.033750 0.938127 0.076250 0.933110 0.116250 0.913043 0.147500 0.874582 0.170000 0.811037 0.175000 0.759197 0.173750 0.747492 0.163750 0.735786
2 0.296250 0.700669 0.285000 0.697324 0.267500 0.698997 0.236250 0.712375 0.217500 0.727425 0.196250 0.752508 0.180000 0.789298 0.172500 0.827759 0.172500 0.877926 0.187500 0.919732 0.211250 0.946488 0.231250 0.954849 0.255000 0.956522 0.310000 0.936455 0.335000 0.909699 0.351250 0.876254 0.357500 0.851171 0.360000 0.790970 0.351250 0.762542 0.326250 0.727425
2 0.465000 0.698997 0.455000 0.700669 0.435000 0.717391 0.415000 0.725753 0.392500 0.749164 0.376250 0.772575 0.367500 0.795987 0.361250 0.827759 0.360000 0.847826 0.362500 0.867893 0.376250 0.913043 0.392500 0.938127 0.407500 0.953177 0.431250 0.964883 0.450000 0.966555 0.466250 0.963211 0.502500 0.938127 0.516250 0.921405 0.525000 0.904682 0.536250 0.866221 0.537500 0.826087 0.530000 0.784281 0.506250 0.740803
2 0.633750 0.710702 0.588750 0.754181 0.571250 0.782609 0.562500 0.816054 0.563750 0.864548 0.575000 0.904682 0.586250 0.926421 0.595000 0.936455 0.603750 0.939799 0.625000 0.958194 0.645000 0.968227 0.677500 0.969900 0.688750 0.966555 0.710000 0.951505 0.726250 0.928094 0.735000 0.906355 0.740000 0.876254 0.740000 0.837793 0.736250 0.807692 0.718750 0.764214 0.701250 0.742475 0.657500 0.712375 0.645000 0.709030
2 0.812500 0.712375 0.775000 0.745819 0.772500 0.754181 0.762500 0.762542 0.763750 0.767559 0.756250 0.779264 0.756250 0.790970 0.752500 0.794314 0.753750 0.801003 0.743750 0.826087 0.747500 0.851171 0.773750 0.908027 0.790000 0.931438 0.813750 0.948161 0.853750 0.966555 0.872500 0.969900 0.897500 0.968227 0.916250 0.959866 0.936250 0.939799 0.945000 0.926421 0.956250 0.889632 0.956250 0.847826 0.943750 0.806020 0.922500 0.767559 0.903750 0.744147 0.885000 0.727425 0.845000 0.709030 0.821250 0.709030
