0 0.282031 0.000000 0.280469 0.009379 0.280469 0.057444 0.278125 0.089097 0.273438 0.116061 0.275781 0.143025 0.280469 0.146542 0.292187 0.140680 0.306250 0.138335 0.334375 0.140680 0.348438 0.150059 0.353906 0.158265 0.357031 0.159437 0.359375 0.162954 0.360156 0.169988 0.362500 0.171161 0.364063 0.158265 0.361719 0.154748 0.361719 0.150059 0.366406 0.138335 0.367969 0.121923 0.365625 0.100821 0.360938 0.084408 0.360156 0.012896 0.357812 0.001172
0 0.375781 0.071512 0.371875 0.082063 0.370312 0.093787 0.368750 0.152403 0.371875 0.165299 0.359375 0.191090 0.357812 0.206331 0.359375 0.222743 0.364063 0.225088 0.375781 0.215709 0.385156 0.212192 0.414062 0.209848 0.434375 0.215709 0.443750 0.222743 0.446875 0.229777 0.451562 0.229777 0.454688 0.215709 0.455469 0.185229 0.452344 0.166471 0.454688 0.157093 0.452344 0.084408 0.449219 0.075029 0.435937 0.063306 0.424219 0.060961 0.392188 0.062134
0 0.536719 0.154748 0.526563 0.147714 0.500000 0.143025 0.471094 0.148886 0.462500 0.157093 0.458594 0.177022 0.458594 0.205158 0.456250 0.227433 0.457031 0.248535 0.452344 0.262603 0.452344 0.300117 0.454688 0.325909 0.458594 0.338804 0.471094 0.318875 0.479687 0.313013 0.493750 0.308324 0.523438 0.308324 0.535937 0.311841 0.542188 0.316530 0.546875 0.316530 0.549219 0.313013 0.550781 0.304807 0.550781 0.270809 0.542188 0.247362 0.546094 0.236811 0.543750 0.212192 0.543750 0.175850 0.542188 0.165299
0 0.464844 0.000000 0.462500 0.016413 0.462500 0.052755 0.460156 0.067995 0.462500 0.084408 0.457031 0.103165 0.455469 0.128957 0.458594 0.148886 0.460938 0.151231 0.467187 0.151231 0.485156 0.143025 0.510938 0.141852 0.522656 0.144197 0.537500 0.152403 0.542188 0.151231 0.545312 0.134818 0.546094 0.111372 0.543750 0.080891 0.544531 0.064478 0.542188 0.052755 0.542969 0.022274 0.541406 0.000000
0 0.555469 0.071512 0.550781 0.079719 0.547656 0.104338 0.546875 0.211020 0.550781 0.235639 0.553125 0.237984 0.564063 0.226260 0.585156 0.218054 0.614844 0.218054 0.630469 0.222743 0.633594 0.226260 0.639062 0.225088 0.640625 0.218054 0.640625 0.193435 0.638281 0.181712 0.632031 0.167644 0.633594 0.139508 0.631250 0.090270 0.626563 0.075029 0.623437 0.070340 0.611719 0.063306 0.596094 0.060961 0.567969 0.063306
0 0.632812 0.227433 0.614844 0.219226 0.585156 0.219226 0.564063 0.227433 0.557813 0.237984 0.554688 0.249707 0.553125 0.321219 0.556250 0.330598 0.555469 0.377491 0.556250 0.393904 0.560156 0.412661 0.557813 0.423212 0.559375 0.433763 0.561719 0.433763 0.573438 0.418523 0.579688 0.413834 0.595313 0.407972 0.618750 0.406800 0.654687 0.417351 0.656250 0.399766 0.655469 0.363423 0.649219 0.349355 0.642188 0.339977 0.640625 0.332943 0.645312 0.313013 0.642969 0.300117 0.642969 0.254396 0.639844 0.235639
0 0.741406 0.321219 0.720313 0.313013 0.692187 0.313013 0.673438 0.320047 0.664844 0.329426 0.660937 0.354045 0.660937 0.390387 0.658594 0.402110 0.659375 0.419695 0.662500 0.427902 0.660937 0.495897 0.663281 0.505275 0.663281 0.521688 0.660937 0.529894 0.666406 0.542790 0.676562 0.555686 0.678125 0.554513 0.682813 0.532239 0.688281 0.524033 0.698438 0.515826 0.717187 0.509965 0.746875 0.511137 0.758594 0.515826 0.764062 0.514654 0.765625 0.511137 0.767188 0.492380 0.765625 0.465416 0.757031 0.446659 0.751563 0.441970 0.750000 0.433763 0.753125 0.415006 0.751563 0.392732 0.752344 0.345838 0.750000 0.332943
0 0.716406 0.145369 0.695312 0.139508 0.669531 0.140680 0.657813 0.145369 0.650781 0.152403 0.647656 0.159437 0.645312 0.182884 0.645312 0.212192 0.642969 0.227433 0.646875 0.252052 0.645312 0.294256 0.648438 0.309496 0.648438 0.320047 0.646094 0.335287 0.653906 0.348183 0.658594 0.344666 0.659375 0.338804 0.665625 0.325909 0.682031 0.314185 0.699219 0.310668 0.719531 0.311841 0.735156 0.316530 0.739844 0.314185 0.742969 0.295428 0.742188 0.282532 0.735938 0.270809 0.733594 0.260258 0.728125 0.253224 0.728906 0.246190 0.732812 0.237984 0.730469 0.218054 0.730469 0.168816 0.727344 0.155920
0 0.639062 0.000000 0.636719 0.022274 0.637500 0.049238 0.634375 0.064478 0.634375 0.073857 0.635938 0.077374 0.635156 0.123095 0.639062 0.153576 0.646094 0.155920 0.658594 0.143025 0.679688 0.138335 0.696875 0.138335 0.720313 0.145369 0.722656 0.144197 0.725000 0.138335 0.725000 0.121923 0.719531 0.098476 0.715625 0.090270 0.718750 0.073857 0.717187 0.062134 0.717969 0.021102 0.715625 0.000000
0 0.804688 0.071512 0.785937 0.063306 0.765625 0.062134 0.754687 0.063306 0.743750 0.067995 0.734375 0.078546 0.732031 0.094959 0.729688 0.151231 0.733594 0.166471 0.733594 0.216882 0.739844 0.250879 0.744531 0.243845 0.748437 0.242673 0.750000 0.234467 0.753125 0.229777 0.771094 0.220399 0.805469 0.219226 0.821094 0.223916 0.826562 0.221571 0.826562 0.205158 0.822656 0.191090 0.814844 0.177022 0.812500 0.168816 0.814844 0.154748 0.814063 0.092614 0.811719 0.079719
0 0.814063 0.000000 0.810156 0.070340 0.814063 0.080891 0.817187 0.098476 0.816406 0.137163 0.819531 0.153576 0.817187 0.168816 0.828906 0.187573 0.833594 0.187573 0.836719 0.158265 0.847656 0.143025 0.866406 0.137163 0.903906 0.135991 0.900781 0.126612 0.901563 0.123095 0.892188 0.106682 0.889844 0.094959 0.889844 0.087925 0.893750 0.076202 0.892188 0.053927 0.893750 0.023447 0.891406 0.000000
0 0.820312 0.226260 0.802344 0.220399 0.773438 0.221571 0.758594 0.228605 0.750000 0.242673 0.747656 0.268464 0.748437 0.295428 0.746094 0.318875 0.750781 0.329426 0.753906 0.344666 0.753906 0.393904 0.757031 0.410317 0.754687 0.434936 0.767188 0.454865 0.771094 0.453693 0.775000 0.424385 0.784375 0.412661 0.795312 0.406800 0.807031 0.404455 0.837500 0.405627 0.850000 0.409144 0.854688 0.397421 0.853125 0.377491 0.833594 0.337632 0.836719 0.322392 0.835938 0.248535 0.830469 0.234467
0 0.924219 0.313013 0.893750 0.310668 0.878125 0.314185 0.868750 0.320047 0.863281 0.329426 0.860156 0.341149 0.857812 0.413834 0.866406 0.429074 0.868750 0.444314 0.869531 0.475967 0.867969 0.488863 0.871094 0.508792 0.871094 0.521688 0.868750 0.529894 0.876563 0.550996 0.891406 0.576788 0.893750 0.576788 0.896094 0.569754 0.900000 0.534584 0.908594 0.521688 0.917188 0.515826 0.932031 0.511137 0.971094 0.513482 0.975000 0.485346 0.966406 0.461899 0.954688 0.445487 0.951562 0.433763 0.953125 0.405627 0.950781 0.392732 0.952344 0.359906 0.950000 0.336460 0.940625 0.321219
0 0.975781 0.221571 0.954688 0.227433 0.946875 0.235639 0.943750 0.249707 0.940625 0.310668 0.942187 0.318875 0.950781 0.332943 0.952344 0.338804 0.952344 0.392732 0.954688 0.409144 0.954688 0.436108 0.971875 0.468933 0.975781 0.468933 0.976562 0.454865 0.980469 0.427902 0.987500 0.415006 1.000000 0.407972 1.000000 0.223916
0 0.904687 0.143025 0.888281 0.138335 0.860156 0.139508 0.845313 0.146542 0.838281 0.159437 0.835938 0.186401 0.835938 0.213365 0.833594 0.225088 0.833594 0.233294 0.839063 0.248535 0.837500 0.300117 0.839844 0.321219 0.836719 0.330598 0.836719 0.337632 0.844531 0.354045 0.853906 0.366940 0.857031 0.366940 0.860938 0.331770 0.871094 0.317702 0.878906 0.313013 0.895312 0.309496 0.934375 0.313013 0.936719 0.308324 0.935937 0.291911 0.923438 0.267292 0.920312 0.254396 0.922656 0.236811 0.922656 0.177022 0.921094 0.162954 0.912500 0.147714
0 0.997656 0.410317 0.986719 0.418523 0.981250 0.431419 0.978906 0.452521 0.978906 0.488863 0.976562 0.500586 0.976562 0.512309 0.993750 0.535756 0.996875 0.554513 0.998437 0.604924 1.000000 0.604924 1.000000 0.410317
0 0.982812 0.069168 0.967187 0.063306 0.943750 0.062134 0.924219 0.067995 0.914844 0.078546 0.912500 0.097304 0.912500 0.144197 0.922656 0.165299 0.924219 0.177022 0.923438 0.221571 0.925781 0.230950 0.925000 0.255569 0.934375 0.275498 0.939844 0.271981 0.943750 0.242673 0.946094 0.235639 0.952344 0.228605 0.972656 0.220399 1.000000 0.219226 1.000000 0.193435 0.992969 0.181712 0.992188 0.174678 0.992969 0.165299 0.996094 0.157093 0.995313 0.087925 0.992969 0.079719
0 0.137500 0.641266 0.132812 0.647128 0.128125 0.665885 0.128906 0.753810 0.123438 0.766706 0.108594 0.790152 0.093750 0.821805 0.080469 0.873388 0.075781 0.935522 0.075781 0.984760 0.077344 1.000000 0.288281 1.000000 0.290625 0.967175 0.289844 0.922626 0.282031 0.862837 0.271875 0.828839 0.257031 0.794842 0.228906 0.752638 0.231250 0.730363 0.228125 0.711606 0.228125 0.668230 0.224219 0.648300 0.221094 0.642438 0.213281 0.635404 0.192969 0.627198 0.167969 0.627198 0.158594 0.629543
0 0.096875 0.508792 0.071094 0.508792 0.055469 0.512309 0.039844 0.521688 0.033594 0.531067 0.030469 0.553341 0.032031 0.635404 0.029687 0.642438 0.017188 0.661196 0.000000 0.699883 0.000000 0.718640 0.002344 0.719812 0.003906 0.726846 0.003125 0.749121 0.037500 0.803048 0.046094 0.822978 0.053125 0.846424 0.061719 0.885111 0.064062 0.921454 0.067969 0.941383 0.069531 0.940211 0.069531 0.932005 0.071875 0.923798 0.071094 0.916764 0.082031 0.854631 0.098437 0.807737 0.125781 0.754982 0.127344 0.720985 0.127344 0.634232 0.129688 0.624853 0.130469 0.609613 0.128906 0.599062 0.128906 0.549824 0.125000 0.531067 0.120313 0.522860 0.111719 0.514654
0 0.000000 0.422040 0.000000 0.689332 0.001563 0.689332 0.028906 0.636577 0.029687 0.587339 0.028125 0.565064 0.030469 0.521688 0.034375 0.500586 0.034375 0.468933 0.029687 0.438453 0.020313 0.429074
0 0.157812 0.416178 0.150781 0.426729 0.148438 0.439625 0.148438 0.514654 0.151562 0.527550 0.148438 0.536928 0.142187 0.545135 0.135156 0.560375 0.132031 0.577960 0.132031 0.596717 0.136719 0.618992 0.136719 0.631887 0.139844 0.634232 0.162500 0.626026 0.190625 0.624853 0.214844 0.634232 0.222656 0.641266 0.228906 0.652989 0.232813 0.651817 0.241406 0.635404 0.241406 0.614302 0.243750 0.601407 0.243750 0.546307 0.241406 0.526377 0.244531 0.514654 0.245312 0.501758 0.242969 0.490035 0.242969 0.443142 0.240625 0.429074 0.232031 0.416178 0.223438 0.410317 0.211719 0.406800 0.179688 0.406800
0 0.282031 0.508792 0.260937 0.516999 0.251563 0.525205 0.248438 0.532239 0.245312 0.553341 0.245312 0.635404 0.231250 0.664713 0.230469 0.711606 0.233594 0.731536 0.232813 0.753810 0.234375 0.758499 0.249219 0.779601 0.264062 0.806565 0.277344 0.838218 0.289844 0.883939 0.293750 0.885111 0.307031 0.831184 0.310156 0.826495 0.315625 0.805393 0.330469 0.778429 0.345313 0.757327 0.348438 0.723329 0.348438 0.649472 0.344531 0.635404 0.342969 0.553341 0.340625 0.536928 0.336719 0.526377 0.332031 0.519343 0.320312 0.512309 0.301563 0.508792
0 0.361719 0.634232 0.354687 0.643611 0.351562 0.654162 0.350000 0.753810 0.328906 0.784291 0.313281 0.818288 0.297656 0.882767 0.293750 0.942556 0.295312 0.956624 0.294531 0.989449 0.296094 1.000000 0.502344 1.000000 0.503906 0.985932 0.505469 0.984760 0.505469 0.973036 0.507812 0.967175 0.507812 0.923798 0.505469 0.916764 0.504687 0.893318 0.501563 0.885111 0.501563 0.875733 0.498437 0.859320 0.484375 0.813599 0.473438 0.790152 0.458594 0.771395 0.450000 0.754982 0.453125 0.733880 0.450781 0.713951 0.450781 0.674091 0.449219 0.656506 0.444531 0.642438 0.432812 0.629543 0.408594 0.622509 0.377344 0.624853
0 0.527344 0.509965 0.507812 0.509965 0.492188 0.513482 0.478906 0.521688 0.471875 0.533411 0.469531 0.540445 0.467969 0.568581 0.467969 0.641266 0.459375 0.657679 0.453125 0.679953 0.454688 0.759672 0.473438 0.786635 0.483594 0.806565 0.499219 0.852286 0.507031 0.885111 0.510156 0.890973 0.514062 0.889801 0.518750 0.868699 0.533594 0.824150 0.548438 0.791325 0.568750 0.757327 0.571094 0.737397 0.571875 0.668230 0.571094 0.654162 0.566406 0.640094 0.567969 0.620164 0.565625 0.596717 0.566406 0.553341 0.564063 0.535756 0.553125 0.519343
0 0.587500 0.635404 0.578906 0.645955 0.575781 0.661196 0.573438 0.713951 0.574219 0.752638 0.569531 0.764361 0.557031 0.780774 0.540625 0.813599 0.531250 0.837046 0.517188 0.888628 0.513281 0.940211 0.513281 0.988277 0.514844 1.000000 0.726562 1.000000 0.728125 0.934349 0.725781 0.899179 0.721875 0.881594 0.721875 0.872216 0.714844 0.841735 0.703125 0.810082 0.694531 0.792497 0.673438 0.758499 0.675000 0.745604 0.674219 0.705744 0.675781 0.683470 0.674219 0.661196 0.671094 0.649472 0.662500 0.637749 0.642969 0.627198 0.609375 0.626026
0 0.812500 0.640094 0.805469 0.649472 0.800781 0.668230 0.800000 0.713951 0.797656 0.728019 0.796094 0.759672 0.774219 0.794842 0.764844 0.813599 0.742969 0.881594 0.736719 0.934349 0.737500 1.000000 0.948438 1.000000 0.951562 0.967175 0.951562 0.924971 0.949219 0.902696 0.935156 0.834701 0.920312 0.798359 0.898438 0.762016 0.899219 0.719812 0.901563 0.692849 0.897656 0.655334 0.889844 0.643611 0.882031 0.637749 0.857031 0.630715 0.829688 0.631887
0 0.717969 0.511137 0.701562 0.515826 0.689063 0.524033 0.680469 0.547479 0.678125 0.584994 0.678125 0.633060 0.675781 0.648300 0.677344 0.677608 0.676562 0.716295 0.679688 0.738570 0.677344 0.757327 0.681250 0.769050 0.702344 0.800703 0.717187 0.838218 0.719531 0.852286 0.725781 0.871043 0.728906 0.890973 0.732812 0.896835 0.734375 0.885111 0.742969 0.873388 0.750000 0.846424 0.769531 0.794842 0.786719 0.766706 0.790625 0.756155 0.790625 0.744431 0.793750 0.737397 0.796875 0.718640 0.797656 0.686987 0.795312 0.671747 0.777344 0.640094 0.778906 0.623681 0.777344 0.610785 0.778906 0.561547 0.778125 0.548652 0.774219 0.532239 0.769531 0.525205 0.757812 0.516999 0.743750 0.512309
0 0.936719 0.512309 0.923438 0.514654 0.907031 0.524033 0.900781 0.535756 0.899219 0.542790 0.895312 0.626026 0.903125 0.678781 0.901563 0.754982 0.906250 0.771395 0.919531 0.792497 0.934375 0.826495 0.943750 0.859320 0.946875 0.880422 0.953125 0.902696 0.953906 0.913247 0.957031 0.914420 0.959375 0.909730 0.971094 0.852286 0.988281 0.808910 1.000000 0.791325 1.000000 0.654162 0.992188 0.644783 0.992188 0.635404 0.995313 0.624853 0.995313 0.558030 0.990625 0.534584 0.976562 0.519343 0.956250 0.513482
0 0.842187 0.409144 0.817969 0.405627 0.797656 0.407972 0.782031 0.416178 0.775000 0.431419 0.772656 0.460727 0.773438 0.491208 0.771094 0.502931 0.771094 0.515826 0.776563 0.528722 0.778906 0.541618 0.780469 0.638921 0.783594 0.648300 0.792969 0.662368 0.796875 0.662368 0.808594 0.641266 0.825781 0.630715 0.852344 0.627198 0.889062 0.636577 0.890625 0.633060 0.892969 0.594373 0.889844 0.580305 0.882031 0.563892 0.876563 0.558030 0.863281 0.534584 0.863281 0.528722 0.867969 0.514654 0.866406 0.495897 0.867969 0.470106 0.866406 0.436108 0.863281 0.426729 0.856250 0.417351
0 0.571094 0.423212 0.566406 0.437280 0.564844 0.450176 0.565625 0.483001 0.562500 0.514654 0.567969 0.542790 0.567969 0.596717 0.571094 0.624853 0.575781 0.638921 0.580469 0.638921 0.588281 0.631887 0.603906 0.624853 0.635156 0.623681 0.652344 0.628370 0.665625 0.638921 0.671875 0.638921 0.674219 0.631887 0.675000 0.573271 0.670312 0.555686 0.657031 0.534584 0.660156 0.518171 0.659375 0.443142 0.656250 0.429074 0.649219 0.419695 0.639844 0.413834 0.614062 0.407972 0.588281 0.411489
0 0.367969 0.415006 0.361719 0.424385 0.358594 0.439625 0.357031 0.514654 0.359375 0.526377 0.357031 0.534584 0.348438 0.545135 0.345313 0.555686 0.345313 0.595545 0.349219 0.607268 0.350781 0.624853 0.353906 0.627198 0.353125 0.631887 0.357812 0.633060 0.375781 0.623681 0.387500 0.621336 0.419531 0.622509 0.436719 0.630715 0.444531 0.638921 0.451562 0.650645 0.456250 0.652989 0.464062 0.638921 0.463281 0.617819 0.466406 0.603751 0.466406 0.577960 0.464062 0.555686 0.460156 0.543962 0.454688 0.535756 0.452344 0.526377 0.454688 0.514654 0.454688 0.497069 0.453125 0.488863 0.453125 0.441970 0.450000 0.426729 0.444531 0.417351 0.434375 0.409144 0.419531 0.404455 0.390625 0.404455 0.378125 0.407972
0 0.266406 0.321219 0.259375 0.331770 0.257812 0.342321 0.257031 0.396249 0.255469 0.405627 0.259375 0.425557 0.257031 0.433763 0.249219 0.446659 0.246875 0.464244 0.249219 0.520516 0.253125 0.522860 0.260156 0.515826 0.275781 0.508792 0.310937 0.508792 0.323437 0.512309 0.332813 0.518171 0.344531 0.539273 0.349219 0.538101 0.355469 0.528722 0.353125 0.502931 0.356250 0.488863 0.356250 0.452521 0.353125 0.437280 0.346875 0.425557 0.349219 0.407972 0.347656 0.393904 0.348438 0.347011 0.342969 0.324736 0.330469 0.313013 0.311719 0.309496 0.281250 0.313013
0 0.071094 0.316530 0.062500 0.323564 0.055469 0.343494 0.056250 0.390387 0.054688 0.415006 0.059375 0.432591 0.046094 0.454865 0.039062 0.471278 0.036719 0.507620 0.037500 0.518171 0.040625 0.519343 0.056250 0.511137 0.085156 0.506448 0.101562 0.508792 0.115625 0.515826 0.121875 0.522860 0.129688 0.546307 0.135156 0.549824 0.148438 0.528722 0.147656 0.519343 0.144531 0.513482 0.146875 0.479484 0.144531 0.426729 0.149219 0.413834 0.147656 0.355217 0.145313 0.334115 0.138281 0.320047 0.124219 0.311841 0.096094 0.309496
0 0.000000 0.223916 0.000000 0.420868 0.011719 0.423212 0.028906 0.434936 0.035937 0.458382 0.038281 0.459555 0.046094 0.450176 0.051562 0.437280 0.052344 0.430246 0.051562 0.410317 0.054688 0.393904 0.053906 0.345838 0.056250 0.331770 0.061719 0.318875 0.062500 0.311841 0.060156 0.298945 0.058594 0.252052 0.054688 0.236811 0.045312 0.227433 0.032813 0.222743
0 0.173437 0.234467 0.168750 0.242673 0.164844 0.256741 0.165625 0.304807 0.164062 0.327081 0.167969 0.337632 0.167969 0.347011 0.161719 0.358734 0.157812 0.361079 0.152344 0.385698 0.155469 0.412661 0.160938 0.413834 0.180469 0.405627 0.221094 0.407972 0.239844 0.423212 0.243750 0.441970 0.247656 0.440797 0.252344 0.434936 0.253906 0.426729 0.251563 0.416178 0.253906 0.393904 0.252344 0.336460 0.255469 0.323564 0.255469 0.309496 0.253125 0.295428 0.253125 0.262603 0.249219 0.240328 0.246094 0.235639 0.233594 0.227433 0.217969 0.223916 0.196875 0.225088
0 0.100781 0.144197 0.093750 0.148886 0.087500 0.160610 0.085938 0.172333 0.086719 0.212192 0.085156 0.239156 0.088281 0.245018 0.089063 0.252052 0.078906 0.276671 0.076563 0.287222 0.071094 0.296600 0.068750 0.309496 0.070312 0.313013 0.079687 0.313013 0.094531 0.308324 0.109375 0.308324 0.131250 0.313013 0.137500 0.317702 0.146094 0.331770 0.148438 0.356389 0.151562 0.361079 0.164062 0.342321 0.160156 0.318875 0.164062 0.310668 0.163281 0.252052 0.171875 0.230950 0.171094 0.174678 0.168750 0.157093 0.165625 0.151231 0.157812 0.144197 0.142969 0.139508 0.126562 0.138335
0 0.022656 0.063306 0.010937 0.071512 0.006250 0.085580 0.006250 0.141852 0.004687 0.145369 0.006250 0.173505 0.003125 0.194607 0.000000 0.199297 0.000000 0.219226 0.036719 0.221571 0.052344 0.232122 0.060156 0.248535 0.064062 0.289566 0.065625 0.289566 0.070312 0.275498 0.082031 0.255569 0.082031 0.227433 0.084375 0.218054 0.084375 0.165299 0.089063 0.147714 0.089063 0.103165 0.086719 0.079719 0.081250 0.069168 0.070312 0.062134 0.038281 0.059789
0 0.107031 0.000000 0.104688 0.024619 0.104688 0.084408 0.094531 0.112544 0.094531 0.139508 0.096094 0.141852 0.119531 0.137163 0.138281 0.137163 0.156250 0.141852 0.168750 0.152403 0.171875 0.158265 0.173437 0.171161 0.176563 0.171161 0.181250 0.161782 0.179688 0.153576 0.185156 0.124267 0.184375 0.082063 0.187500 0.069168 0.185938 0.019930 0.183594 0.000000
0 0.198437 0.063306 0.189844 0.071512 0.187500 0.078546 0.185156 0.144197 0.187500 0.161782 0.175781 0.189918 0.174219 0.201641 0.175000 0.221571 0.177344 0.226260 0.181250 0.227433 0.203906 0.222743 0.222656 0.222743 0.233594 0.226260 0.247656 0.235639 0.256250 0.260258 0.259375 0.259086 0.264062 0.245018 0.267188 0.209848 0.267188 0.159437 0.271094 0.148886 0.271875 0.139508 0.269531 0.130129 0.268750 0.094959 0.266406 0.077374 0.257812 0.064478 0.244531 0.058617 0.217969 0.057444
0 0.274219 0.153576 0.269531 0.171161 0.269531 0.213365 0.267188 0.226260 0.268750 0.252052 0.259375 0.270809 0.257031 0.289566 0.257812 0.307151 0.260156 0.317702 0.264062 0.322392 0.275000 0.314185 0.298438 0.308324 0.326562 0.310668 0.333594 0.313013 0.342187 0.321219 0.349219 0.338804 0.353906 0.338804 0.356250 0.331770 0.354687 0.318875 0.357812 0.293083 0.357031 0.252052 0.354687 0.248535 0.356250 0.229777 0.354687 0.223916 0.353906 0.171161 0.351562 0.157093 0.341406 0.145369 0.319531 0.139508 0.292187 0.141852
0 0.437500 0.219226 0.418750 0.212192 0.390625 0.212192 0.372656 0.219226 0.360938 0.233294 0.359375 0.242673 0.357812 0.322392 0.360156 0.334115 0.351562 0.352872 0.350000 0.383353 0.352344 0.403283 0.352344 0.426729 0.356250 0.431419 0.361719 0.420868 0.369531 0.412661 0.378125 0.406800 0.389844 0.403283 0.419531 0.403283 0.435156 0.407972 0.449219 0.420868 0.453906 0.418523 0.460156 0.392732 0.460156 0.370457 0.457813 0.354045 0.448437 0.332943 0.451562 0.318875 0.450000 0.301290 0.450781 0.270809 0.448437 0.240328 0.444531 0.227433
0 0.545312 0.320047 0.528906 0.310668 0.500000 0.308324 0.478906 0.314185 0.470313 0.321219 0.465625 0.330598 0.462500 0.344666 0.462500 0.390387 0.460156 0.402110 0.462500 0.427902 0.456250 0.445487 0.454688 0.477140 0.457031 0.504103 0.455469 0.528722 0.460156 0.536928 0.466406 0.540445 0.468750 0.533411 0.478906 0.520516 0.500781 0.509965 0.524219 0.508792 0.544531 0.513482 0.555469 0.519343 0.559375 0.516999 0.562500 0.494725 0.561719 0.459555 0.560156 0.449004 0.551562 0.431419 0.551562 0.425557 0.555469 0.415006 0.553906 0.342321 0.551562 0.329426
0 0.274219 0.153576 0.269531 0.172333 0.269531 0.213365 0.267188 0.226260 0.268750 0.252052 0.259375 0.270809 0.257031 0.289566 0.257812 0.308324 0.260156 0.318875 0.264062 0.322392 0.275000 0.314185 0.296094 0.308324 0.322656 0.309496 0.333594 0.313013 0.342187 0.321219 0.348438 0.334115 0.348438 0.337632 0.353906 0.339977 0.357031 0.331770 0.355469 0.311841 0.357812 0.300117 0.357031 0.253224 0.354687 0.248535 0.356250 0.229777 0.353906 0.213365 0.353906 0.171161 0.351562 0.157093 0.341406 0.145369 0.318750 0.139508 0.292187 0.141852
