0 0.694872 0.400000 0.687179 0.435714 0.687179 0.532143 0.720513 0.578571 0.792308 0.610714 0.820513 0.610714 0.856410 0.578571 0.876923 0.550000 0.884615 0.525000 0.882051 0.446429 0.866667 0.410714 0.828205 0.375000 0.782051 0.367857 0.712821 0.385714
0 0.635897 0.078571 0.602564 0.071429 0.566667 0.082143 0.538462 0.110714 0.520513 0.150000 0.512821 0.189286 0.515385 0.292857 0.530769 0.339286 0.551282 0.357143 0.584615 0.357143 0.617949 0.339286 0.658974 0.289286 0.684615 0.235714 0.689744 0.171429 0.682051 0.135714 0.664103 0.103571
0 0.866667 0.121429 0.848718 0.100000 0.815385 0.082143 0.774359 0.085714 0.741026 0.107143 0.694872 0.182143 0.687179 0.242857 0.671795 0.282143 0.656410 0.303571 0.656410 0.332143 0.674359 0.357143 0.697436 0.371429 0.728205 0.371429 0.746154 0.357143 0.817949 0.328571 0.848718 0.303571 0.874359 0.267857 0.887179 0.217857 0.884615 0.164286
0 0.564103 0.367857 0.538462 0.389286 0.515385 0.432143 0.510256 0.471429 0.515385 0.532143 0.530769 0.567857 0.553846 0.592857 0.607692 0.603571 0.630769 0.600000 0.646154 0.589286 0.671795 0.553571 0.679487 0.528571 0.682051 0.478571 0.676923 0.435714 0.666667 0.407143 0.638462 0.375000 0.612821 0.364286
0 0.400000 0.346429 0.371795 0.357143 0.343590 0.385714 0.328205 0.421429 0.328205 0.500000 0.341026 0.546429 0.366667 0.578571 0.387179 0.589286 0.428205 0.589286 0.456410 0.575000 0.489744 0.532143 0.500000 0.507143 0.500000 0.435714 0.476923 0.382143 0.458974 0.360714
0 0.117949 0.464286 0.115385 0.521429 0.125641 0.564286 0.143590 0.592857 0.179487 0.621429 0.217949 0.621429 0.282051 0.592857 0.312821 0.571429 0.328205 0.546429 0.317949 0.442857 0.310256 0.417857 0.228205 0.378571 0.179487 0.382143 0.153846 0.400000 0.128205 0.435714
0 0.735897 0.621429 0.702564 0.657143 0.692308 0.692857 0.692308 0.742857 0.707692 0.792857 0.741026 0.842857 0.782051 0.871429 0.817949 0.871429 0.843590 0.857143 0.866667 0.828571 0.884615 0.782143 0.884615 0.732143 0.871795 0.689286 0.851282 0.657143 0.810256 0.625000 0.784615 0.617857
0 0.556410 0.621429 0.528205 0.653571 0.515385 0.682143 0.515385 0.775000 0.530769 0.810714 0.569231 0.853571 0.592308 0.860714 0.628205 0.857143 0.651282 0.839286 0.679487 0.796429 0.684615 0.778571 0.684615 0.728571 0.671795 0.667857 0.653846 0.639286 0.617949 0.614286 0.579487 0.610714
0 0.456410 0.607143 0.423077 0.600000 0.384615 0.610714 0.351282 0.635714 0.328205 0.675000 0.317949 0.746429 0.320513 0.782143 0.335897 0.821429 0.364103 0.853571 0.392308 0.864286 0.425641 0.860714 0.451282 0.842857 0.487179 0.785714 0.494872 0.750000 0.492308 0.678571 0.482051 0.635714
0 0.343590 0.628571 0.320513 0.603571 0.294872 0.596429 0.238462 0.625000 0.192308 0.632143 0.158974 0.653571 0.133333 0.689286 0.117949 0.742857 0.117949 0.785714 0.133333 0.835714 0.161538 0.871429 0.194872 0.885714 0.238462 0.878571 0.266667 0.857143 0.289744 0.825000 0.312821 0.764286 0.320513 0.696429 0.343590 0.642857
0 0.358974 0.100000 0.335897 0.128571 0.323077 0.178571 0.325641 0.239286 0.343590 0.285714 0.361538 0.310714 0.400000 0.339286 0.443590 0.346429 0.458974 0.357143 0.487179 0.342857 0.502564 0.300000 0.502564 0.203571 0.484615 0.132143 0.453846 0.092857 0.425641 0.078571 0.389744 0.082143
0 0.133333 0.150000 0.117949 0.189286 0.115385 0.250000 0.125641 0.289286 0.148718 0.328571 0.187179 0.357143 0.292308 0.396429 0.315385 0.392857 0.346154 0.360714 0.358974 0.310714 0.330769 0.264286 0.310256 0.196429 0.266667 0.135714 0.217949 0.107143 0.187179 0.107143 0.148718 0.128571
