1 0.219231 0.172297 0.209231 0.179899 0.206923 0.188345 0.206923 0.201858 0.212308 0.246622 0.209231 0.262669 0.210000 0.266892 0.220000 0.276182 0.247692 0.292230 0.251538 0.296453 0.268462 0.306588 0.276923 0.309122 0.278462 0.307432 0.278462 0.294764 0.272308 0.276182 0.265385 0.266892 0.253077 0.259291 0.247692 0.250845 0.245385 0.190878 0.240769 0.177365 0.236154 0.173142 0.230769 0.171453
1 0.298462 0.227196 0.293077 0.237331 0.292308 0.245777 0.294615 0.288007 0.296923 0.299831 0.295385 0.309966 0.292308 0.314189 0.291538 0.319257 0.298462 0.326014 0.308462 0.331081 0.322308 0.342061 0.333846 0.347128 0.347692 0.358108 0.358462 0.361486 0.360000 0.358953 0.360000 0.350507 0.355385 0.331926 0.350000 0.323480 0.334615 0.308277 0.330769 0.298142 0.330000 0.240709 0.325385 0.228041 0.314615 0.223818
1 0.313077 0.122466 0.300000 0.126689 0.297692 0.130068 0.295385 0.141892 0.297692 0.150338 0.299231 0.181588 0.297692 0.202703 0.296154 0.206926 0.281538 0.221284 0.274615 0.235642 0.273077 0.247466 0.273846 0.273649 0.279231 0.287162 0.283077 0.310811 0.290769 0.310811 0.294615 0.304899 0.295385 0.299831 0.291538 0.257601 0.292308 0.237331 0.298462 0.227196 0.307692 0.223818 0.315385 0.223818 0.325385 0.228041 0.328462 0.233108 0.331538 0.247466 0.330769 0.260980 0.333077 0.271959 0.332308 0.299831 0.335385 0.307432 0.348462 0.318412 0.353077 0.319257 0.352308 0.315034 0.353846 0.312500 0.354615 0.299831 0.358462 0.289696 0.360769 0.275338 0.360769 0.260135 0.362308 0.256757 0.360769 0.238176 0.358462 0.229730 0.352308 0.220439 0.334615 0.205236 0.330769 0.184966 0.328462 0.182432 0.330769 0.179899 0.330769 0.135980 0.326923 0.126689
1 0.391538 0.173142 0.384615 0.178209 0.380000 0.190034 0.383077 0.235642 0.382308 0.255068 0.367692 0.270270 0.360769 0.283784 0.359231 0.290541 0.357692 0.315034 0.360769 0.344595 0.364615 0.360642 0.368462 0.365709 0.373077 0.369088 0.380769 0.365709 0.383077 0.358108 0.381538 0.293919 0.386154 0.282939 0.393846 0.279561 0.405385 0.278716 0.414615 0.282939 0.420769 0.293074 0.422308 0.358953 0.423846 0.363176 0.435385 0.369932 0.438462 0.346284 0.443077 0.342061 0.443846 0.297297 0.441538 0.294764 0.436154 0.273649 0.419231 0.256757 0.415385 0.244088 0.416923 0.241554 0.416923 0.188345 0.409231 0.174831 0.406154 0.173142
1 0.404615 0.078547 0.385385 0.079392 0.378462 0.088682 0.376923 0.100507 0.380000 0.114865 0.378462 0.118243 0.379231 0.153716 0.376154 0.160473 0.362308 0.175676 0.356154 0.190878 0.354615 0.204392 0.355385 0.216216 0.363846 0.243243 0.365385 0.269426 0.376154 0.261824 0.382308 0.252534 0.380000 0.191723 0.382308 0.181588 0.390769 0.173142 0.404615 0.172297 0.410769 0.174831 0.414615 0.179899 0.418462 0.192568 0.420000 0.216216 0.417692 0.220439 0.419231 0.224662 0.417692 0.235642 0.419231 0.239020 0.419231 0.252534 0.423846 0.259291 0.430769 0.263514 0.433077 0.256757 0.433077 0.250000 0.440000 0.217061 0.439231 0.200169 0.436154 0.187500 0.428462 0.171453 0.422308 0.165541 0.416923 0.163851 0.413077 0.158784 0.412308 0.086993
1 0.477692 0.123311 0.470000 0.125000 0.466154 0.127534 0.463077 0.133446 0.461538 0.152872 0.463846 0.201858 0.461538 0.207770 0.446154 0.221284 0.438462 0.235642 0.436923 0.243243 0.437692 0.272804 0.443077 0.286318 0.446923 0.304054 0.449231 0.306588 0.447692 0.319257 0.450000 0.325169 0.460769 0.314189 0.466923 0.312500 0.469231 0.309966 0.468462 0.244088 0.470000 0.234797 0.477692 0.227196 0.486154 0.224662 0.497692 0.224662 0.500769 0.230574 0.506923 0.236486 0.508462 0.265203 0.510000 0.267736 0.506923 0.296453 0.509231 0.301520 0.515385 0.300676 0.519231 0.295608 0.523846 0.280405 0.524615 0.262669 0.523077 0.259291 0.523846 0.252534 0.521538 0.236486 0.515385 0.223818 0.500000 0.209459 0.497692 0.203547 0.500000 0.157095 0.499231 0.136824 0.492308 0.125845
1 0.485385 0.225507 0.476923 0.228041 0.470000 0.235642 0.469231 0.266892 0.470000 0.289696 0.472308 0.304054 0.470000 0.309966 0.456923 0.320946 0.450000 0.330236 0.444615 0.347128 0.443846 0.371622 0.445385 0.386824 0.452308 0.407939 0.453846 0.419764 0.466154 0.428209 0.470769 0.427365 0.476154 0.420608 0.474615 0.365709 0.476154 0.347973 0.480000 0.342061 0.487692 0.336149 0.497692 0.335304 0.503846 0.337838 0.514615 0.347973 0.516154 0.358108 0.515385 0.405405 0.517692 0.420608 0.520000 0.415541 0.526923 0.413007 0.531538 0.399493 0.532308 0.360642 0.530769 0.346284 0.521538 0.325169 0.506923 0.309122 0.505385 0.299831 0.506923 0.266047 0.506154 0.236486 0.500769 0.232264 0.498462 0.226351
1 0.576923 0.173986 0.562308 0.173986 0.553846 0.183277 0.551538 0.190878 0.551538 0.250845 0.546154 0.260980 0.530769 0.275338 0.524615 0.289696 0.522308 0.299831 0.522308 0.318412 0.528462 0.332770 0.535385 0.358108 0.536923 0.382601 0.540769 0.381757 0.546923 0.374155 0.553077 0.370777 0.562308 0.361486 0.562308 0.298986 0.564615 0.288851 0.570769 0.282095 0.583846 0.278716 0.593846 0.281250 0.600769 0.288007 0.603077 0.298142 0.602308 0.349662 0.605385 0.350507 0.608462 0.347128 0.611538 0.334459 0.610000 0.322635 0.610769 0.302365 0.607692 0.287162 0.600769 0.274493 0.586154 0.260135 0.585385 0.249155 0.587692 0.240709 0.589231 0.191723 0.585385 0.179899
1 0.587692 0.280405 0.570769 0.282095 0.563846 0.291385 0.562308 0.312500 0.564615 0.358108 0.562308 0.364020 0.549231 0.375000 0.540769 0.385980 0.533077 0.407095 0.533846 0.434966 0.540000 0.451014 0.543846 0.478041 0.547692 0.483953 0.563846 0.492399 0.572308 0.489865 0.576923 0.481419 0.576923 0.418074 0.580000 0.407095 0.589231 0.399493 0.605385 0.398649 0.616154 0.407095 0.618462 0.419764 0.622308 0.428209 0.621538 0.433277 0.623077 0.434122 0.624615 0.422297 0.624615 0.407095 0.617692 0.387669 0.613077 0.380068 0.601538 0.368243 0.599231 0.363176 0.598462 0.352196 0.600769 0.337838 0.600000 0.318412 0.601538 0.313345 0.601538 0.298142 0.596154 0.283784
1 0.774615 0.283784 0.767692 0.282095 0.758462 0.282939 0.749231 0.290541 0.746154 0.305743 0.745385 0.358953 0.742308 0.367399 0.722308 0.383446 0.716154 0.394426 0.710769 0.408784 0.710000 0.420608 0.710769 0.431588 0.713846 0.434966 0.717692 0.434966 0.756154 0.408784 0.781538 0.389358 0.786154 0.382601 0.780000 0.368243 0.785385 0.320101 0.785385 0.297297 0.783077 0.290541
1 0.700769 0.344595 0.677692 0.341216 0.673846 0.342061 0.669231 0.346284 0.664615 0.360642 0.665385 0.416385 0.663077 0.423986 0.642308 0.441723 0.634615 0.456081 0.630000 0.479730 0.630000 0.492399 0.631538 0.494088 0.635385 0.494932 0.648462 0.487331 0.706154 0.444257 0.707692 0.438345 0.702308 0.429899 0.700000 0.416385 0.702308 0.407939 0.703077 0.376689 0.704615 0.373311 0.704615 0.355574
1 0.667692 0.226351 0.653846 0.228041 0.646923 0.236486 0.645385 0.242399 0.644615 0.304054 0.638462 0.314189 0.626154 0.321791 0.618462 0.335304 0.615385 0.345439 0.613846 0.373311 0.623846 0.394426 0.628462 0.412162 0.628462 0.459459 0.626923 0.467905 0.630769 0.466216 0.633077 0.455236 0.640769 0.440878 0.656154 0.429054 0.663077 0.418919 0.663077 0.365709 0.664615 0.353041 0.667692 0.346284 0.680000 0.338682 0.696154 0.340372 0.698462 0.338682 0.693077 0.326858 0.679231 0.314189 0.678462 0.303209 0.681538 0.288007 0.683846 0.255912 0.683077 0.239865 0.680769 0.234797 0.673077 0.228041
