0 0.127438 0.019802 0.122237 0.025990 0.118336 0.068069 0.120936 0.084158 0.126138 0.085396 0.130039 0.091584 0.128739 0.099010 0.122237 0.111386 0.085826 0.158416 0.062419 0.198020 0.040312 0.262376 0.033810 0.301980 0.033810 0.357673 0.042913 0.415842 0.041612 0.655941 0.044213 0.667079 0.044213 0.689356 0.036411 0.753713 0.035111 0.876238 0.044213 0.917079 0.052016 0.936881 0.061118 0.950495 0.083225 0.966584 0.098830 0.971535 0.124837 0.972772 0.132640 0.971535 0.157347 0.957921 0.183355 0.956683 0.198960 0.969059 0.208062 0.972772 0.248375 0.971535 0.261378 0.964109 0.287386 0.961634 0.299090 0.954208 0.312094 0.926980 0.321196 0.888614 0.318596 0.767327 0.310793 0.679455 0.308192 0.673267 0.310793 0.561881 0.306892 0.521040 0.310793 0.497525 0.309493 0.429455 0.318596 0.357673 0.317295 0.297030 0.308192 0.248762 0.288687 0.196782 0.265280 0.157178 0.228869 0.111386 0.222367 0.099010 0.223667 0.087871 0.232770 0.080446 0.228869 0.029703 0.226268 0.023515 0.217165 0.018564 0.204161 0.017327
0 0.594278 0.214109 0.579974 0.219059 0.578674 0.248762 0.582575 0.252475 0.581274 0.258663 0.563069 0.282178 0.548765 0.306931 0.539662 0.330446 0.533160 0.360149 0.533160 0.394802 0.538362 0.423267 0.538362 0.570545 0.534460 0.590347 0.534460 0.675743 0.544863 0.705446 0.563069 0.717822 0.579974 0.719059 0.595579 0.711634 0.609883 0.710396 0.624187 0.719059 0.641092 0.719059 0.671001 0.710396 0.681404 0.686881 0.681404 0.605198 0.676203 0.556931 0.680104 0.360149 0.671001 0.320545 0.654096 0.284653 0.633290 0.259901 0.631990 0.252475 0.635891 0.240099 0.633290 0.220297 0.620286 0.215347
0 0.756827 0.212871 0.734720 0.216584 0.730819 0.222772 0.729519 0.243812 0.733420 0.250000 0.733420 0.259901 0.703511 0.299505 0.687906 0.339109 0.685306 0.352723 0.684005 0.382426 0.689207 0.435644 0.689207 0.560644 0.685306 0.612624 0.685306 0.668317 0.691808 0.698020 0.700910 0.710396 0.708713 0.715347 0.732120 0.719059 0.746424 0.711634 0.759428 0.710396 0.777633 0.719059 0.791938 0.719059 0.821847 0.710396 0.830949 0.693069 0.830949 0.586634 0.828349 0.560644 0.829649 0.349010 0.825748 0.330446 0.812744 0.297030 0.784135 0.259901 0.782835 0.252475 0.786736 0.248762 0.785436 0.220297 0.775033 0.215347
0 0.918075 0.212871 0.889467 0.214109 0.880364 0.219059 0.877763 0.243812 0.882965 0.252475 0.881664 0.258663 0.853056 0.298267 0.834850 0.345297 0.833550 0.396040 0.837451 0.445545 0.833550 0.664604 0.836151 0.684406 0.842653 0.702970 0.853056 0.712871 0.868661 0.719059 0.881664 0.719059 0.901170 0.710396 0.911573 0.711634 0.921977 0.719059 0.942783 0.719059 0.954486 0.714109 0.966190 0.712871 0.976593 0.701733 0.984395 0.672030 0.983095 0.603960 0.977893 0.558168 0.977893 0.495050 0.975293 0.482673 0.977893 0.469059 0.977893 0.425743 0.983095 0.396040 0.981795 0.355198 0.970091 0.314356 0.953186 0.284653 0.945384 0.277228 0.932380 0.256188 0.932380 0.251238 0.936281 0.247525 0.934980 0.220297 0.928479 0.215347
0 0.615085 0.169554 0.607282 0.167079 0.566970 0.168317 0.563069 0.172030 0.561769 0.198020 0.565670 0.211634 0.531860 0.258663 0.518856 0.299505 0.518856 0.309406 0.531860 0.346535 0.534460 0.345297 0.548765 0.304455 0.579974 0.258663 0.577373 0.247525 0.578674 0.219059 0.586476 0.212871 0.611183 0.211634 0.616385 0.209158 0.620286 0.190594 0.618986 0.174505
0 0.607282 0.087871 0.563069 0.087871 0.556567 0.092822 0.555267 0.123762 0.559168 0.127475 0.559168 0.132426 0.533160 0.168317 0.514954 0.211634 0.511053 0.266089 0.513654 0.280941 0.517555 0.284653 0.516255 0.287129 0.522757 0.282178 0.533160 0.253713 0.561769 0.216584 0.561769 0.174505 0.569571 0.167079 0.602081 0.165842 0.618986 0.172030 0.622887 0.193069 0.620286 0.206683 0.637191 0.219059 0.642393 0.247525 0.648895 0.252475 0.652796 0.261139 0.655397 0.258663 0.657997 0.248762 0.655397 0.210396 0.639792 0.172030 0.612484 0.136139 0.611183 0.127475 0.616385 0.120050 0.615085 0.099010 0.612484 0.091584
0 0.765930 0.168317 0.725618 0.167079 0.719116 0.168317 0.715215 0.173267 0.713914 0.199257 0.717815 0.205446 0.717815 0.212871 0.687906 0.252475 0.672302 0.290842 0.671001 0.313119 0.677503 0.327970 0.681404 0.347772 0.685306 0.347772 0.689207 0.329208 0.704811 0.294554 0.730819 0.259901 0.730819 0.250000 0.728218 0.247525 0.730819 0.217822 0.743823 0.211634 0.767230 0.210396 0.772432 0.201733 0.772432 0.179455
0 0.760728 0.089109 0.713914 0.087871 0.707412 0.094059 0.706112 0.122525 0.710013 0.132426 0.680104 0.174505 0.664499 0.217822 0.661899 0.266089 0.665800 0.293317 0.669701 0.293317 0.673602 0.274752 0.682705 0.263614 0.689207 0.248762 0.715215 0.212871 0.711313 0.194307 0.712614 0.176980 0.721717 0.167079 0.756827 0.165842 0.764629 0.167079 0.772432 0.173267 0.773732 0.188119 0.776333 0.190594 0.773732 0.209158 0.778934 0.210396 0.794538 0.222772 0.797139 0.250000 0.802341 0.254950 0.807542 0.250000 0.808843 0.219059 0.803641 0.196782 0.788036 0.165842 0.764629 0.137376 0.763329 0.129950 0.767230 0.122525 0.765930 0.094059
0 0.906372 0.087871 0.860858 0.087871 0.855657 0.094059 0.853056 0.120050 0.858257 0.127475 0.858257 0.133663 0.829649 0.173267 0.812744 0.217822 0.810143 0.250000 0.812744 0.279703 0.817945 0.289604 0.828349 0.273515 0.828349 0.267327 0.836151 0.251238 0.863459 0.214109 0.864759 0.204208 0.860858 0.200495 0.860858 0.180693 0.863459 0.172030 0.875163 0.165842 0.911573 0.167079 0.920676 0.173267 0.920676 0.206683 0.936281 0.216584 0.938882 0.241337 0.950585 0.253713 0.953186 0.264851 0.959688 0.267327 0.960988 0.236386 0.954486 0.205446 0.936281 0.164604 0.912874 0.136139 0.911573 0.128713 0.915475 0.122525 0.914174 0.092822
0 0.916775 0.170792 0.906372 0.168317 0.875163 0.168317 0.864759 0.172030 0.862159 0.196782 0.866060 0.204208 0.866060 0.212871 0.837451 0.250000 0.820546 0.289604 0.820546 0.309406 0.832250 0.340347 0.836151 0.337871 0.851756 0.297030 0.879064 0.258663 0.876463 0.243812 0.879064 0.219059 0.885566 0.212871 0.914174 0.210396 0.920676 0.201733 0.920676 0.179455
0 0.435631 0.215347 0.429129 0.219059 0.426528 0.242574 0.430429 0.251238 0.427828 0.262376 0.405722 0.290842 0.392718 0.315594 0.382315 0.351485 0.381014 0.391089 0.386216 0.434406 0.386216 0.559406 0.382315 0.592822 0.381014 0.663366 0.391417 0.701733 0.407022 0.715347 0.413524 0.717822 0.433030 0.717822 0.444733 0.711634 0.456437 0.710396 0.473342 0.719059 0.487646 0.719059 0.516255 0.711634 0.524057 0.704208 0.530559 0.685644 0.530559 0.612624 0.525358 0.558168 0.526658 0.502475 0.524057 0.478960 0.526658 0.472772 0.529259 0.356436 0.517555 0.314356 0.507152 0.294554 0.501951 0.290842 0.499350 0.279703 0.481144 0.257426 0.481144 0.251238 0.485046 0.245050 0.483745 0.220297 0.468140 0.214109
0 0.452536 0.167079 0.420026 0.168317 0.413524 0.172030 0.410923 0.196782 0.414824 0.211634 0.384915 0.252475 0.375813 0.271040 0.366710 0.300743 0.364109 0.344059 0.368010 0.409653 0.365410 0.448020 0.368010 0.528465 0.364109 0.613861 0.368010 0.637376 0.371912 0.648515 0.375813 0.650990 0.378414 0.648515 0.378414 0.606436 0.382315 0.587871 0.383615 0.418317 0.378414 0.384901 0.382315 0.345297 0.391417 0.315594 0.408322 0.284653 0.426528 0.261139 0.425228 0.233911 0.427828 0.219059 0.436931 0.212871 0.464239 0.210396 0.468140 0.204208 0.468140 0.172030
0 0.457737 0.089109 0.412224 0.087871 0.405722 0.091584 0.403121 0.123762 0.407022 0.128713 0.405722 0.136139 0.377113 0.174505 0.360208 0.220297 0.357607 0.259901 0.364109 0.298267 0.382315 0.253713 0.412224 0.212871 0.408322 0.189356 0.410923 0.175743 0.418726 0.167079 0.451235 0.165842 0.466840 0.169554 0.469441 0.174505 0.470741 0.209158 0.483745 0.215347 0.486346 0.232673 0.492848 0.248762 0.504551 0.253713 0.507152 0.251238 0.507152 0.221535 0.499350 0.194307 0.482445 0.162129 0.460338 0.133663 0.460338 0.127475 0.464239 0.122525 0.464239 0.100248 0.461638 0.091584
