2 0.086262 0.474820 0.023962 0.501199 0.000000 0.522782 0.000000 0.875300 0.017572 0.889688 0.051118 0.904077 0.118211 0.906475 0.153355 0.894484 0.175719 0.877698 0.199681 0.834532 0.234824 0.796163 0.244409 0.760192 0.247604 0.724221 0.242812 0.678657 0.242812 0.616307 0.239617 0.589928 0.225240 0.549161 0.188498 0.503597 0.140575 0.477218
2 0.123003 0.287770 0.108626 0.273381 0.070288 0.251799 0.025559 0.249400 0.000000 0.256595 0.000000 0.517986 0.038339 0.491607 0.073482 0.474820 0.129393 0.470024 0.140575 0.436451 0.143770 0.340528 0.137380 0.311751
2 0.039936 0.011990 0.000000 0.014388 0.000000 0.251799 0.020767 0.249400 0.052716 0.227818 0.083067 0.201439 0.094249 0.187050 0.099042 0.172662 0.099042 0.117506 0.102236 0.098321 0.099042 0.071942 0.081470 0.045564
2 0.121406 0.165468 0.123003 0.189448 0.142173 0.263789 0.151757 0.280576 0.182109 0.304556 0.186901 0.304556 0.194888 0.285372 0.220447 0.251799 0.255591 0.230216 0.289137 0.223022 0.330671 0.232614 0.357827 0.256595 0.373802 0.280576 0.380192 0.302158 0.384984 0.292566 0.391374 0.215827 0.378594 0.187050 0.234824 0.079137 0.202875 0.076739 0.174121 0.091127 0.142173 0.124700 0.126198 0.148681
2 0.327476 0.232614 0.295527 0.225420 0.250799 0.232614 0.220447 0.251799 0.196486 0.282974 0.188498 0.302158 0.186901 0.347722 0.202875 0.508393 0.233227 0.561151 0.242812 0.594724 0.242812 0.606715 0.253994 0.623501 0.268371 0.628297 0.308307 0.628297 0.345048 0.580336 0.369010 0.561151 0.381789 0.539568 0.378594 0.431655 0.380192 0.306954 0.373802 0.282974 0.357827 0.256595
2 0.519169 0.057554 0.484026 0.071942 0.464856 0.086331 0.442492 0.117506 0.432907 0.148681 0.431310 0.172662 0.439297 0.256595 0.442492 0.467626 0.445687 0.501199 0.453674 0.529976 0.474441 0.546763 0.522364 0.606715 0.531949 0.613909 0.560703 0.616307 0.608626 0.592326 0.632588 0.558753 0.640575 0.532374 0.650160 0.215827 0.656550 0.179856 0.656550 0.148681 0.643770 0.110312 0.611821 0.076739 0.584665 0.062350 0.557508 0.055156
2 0.335463 0.594724 0.321086 0.618705 0.317891 0.640288 0.322684 0.671463 0.345048 0.752998 0.466454 0.928058 0.492013 0.942446 0.517572 0.937650 0.538339 0.923261 0.589457 0.870504 0.595847 0.853717 0.608626 0.786571 0.610224 0.743405 0.607029 0.731415 0.519169 0.609113 0.468051 0.546763 0.439297 0.529976 0.407348 0.532374 0.391374 0.541966 0.365815 0.570743
2 0.172524 0.906475 0.174121 0.949640 0.180511 0.973621 0.193291 1.000000 0.485623 1.000000 0.482428 0.990408 0.361022 0.832134 0.333866 0.808153 0.295527 0.793765 0.260383 0.796163 0.217252 0.820144 0.188498 0.856115
2 0.337061 0.146283 0.345048 0.160671 0.380192 0.187050 0.389776 0.203837 0.392971 0.227818 0.397764 0.237410 0.412141 0.244604 0.432907 0.244604 0.431310 0.148681 0.440895 0.119904 0.458466 0.093525 0.495208 0.062350 0.538339 0.050360 0.544728 0.000000 0.329073 0.000000
2 0.078275 0.014388 0.083067 0.040767 0.100639 0.071942 0.103834 0.091127 0.130990 0.117506 0.145367 0.119904 0.175719 0.088729 0.206070 0.074341 0.233227 0.076739 0.257188 0.093525 0.273163 0.098321 0.303514 0.059952 0.313099 0.033573 0.316294 0.000000 0.078275 0.000000
