1 0.634503 0.150000 0.605263 0.167857 0.587719 0.196429 0.581871 0.250000 0.593567 0.278571 0.611111 0.296429 0.654971 0.307143 0.675439 0.300000 0.701754 0.271429 0.710526 0.207143 0.687135 0.164286
1 0.745614 0.667857 0.728070 0.689286 0.719298 0.725000 0.730994 0.785714 0.760234 0.821429 0.818713 0.817857 0.845029 0.800000 0.856725 0.771429 0.845029 0.700000 0.836257 0.700000 0.818713 0.671429 0.774854 0.660714
1 0.748538 0.492857 0.722222 0.539286 0.719298 0.578571 0.725146 0.607143 0.754386 0.642857 0.812865 0.642857 0.845029 0.571429 0.833333 0.514286 0.809942 0.492857
1 0.812865 0.321429 0.751462 0.321429 0.722222 0.367857 0.722222 0.432143 0.757310 0.475000 0.809942 0.475000 0.833333 0.446429 0.845029 0.410714 0.839181 0.403571 0.845029 0.367857
1 0.742690 0.167857 0.728070 0.192857 0.728070 0.275000 0.760234 0.307143 0.833333 0.300000 0.850877 0.260714 0.853801 0.214286 0.847953 0.178571 0.842105 0.182143 0.836257 0.167857 0.818713 0.160714
1 0.464912 0.164286 0.438596 0.207143 0.441520 0.267857 0.459064 0.289286 0.488304 0.307143 0.538012 0.296429 0.555556 0.278571 0.564327 0.257143 0.561404 0.192857 0.538012 0.167857 0.508772 0.157143 0.476608 0.157143
1 0.321637 0.157143 0.298246 0.192857 0.298246 0.267857 0.339181 0.303571 0.377193 0.307143 0.394737 0.300000 0.421053 0.267857 0.423977 0.203571 0.415205 0.178571 0.388889 0.157143
1 0.184211 0.167857 0.169591 0.192857 0.166667 0.250000 0.172515 0.282143 0.204678 0.303571 0.254386 0.300000 0.280702 0.260714 0.280702 0.203571 0.254386 0.167857 0.230994 0.160714
1 0.608187 0.660714 0.578947 0.703571 0.578947 0.810714 0.628655 0.817857 0.681287 0.810714 0.704678 0.778571 0.707602 0.717857 0.701754 0.689286 0.684211 0.664286 0.663743 0.653571 0.619883 0.653571
1 0.608187 0.492857 0.584795 0.521429 0.576023 0.546429 0.581871 0.603571 0.602339 0.632143 0.619883 0.642857 0.663743 0.642857 0.690058 0.625000 0.707602 0.582143 0.701754 0.528571 0.687135 0.503571 0.663743 0.489286
1 0.614035 0.321429 0.593567 0.342857 0.581871 0.371429 0.584795 0.432143 0.614035 0.467857 0.631579 0.475000 0.675439 0.467857 0.698830 0.442857 0.704678 0.421429 0.701754 0.353571 0.687135 0.332143 0.669591 0.321429
1 0.473684 0.321429 0.438596 0.367857 0.435673 0.414286 0.441520 0.435714 0.479532 0.471429 0.526316 0.471429 0.540936 0.464286 0.567251 0.428571 0.570175 0.392857 0.561404 0.353571 0.532164 0.321429
1 0.330409 0.321429 0.312865 0.335714 0.298246 0.367857 0.298246 0.421429 0.304094 0.435714 0.336257 0.467857 0.394737 0.467857 0.421053 0.432143 0.423977 0.371429 0.418129 0.350000 0.388889 0.317857 0.350877 0.314286
1 0.187135 0.325000 0.169591 0.357143 0.160819 0.392857 0.172515 0.442857 0.201754 0.467857 0.257310 0.467857 0.280702 0.435714 0.286550 0.414286 0.286550 0.375000 0.277778 0.346429 0.257310 0.317857 0.201754 0.317857
1 0.461988 0.664286 0.438596 0.692857 0.435673 0.707143 0.438596 0.782143 0.447368 0.782143 0.470760 0.814286 0.482456 0.817857 0.561404 0.814286 0.561404 0.692857 0.535088 0.660714 0.514620 0.653571 0.485380 0.653571
1 0.485380 0.485714 0.461988 0.500000 0.438596 0.539286 0.438596 0.589286 0.447368 0.610714 0.473684 0.639286 0.523392 0.642857 0.543860 0.632143 0.561404 0.607143 0.564327 0.535714 0.540936 0.496429 0.520468 0.485714
1 0.333333 0.492857 0.312865 0.510714 0.298246 0.539286 0.298246 0.582143 0.307018 0.607143 0.339181 0.639286 0.374269 0.642857 0.397661 0.635714 0.418129 0.607143 0.423977 0.585714 0.423977 0.539286 0.418129 0.521429 0.400585 0.496429 0.380117 0.485714
1 0.321637 0.664286 0.298246 0.692857 0.298246 0.775000 0.327485 0.810714 0.409357 0.810714 0.421053 0.778571 0.423977 0.742857 0.418129 0.689286 0.397661 0.660714 0.383041 0.653571 0.345029 0.653571
1 0.190058 0.496429 0.172515 0.517857 0.163743 0.557143 0.163743 0.582143 0.175439 0.617857 0.198830 0.639286 0.257310 0.635714 0.283626 0.589286 0.283626 0.542857 0.277778 0.525000 0.245614 0.489286 0.219298 0.485714
1 0.248538 0.657143 0.219298 0.653571 0.187135 0.660714 0.166667 0.682143 0.152047 0.714286 0.152047 0.767857 0.184211 0.810714 0.219298 0.817857 0.239766 0.810714 0.277778 0.778571 0.283626 0.764286 0.280702 0.696429
