0 0.812000 0.311973 0.780000 0.311973 0.772000 0.315346 0.768000 0.333895 0.770000 0.349073 0.754000 0.374368 0.780000 0.376054 0.788000 0.382799 0.788000 0.411467 0.792000 0.418212 0.802000 0.413153 0.822000 0.379427 0.820000 0.345700 0.824000 0.328836 0.822000 0.317032
0 0.382000 0.311973 0.372000 0.315346 0.368000 0.349073 0.336000 0.394604 0.326000 0.424958 0.328000 0.598651 0.324000 0.671164 0.338000 0.708263 0.356000 0.715008 0.366000 0.713322 0.374000 0.706577 0.378000 0.585160 0.376000 0.467116 0.390000 0.423272 0.416000 0.389545 0.420000 0.376054 0.420000 0.320405 0.416000 0.313659
0 0.188000 0.143339 0.160000 0.145025 0.150000 0.150084 0.146000 0.161889 0.146000 0.192243 0.152000 0.197302 0.152000 0.205734 0.108000 0.259696 0.092000 0.286678 0.076000 0.330523 0.072000 0.391231 0.080000 0.431703 0.080000 0.615514 0.072000 0.669477 0.068000 0.748735 0.086000 0.812816 0.104000 0.834739 0.114000 0.838111 0.140000 0.838111 0.166000 0.827993 0.182000 0.827993 0.202000 0.841484 0.226000 0.841484 0.250000 0.831366 0.264000 0.834739 0.284000 0.831366 0.298000 0.811130 0.306000 0.782462 0.304000 0.682968 0.296000 0.615514 0.298000 0.455312 0.308000 0.389545 0.308000 0.354132 0.298000 0.308600 0.284000 0.274874 0.230000 0.202361 0.238000 0.187184 0.234000 0.151771 0.224000 0.145025
0 0.596000 0.345700 0.566000 0.345700 0.560000 0.349073 0.554000 0.384486 0.530000 0.416526 0.532000 0.430017 0.546000 0.445194 0.560000 0.477234 0.602000 0.409781 0.604000 0.352445
0 0.616000 0.377740 0.608000 0.381113 0.602000 0.414840 0.578000 0.446880 0.564000 0.477234 0.564000 0.750422 0.572000 0.768971 0.582000 0.775717 0.596000 0.777403 0.608000 0.772344 0.624000 0.772344 0.634000 0.777403 0.654000 0.777403 0.680000 0.772344 0.686000 0.767285 0.692000 0.748735 0.688000 0.564924 0.694000 0.502530 0.684000 0.456998 0.650000 0.409781 0.650000 0.381113 0.642000 0.377740
0 0.640000 0.313659 0.636000 0.322091 0.636000 0.349073 0.622000 0.367622 0.622000 0.374368 0.646000 0.376054 0.654000 0.382799 0.656000 0.418212 0.664000 0.418212 0.686000 0.386172 0.688000 0.317032 0.680000 0.311973
0 0.732000 0.345700 0.698000 0.345700 0.692000 0.349073 0.688000 0.384486 0.664000 0.419899 0.664000 0.426644 0.682000 0.448567 0.692000 0.477234 0.698000 0.475548 0.714000 0.443508 0.734000 0.418212 0.740000 0.352445
0 0.748000 0.377740 0.740000 0.384486 0.738000 0.413153 0.704000 0.462057 0.696000 0.485666 0.696000 0.539629 0.700000 0.548061 0.694000 0.686341 0.696000 0.743676 0.706000 0.768971 0.720000 0.777403 0.756000 0.772344 0.770000 0.779089 0.782000 0.779089 0.816000 0.772344 0.826000 0.755481 0.824000 0.543002 0.828000 0.531197 0.828000 0.483980 0.812000 0.445194 0.788000 0.418212 0.786000 0.381113 0.778000 0.377740
0 0.882000 0.376054 0.874000 0.381113 0.874000 0.411467 0.842000 0.453626 0.832000 0.482293 0.830000 0.529511 0.836000 0.583474 0.832000 0.598651 0.830000 0.730185 0.836000 0.762226 0.848000 0.775717 0.868000 0.777403 0.880000 0.772344 0.892000 0.772344 0.906000 0.779089 0.918000 0.779089 0.952000 0.772344 0.960000 0.760540 0.964000 0.740304 0.956000 0.615514 0.964000 0.490725 0.952000 0.451939 0.922000 0.411467 0.924000 0.394604 0.920000 0.379427 0.912000 0.376054
0 0.458000 0.345700 0.438000 0.345700 0.426000 0.354132 0.420000 0.386172 0.390000 0.424958 0.378000 0.463744 0.380000 0.630691 0.376000 0.704890 0.388000 0.736931 0.396000 0.745363 0.408000 0.747049 0.418000 0.745363 0.424000 0.735245 0.422000 0.704890 0.428000 0.642496 0.424000 0.627319 0.428000 0.622260 0.430000 0.561551 0.426000 0.495784 0.438000 0.456998 0.468000 0.414840 0.472000 0.360877 0.470000 0.350759
0 0.482000 0.377740 0.472000 0.389545 0.470000 0.413153 0.436000 0.462057 0.428000 0.490725 0.430000 0.654300 0.426000 0.740304 0.442000 0.774030 0.466000 0.777403 0.488000 0.772344 0.502000 0.779089 0.546000 0.774030 0.554000 0.765599 0.560000 0.748735 0.556000 0.666105 0.560000 0.483980 0.548000 0.450253 0.518000 0.413153 0.518000 0.382799 0.508000 0.377740
0 0.514000 0.311973 0.504000 0.317032 0.500000 0.325464 0.500000 0.350759 0.486000 0.369309 0.486000 0.374368 0.510000 0.376054 0.520000 0.382799 0.524000 0.416526 0.532000 0.413153 0.552000 0.382799 0.554000 0.322091 0.550000 0.313659
0 0.866000 0.345700 0.830000 0.345700 0.826000 0.349073 0.822000 0.384486 0.798000 0.416526 0.798000 0.426644 0.812000 0.441821 0.828000 0.478921 0.832000 0.478921 0.844000 0.450253 0.870000 0.413153 0.874000 0.354132
