1 0.674359 0.375000 0.648718 0.392857 0.625641 0.428571 0.615385 0.482143 0.617949 0.514286 0.630769 0.553571 0.661538 0.592857 0.707692 0.596429 0.741026 0.575000 0.758974 0.553571 0.774359 0.510714 0.774359 0.457143 0.761538 0.417857 0.738462 0.389286 0.712821 0.375000
1 0.087179 0.639286 0.061538 0.657143 0.041026 0.689286 0.033333 0.764286 0.048718 0.803571 0.066667 0.825000 0.084615 0.835714 0.125641 0.835714 0.143590 0.825000 0.179487 0.760714 0.179487 0.710714 0.166667 0.675000 0.151282 0.653571 0.115385 0.635714
1 0.492308 0.367857 0.469231 0.375000 0.435897 0.407143 0.420513 0.446429 0.417949 0.496429 0.425641 0.528571 0.443590 0.560714 0.474359 0.585714 0.507692 0.589286 0.548718 0.560714 0.564103 0.535714 0.574359 0.503571 0.576923 0.467857 0.569231 0.432143 0.551282 0.396429 0.525641 0.375000
1 0.087179 0.132143 0.064103 0.167857 0.056410 0.200000 0.064103 0.264286 0.087179 0.300000 0.117949 0.328571 0.156410 0.332143 0.179487 0.325000 0.194872 0.303571 0.202564 0.250000 0.202564 0.192857 0.194872 0.167857 0.171795 0.132143 0.141026 0.117857 0.117949 0.117857
1 0.487179 0.107143 0.453846 0.125000 0.430769 0.157143 0.420513 0.192857 0.420513 0.235714 0.433333 0.282143 0.464103 0.325000 0.476923 0.332143 0.510256 0.332143 0.535897 0.317857 0.564103 0.282143 0.576923 0.242857 0.579487 0.207143 0.571795 0.171429 0.543590 0.125000 0.510256 0.107143
1 0.266667 0.125000 0.235897 0.182143 0.235897 0.242857 0.246154 0.275000 0.287179 0.328571 0.351282 0.328571 0.366667 0.310714 0.387179 0.264286 0.387179 0.178571 0.358974 0.128571 0.333333 0.110714 0.289744 0.110714
1 0.256410 0.392857 0.235897 0.428571 0.228205 0.464286 0.233333 0.521429 0.248718 0.553571 0.279487 0.582143 0.294872 0.589286 0.338462 0.585714 0.369231 0.553571 0.382051 0.521429 0.384615 0.460714 0.376923 0.432143 0.358974 0.396429 0.330769 0.375000 0.289744 0.371429
1 0.284615 0.625000 0.251282 0.642857 0.228205 0.678571 0.217949 0.725000 0.220513 0.760714 0.233333 0.796429 0.258974 0.828571 0.312821 0.835714 0.346154 0.810714 0.369231 0.775000 0.374359 0.700000 0.364103 0.671429 0.343590 0.642857 0.310256 0.625000
1 0.115385 0.367857 0.087179 0.378571 0.061538 0.407143 0.046154 0.453571 0.046154 0.496429 0.071795 0.550000 0.107692 0.575000 0.130769 0.575000 0.151282 0.567857 0.169231 0.550000 0.176923 0.553571 0.192308 0.496429 0.192308 0.453571 0.184615 0.421429 0.164103 0.389286 0.138462 0.371429
1 0.935897 0.646429 0.889744 0.625000 0.851282 0.639286 0.823077 0.664286 0.794872 0.721429 0.797436 0.771429 0.812821 0.807143 0.838462 0.832143 0.876923 0.842857 0.915385 0.839286 0.946154 0.814286 0.964103 0.771429 0.966667 0.710714 0.958974 0.682143
1 0.917949 0.382143 0.902564 0.375000 0.858974 0.378571 0.828205 0.407143 0.812821 0.435714 0.800000 0.489286 0.797436 0.528571 0.815385 0.575000 0.830769 0.592857 0.848718 0.603571 0.897436 0.596429 0.925641 0.578571 0.956410 0.535714 0.964103 0.510714 0.961538 0.446429 0.951282 0.417857
1 0.935897 0.114286 0.910256 0.100000 0.882051 0.096429 0.846154 0.114286 0.828205 0.139286 0.802564 0.196429 0.797436 0.228571 0.802564 0.271429 0.817949 0.303571 0.846154 0.325000 0.876923 0.328571 0.900000 0.321429 0.946154 0.282143 0.964103 0.246429 0.969231 0.192857 0.958974 0.150000
1 0.658974 0.632143 0.635897 0.650000 0.615385 0.685714 0.607692 0.717857 0.610256 0.771429 0.625641 0.803571 0.653846 0.832143 0.676923 0.839286 0.717949 0.832143 0.756410 0.789286 0.766667 0.757143 0.764103 0.703571 0.748718 0.664286 0.712821 0.632143
1 0.474359 0.635714 0.453846 0.646429 0.428205 0.678571 0.415385 0.717857 0.415385 0.767857 0.428205 0.803571 0.453846 0.835714 0.474359 0.846429 0.505128 0.846429 0.538462 0.828571 0.561538 0.796429 0.571795 0.767857 0.571795 0.717857 0.561538 0.682143 0.533333 0.646429 0.512821 0.635714
1 0.679487 0.096429 0.641026 0.121429 0.623077 0.150000 0.612821 0.189286 0.612821 0.250000 0.625641 0.285714 0.646154 0.310714 0.692308 0.321429 0.725641 0.303571 0.756410 0.267857 0.766667 0.242857 0.771795 0.207143 0.764103 0.157143 0.741026 0.117857 0.715385 0.100000
