0 0.842969 0.231944 0.822656 0.231944 0.817187 0.237500 0.816406 0.272222 0.789844 0.325000 0.782031 0.352778 0.778125 0.391667 0.775781 0.508333 0.777344 0.529167 0.782813 0.552778 0.788281 0.566667 0.788281 0.577778 0.778906 0.601389 0.774219 0.626389 0.773438 0.784722 0.775000 0.831944 0.778125 0.844444 0.785937 0.855556 0.817187 0.868056 0.823438 0.865278 0.825000 0.850000 0.825000 0.636111 0.821094 0.556944 0.821094 0.440278 0.827344 0.391667 0.834375 0.365278 0.837500 0.341667 0.845313 0.326389 0.852344 0.300000 0.852344 0.276389 0.850000 0.265278 0.851562 0.238889 0.850000 0.234722
0 0.796875 0.243056 0.779687 0.243056 0.772656 0.247222 0.770312 0.258333 0.771094 0.291667 0.749219 0.330556 0.741406 0.369444 0.742969 0.404167 0.749219 0.430556 0.750781 0.455556 0.747656 0.483333 0.741406 0.504167 0.738281 0.540278 0.739844 0.611111 0.738281 0.779167 0.742188 0.805556 0.748437 0.819444 0.767969 0.827778 0.772656 0.827778 0.773438 0.627778 0.777344 0.604167 0.787500 0.579167 0.787500 0.566667 0.776563 0.529167 0.775000 0.511111 0.777344 0.393056 0.783594 0.340278 0.789062 0.323611 0.800781 0.300000 0.801562 0.251389
0 0.718750 0.284722 0.712500 0.287500 0.710938 0.291667 0.709375 0.337500 0.707031 0.345833 0.695312 0.366667 0.688281 0.405556 0.688281 0.472222 0.691406 0.487500 0.691406 0.498611 0.688281 0.516667 0.687500 0.566667 0.688281 0.762500 0.689844 0.780556 0.696875 0.795833 0.707812 0.802778 0.734375 0.804167 0.738281 0.800000 0.736719 0.776389 0.737500 0.526389 0.740625 0.504167 0.747656 0.481944 0.749219 0.466667 0.749219 0.436111 0.741406 0.395833 0.740625 0.368056 0.747656 0.329167 0.748437 0.295833 0.747656 0.290278 0.744531 0.286111
0 0.656250 0.261111 0.650000 0.262500 0.644531 0.268056 0.644531 0.308333 0.639844 0.325000 0.627344 0.344444 0.623437 0.359722 0.621875 0.375000 0.622656 0.412500 0.625781 0.431944 0.625781 0.445833 0.621875 0.473611 0.619531 0.531944 0.621875 0.694444 0.626563 0.743056 0.630469 0.761111 0.632031 0.759722 0.632031 0.752778 0.638281 0.747222 0.642188 0.731944 0.650781 0.725000 0.655469 0.725000 0.660156 0.737500 0.660937 0.762500 0.664062 0.786111 0.666406 0.788889 0.678906 0.790278 0.685156 0.788889 0.687500 0.784722 0.686719 0.533333 0.689844 0.487500 0.686719 0.462500 0.686719 0.416667 0.694531 0.356944 0.689063 0.340278 0.673438 0.315278 0.673438 0.276389 0.671875 0.265278
0 0.594531 0.248611 0.578906 0.248611 0.574219 0.252778 0.573438 0.286111 0.561719 0.320833 0.555469 0.348611 0.555469 0.361111 0.568750 0.433333 0.571094 0.463889 0.572656 0.730556 0.575000 0.745833 0.576562 0.745833 0.583594 0.713889 0.585938 0.694444 0.585156 0.672222 0.587500 0.658333 0.596875 0.652778 0.616406 0.654167 0.619531 0.648611 0.618750 0.502778 0.620313 0.497222 0.620313 0.472222 0.622656 0.465278 0.625000 0.444444 0.620313 0.391667 0.621094 0.358333 0.614062 0.327778 0.600781 0.288889 0.600000 0.255556
0 0.508594 0.245833 0.503906 0.251389 0.502344 0.295833 0.485156 0.365278 0.475000 0.418056 0.470313 0.452778 0.469531 0.636111 0.471094 0.738889 0.476562 0.822222 0.475000 0.859722 0.475781 0.873611 0.480469 0.894444 0.481250 0.912500 0.484375 0.925000 0.496875 0.931944 0.546094 0.930556 0.555469 0.926389 0.562500 0.915278 0.564063 0.909722 0.564063 0.894444 0.568750 0.875000 0.570312 0.858333 0.571094 0.598611 0.568750 0.565278 0.568750 0.447222 0.560156 0.384722 0.537500 0.295833 0.535156 0.250000 0.530469 0.245833
0 0.416406 0.254167 0.411719 0.261111 0.412500 0.298611 0.404687 0.341667 0.387500 0.406944 0.389844 0.497222 0.387500 0.533333 0.389062 0.652778 0.386719 0.745833 0.389844 0.768056 0.399219 0.780556 0.439844 0.784722 0.457813 0.777778 0.462500 0.768056 0.465625 0.740278 0.462500 0.643056 0.467187 0.531944 0.467187 0.423611 0.441406 0.315278 0.439844 0.304167 0.440625 0.266667 0.439063 0.258333 0.435937 0.254167
0 0.350781 0.240278 0.340625 0.240278 0.334375 0.244444 0.332031 0.256944 0.333594 0.277778 0.314063 0.350000 0.308594 0.381944 0.311719 0.495833 0.311719 0.609722 0.308594 0.640278 0.308594 0.693056 0.311719 0.719444 0.313281 0.783333 0.318750 0.790278 0.327344 0.793056 0.360156 0.791667 0.366406 0.788889 0.378906 0.773611 0.382812 0.756944 0.383594 0.688889 0.385937 0.656944 0.384375 0.565278 0.386719 0.458333 0.385156 0.409722 0.380469 0.365278 0.369531 0.315278 0.360156 0.281944 0.360156 0.250000 0.357812 0.244444
0 0.258594 0.247222 0.253125 0.251389 0.251563 0.265278 0.254688 0.305556 0.252344 0.336111 0.256250 0.361111 0.257031 0.402778 0.260156 0.420833 0.263281 0.425000 0.264844 0.450000 0.273438 0.490278 0.273438 0.506944 0.278125 0.522222 0.281250 0.554167 0.282031 0.794444 0.285938 0.801389 0.296875 0.801389 0.303125 0.797222 0.307031 0.788889 0.310937 0.752778 0.306250 0.666667 0.307812 0.654167 0.307031 0.634722 0.310156 0.612500 0.310937 0.555556 0.309375 0.422222 0.304688 0.384722 0.282031 0.306944 0.281250 0.281944 0.282813 0.263889 0.281250 0.251389 0.275781 0.247222
0 0.236719 0.290278 0.234375 0.293056 0.234375 0.298611 0.238281 0.315278 0.242969 0.356944 0.249219 0.391667 0.250000 0.418056 0.257031 0.461111 0.257812 0.490278 0.261719 0.525000 0.263281 0.556944 0.264062 0.770833 0.261719 0.823611 0.264062 0.829167 0.268750 0.830556 0.276562 0.822222 0.280469 0.805556 0.282031 0.750000 0.280469 0.554167 0.271875 0.487500 0.267969 0.475000 0.264844 0.445833 0.256250 0.401389 0.254688 0.365278 0.251563 0.341667 0.252344 0.298611 0.249219 0.291667
0 0.201563 0.237500 0.198437 0.243056 0.201563 0.290278 0.203906 0.301389 0.215625 0.330556 0.222656 0.356944 0.231250 0.426389 0.232813 0.525000 0.231250 0.548611 0.232031 0.654167 0.230469 0.711111 0.227344 0.751389 0.227344 0.784722 0.231250 0.815278 0.232031 0.856944 0.236719 0.863889 0.245312 0.863889 0.251563 0.858333 0.257812 0.843056 0.261719 0.797222 0.262500 0.541667 0.257812 0.479167 0.258594 0.465278 0.249219 0.402778 0.249219 0.388889 0.236719 0.309722 0.228125 0.280556 0.228125 0.250000 0.221875 0.238889
0 0.168750 0.240278 0.162500 0.245833 0.161719 0.265278 0.163281 0.280556 0.160156 0.293056 0.160156 0.302778 0.178125 0.354167 0.185938 0.386111 0.192188 0.456944 0.192188 0.483333 0.189062 0.506944 0.188281 0.530556 0.189844 0.605556 0.189062 0.690278 0.194531 0.766667 0.195312 0.836111 0.189844 0.904167 0.203125 0.905556 0.216406 0.898611 0.225000 0.886111 0.230469 0.850000 0.230469 0.825000 0.226562 0.790278 0.231250 0.640278 0.231250 0.458333 0.229687 0.419444 0.225000 0.375000 0.217188 0.338889 0.199219 0.287500 0.199219 0.261111 0.196875 0.245833 0.192188 0.241667
0 0.142187 0.231944 0.122656 0.231944 0.117969 0.236111 0.116406 0.243056 0.117188 0.280556 0.086719 0.379167 0.082031 0.411111 0.079687 0.451389 0.080469 0.486111 0.085938 0.538889 0.086719 0.695833 0.082812 0.744444 0.082031 0.875000 0.083594 0.905556 0.088281 0.927778 0.094531 0.938889 0.106250 0.940278 0.116406 0.951389 0.121875 0.952778 0.131250 0.948611 0.139844 0.937500 0.146875 0.937500 0.156250 0.944444 0.168750 0.944444 0.178906 0.937500 0.182812 0.926389 0.188281 0.897222 0.193750 0.833333 0.192188 0.761111 0.187500 0.697222 0.189062 0.631944 0.187500 0.604167 0.187500 0.525000 0.189844 0.491667 0.189844 0.450000 0.186719 0.405556 0.177344 0.356944 0.172656 0.341667 0.165625 0.329167 0.166406 0.326389 0.152344 0.281944 0.151562 0.240278 0.150000 0.236111
0 0.886719 0.233333 0.858594 0.234722 0.853906 0.240278 0.851562 0.258333 0.854688 0.281944 0.853125 0.302778 0.849219 0.322222 0.845313 0.330556 0.842969 0.343056 0.836719 0.359722 0.832812 0.380556 0.828125 0.393056 0.821875 0.447222 0.821875 0.556944 0.826562 0.650000 0.826562 0.858333 0.828125 0.872222 0.832812 0.884722 0.839063 0.894444 0.850000 0.901389 0.852344 0.895833 0.850781 0.830556 0.854688 0.788889 0.854688 0.758333 0.850781 0.683333 0.851562 0.470833 0.855469 0.434722 0.861719 0.402778 0.874219 0.366667 0.889844 0.309722 0.890625 0.243056 0.889844 0.236111
0 0.903906 0.230556 0.895312 0.233333 0.891406 0.240278 0.890625 0.268056 0.892969 0.280556 0.892188 0.298611 0.881250 0.345833 0.877344 0.354167 0.866406 0.390278 0.863281 0.406944 0.859375 0.415278 0.852344 0.466667 0.852344 0.644444 0.850781 0.675000 0.853125 0.741667 0.855469 0.759722 0.854688 0.798611 0.851562 0.823611 0.852344 0.881944 0.860156 0.922222 0.867969 0.938889 0.877344 0.945833 0.899219 0.945833 0.914062 0.955556 0.923438 0.955556 0.931250 0.948611 0.952344 0.948611 0.957812 0.944444 0.966406 0.922222 0.971875 0.890278 0.971875 0.840278 0.967187 0.795833 0.967187 0.761111 0.971094 0.686111 0.969531 0.587500 0.971094 0.480556 0.967969 0.444444 0.960938 0.405556 0.939844 0.341667 0.929688 0.304167 0.928906 0.279167 0.931250 0.270833 0.930469 0.236111 0.923438 0.230556
