1 0.856230 0.069544 0.849840 0.064748 0.822684 0.069544 0.784345 0.141487 0.766773 0.141487 0.750799 0.158273 0.741214 0.199041 0.715655 0.268585 0.715655 0.287770 0.720447 0.304556 0.738019 0.330935 0.749201 0.338129 0.781150 0.333333 0.797125 0.311751 0.803514 0.292566 0.835463 0.247002 0.845048 0.213429 0.845048 0.182254 0.841853 0.170264 0.867412 0.115108 0.865815 0.086331
1 0.330671 0.585132 0.306709 0.599520 0.290735 0.623501 0.281150 0.657074 0.281150 0.688249 0.290735 0.714628 0.305112 0.736211 0.330671 0.750600 0.357827 0.750600 0.378594 0.733813 0.391374 0.712230 0.397764 0.688249 0.397764 0.649880 0.389776 0.625899 0.367412 0.594724 0.351438 0.585132
1 0.372204 0.817746 0.356230 0.810552 0.325879 0.812950 0.289137 0.853717 0.276358 0.896882 0.274760 0.942446 0.276358 0.971223 0.289137 0.995204 0.316294 1.000000 0.343450 0.992806 0.364217 0.980815 0.383387 0.952038 0.392971 0.923261 0.397764 0.877698 0.388179 0.839329
1 0.000000 0.592326 0.000000 0.752998 0.035144 0.755396 0.084665 0.745803 0.111821 0.719424 0.102236 0.702638 0.095847 0.673861 0.102236 0.642686 0.113419 0.628297 0.111821 0.618705 0.100639 0.604317 0.065495 0.585132 0.035144 0.580336 0.009585 0.585132
1 0.495208 0.354916 0.456869 0.395683 0.448882 0.422062 0.447284 0.453237 0.452077 0.491607 0.461661 0.513189 0.477636 0.534772 0.503195 0.541966 0.525559 0.532374 0.538339 0.513189 0.552716 0.465228 0.554313 0.431655 0.546326 0.398082 0.535144 0.381295 0.512780 0.357314
1 0.496805 0.062350 0.485623 0.071942 0.479233 0.086331 0.477636 0.129496 0.456869 0.165468 0.453674 0.179856 0.453674 0.230216 0.468051 0.311751 0.493610 0.333333 0.512780 0.333333 0.531949 0.321343 0.543131 0.299760 0.554313 0.232614 0.555911 0.191847 0.546326 0.155875 0.535144 0.136691 0.533546 0.098321 0.528754 0.079137 0.515974 0.064748
1 0.313099 0.045564 0.301917 0.057554 0.295527 0.076739 0.297125 0.105516 0.305112 0.127098 0.305112 0.141487 0.297125 0.170264 0.298722 0.211031 0.317891 0.261391 0.327476 0.304556 0.338658 0.321343 0.364217 0.333333 0.383387 0.328537 0.402556 0.311751 0.412141 0.285372 0.412141 0.251799 0.399361 0.170264 0.386581 0.139089 0.367412 0.131894 0.354633 0.100719 0.351438 0.074341 0.340256 0.050360 0.327476 0.043165
1 0.536741 0.601918 0.507987 0.585132 0.485623 0.587530 0.471246 0.594724 0.452077 0.618705 0.444089 0.649880 0.445687 0.700240 0.453674 0.724221 0.474441 0.750600 0.520767 0.750600 0.539936 0.733813 0.549521 0.717026 0.557508 0.685851 0.557508 0.649880 0.551118 0.625899
1 0.480831 0.820144 0.463259 0.834532 0.450479 0.860911 0.444089 0.892086 0.447284 0.940048 0.453674 0.956835 0.477636 0.985612 0.488818 0.990408 0.520767 0.988010 0.530351 0.980815 0.546326 0.954436 0.554313 0.920863 0.552716 0.880096 0.546326 0.856115 0.530351 0.829736 0.501597 0.817746
1 0.610224 0.824940 0.595847 0.848921 0.594249 0.904077 0.610224 0.959233 0.626198 0.978417 0.648562 0.990408 0.691693 0.990408 0.707668 0.983213 0.717252 0.961631 0.717252 0.932854 0.710863 0.884892 0.699681 0.851319 0.675719 0.827338 0.650160 0.817746
1 0.747604 0.836930 0.742812 0.851319 0.739617 0.887290 0.742812 0.923261 0.753994 0.949640 0.792332 0.985612 0.816294 0.992806 0.835463 0.985612 0.849840 0.971223 0.862620 0.983213 0.880192 0.988010 0.889776 0.983213 0.900958 0.966427 0.904153 0.932854 0.899361 0.918465 0.891374 0.906475 0.870607 0.894484 0.857827 0.858513 0.835463 0.832134 0.800319 0.817746 0.769968 0.815348 0.757188 0.822542
1 0.610224 0.611511 0.594249 0.640288 0.592652 0.690647 0.603834 0.721823 0.623003 0.743405 0.650160 0.755396 0.674121 0.750600 0.683706 0.743405 0.709265 0.702638 0.712460 0.690647 0.710863 0.654676 0.678914 0.601918 0.662939 0.594724 0.638978 0.594724
1 0.758786 0.604317 0.750799 0.613909 0.738019 0.652278 0.738019 0.695444 0.744409 0.717026 0.753994 0.731415 0.771565 0.745803 0.782748 0.750600 0.814696 0.750600 0.843450 0.736211 0.861022 0.702638 0.875399 0.695444 0.884984 0.678657 0.884984 0.649880 0.876997 0.633094 0.864217 0.623501 0.851438 0.621103 0.829073 0.597122 0.797125 0.589928
1 0.884984 0.621103 0.883387 0.640288 0.888179 0.654676 0.888179 0.671463 0.883387 0.685851 0.867412 0.702638 0.867412 0.712230 0.886581 0.741007 0.905751 0.750600 0.945687 0.755396 0.979233 0.752998 1.000000 0.741007 0.998403 0.601918 0.971246 0.587530 0.939297 0.585132 0.907348 0.594724
1 0.694888 0.359712 0.677316 0.350120 0.638978 0.357314 0.611821 0.374101 0.602236 0.386091 0.589457 0.424460 0.584665 0.467626 0.589457 0.494005 0.603834 0.517986 0.621406 0.527578 0.645367 0.525180 0.677316 0.498801 0.685304 0.486811 0.694888 0.460432 0.696486 0.426859 0.702875 0.405276 0.702875 0.378897
1 0.867412 0.364508 0.849840 0.350120 0.835463 0.350120 0.821086 0.359712 0.782748 0.354916 0.768371 0.364508 0.746006 0.393285 0.734824 0.400480 0.718850 0.431655 0.717252 0.484412 0.720447 0.498801 0.736422 0.522782 0.757188 0.532374 0.784345 0.529976 0.825879 0.501199 0.835463 0.489209 0.843450 0.467626 0.846645 0.436451 0.870607 0.405276 0.872204 0.378897
1 1.000000 0.362110 0.985623 0.364508 0.964856 0.354916 0.944089 0.354916 0.899361 0.381295 0.867412 0.412470 0.849840 0.438849 0.845048 0.470024 0.848243 0.498801 0.867412 0.532374 0.892971 0.544365 0.913738 0.541966 0.984026 0.508393 1.000000 0.486811
1 0.683706 0.062350 0.666134 0.062350 0.656550 0.069544 0.648562 0.081535 0.637380 0.129496 0.632588 0.136691 0.611821 0.143885 0.595847 0.177458 0.587859 0.292566 0.594249 0.311751 0.607029 0.328537 0.621406 0.335731 0.635783 0.335731 0.658147 0.323741 0.666134 0.311751 0.693291 0.235012 0.698083 0.187050 0.690096 0.151079 0.699681 0.122302 0.701278 0.091127 0.698083 0.079137
1 1.000000 0.074341 0.993610 0.076739 0.977636 0.100719 0.953674 0.100719 0.923323 0.122302 0.875399 0.213429 0.865815 0.244604 0.864217 0.266187 0.869010 0.287770 0.883387 0.309353 0.896166 0.316547 0.931310 0.311751 0.984026 0.254197 1.000000 0.230216
1 0.249201 0.839329 0.239617 0.822542 0.226837 0.812950 0.196486 0.808153 0.132588 0.844125 0.118211 0.863309 0.107029 0.896882 0.078275 0.930456 0.075080 0.940048 0.075080 0.966427 0.079872 0.980815 0.094249 0.995204 0.111821 0.992806 0.124601 0.983213 0.150160 0.992806 0.166134 0.992806 0.191693 0.980815 0.246006 0.908873 0.250799 0.875300
1 0.099042 0.652278 0.097444 0.685851 0.107029 0.707434 0.127796 0.714628 0.150160 0.741007 0.177316 0.752998 0.212460 0.748201 0.236422 0.733813 0.249201 0.717026 0.255591 0.683453 0.255591 0.654676 0.249201 0.625899 0.238019 0.609113 0.201278 0.587530 0.174121 0.587530 0.150160 0.599520 0.130990 0.625899 0.108626 0.635492
1 0.099042 0.338129 0.092652 0.362110 0.095847 0.386091 0.103834 0.400480 0.127796 0.422062 0.134185 0.467626 0.156550 0.501199 0.204473 0.532374 0.239617 0.529976 0.255591 0.515588 0.268371 0.491607 0.269968 0.450839 0.263578 0.419664 0.253994 0.400480 0.223642 0.366906 0.206070 0.352518 0.191693 0.347722 0.170927 0.347722 0.162939 0.352518 0.142173 0.328537 0.127796 0.321343 0.108626 0.326139
1 0.127796 0.047962 0.118211 0.062350 0.115016 0.086331 0.118211 0.107914 0.140575 0.148681 0.138978 0.201439 0.150160 0.237410 0.172524 0.270983 0.186901 0.302158 0.207668 0.326139 0.226837 0.328537 0.257188 0.311751 0.265176 0.299760 0.271565 0.275779 0.271565 0.244604 0.265176 0.215827 0.239617 0.148681 0.231629 0.136691 0.209265 0.127098 0.191693 0.110312 0.162939 0.052758 0.146965 0.043165
1 0.000000 0.083933 0.000000 0.242206 0.070288 0.309353 0.092652 0.309353 0.116613 0.294964 0.124601 0.282974 0.132588 0.254197 0.132588 0.230216 0.119808 0.196643 0.054313 0.100719 0.036741 0.091127 0.011182 0.091127
1 0.298722 0.350120 0.292332 0.369305 0.292332 0.390887 0.297125 0.407674 0.293930 0.446043 0.303514 0.482014 0.314696 0.498801 0.335463 0.515588 0.384984 0.517986 0.396166 0.510791 0.404153 0.491607 0.404153 0.434053 0.391374 0.388489 0.373802 0.362110 0.329073 0.338129 0.311502 0.338129
