0 0.625430 0.005780 0.621993 0.052023 0.597938 0.115607 0.597938 0.439306 0.608247 0.456647 0.659794 0.456647 0.673540 0.445087 0.670103 0.092486 0.649485 0.040462 0.649485 0.011561
0 0.701031 0.005780 0.697595 0.052023 0.673540 0.104046 0.676976 0.439306 0.687285 0.456647 0.749141 0.450867 0.749141 0.104046 0.725086 0.046243 0.725086 0.011561
0 0.776632 0.000000 0.773196 0.057803 0.752577 0.098266 0.752577 0.421965 0.766323 0.456647 0.824742 0.450867 0.828179 0.132948 0.824742 0.092486 0.804124 0.046243 0.804124 0.011561 0.797251 0.000000
0 0.852234 0.000000 0.848797 0.052023 0.828179 0.086705 0.828179 0.450867 0.896907 0.456647 0.903780 0.450867 0.903780 0.098266 0.876289 0.034682 0.879725 0.005780
0 0.927835 0.000000 0.924399 0.052023 0.903780 0.092486 0.907216 0.450867 0.975945 0.456647 0.982818 0.450867 0.982818 0.098266 0.955326 0.028902 0.958763 0.005780
0 0.398625 0.011561 0.398625 0.063584 0.381443 0.092486 0.384880 0.445087 0.436426 0.450867 0.436426 0.289017 0.446735 0.254335 0.446735 0.127168 0.426117 0.052023 0.426117 0.017341
0 0.329897 0.005780 0.323024 0.017341 0.323024 0.063584 0.305842 0.086705 0.298969 0.115607 0.298969 0.242775 0.309278 0.271676 0.302405 0.439306 0.309278 0.450867 0.360825 0.450867 0.360825 0.317919 0.371134 0.254335 0.374570 0.127168 0.353952 0.057803 0.350515 0.011561
0 0.250859 0.005780 0.247423 0.057803 0.233677 0.080925 0.223368 0.127168 0.223368 0.242775 0.233677 0.289017 0.230241 0.445087 0.285223 0.450867 0.285223 0.277457 0.295533 0.248555 0.295533 0.109827 0.274914 0.052023 0.274914 0.011561
0 0.175258 0.011561 0.175258 0.040462 0.154639 0.086705 0.151203 0.127168 0.158076 0.254335 0.154639 0.450867 0.192440 0.456647 0.216495 0.445087 0.219931 0.098266 0.202749 0.017341
0 0.106529 0.011561 0.079038 0.127168 0.079038 0.225434 0.089347 0.317919 0.085911 0.445087 0.134021 0.450867 0.140893 0.445087 0.147766 0.098266 0.134021 0.063584 0.130584 0.023121
0 0.027491 0.011561 0.000000 0.127168 0.000000 0.225434 0.017182 0.289017 0.020619 0.439306 0.027491 0.450867 0.054983 0.450867 0.065292 0.410405 0.061856 0.260116 0.075601 0.248555 0.075601 0.098266 0.054983 0.052023 0.058419 0.028902 0.048110 0.011561
0 0.109966 0.537572 0.082474 0.682081 0.082474 0.780347 0.092784 0.809249 0.096220 0.895954 0.085911 0.971098 0.096220 0.982659 0.134021 0.982659 0.151203 0.959538 0.147766 0.826590 0.154639 0.780347 0.154639 0.658960 0.137457 0.549133 0.130584 0.537572
0 0.185567 0.537572 0.158076 0.670520 0.158076 0.780347 0.168385 0.820809 0.164948 0.982659 0.213058 0.982659 0.223368 0.953757 0.219931 0.820809 0.226804 0.780347 0.226804 0.658960 0.213058 0.549133 0.206186 0.537572
0 0.257732 0.537572 0.233677 0.653179 0.230241 0.780347 0.240550 0.867052 0.237113 0.976879 0.271478 0.988439 0.295533 0.976879 0.302405 0.670520 0.285223 0.543353
0 0.333333 0.537572 0.305842 0.664740 0.312715 0.982659 0.364261 0.988439 0.371134 0.976879 0.374570 0.658960 0.357388 0.549133
0 0.402062 0.537572 0.381443 0.664740 0.388316 0.838150 0.384880 0.976879 0.398625 0.994220 0.429553 0.994220 0.443299 0.982659 0.439863 0.820809 0.450172 0.774566 0.450172 0.670520 0.429553 0.543353
0 0.474227 0.005780 0.467354 0.069364 0.450172 0.109827 0.450172 0.248555 0.460481 0.300578 0.453608 0.445087 0.512027 0.450867 0.515464 0.393064 0.508591 0.317919 0.512027 0.260116 0.518900 0.248555 0.522337 0.132948 0.515464 0.086705 0.498282 0.069364 0.498282 0.011561
0 0.549828 0.005780 0.522337 0.138728 0.522337 0.248555 0.532646 0.271676 0.529210 0.450867 0.584192 0.456647 0.591065 0.450867 0.594502 0.092486 0.577320 0.063584 0.573883 0.005780
0 0.553265 0.537572 0.529210 0.658960 0.532646 0.982659 0.591065 0.994220 0.597938 0.658960 0.580756 0.578035 0.580756 0.543353
0 0.477663 0.537572 0.453608 0.670520 0.453608 0.786127 0.460481 0.803468 0.457045 0.942197 0.467354 0.994220 0.508591 1.000000 0.518900 0.988439 0.525773 0.664740 0.522337 0.618497 0.505155 0.578035 0.505155 0.543353
0 0.938144 0.537572 0.938144 0.572254 0.917526 0.618497 0.917526 0.982659 0.927835 1.000000 0.993127 0.994220 0.986254 0.855491 0.996564 0.751445 0.996564 0.653179 0.969072 0.578035 0.969072 0.543353
0 0.862543 0.537572 0.859107 0.572254 0.835052 0.630058 0.838488 0.976879 0.852234 1.000000 0.907216 1.000000 0.914089 0.635838 0.890034 0.578035 0.890034 0.543353
0 0.786942 0.537572 0.756014 0.653179 0.759450 0.959538 0.769759 1.000000 0.828179 1.000000 0.835052 0.982659 0.835052 0.647399 0.828179 0.612717 0.807560 0.572254 0.810997 0.549133
0 0.707904 0.537572 0.680412 0.618497 0.680412 0.976879 0.687285 0.994220 0.738832 1.000000 0.752577 0.982659 0.752577 0.624277 0.728522 0.572254 0.728522 0.543353
0 0.628866 0.537572 0.625430 0.578035 0.601375 0.635838 0.601375 0.976879 0.615120 0.988439 0.663230 0.988439 0.673540 0.976879 0.676976 0.641618 0.652921 0.572254 0.652921 0.543353
0 0.034364 0.537572 0.024055 0.624277 0.006873 0.687861 0.020619 0.878613 0.013746 0.976879 0.054983 0.982659 0.072165 0.976879 0.079038 0.653179 0.061856 0.543353
