2 0.000000 0.283545 0.000000 0.457980 0.001415 0.457980 0.004009 0.461864 0.008962 0.465749 0.014858 0.469280 0.020991 0.471045 0.025472 0.474576 0.028774 0.475989 0.034434 0.482345 0.045047 0.488701 0.055660 0.492585 0.065566 0.494703 0.084198 0.495056 0.091981 0.491525 0.096934 0.486229 0.111557 0.478814 0.122170 0.475282 0.131132 0.474223 0.133726 0.476342 0.139387 0.477048 0.141509 0.478107 0.157783 0.478460 0.163915 0.475282 0.166038 0.472458 0.170991 0.468220 0.182075 0.449153 0.184906 0.447740 0.187028 0.443856 0.190094 0.441031 0.192925 0.439972 0.195991 0.437147 0.200708 0.435381 0.202594 0.430438 0.206132 0.424082 0.209670 0.421963 0.211792 0.419492 0.211557 0.415960 0.213443 0.412782 0.213443 0.411370 0.210849 0.405367 0.209434 0.403602 0.205425 0.401836 0.203066 0.395833 0.203066 0.393008 0.201651 0.390537 0.192925 0.385946 0.191745 0.384181 0.191509 0.381356 0.190330 0.379237 0.189387 0.378531 0.185142 0.378178 0.184434 0.376059 0.185849 0.373941 0.185849 0.372528 0.182783 0.368997 0.182783 0.365466 0.182311 0.364407 0.177830 0.362288 0.175472 0.358757 0.174057 0.358051 0.170519 0.353107 0.170991 0.350989 0.170755 0.349223 0.167453 0.346398 0.163208 0.341102 0.158962 0.339336 0.156840 0.336864 0.154717 0.332627 0.142925 0.323799 0.141745 0.321681 0.141038 0.317797 0.134198 0.308263 0.129717 0.299082 0.126887 0.296963 0.125236 0.294492 0.123349 0.290254 0.115330 0.283545 0.111085 0.281780 0.106604 0.277895 0.095519 0.272952 0.092689 0.270833 0.082783 0.267655 0.077358 0.266596 0.059434 0.266596 0.054009 0.267655 0.032547 0.268362 0.028774 0.270480 0.025000 0.270833 0.021226 0.272952 0.016981 0.273658 0.012972 0.276836 0.009434 0.278249 0.002123 0.283192
2 0.000000 0.761653 0.011792 0.762359 0.022406 0.761299 0.025000 0.760240 0.036085 0.762006 0.052594 0.761653 0.060377 0.760240 0.068868 0.757415 0.077123 0.753178 0.080189 0.750706 0.084670 0.748941 0.086557 0.743997 0.093868 0.732698 0.095047 0.728460 0.108962 0.708333 0.109906 0.705155 0.120991 0.691031 0.126415 0.686441 0.129009 0.681850 0.132547 0.679379 0.138208 0.677613 0.140802 0.673023 0.142689 0.671257 0.154009 0.668432 0.157075 0.664901 0.163443 0.662782 0.166509 0.658898 0.169811 0.657133 0.172406 0.653955 0.173585 0.650071 0.174057 0.646186 0.176651 0.642302 0.180660 0.638771 0.181132 0.634534 0.182311 0.631709 0.182311 0.623234 0.177830 0.607698 0.173113 0.603460 0.170283 0.603460 0.166745 0.602048 0.162736 0.603814 0.158255 0.602754 0.155896 0.603814 0.155189 0.606638 0.154009 0.607698 0.151651 0.606285 0.150236 0.606285 0.147170 0.609110 0.141981 0.609110 0.138915 0.610876 0.134198 0.611582 0.131840 0.615819 0.129953 0.616172 0.124292 0.610876 0.107547 0.606285 0.098349 0.599576 0.093160 0.593220 0.087500 0.583686 0.086557 0.579802 0.083491 0.575565 0.080425 0.568150 0.077123 0.549788 0.075236 0.545904 0.068160 0.542726 0.064387 0.542020 0.061321 0.539548 0.056840 0.538842 0.044811 0.533545 0.040094 0.532486 0.031840 0.532486 0.025708 0.534251 0.009198 0.542373 0.005189 0.546257 0.001887 0.547669 0.000000 0.547669
2 0.300943 0.653602 0.298585 0.650424 0.297170 0.647246 0.294575 0.645480 0.291509 0.640184 0.283255 0.634181 0.279009 0.634887 0.271226 0.638418 0.266981 0.638065 0.263679 0.640184 0.260377 0.640184 0.254953 0.641949 0.248585 0.645127 0.236085 0.644068 0.231840 0.645480 0.220283 0.645833 0.216981 0.647246 0.201651 0.649364 0.197406 0.650777 0.189151 0.655367 0.182547 0.657133 0.162028 0.669492 0.157547 0.670551 0.148821 0.674788 0.145991 0.677613 0.141509 0.679732 0.137736 0.684675 0.126887 0.689619 0.124057 0.694562 0.120283 0.697740 0.118160 0.700565 0.111321 0.712218 0.109434 0.717161 0.102123 0.727401 0.100708 0.731285 0.095283 0.737288 0.091981 0.747175 0.087972 0.752472 0.086321 0.756709 0.084670 0.763771 0.082783 0.766949 0.082075 0.771540 0.080425 0.775424 0.079953 0.778955 0.078774 0.782133 0.077358 0.797316 0.077123 0.805791 0.078302 0.829096 0.079481 0.836158 0.082075 0.845692 0.087264 0.861229 0.094811 0.876059 0.102830 0.886653 0.108491 0.891243 0.114151 0.897599 0.118868 0.901130 0.126887 0.905367 0.141745 0.908898 0.153538 0.908192 0.162736 0.906073 0.174057 0.900777 0.183726 0.897952 0.193632 0.894068 0.197170 0.891596 0.200708 0.890890 0.203538 0.889124 0.206840 0.885240 0.209906 0.883475 0.215802 0.876766 0.218868 0.874647 0.220047 0.872881 0.220755 0.869703 0.225000 0.865819 0.228066 0.860523 0.231368 0.856992 0.234434 0.851342 0.235849 0.845692 0.237736 0.842514 0.238208 0.838277 0.242217 0.826977 0.242453 0.822387 0.245519 0.814266 0.248821 0.810381 0.250236 0.799435 0.255660 0.791667 0.258019 0.782839 0.261321 0.778955 0.261792 0.776483 0.264623 0.770480 0.271698 0.761299 0.272877 0.757415 0.276179 0.753178 0.282783 0.747881 0.283726 0.744350 0.289858 0.735523 0.293160 0.733051 0.295519 0.729520 0.296226 0.727401 0.299057 0.723870 0.299764 0.721398 0.301651 0.718573 0.304245 0.716455 0.305189 0.713277 0.308491 0.709393 0.309906 0.700918 0.310613 0.698799 0.313915 0.693856 0.313915 0.692444 0.312500 0.688912 0.312736 0.685734 0.310142 0.682203 0.309198 0.676201 0.307311 0.670551 0.305189 0.666314 0.304953 0.662782 0.301651 0.658545
2 0.340330 0.701271 0.336792 0.700565 0.329481 0.703743 0.326179 0.706921 0.321934 0.709393 0.306368 0.724223 0.301415 0.731285 0.297877 0.734816 0.293396 0.742232 0.290566 0.744350 0.287264 0.750000 0.283726 0.753884 0.277594 0.763771 0.274292 0.766596 0.267925 0.776130 0.266038 0.781073 0.263915 0.783898 0.254009 0.808969 0.250472 0.814266 0.249764 0.818856 0.248113 0.822740 0.247170 0.827331 0.244575 0.834746 0.242453 0.845692 0.241745 0.857345 0.240802 0.861229 0.240802 0.865113 0.238915 0.876059 0.238679 0.893008 0.239387 0.904308 0.242217 0.920551 0.244811 0.928319 0.245991 0.933969 0.251179 0.947034 0.254009 0.952684 0.261557 0.963630 0.265802 0.968573 0.279481 0.980226 0.284198 0.983404 0.298821 0.988347 0.312500 0.988347 0.326415 0.984816 0.335142 0.980226 0.337500 0.977754 0.342217 0.974929 0.345283 0.969986 0.350472 0.965395 0.353066 0.961158 0.358962 0.954802 0.361321 0.950212 0.365802 0.943856 0.366745 0.941384 0.371934 0.935381 0.374764 0.927613 0.375472 0.923729 0.376651 0.921963 0.379953 0.919492 0.385613 0.908192 0.388443 0.904661 0.390566 0.896186 0.391745 0.889124 0.391745 0.884887 0.392689 0.881709 0.396934 0.856638 0.397406 0.850636 0.397170 0.845339 0.398349 0.842514 0.398113 0.836864 0.398821 0.834040 0.398349 0.829449 0.399057 0.825565 0.398113 0.822034 0.399057 0.819209 0.399057 0.817090 0.398349 0.814266 0.400472 0.811088 0.399764 0.806497 0.400943 0.802613 0.400472 0.798376 0.401651 0.795198 0.400943 0.790607 0.403066 0.787076 0.402358 0.783192 0.403774 0.781427 0.404481 0.779308 0.403774 0.775071 0.403774 0.770833 0.401415 0.767302 0.401887 0.765537 0.401415 0.762712 0.397642 0.761299 0.395755 0.759181 0.395991 0.755297 0.393868 0.752119 0.396934 0.748588 0.396698 0.747528 0.393160 0.745410 0.391981 0.743644 0.391274 0.739760 0.388443 0.736935 0.386792 0.733757 0.384670 0.731992 0.381132 0.730932 0.378066 0.728814 0.374764 0.723164 0.369340 0.718573 0.361792 0.716455 0.352594 0.710099 0.350708 0.707627
2 0.259434 0.000000 0.259434 0.001059 0.252123 0.009887 0.249764 0.017655 0.249528 0.021893 0.248585 0.024718 0.248113 0.029308 0.245519 0.035311 0.242925 0.048729 0.242453 0.056497 0.242689 0.075918 0.245047 0.087924 0.245755 0.096398 0.247170 0.104520 0.248585 0.122881 0.249764 0.126766 0.250943 0.138771 0.252830 0.142655 0.262736 0.171257 0.264858 0.175141 0.267689 0.185381 0.272170 0.193503 0.272877 0.196328 0.276651 0.204096 0.279481 0.208333 0.283019 0.208686 0.288679 0.213983 0.296462 0.218573 0.301887 0.220692 0.310377 0.227401 0.315330 0.233404 0.318396 0.235876 0.329717 0.252119 0.334434 0.257062 0.340566 0.257768 0.346226 0.256003 0.350236 0.255650 0.359670 0.258475 0.377594 0.257768 0.386321 0.255650 0.389151 0.256709 0.392689 0.261299 0.393868 0.260946 0.395991 0.258475 0.398113 0.258475 0.399764 0.259887 0.400708 0.259534 0.402594 0.253884 0.402358 0.247881 0.403774 0.244703 0.406604 0.241172 0.408962 0.233051 0.409434 0.228460 0.411321 0.224576 0.411085 0.212218 0.412500 0.208686 0.412736 0.205508 0.410142 0.200565 0.411792 0.191737 0.411792 0.186088 0.410613 0.181850 0.410377 0.173376 0.408491 0.166314 0.408491 0.156780 0.405896 0.129590 0.402594 0.107698 0.400472 0.099576 0.398113 0.079096 0.395755 0.072034 0.395519 0.067797 0.394340 0.063912 0.394104 0.061088 0.391981 0.055791 0.390330 0.044492 0.385613 0.033545 0.377594 0.022952 0.375708 0.018008 0.366274 0.004237 0.362736 0.002119 0.362264 0.000000
2 0.473585 0.783545 0.463679 0.778249 0.459198 0.777895 0.455425 0.780367 0.450708 0.780014 0.442689 0.787429 0.439858 0.789195 0.437028 0.794492 0.437264 0.799435 0.435377 0.804732 0.430896 0.810381 0.427594 0.821328 0.425708 0.825565 0.426179 0.830508 0.421934 0.833686 0.422170 0.837571 0.419104 0.843573 0.414151 0.847105 0.413443 0.852048 0.412028 0.853814 0.410613 0.860169 0.408255 0.863701 0.407783 0.865113 0.408019 0.868291 0.406840 0.872175 0.406840 0.873941 0.408019 0.877119 0.403774 0.881356 0.402830 0.885240 0.400708 0.888418 0.398349 0.894774 0.395755 0.903602 0.392453 0.908545 0.390802 0.915607 0.389858 0.927260 0.388679 0.931850 0.388208 0.939266 0.386792 0.942090 0.385613 0.942797 0.386557 0.947387 0.384434 0.950918 0.384198 0.954802 0.382547 0.957980 0.382547 0.962218 0.381604 0.966808 0.379009 0.971045 0.378302 0.979873 0.379245 0.987994 0.378774 0.993291 0.379245 0.994703 0.384198 0.997881 0.387736 0.998588 0.387972 1.000000 0.394575 1.000000 0.394811 0.998588 0.396226 0.998588 0.396462 1.000000 0.516509 1.000000 0.516509 0.998941 0.517217 0.998234 0.525236 0.996822 0.527830 0.994350 0.528302 0.973164 0.526887 0.950918 0.525000 0.943150 0.524528 0.934675 0.522877 0.926554 0.522877 0.924082 0.520755 0.918785 0.520519 0.916667 0.518868 0.913489 0.518396 0.908545 0.516981 0.904308 0.515566 0.895833 0.515802 0.888771 0.515094 0.885593 0.515094 0.874294 0.514151 0.868997 0.514623 0.866525 0.514151 0.859463 0.512736 0.855226 0.511085 0.852754 0.510613 0.849223 0.508491 0.846751 0.507783 0.841808 0.500236 0.834040 0.499292 0.828743 0.496462 0.823799 0.494575 0.823093 0.493632 0.821681 0.493868 0.818856 0.493396 0.817797 0.485613 0.808969 0.484198 0.804732 0.479953 0.798376 0.479245 0.795198 0.475943 0.790960
2 0.671226 0.915254 0.668868 0.911370 0.667453 0.907133 0.664858 0.903249 0.663679 0.899364 0.661792 0.895833 0.661321 0.893362 0.658491 0.889477 0.656132 0.883121 0.652830 0.876412 0.650000 0.872175 0.645991 0.862641 0.642217 0.856638 0.639151 0.849223 0.636321 0.844986 0.632547 0.842161 0.630425 0.838983 0.627594 0.838277 0.622642 0.833686 0.619811 0.832627 0.617453 0.832627 0.611085 0.834746 0.609670 0.837571 0.607311 0.850282 0.601415 0.861229 0.600472 0.864760 0.594811 0.870056 0.592453 0.873588 0.586085 0.876412 0.581368 0.879944 0.573113 0.882415 0.564387 0.881709 0.560377 0.877472 0.556368 0.878178 0.553538 0.875706 0.548349 0.875706 0.546462 0.872528 0.546462 0.869703 0.545519 0.866879 0.542217 0.862288 0.538208 0.860169 0.529717 0.860876 0.525943 0.864407 0.524057 0.868291 0.521934 0.877119 0.521462 0.886299 0.521698 0.889124 0.523113 0.892302 0.523349 0.903955 0.524528 0.907839 0.524528 0.913489 0.525472 0.915960 0.525236 0.919845 0.527358 0.921963 0.528538 0.924435 0.528538 0.927966 0.529481 0.933263 0.530189 0.951624 0.530896 0.954096 0.530896 0.975282 0.531368 0.977401 0.531368 0.983757 0.532075 0.986582 0.531840 0.994703 0.533019 0.996469 0.540330 0.997881 0.549292 0.997175 0.552594 0.998588 0.552830 1.000000 0.670283 1.000000 0.670283 0.998941 0.671226 0.998234 0.678066 0.997528 0.680189 0.994350 0.678302 0.966808 0.676887 0.962571 0.677123 0.957274 0.676415 0.951977 0.676651 0.946681 0.676179 0.941031 0.673821 0.931497 0.673585 0.926554
2 0.426415 0.186088 0.428538 0.186441 0.432311 0.184322 0.436557 0.179025 0.439623 0.173729 0.443632 0.171610 0.446462 0.166667 0.451179 0.162782 0.452123 0.151483 0.451179 0.128531 0.451887 0.116172 0.453774 0.105226 0.457075 0.097811 0.461321 0.090395 0.462736 0.086511 0.470755 0.075565 0.475000 0.072034 0.482783 0.068150 0.491745 0.066031 0.500472 0.066384 0.505425 0.067797 0.513679 0.072034 0.520991 0.078390 0.522642 0.078037 0.525000 0.075565 0.526415 0.072740 0.527123 0.068856 0.529953 0.061441 0.531368 0.048729 0.532547 0.045198 0.532547 0.040254 0.533491 0.033545 0.534906 0.028955 0.536321 0.018008 0.538208 0.013771 0.538915 0.004944 0.537500 0.001412 0.537500 0.000000 0.394104 0.000000 0.393160 0.007062 0.396698 0.022952 0.397642 0.030367 0.400000 0.041314 0.400236 0.045198 0.404009 0.048729 0.404953 0.053319 0.403774 0.055438 0.403538 0.057556 0.405896 0.062500 0.408962 0.066737 0.409906 0.069209 0.410613 0.074153 0.411792 0.075565 0.411557 0.076977 0.409670 0.078390 0.409434 0.080508 0.408491 0.082274 0.408491 0.084040 0.411557 0.083686 0.412736 0.086864 0.413443 0.091102 0.413208 0.097458 0.414387 0.111229 0.415802 0.115113 0.416981 0.123941 0.418160 0.127119 0.418160 0.131709 0.419104 0.135240 0.418868 0.138418 0.420755 0.142302 0.420991 0.154661 0.424057 0.161723 0.423585 0.167373
1 0.334434 0.513065 0.332783 0.510240 0.330896 0.502472 0.332311 0.497881 0.329245 0.494350 0.328774 0.490466 0.325708 0.481285 0.322877 0.478814 0.320755 0.475282 0.318396 0.473164 0.311792 0.469986 0.309434 0.466455 0.306132 0.463630 0.303302 0.459393 0.299057 0.455155 0.295991 0.453743 0.293868 0.450565 0.290802 0.448093 0.287500 0.442797 0.283962 0.438912 0.282075 0.438559 0.280425 0.439619 0.278774 0.439619 0.277830 0.438559 0.277123 0.435734 0.270047 0.430085 0.264623 0.427966 0.260377 0.427613 0.252830 0.423729 0.251415 0.423729 0.248821 0.425494 0.244811 0.426201 0.237264 0.424435 0.230660 0.424435 0.220283 0.426907 0.210142 0.434322 0.205425 0.436441 0.197877 0.443150 0.195755 0.446681 0.189151 0.453390 0.186085 0.458686 0.187264 0.468573 0.187736 0.469280 0.191038 0.469986 0.191745 0.471045 0.187736 0.472811 0.185849 0.474929 0.179717 0.475282 0.173585 0.476695 0.170519 0.478460 0.168160 0.480932 0.163915 0.481992 0.154245 0.481285 0.141981 0.481638 0.136557 0.479873 0.121226 0.478814 0.102830 0.485876 0.093632 0.493644 0.090802 0.498588 0.087264 0.501766 0.085849 0.506003 0.083726 0.509887 0.079245 0.522952 0.077830 0.532133 0.077358 0.542373 0.079481 0.558263 0.081604 0.565678 0.087028 0.580155 0.092453 0.588277 0.094575 0.592514 0.103538 0.600636 0.114151 0.605579 0.123585 0.607698 0.131368 0.604873 0.134670 0.602401 0.141745 0.600282 0.145755 0.597458 0.147642 0.597458 0.150000 0.598870 0.152830 0.598870 0.162736 0.597105 0.166509 0.595692 0.178066 0.596398 0.181132 0.597458 0.185142 0.597105 0.190802 0.598517 0.205896 0.597811 0.208962 0.596398 0.213915 0.597105 0.216509 0.596045 0.217453 0.598870 0.216274 0.601342 0.211557 0.603814 0.210613 0.605226 0.209670 0.608757 0.207783 0.610169 0.207075 0.612994 0.204717 0.615466 0.204009 0.618291 0.204245 0.623588 0.211557 0.626059 0.216274 0.626412 0.217453 0.628178 0.217689 0.634887 0.220047 0.637006 0.228066 0.638065 0.240802 0.638418 0.255660 0.635946 0.259906 0.633828 0.264151 0.633475 0.280189 0.626766 0.287264 0.624647 0.291981 0.619350 0.298821 0.614760 0.304481 0.608404 0.307311 0.603107 0.312500 0.599223 0.316981 0.593927 0.318396 0.591455 0.319104 0.587218 0.322406 0.580155 0.322406 0.572387 0.324528 0.569209 0.327123 0.560381 0.327123 0.556144 0.329717 0.551201 0.330425 0.548376 0.330896 0.542020 0.332547 0.537429 0.332075 0.532839 0.333255 0.529308 0.331604 0.517655
1 0.451179 0.511653 0.443396 0.504237 0.435613 0.498234 0.431604 0.496822 0.427123 0.493997 0.423821 0.493644 0.420519 0.492232 0.415094 0.492585 0.410142 0.491525 0.404717 0.491525 0.400000 0.492938 0.392925 0.493291 0.382075 0.497528 0.360613 0.513065 0.358962 0.516243 0.354009 0.521540 0.351651 0.525424 0.345047 0.533545 0.343396 0.538842 0.341274 0.541667 0.340330 0.545198 0.337264 0.550141 0.336085 0.556497 0.333255 0.564266 0.332783 0.568503 0.330189 0.576624 0.329245 0.582627 0.328774 0.591102 0.329481 0.599576 0.330189 0.600636 0.332547 0.600636 0.333019 0.603107 0.330896 0.606992 0.329245 0.612288 0.328066 0.618997 0.328066 0.622528 0.326651 0.627472 0.325236 0.641596 0.325236 0.657133 0.328066 0.671257 0.331368 0.681144 0.335142 0.688912 0.337500 0.692444 0.346698 0.701977 0.357783 0.709746 0.362736 0.711158 0.371934 0.711158 0.379245 0.709040 0.388443 0.705155 0.392925 0.704802 0.394104 0.704096 0.394811 0.700918 0.396698 0.698799 0.398349 0.700212 0.398585 0.703037 0.398113 0.704802 0.400472 0.708686 0.403066 0.707980 0.408726 0.708333 0.410613 0.707627 0.415802 0.707627 0.419104 0.706215 0.424528 0.707274 0.433255 0.703037 0.434906 0.700565 0.437972 0.698799 0.439387 0.697034 0.448113 0.691737 0.452123 0.686441 0.453538 0.681850 0.458019 0.674435 0.461085 0.665607 0.462972 0.662429 0.464387 0.657839 0.466038 0.654661 0.468160 0.646893 0.468632 0.643008 0.470047 0.639477 0.470519 0.635240 0.474292 0.621116 0.474528 0.615819 0.475943 0.608757 0.475708 0.599576 0.476415 0.594280 0.476179 0.575212 0.474764 0.568150 0.474292 0.559322 0.468868 0.549082 0.464151 0.532839 0.461321 0.527542 0.459906 0.523305
1 0.258962 0.235876 0.257783 0.238701 0.254245 0.243644 0.251415 0.250353 0.248585 0.259887 0.245047 0.275777 0.245283 0.290960 0.247170 0.303319 0.248585 0.306850 0.249528 0.311441 0.254245 0.323799 0.258962 0.332627 0.265094 0.341455 0.270755 0.345692 0.273821 0.349576 0.277123 0.352401 0.281604 0.358404 0.285613 0.361582 0.288443 0.365466 0.289623 0.369703 0.289623 0.372175 0.287500 0.376412 0.285377 0.385593 0.285142 0.389831 0.285849 0.392302 0.286085 0.405014 0.287500 0.408898 0.289151 0.420551 0.291038 0.426554 0.298113 0.436794 0.302594 0.438912 0.306132 0.443503 0.312028 0.448446 0.314623 0.451624 0.319575 0.454096 0.323585 0.458686 0.327594 0.461511 0.330425 0.465749 0.337736 0.465042 0.340330 0.466808 0.349292 0.468573 0.357075 0.472105 0.361321 0.472811 0.368868 0.476695 0.380189 0.479167 0.391981 0.477754 0.398585 0.474223 0.402594 0.470339 0.408962 0.460452 0.411085 0.454802 0.411085 0.450918 0.416745 0.444209 0.416981 0.440325 0.420047 0.435734 0.420283 0.431850 0.423349 0.424435 0.423349 0.415960 0.424528 0.413136 0.424764 0.409251 0.424528 0.400071 0.425472 0.394774 0.425943 0.375706 0.426651 0.373234 0.426651 0.361229 0.424764 0.353814 0.424528 0.341102 0.422406 0.337571 0.420047 0.329096 0.419575 0.325565 0.416981 0.322034 0.416745 0.318503 0.414387 0.312853 0.414151 0.310381 0.412500 0.306144 0.409670 0.302613 0.407783 0.295198 0.400472 0.290960 0.399057 0.287429 0.394104 0.283898 0.393396 0.282486 0.394340 0.279661 0.393632 0.278602 0.388679 0.276483 0.383962 0.276130 0.376415 0.269774 0.365566 0.269774 0.362028 0.266949 0.360377 0.266949 0.357311 0.268715 0.351179 0.269421 0.350472 0.270480 0.350236 0.275424 0.349057 0.278249 0.345991 0.277542 0.342453 0.275424 0.338208 0.271186 0.336085 0.265537 0.328538 0.256356 0.325708 0.251766 0.324292 0.247528 0.318632 0.238701 0.309434 0.228107 0.298585 0.221045 0.292453 0.219633 0.282547 0.219633 0.274292 0.223517 0.271698 0.225989 0.266981 0.227754 0.263443 0.232698
1 0.568632 0.384887 0.565330 0.383828 0.561085 0.379590 0.551651 0.378178 0.541981 0.380297 0.536321 0.385240 0.525708 0.388418 0.525236 0.389831 0.526179 0.391949 0.525236 0.393008 0.521226 0.394774 0.515802 0.395833 0.511321 0.400071 0.502830 0.403955 0.501415 0.403955 0.499057 0.402542 0.495991 0.402542 0.489387 0.404661 0.480189 0.412429 0.473113 0.424435 0.468868 0.439619 0.466274 0.457980 0.465802 0.466455 0.464858 0.470339 0.464387 0.480579 0.465094 0.493997 0.464858 0.498588 0.467453 0.516596 0.468632 0.521540 0.468632 0.525777 0.470047 0.533545 0.475943 0.547316 0.477594 0.553319 0.482311 0.560381 0.482075 0.564266 0.484198 0.568150 0.485142 0.573446 0.489387 0.580508 0.498349 0.582627 0.502123 0.578743 0.505425 0.578390 0.514151 0.579802 0.518396 0.576977 0.528774 0.577684 0.532783 0.574859 0.537500 0.573446 0.544575 0.575565 0.549057 0.572740 0.555189 0.571328 0.560849 0.572387 0.563679 0.570621 0.567453 0.569562 0.572170 0.565678 0.573349 0.563912 0.573585 0.561441 0.574764 0.559322 0.580425 0.555438 0.584434 0.549082 0.587028 0.541314 0.591509 0.533898 0.591509 0.532486 0.588443 0.527895 0.587500 0.528249 0.586085 0.530720 0.584670 0.531427 0.582311 0.530720 0.581132 0.528955 0.582783 0.525424 0.586557 0.523658 0.587500 0.521540 0.590094 0.519421 0.591509 0.517302 0.593868 0.516243 0.594811 0.512712 0.600943 0.501412 0.607075 0.481992 0.608255 0.475282 0.608726 0.465395 0.607547 0.450918 0.604717 0.439619 0.602594 0.435381 0.600236 0.426554 0.591509 0.412429 0.587500 0.408898 0.584906 0.405367 0.582547 0.404308 0.580425 0.402189 0.575943 0.400777 0.573585 0.398305 0.571226 0.394421 0.570755 0.392302 0.570991 0.388418
1 0.626415 0.669845 0.624764 0.674435 0.624057 0.678319 0.620991 0.683616 0.619104 0.685028 0.616274 0.689619 0.615802 0.693503 0.614623 0.696681 0.614387 0.700918 0.613208 0.704802 0.613679 0.708333 0.613443 0.722458 0.613915 0.724576 0.613915 0.736229 0.614858 0.739760 0.614623 0.745410 0.615566 0.749294 0.617925 0.753178 0.618632 0.763065 0.619811 0.767302 0.619811 0.771540 0.621462 0.778602 0.619811 0.782486 0.620519 0.787429 0.622406 0.793432 0.623349 0.794492 0.626179 0.792726 0.627830 0.794138 0.627594 0.795904 0.626651 0.796610 0.623113 0.795551 0.622170 0.797316 0.622170 0.799788 0.623113 0.801201 0.626887 0.800847 0.627830 0.801554 0.630425 0.806497 0.633726 0.810381 0.628066 0.813559 0.627358 0.814972 0.631840 0.819209 0.632311 0.822034 0.635377 0.827331 0.637500 0.832980 0.643160 0.840749 0.647877 0.845339 0.653538 0.848164 0.657311 0.848164 0.662028 0.846751 0.665094 0.842867 0.669575 0.841102 0.672170 0.835805 0.678066 0.831568 0.679009 0.830155 0.678774 0.825918 0.681368 0.820975 0.682783 0.823093 0.684906 0.824153 0.687264 0.830155 0.696698 0.842514 0.701415 0.845692 0.705425 0.849929 0.708962 0.852048 0.711557 0.854873 0.723821 0.864760 0.727830 0.869350 0.732311 0.872175 0.735377 0.876059 0.739858 0.879590 0.742217 0.884181 0.748349 0.892655 0.751179 0.901130 0.756840 0.910311 0.758019 0.913489 0.762500 0.918785 0.766038 0.924435 0.770991 0.927966 0.773585 0.930791 0.782547 0.936088 0.790802 0.938206 0.796934 0.938206 0.802358 0.937147 0.810613 0.933263 0.819575 0.923376 0.825472 0.914195 0.829717 0.903602 0.831840 0.891243 0.832311 0.871822 0.831368 0.861229 0.827594 0.844986 0.820755 0.834393 0.819104 0.829802 0.816274 0.826977 0.811792 0.819915 0.803538 0.812853 0.797406 0.810381 0.777594 0.793432 0.774764 0.790254 0.764387 0.774718 0.760849 0.771540 0.756840 0.764831 0.754953 0.763418 0.751179 0.758121 0.747170 0.754590 0.742217 0.748588 0.732547 0.735169 0.729245 0.733051 0.724528 0.731992 0.722406 0.723870 0.720283 0.719986 0.720519 0.717161 0.718160 0.712924 0.717689 0.709746 0.715802 0.705155 0.715802 0.701271 0.714151 0.697387 0.714387 0.693150 0.712972 0.689972 0.712736 0.686088 0.709670 0.677613 0.706368 0.673023 0.705425 0.669845 0.699528 0.667020 0.696698 0.664195 0.691038 0.660664 0.685613 0.659958 0.683726 0.658898 0.680660 0.655367 0.674528 0.653249 0.670047 0.654661 0.666509 0.654308 0.662500 0.656427 0.656604 0.656780 0.653538 0.658545 0.650236 0.659251 0.646934 0.661370 0.641745 0.661370 0.636792 0.663842 0.633255 0.666667 0.627358 0.668432
1 0.953066 0.087924 0.946226 0.078743 0.943632 0.076624 0.940330 0.075212 0.935613 0.071328 0.924764 0.069209 0.915094 0.070621 0.908019 0.073446 0.904245 0.076977 0.898585 0.079449 0.895755 0.082980 0.892217 0.085452 0.888208 0.091808 0.884198 0.093573 0.880425 0.097458 0.877358 0.099223 0.871462 0.105932 0.868632 0.107698 0.860613 0.119350 0.857547 0.125000 0.852594 0.126412 0.850708 0.128531 0.845047 0.132062 0.839387 0.137359 0.829953 0.142655 0.825472 0.147599 0.820991 0.149364 0.817689 0.152189 0.809670 0.155014 0.808255 0.153955 0.806132 0.150424 0.803066 0.147952 0.797877 0.145833 0.790094 0.144421 0.786321 0.145833 0.776651 0.153602 0.774292 0.158192 0.770519 0.162429 0.770519 0.165254 0.767925 0.166314 0.765802 0.169845 0.765330 0.183969 0.766981 0.190325 0.766981 0.195268 0.768396 0.207274 0.768396 0.217867 0.765802 0.240466 0.764151 0.248234 0.754481 0.264124 0.750943 0.267302 0.748113 0.272952 0.744575 0.275424 0.741274 0.280367 0.735377 0.283545 0.724292 0.294845 0.721226 0.299082 0.718632 0.306144 0.718632 0.310734 0.717453 0.312500 0.715566 0.313559 0.712500 0.318150 0.712264 0.322034 0.710142 0.325565 0.710377 0.326977 0.712972 0.328037 0.714858 0.330155 0.713443 0.332627 0.712028 0.333686 0.711792 0.338277 0.710142 0.341102 0.710142 0.342514 0.710849 0.343573 0.712736 0.344280 0.714151 0.346045 0.713208 0.347458 0.710849 0.348870 0.711557 0.353814 0.709906 0.356638 0.709906 0.358051 0.714387 0.360876 0.714151 0.362994 0.712264 0.365819 0.713915 0.368644 0.712972 0.373234 0.714623 0.375706 0.715802 0.380297 0.720047 0.384181 0.724057 0.384181 0.727830 0.382768 0.732311 0.382415 0.737500 0.378531 0.741038 0.378178 0.744104 0.375706 0.747877 0.376059 0.752123 0.372881 0.779953 0.366172 0.790094 0.359816 0.795047 0.358404 0.799292 0.353460 0.804009 0.350636 0.808019 0.346045 0.812736 0.342514 0.815566 0.337218 0.819340 0.332980 0.821462 0.327684 0.827123 0.318856 0.829009 0.313912 0.832311 0.310028 0.836085 0.302966 0.837500 0.298729 0.841274 0.293079 0.843396 0.284251 0.845519 0.279661 0.846698 0.271540 0.846934 0.267302 0.845047 0.263418 0.846226 0.259887 0.852830 0.251059 0.863679 0.238347 0.869811 0.233051 0.878774 0.222811 0.885613 0.217867 0.888443 0.214689 0.892925 0.211864 0.900000 0.209746 0.904245 0.207627 0.908491 0.203743 0.913208 0.201271 0.917925 0.195975 0.923585 0.191737 0.935142 0.185381 0.948585 0.170551 0.953538 0.162782 0.954717 0.158192 0.956840 0.154661 0.959670 0.146186 0.960142 0.142302 0.961321 0.139124 0.962264 0.121116 0.961321 0.111935 0.959670 0.103814
1 0.760377 0.181850 0.756368 0.173729 0.750236 0.165960 0.744340 0.162076 0.739623 0.157839 0.731368 0.155014 0.720047 0.154661 0.712264 0.157133 0.709670 0.159958 0.703538 0.163842 0.700236 0.168079 0.696698 0.170904 0.695283 0.173023 0.693868 0.176907 0.687972 0.183969 0.685613 0.191384 0.677594 0.203390 0.674764 0.206568 0.670283 0.210452 0.666274 0.212218 0.662264 0.216808 0.656604 0.219280 0.654245 0.221751 0.647877 0.224929 0.645755 0.227048 0.643396 0.225989 0.642453 0.220692 0.640802 0.217161 0.638443 0.215042 0.634434 0.213983 0.631368 0.211511 0.626887 0.212571 0.621934 0.211864 0.619340 0.212924 0.615094 0.212218 0.611085 0.215395 0.607075 0.216102 0.595991 0.225989 0.580189 0.252825 0.579009 0.256356 0.578774 0.259534 0.574057 0.271540 0.573585 0.275424 0.571934 0.279308 0.571934 0.282839 0.570283 0.286017 0.570047 0.290607 0.568396 0.295198 0.567689 0.301201 0.568160 0.306144 0.567689 0.311441 0.569340 0.314266 0.570047 0.318856 0.571462 0.322387 0.571934 0.324859 0.571698 0.330862 0.572877 0.334040 0.573585 0.341808 0.575472 0.345692 0.576415 0.349929 0.580425 0.356638 0.582547 0.361582 0.587264 0.366879 0.589623 0.370763 0.595283 0.376412 0.600236 0.379944 0.607075 0.387712 0.615094 0.388418 0.622170 0.393362 0.623585 0.393362 0.625943 0.391949 0.633726 0.393715 0.639151 0.392655 0.641274 0.389477 0.650236 0.381356 0.653538 0.376766 0.652830 0.374294 0.653302 0.372528 0.658019 0.370410 0.663208 0.365466 0.669575 0.361582 0.671934 0.358051 0.685849 0.346398 0.685849 0.344986 0.682075 0.342161 0.682783 0.341102 0.686557 0.338983 0.688915 0.341455 0.689858 0.341455 0.691745 0.334393 0.695519 0.329802 0.696226 0.325918 0.700943 0.318856 0.703538 0.316384 0.708019 0.307556 0.713915 0.298729 0.715094 0.295198 0.718868 0.289901 0.725472 0.283545 0.729717 0.281427 0.732075 0.279308 0.736792 0.278249 0.745519 0.271893 0.748113 0.269421 0.754481 0.258828 0.757547 0.255650 0.758962 0.251412 0.761321 0.248234 0.763915 0.236582 0.765330 0.233051 0.765330 0.228814 0.766274 0.224576 0.766038 0.221398 0.766745 0.218220 0.766509 0.201271 0.764623 0.192090
2 0.114623 0.110876 0.110613 0.116525 0.108019 0.123941 0.105896 0.126059 0.103066 0.130650 0.100000 0.140537 0.094575 0.153955 0.095047 0.158898 0.092925 0.174082 0.092925 0.187147 0.094104 0.208686 0.095519 0.216808 0.097170 0.219986 0.098113 0.225636 0.100000 0.230226 0.103066 0.240819 0.105660 0.243997 0.110613 0.254590 0.113915 0.258828 0.118632 0.269421 0.121462 0.274011 0.123113 0.279661 0.125000 0.282133 0.126179 0.284958 0.129481 0.288842 0.133962 0.295904 0.141509 0.303319 0.151651 0.311441 0.162264 0.316737 0.165566 0.319915 0.174764 0.323799 0.189858 0.332274 0.193632 0.335099 0.210142 0.342161 0.216981 0.343220 0.221226 0.346751 0.224764 0.348517 0.231840 0.347811 0.236085 0.353460 0.243632 0.353460 0.247877 0.354520 0.251651 0.358757 0.253066 0.358757 0.255425 0.357345 0.258255 0.353107 0.259906 0.352401 0.260613 0.350636 0.260142 0.346045 0.257783 0.344633 0.256132 0.342161 0.255896 0.338277 0.253302 0.335805 0.251179 0.330508 0.250236 0.321328 0.248821 0.317797 0.248349 0.314619 0.246226 0.310734 0.245755 0.306144 0.244104 0.302260 0.244104 0.298376 0.242925 0.295198 0.242453 0.291667 0.242453 0.282839 0.243396 0.270127 0.245991 0.259887 0.250472 0.248588 0.251415 0.243291 0.264387 0.224929 0.264858 0.221398 0.264387 0.209040 0.259198 0.174788 0.256368 0.163842 0.250472 0.151483 0.248821 0.142302 0.243396 0.136653 0.231840 0.119350 0.227830 0.116172 0.222170 0.109816 0.212500 0.104520 0.209434 0.101695 0.197877 0.096751 0.185142 0.087924 0.177123 0.085099 0.166274 0.082627 0.157311 0.082627 0.142453 0.086511 0.138208 0.090042 0.134670 0.091455 0.132311 0.093573 0.126887 0.096398 0.124057 0.101342 0.118632 0.106285 0.116981 0.109110
1 0.743160 0.419138 0.743160 0.420551 0.744575 0.421257 0.745755 0.423023 0.745755 0.424082 0.742453 0.427260 0.741509 0.436441 0.742217 0.437853 0.744104 0.438559 0.744811 0.439619 0.742925 0.441737 0.742689 0.444915 0.745283 0.454096 0.745519 0.458686 0.747642 0.463983 0.752123 0.465395 0.753066 0.466808 0.754245 0.471045 0.759434 0.474929 0.763208 0.476695 0.771934 0.477401 0.781132 0.476342 0.791274 0.476342 0.797406 0.477754 0.803538 0.480579 0.806132 0.483051 0.810849 0.485169 0.814151 0.490819 0.816981 0.492938 0.820283 0.497175 0.822406 0.502825 0.826179 0.509887 0.828066 0.516949 0.829717 0.533545 0.829481 0.554025 0.828774 0.566384 0.829245 0.569915 0.830425 0.571681 0.842217 0.568856 0.846462 0.563912 0.849528 0.562853 0.857783 0.557556 0.862264 0.549082 0.865094 0.547669 0.868396 0.542726 0.872877 0.538136 0.874528 0.533545 0.874057 0.528955 0.875472 0.523658 0.878302 0.520833 0.883962 0.518008 0.909670 0.511299 0.931604 0.506709 0.934906 0.505297 0.941981 0.505650 0.950000 0.507415 0.957547 0.507415 0.970991 0.506356 0.988443 0.506709 0.995047 0.505650 0.997170 0.504590 1.000000 0.504590 1.000000 0.392655 0.992453 0.391243 0.979009 0.391596 0.970283 0.395127 0.966981 0.397952 0.954953 0.396893 0.950943 0.398658 0.947642 0.398658 0.940094 0.400777 0.935142 0.404661 0.929953 0.405367 0.880896 0.406073 0.874528 0.403955 0.871698 0.395833 0.870519 0.394068 0.863915 0.389477 0.861321 0.386653 0.858491 0.379944 0.856840 0.377472 0.847877 0.374294 0.840802 0.369350 0.834670 0.367585 0.823821 0.365466 0.816509 0.364760 0.809906 0.365466 0.806132 0.364760 0.799292 0.365466 0.795283 0.367938 0.790330 0.369350 0.787500 0.371822 0.783962 0.373234 0.781368 0.375353 0.774764 0.377119 0.772877 0.379237 0.764623 0.384887 0.762972 0.387006 0.760142 0.388418 0.758962 0.391243 0.756604 0.393715 0.755660 0.399364 0.752358 0.404308 0.751415 0.405014 0.748349 0.405014 0.747406 0.406427 0.746934 0.410664 0.744575 0.412429 0.745519 0.415960
1 0.498821 0.067090 0.493160 0.066737 0.487972 0.067444 0.476887 0.071681 0.469104 0.078037 0.462028 0.088277 0.458962 0.098164 0.454481 0.109816 0.452594 0.120056 0.452594 0.139477 0.453302 0.142302 0.453774 0.153249 0.455189 0.162076 0.454717 0.169492 0.451651 0.177613 0.451651 0.182203 0.450708 0.184322 0.447406 0.182203 0.445991 0.180438 0.442689 0.180085 0.438208 0.183969 0.434198 0.193856 0.433726 0.198446 0.429953 0.202684 0.426179 0.205155 0.423349 0.216455 0.421698 0.220692 0.421226 0.231992 0.421462 0.265184 0.422642 0.278249 0.422406 0.285311 0.423821 0.295551 0.423821 0.299082 0.425000 0.302613 0.425943 0.311441 0.429481 0.322034 0.429953 0.325918 0.433491 0.334040 0.434434 0.338277 0.438208 0.348517 0.439858 0.357345 0.442925 0.361935 0.447170 0.366172 0.450472 0.371822 0.454953 0.375000 0.457783 0.378884 0.460849 0.382062 0.463208 0.383475 0.466038 0.387359 0.467689 0.387359 0.469104 0.386299 0.471462 0.383121 0.474292 0.383121 0.475943 0.381356 0.478774 0.380650 0.483019 0.377472 0.485849 0.373234 0.497170 0.364407 0.502358 0.364760 0.505896 0.362288 0.509906 0.361935 0.512264 0.360876 0.514858 0.356285 0.517689 0.353814 0.517689 0.349576 0.520991 0.345339 0.522642 0.344986 0.524764 0.346045 0.526651 0.345339 0.527594 0.342867 0.530896 0.338630 0.531840 0.334746 0.537028 0.325918 0.537972 0.322740 0.541509 0.318503 0.543632 0.307203 0.546226 0.299435 0.546462 0.294138 0.547170 0.290960 0.550236 0.282839 0.553538 0.278955 0.553538 0.275071 0.555660 0.271186 0.555425 0.267302 0.556368 0.263771 0.554481 0.259534 0.557311 0.256709 0.557547 0.254590 0.556840 0.252472 0.560377 0.248588 0.559906 0.239760 0.557311 0.232345 0.554009 0.228814 0.553774 0.224223 0.552830 0.220339 0.547877 0.216102 0.546462 0.212924 0.544575 0.205862 0.542925 0.203390 0.542453 0.201271 0.536085 0.194915 0.534906 0.192444 0.532075 0.190325 0.531132 0.188912 0.532075 0.185734 0.529717 0.183969 0.528774 0.182203 0.528538 0.174082 0.530189 0.169492 0.530660 0.165607 0.531840 0.162429 0.532075 0.158545 0.533491 0.154661 0.534434 0.142302 0.535142 0.139477 0.535142 0.122175 0.532547 0.106285 0.529953 0.097458 0.522170 0.083333 0.514858 0.075212 0.510377 0.071681
