1 0.032813 0.854167 0.020313 0.891667 0.017188 0.958333 0.025000 0.985417 0.034375 1.000000 0.182812 1.000000 0.201563 0.968750 0.201563 0.895833 0.189062 0.868750 0.185938 0.850000 0.160938 0.816667 0.129688 0.802083 0.085938 0.804167 0.068750 0.812500 0.048438 0.831250
1 0.798438 0.841667 0.790625 0.870833 0.790625 0.937500 0.798438 0.966667 0.820312 1.000000 0.954688 1.000000 0.985938 0.985417 1.000000 0.968750 1.000000 0.908333 0.971875 0.872917 0.959375 0.839583 0.942187 0.816667 0.912500 0.793750 0.898438 0.789583 0.845313 0.791667 0.815625 0.814583
1 0.618750 0.831250 0.601562 0.872917 0.600000 0.943750 0.604688 0.966667 0.621875 1.000000 0.759375 1.000000 0.771875 0.977083 0.778125 0.954167 0.779687 0.891667 0.770312 0.856250 0.754687 0.829167 0.723437 0.802083 0.696875 0.793750 0.676562 0.793750 0.650000 0.800000
1 0.417187 0.847917 0.406250 0.889583 0.406250 0.952083 0.425000 1.000000 0.571875 1.000000 0.578125 0.989583 0.590625 0.947917 0.587500 0.887500 0.567187 0.839583 0.550000 0.818750 0.518750 0.802083 0.476562 0.800000 0.454688 0.806250 0.440625 0.816667
1 0.228125 0.847917 0.221875 0.862500 0.215625 0.895833 0.215625 0.952083 0.232813 1.000000 0.382812 1.000000 0.396875 0.966667 0.398438 0.902083 0.389062 0.860417 0.370312 0.825000 0.331250 0.802083 0.282813 0.800000 0.251563 0.814583
1 0.821875 0.547917 0.798438 0.577083 0.787500 0.606250 0.785937 0.672917 0.789062 0.700000 0.800000 0.731250 0.818750 0.758333 0.843750 0.772917 0.882812 0.777083 0.920312 0.764583 0.946875 0.733333 0.960938 0.702083 0.985938 0.668750 0.990625 0.635417 0.984375 0.610417 0.971875 0.593750 0.948438 0.583333 0.928125 0.556250 0.903125 0.539583 0.862500 0.535417
1 0.635938 0.547917 0.609375 0.579167 0.598437 0.608333 0.593750 0.670833 0.603125 0.722917 0.626563 0.760417 0.653125 0.775000 0.696875 0.777083 0.731250 0.764583 0.753125 0.743750 0.773438 0.700000 0.776563 0.675000 0.775000 0.629167 0.767188 0.597917 0.745313 0.560417 0.717187 0.541667 0.662500 0.539583
1 0.457813 0.547917 0.439063 0.562500 0.426563 0.579167 0.412500 0.614583 0.407813 0.641667 0.407813 0.681250 0.415625 0.718750 0.437500 0.752083 0.456250 0.766667 0.482812 0.779167 0.521875 0.775000 0.559375 0.750000 0.578125 0.720833 0.585938 0.689583 0.585938 0.625000 0.575000 0.589583 0.559375 0.566667 0.535937 0.547917 0.510938 0.541667 0.482812 0.541667
1 0.251563 0.558333 0.226562 0.589583 0.215625 0.633333 0.217188 0.704167 0.220312 0.722917 0.231250 0.747917 0.251563 0.770833 0.271875 0.781250 0.321875 0.783333 0.362500 0.768750 0.373437 0.750000 0.379688 0.747917 0.393750 0.710417 0.393750 0.643750 0.390625 0.622917 0.381250 0.597917 0.376563 0.593750 0.375000 0.583333 0.364063 0.566667 0.345313 0.552083 0.318750 0.543750 0.289062 0.543750 0.270313 0.547917
1 0.079687 0.554167 0.048438 0.583333 0.032813 0.606250 0.031250 0.622917 0.025000 0.629167 0.020313 0.672917 0.032813 0.731250 0.048438 0.756250 0.079687 0.781250 0.112500 0.787500 0.159375 0.775000 0.173437 0.762500 0.181250 0.745833 0.189062 0.739583 0.200000 0.708333 0.203125 0.664583 0.201563 0.641667 0.193750 0.616667 0.162500 0.564583 0.156250 0.564583 0.143750 0.554167 0.125000 0.547917 0.098437 0.547917
1 0.957812 0.297917 0.934375 0.295833 0.915625 0.302083 0.887500 0.285417 0.856250 0.285417 0.829688 0.291667 0.812500 0.302083 0.790625 0.333333 0.782813 0.356250 0.781250 0.372917 0.782813 0.439583 0.789062 0.460417 0.803125 0.485417 0.821875 0.508333 0.859375 0.522917 0.885938 0.522917 0.903125 0.516667 0.935937 0.487500 0.959375 0.433333 0.960938 0.408333 0.982812 0.364583 0.982812 0.335417 0.978125 0.320833 0.967187 0.304167
1 0.959375 0.016667 0.948438 0.010417 0.928125 0.010417 0.915625 0.014583 0.885938 0.039583 0.876563 0.035417 0.842187 0.039583 0.814063 0.056250 0.800000 0.072917 0.782813 0.104167 0.775000 0.135417 0.776563 0.187500 0.782813 0.216667 0.787500 0.220833 0.790625 0.233333 0.821875 0.264583 0.837500 0.272917 0.853125 0.275000 0.890625 0.272917 0.928125 0.241667 0.951562 0.187500 0.951562 0.160417 0.946875 0.147917 0.951562 0.127083 0.967187 0.102083 0.976562 0.070833 0.975000 0.043750
1 0.634375 0.297917 0.609375 0.327083 0.593750 0.370833 0.593750 0.435417 0.603125 0.475000 0.621875 0.504167 0.653125 0.522917 0.679688 0.527083 0.703125 0.525000 0.734375 0.510417 0.756250 0.485417 0.764062 0.468750 0.771875 0.429167 0.771875 0.389583 0.767188 0.347917 0.757812 0.314583 0.739062 0.297917 0.692187 0.287500 0.654687 0.289583
1 0.528125 0.295833 0.504687 0.289583 0.460938 0.295833 0.434375 0.312500 0.415625 0.341667 0.407813 0.364583 0.406250 0.381250 0.407813 0.454167 0.418750 0.485417 0.445312 0.514583 0.478125 0.525000 0.520312 0.522917 0.553125 0.502083 0.570312 0.472917 0.578125 0.450000 0.581250 0.422917 0.578125 0.366667 0.562500 0.329167 0.551562 0.314583
1 0.259375 0.297917 0.235937 0.320833 0.226562 0.335417 0.218750 0.360417 0.217188 0.437500 0.220312 0.468750 0.228125 0.487500 0.243750 0.512500 0.271875 0.529167 0.339062 0.529167 0.364063 0.514583 0.382812 0.489583 0.392188 0.460417 0.395313 0.402083 0.389062 0.356250 0.382812 0.339583 0.364063 0.312500 0.332813 0.293750 0.289062 0.291667
1 0.048438 0.308333 0.034375 0.325000 0.029687 0.337500 0.018750 0.408333 0.023438 0.450000 0.039062 0.487500 0.070312 0.522917 0.087500 0.531250 0.143750 0.531250 0.164062 0.522917 0.179688 0.508333 0.201563 0.468750 0.206250 0.425000 0.201563 0.358333 0.185938 0.327083 0.160938 0.304167 0.131250 0.293750 0.087500 0.295833 0.078125 0.302083
1 0.743750 0.025000 0.731250 0.016667 0.712500 0.014583 0.695312 0.022917 0.682813 0.035417 0.656250 0.037500 0.626563 0.056250 0.603125 0.087500 0.593750 0.110417 0.589063 0.135417 0.589063 0.189583 0.603125 0.235417 0.618750 0.256250 0.637500 0.270833 0.650000 0.275000 0.707812 0.275000 0.728125 0.264583 0.750000 0.239583 0.762500 0.208333 0.765625 0.147917 0.764062 0.122917 0.756250 0.097917 0.759375 0.077083 0.757812 0.050000
1 0.507812 0.018750 0.482812 0.022917 0.470313 0.035417 0.437500 0.054167 0.414062 0.087500 0.403125 0.116667 0.400000 0.133333 0.400000 0.187500 0.406250 0.216667 0.415625 0.237500 0.429688 0.256250 0.454688 0.272917 0.504687 0.277083 0.529687 0.272917 0.543750 0.264583 0.560937 0.241667 0.576562 0.189583 0.576562 0.137500 0.568750 0.104167 0.564063 0.100000 0.560937 0.085417 0.543750 0.062500 0.535937 0.041667 0.521875 0.025000
1 0.273438 0.022917 0.259375 0.033333 0.245312 0.064583 0.229687 0.083333 0.218750 0.110417 0.212500 0.152083 0.218750 0.218750 0.234375 0.250000 0.257812 0.272917 0.267188 0.277083 0.325000 0.279167 0.346875 0.272917 0.365625 0.258333 0.389062 0.216667 0.393750 0.175000 0.390625 0.120833 0.376563 0.087500 0.350000 0.054167 0.301563 0.022917
1 0.034375 0.022917 0.021875 0.052083 0.021875 0.081250 0.026562 0.110417 0.021875 0.143750 0.021875 0.187500 0.025000 0.206250 0.040625 0.239583 0.064062 0.266667 0.087500 0.281250 0.146875 0.281250 0.173437 0.264583 0.193750 0.235417 0.201563 0.214583 0.204687 0.187500 0.201563 0.122917 0.185938 0.089583 0.170313 0.066667 0.154688 0.054167 0.125000 0.039583 0.103125 0.035417 0.076563 0.014583 0.053125 0.012500
