1 0.764434 0.333094 0.756351 0.330935 0.729792 0.328777 0.705543 0.330216 0.690531 0.334532 0.673210 0.344604 0.663972 0.353957 0.658199 0.378417 0.661663 0.392086 0.669746 0.399281 0.673210 0.399281 0.680139 0.403597 0.692841 0.407914 0.742494 0.407194 0.758661 0.402878 0.778291 0.391367 0.790993 0.371942 0.792148 0.357554 0.788684 0.350360 0.779446 0.340288
1 0.535797 0.737410 0.526559 0.743165 0.520785 0.754676 0.511547 0.792806 0.512702 0.802878 0.517321 0.810791 0.525404 0.817986 0.545035 0.828777 0.560046 0.842446 0.569284 0.845324 0.585450 0.845324 0.601617 0.838849 0.609700 0.828777 0.632794 0.814388 0.640878 0.805755 0.645497 0.796403 0.645497 0.782014 0.639723 0.764748 0.630485 0.753957 0.621247 0.752518 0.600462 0.754676 0.579677 0.750360 0.568129 0.749640 0.543880 0.738849
1 0.543880 0.667626 0.536952 0.675540 0.531178 0.698561 0.531178 0.720863 0.539261 0.734532 0.564665 0.746763 0.587760 0.752518 0.608545 0.753237 0.621247 0.750360 0.653580 0.730216 0.662818 0.715108 0.662818 0.696403 0.654734 0.681295 0.646651 0.674820 0.638568 0.672662 0.606236 0.676259 0.590069 0.676259 0.558891 0.671942
1 0.665127 0.733094 0.650115 0.742446 0.645497 0.751799 0.648961 0.791367 0.654734 0.808633 0.670901 0.823022 0.695150 0.831655 0.710162 0.841727 0.722864 0.844604 0.741339 0.843165 0.756351 0.833813 0.759815 0.821583 0.773672 0.811511 0.780600 0.803597 0.781755 0.788489 0.777136 0.772662 0.770208 0.766906 0.751732 0.767626 0.732102 0.766187 0.705543 0.761151 0.683603 0.748201 0.670901 0.734532
1 0.814088 0.651079 0.799076 0.658993 0.796767 0.663309 0.789838 0.666187 0.785219 0.671942 0.788684 0.684173 0.804850 0.699281 0.809469 0.710072 0.814088 0.733813 0.824480 0.738849 0.871824 0.749640 0.889145 0.751079 0.903002 0.748201 0.914550 0.739568 0.926097 0.708633 0.924942 0.694964 0.918014 0.682014 0.899538 0.670504 0.875289 0.665468 0.842956 0.664748 0.831409 0.657554 0.831409 0.653237 0.825635 0.654676 0.821016 0.653237 0.818707 0.654676
1 0.681293 0.577698 0.673210 0.583453 0.672055 0.592086 0.668591 0.595683 0.672055 0.634532 0.675520 0.643165 0.681293 0.649640 0.690531 0.656115 0.717090 0.663309 0.750577 0.664029 0.772517 0.658273 0.782910 0.645324 0.795612 0.638849 0.801386 0.629496 0.800231 0.610791 0.796767 0.602878 0.789838 0.595683 0.774827 0.587050 0.748268 0.579137 0.719400 0.579137 0.705543 0.577698 0.699769 0.575540 0.689376 0.575540
1 0.797921 0.584173 0.793303 0.589209 0.793303 0.596403 0.804850 0.611511 0.807159 0.631655 0.812933 0.640288 0.825635 0.646763 0.832564 0.653957 0.830254 0.658993 0.834873 0.661871 0.847575 0.664029 0.886836 0.663309 0.893764 0.660432 0.900693 0.660432 0.914550 0.656835 0.924942 0.651799 0.929561 0.646043 0.935335 0.627338 0.935335 0.611511 0.929561 0.602158 0.919169 0.594245 0.904157 0.586331 0.890300 0.582014 0.881062 0.580576 0.852194 0.580576 0.825635 0.575540 0.816397 0.575540
1 0.563510 0.501439 0.547344 0.510072 0.534642 0.523741 0.531178 0.538129 0.532333 0.546043 0.536952 0.553237 0.546189 0.562590 0.571594 0.573381 0.593533 0.575540 0.612009 0.574820 0.623557 0.572662 0.647806 0.561871 0.657044 0.553237 0.662818 0.541727 0.662818 0.524460 0.655889 0.511511 0.638568 0.500719 0.629330 0.498561 0.586605 0.497122
1 0.754042 0.494964 0.722864 0.494245 0.702079 0.497842 0.688222 0.502878 0.675520 0.510072 0.667436 0.520144 0.666282 0.542446 0.673210 0.553957 0.689376 0.568345 0.713626 0.576978 0.732102 0.578417 0.757506 0.574101 0.782910 0.562590 0.795612 0.550360 0.797921 0.543885 0.797921 0.524460 0.795612 0.517986 0.775982 0.501439
1 0.823326 0.497842 0.818707 0.502158 0.808314 0.505036 0.799076 0.511511 0.801386 0.517266 0.801386 0.546043 0.799076 0.552518 0.802540 0.556835 0.823326 0.569784 0.846420 0.577698 0.867206 0.578417 0.893764 0.574101 0.921478 0.558273 0.928406 0.551079 0.931871 0.543165 0.931871 0.533094 0.924942 0.517266 0.908776 0.504317 0.884527 0.496403 0.833718 0.495683
1 0.616628 0.412950 0.594688 0.411511 0.564665 0.416547 0.547344 0.424460 0.531178 0.439568 0.532333 0.468345 0.536952 0.470504 0.540416 0.478417 0.548499 0.483453 0.564665 0.489209 0.577367 0.491367 0.618938 0.489928 0.636259 0.483453 0.655889 0.467626 0.660508 0.451079 0.659353 0.439568 0.655889 0.432374 0.643187 0.422302 0.628176 0.415827
1 0.756351 0.410791 0.721709 0.410072 0.705543 0.412230 0.680139 0.423022 0.672055 0.429496 0.665127 0.438849 0.662818 0.447482 0.665127 0.467626 0.670901 0.474820 0.684758 0.483453 0.703233 0.489928 0.721709 0.491367 0.749423 0.489209 0.769053 0.482014 0.780600 0.474820 0.782910 0.470504 0.788684 0.466906 0.795612 0.446043 0.792148 0.430935 0.778291 0.419424
1 0.897229 0.415827 0.878753 0.410791 0.860277 0.410791 0.845266 0.412230 0.814088 0.422302 0.803695 0.430935 0.796767 0.440288 0.795612 0.455396 0.790993 0.469065 0.796767 0.479856 0.806005 0.485612 0.822171 0.491367 0.832564 0.492806 0.877598 0.491367 0.897229 0.485612 0.912240 0.475540 0.921478 0.466906 0.923788 0.443165 0.918014 0.430935
1 0.114319 0.250360 0.106236 0.258273 0.105081 0.266187 0.112009 0.282014 0.112009 0.293525 0.120092 0.306475 0.127021 0.310072 0.159353 0.312230 0.176674 0.315827 0.205543 0.328058 0.227483 0.342446 0.248268 0.346763 0.257506 0.338129 0.264434 0.333813 0.267898 0.333813 0.267898 0.331655 0.275982 0.326619 0.262125 0.317266 0.251732 0.304317 0.249423 0.276978 0.237875 0.262590 0.215935 0.251799 0.192841 0.247482 0.155889 0.247482 0.145497 0.245324 0.130485 0.245324
1 0.260970 0.347482 0.251732 0.358273 0.249423 0.372662 0.252887 0.388489 0.259815 0.392806 0.269053 0.404317 0.280600 0.407914 0.315242 0.408633 0.356813 0.415827 0.364896 0.412230 0.367206 0.413669 0.372979 0.412950 0.375289 0.408633 0.381062 0.405036 0.389145 0.405036 0.384527 0.362590 0.377598 0.356115 0.374134 0.346763 0.366051 0.341007 0.340647 0.333094 0.312933 0.331655 0.297921 0.333094 0.282910 0.336691
1 0.272517 0.249640 0.266744 0.253237 0.259815 0.261871 0.257506 0.269784 0.251732 0.276978 0.251732 0.299281 0.259815 0.310791 0.282910 0.325180 0.293303 0.328058 0.347575 0.331655 0.353349 0.334532 0.370670 0.338129 0.385681 0.333813 0.397229 0.325899 0.398383 0.321583 0.386836 0.303597 0.386836 0.276978 0.375289 0.261151 0.364896 0.254676 0.338337 0.247482 0.282910 0.246043
1 0.403002 0.348201 0.391455 0.358993 0.387991 0.366906 0.387991 0.376259 0.391455 0.390647 0.407621 0.405755 0.434180 0.414388 0.484988 0.414388 0.498845 0.412950 0.518476 0.402158 0.525404 0.390647 0.524249 0.376259 0.515012 0.352518 0.505774 0.344604 0.479215 0.335252 0.453811 0.333094 0.430716 0.336691
1 0.623557 0.332374 0.600462 0.329496 0.571594 0.330216 0.548499 0.337410 0.533487 0.348201 0.525404 0.361871 0.527714 0.379856 0.534642 0.394245 0.554273 0.406475 0.569284 0.410072 0.614319 0.407914 0.628176 0.405036 0.642032 0.397122 0.647806 0.391367 0.655889 0.375540 0.655889 0.355396 0.647806 0.345324 0.637413 0.338129
1 0.482679 0.417986 0.466513 0.416547 0.445727 0.417266 0.418014 0.423741 0.405312 0.430935 0.391455 0.446763 0.391455 0.468345 0.397229 0.478417 0.411085 0.488489 0.430716 0.495683 0.448037 0.498561 0.467667 0.498561 0.482679 0.496403 0.497691 0.491367 0.523095 0.474820 0.525404 0.457554 0.523095 0.441727 0.513857 0.431655 0.503464 0.424460
1 0.905312 0.335971 0.889145 0.331655 0.860277 0.328777 0.838337 0.331655 0.829099 0.334532 0.812933 0.343165 0.797921 0.358993 0.781755 0.393525 0.784065 0.401439 0.799076 0.412230 0.812933 0.416547 0.818707 0.416547 0.840647 0.410791 0.886836 0.406475 0.905312 0.397122 0.920323 0.382014 0.924942 0.368345 0.924942 0.359712 0.920323 0.346043
1 0.430716 0.249640 0.411085 0.258993 0.392610 0.274820 0.389145 0.294964 0.391455 0.304317 0.397229 0.311511 0.409931 0.320863 0.427252 0.328058 0.442263 0.330216 0.489607 0.331655 0.493072 0.334532 0.497691 0.333813 0.503464 0.336691 0.519630 0.327338 0.530023 0.312950 0.525404 0.281295 0.517321 0.268345 0.508083 0.260432 0.491917 0.251799 0.479215 0.249640 0.450346 0.248201
1 0.571594 0.247482 0.557737 0.252518 0.543880 0.260432 0.532333 0.276259 0.532333 0.298561 0.539261 0.317986 0.546189 0.325180 0.555427 0.329496 0.569284 0.328058 0.613164 0.328058 0.627021 0.331655 0.635104 0.331655 0.645497 0.325899 0.663972 0.296403 0.665127 0.276259 0.654734 0.258993 0.643187 0.251799 0.612009 0.243885 0.593533 0.243885
1 0.772517 0.249640 0.757506 0.245324 0.720554 0.247482 0.704388 0.251079 0.689376 0.257554 0.681293 0.263309 0.670901 0.276259 0.663972 0.305755 0.666282 0.318705 0.672055 0.326619 0.680139 0.332374 0.690531 0.333094 0.702079 0.328777 0.718245 0.326619 0.749423 0.326619 0.763279 0.323022 0.780600 0.314388 0.799076 0.296403 0.801386 0.278417 0.795612 0.266187
1 0.922633 0.251079 0.912240 0.249640 0.905312 0.246763 0.852194 0.249640 0.837182 0.253957 0.821016 0.262590 0.812933 0.269784 0.806005 0.282734 0.801386 0.299281 0.787529 0.315108 0.790993 0.325899 0.803695 0.335971 0.815242 0.338849 0.845266 0.328777 0.889145 0.326619 0.904157 0.320863 0.907621 0.316547 0.920323 0.310072 0.928406 0.301439 0.934180 0.287050 0.929561 0.258993
1 0.892610 0.158273 0.881062 0.157554 0.868360 0.159712 0.848730 0.167626 0.822171 0.173381 0.804850 0.182734 0.793303 0.194245 0.779446 0.227338 0.778291 0.246043 0.780600 0.249640 0.789838 0.253957 0.797921 0.262590 0.808314 0.267626 0.838337 0.251799 0.851039 0.248201 0.881062 0.243885 0.898383 0.234532 0.914550 0.217986 0.918014 0.208633 0.918014 0.197122 0.909931 0.182734 0.905312 0.164748
1 0.740185 0.161151 0.730947 0.159712 0.711316 0.161151 0.692841 0.170504 0.674365 0.175540 0.657044 0.189209 0.653580 0.198561 0.652425 0.233813 0.657044 0.251079 0.673210 0.262590 0.677829 0.262590 0.700924 0.251079 0.717090 0.246763 0.762125 0.242446 0.767898 0.240288 0.773672 0.233094 0.784065 0.210072 0.780600 0.189928 0.772517 0.181295 0.759815 0.175540 0.749423 0.165468
1 0.599307 0.158273 0.578522 0.156835 0.564665 0.158993 0.550808 0.169784 0.532333 0.176978 0.520785 0.190647 0.517321 0.199281 0.519630 0.218705 0.528868 0.243885 0.541570 0.256835 0.549654 0.255396 0.557737 0.251079 0.575058 0.246043 0.590069 0.243885 0.616628 0.243885 0.631640 0.246763 0.639723 0.245324 0.640878 0.235252 0.650115 0.210072 0.647806 0.188489 0.642032 0.185612 0.639723 0.178417
1 0.416859 0.159712 0.406467 0.165468 0.401848 0.174101 0.391455 0.183453 0.381062 0.197842 0.381062 0.215827 0.392610 0.232374 0.407621 0.243165 0.415704 0.244604 0.422633 0.248921 0.468822 0.247482 0.496536 0.251079 0.502309 0.255396 0.509238 0.255396 0.513857 0.253237 0.518476 0.247482 0.520785 0.230935 0.516166 0.219424 0.515012 0.196403 0.506928 0.184173 0.498845 0.176978 0.489607 0.172662 0.458430 0.164748 0.444573 0.158273 0.429561 0.157554
1 0.250577 0.164748 0.245958 0.176978 0.247113 0.185612 0.240185 0.196403 0.241339 0.215108 0.248268 0.224460 0.267898 0.241727 0.281755 0.246043 0.340647 0.246043 0.367206 0.252518 0.382217 0.252518 0.389145 0.248921 0.394919 0.248921 0.396074 0.243165 0.389145 0.230216 0.377598 0.217266 0.374134 0.192086 0.356813 0.175540 0.325635 0.166906 0.304850 0.166187 0.285219 0.158273 0.264434 0.158273
1 0.102771 0.156835 0.091224 0.165468 0.088915 0.174820 0.092379 0.184173 0.099307 0.192806 0.102771 0.215108 0.114319 0.229496 0.122402 0.234532 0.151270 0.243885 0.206697 0.247482 0.224018 0.252518 0.239030 0.260432 0.249423 0.261151 0.260970 0.252518 0.262125 0.243165 0.257506 0.235971 0.241339 0.223741 0.235566 0.193525 0.232102 0.187050 0.224018 0.179856 0.207852 0.171942 0.185912 0.164748 0.150115 0.161151 0.124711 0.154676
1 0.094688 0.071223 0.087760 0.076978 0.086605 0.088489 0.087760 0.092806 0.098152 0.103597 0.095843 0.113669 0.098152 0.133094 0.110855 0.147482 0.128176 0.154676 0.185912 0.163309 0.227483 0.176978 0.233256 0.176259 0.236721 0.177698 0.240185 0.176259 0.255196 0.153237 0.237875 0.132374 0.233256 0.113669 0.221709 0.097842 0.206697 0.088489 0.187067 0.082014 0.178984 0.080576 0.148961 0.080576 0.139723 0.071942 0.128176 0.067626 0.106236 0.066906
1 0.250577 0.071942 0.245958 0.079856 0.248268 0.100000 0.241339 0.106475 0.236721 0.117986 0.237875 0.128058 0.244804 0.141727 0.259815 0.156115 0.284065 0.157554 0.299076 0.162590 0.339492 0.167626 0.355658 0.174101 0.377598 0.187770 0.392610 0.175540 0.396074 0.170504 0.396074 0.164748 0.378753 0.140288 0.374134 0.117266 0.363741 0.101439 0.342956 0.088489 0.331409 0.084892 0.310624 0.082014 0.289838 0.067626 0.285219 0.066187 0.265589 0.066187
1 0.408776 0.069784 0.399538 0.076259 0.396074 0.094964 0.384527 0.102878 0.375289 0.118705 0.379908 0.139568 0.399538 0.164029 0.405312 0.164748 0.418014 0.158993 0.439954 0.157554 0.460739 0.164029 0.474596 0.165468 0.503464 0.176978 0.510393 0.177698 0.513857 0.175540 0.516166 0.167626 0.516166 0.150360 0.512702 0.141727 0.510393 0.117986 0.502309 0.103597 0.482679 0.089928 0.467667 0.084892 0.463048 0.084892 0.451501 0.073381 0.436490 0.066906 0.418014 0.066906
1 0.565820 0.066906 0.557737 0.069784 0.549654 0.075540 0.543880 0.085612 0.520785 0.102878 0.515012 0.111511 0.512702 0.118705 0.513857 0.131655 0.525404 0.170504 0.534642 0.174820 0.548499 0.169784 0.565820 0.159712 0.580831 0.156835 0.598152 0.158273 0.627021 0.169065 0.636259 0.170504 0.640878 0.161871 0.644342 0.128058 0.643187 0.111511 0.639723 0.103597 0.623557 0.088489 0.606236 0.080576 0.600462 0.072662 0.591224 0.067626 0.584296 0.066187
1 0.733256 0.066906 0.717090 0.066906 0.703233 0.071223 0.697460 0.075540 0.693995 0.082014 0.663972 0.095683 0.650115 0.110072 0.645497 0.130935 0.645497 0.164029 0.647806 0.170504 0.658199 0.182014 0.666282 0.179856 0.682448 0.171223 0.690531 0.169784 0.714781 0.159712 0.732102 0.158993 0.747113 0.162590 0.751732 0.165468 0.763279 0.166187 0.777136 0.135971 0.779446 0.113669 0.771363 0.101439 0.755196 0.089209 0.748268 0.073381
1 0.889145 0.070504 0.878753 0.067626 0.864896 0.067626 0.853349 0.070504 0.837182 0.082734 0.812933 0.089928 0.790993 0.103597 0.781755 0.116547 0.780600 0.132374 0.771363 0.152518 0.769053 0.164748 0.770208 0.170504 0.782910 0.186331 0.787529 0.187770 0.799076 0.186331 0.803695 0.181295 0.821016 0.171942 0.849885 0.165468 0.869515 0.157554 0.886836 0.155396 0.897229 0.148201 0.905312 0.138849 0.911085 0.118705 0.905312 0.102158 0.898383 0.097122 0.897229 0.078417
2 0.079677 0.333813 0.069284 0.349640 0.069284 0.366187 0.079677 0.381295 0.094688 0.389928 0.118938 0.396403 0.142032 0.398561 0.159353 0.402158 0.165127 0.405036 0.193995 0.409353 0.225173 0.409353 0.240185 0.405755 0.248268 0.400719 0.252887 0.392806 0.249423 0.387770 0.244804 0.363309 0.233256 0.351079 0.219400 0.343165 0.206697 0.331655 0.191686 0.322302 0.178984 0.317266 0.161663 0.314388 0.125866 0.313669 0.112009 0.316547 0.103926 0.320863 0.096998 0.322302 0.092379 0.328058
2 0.250577 0.418705 0.249423 0.421583 0.233256 0.433094 0.226328 0.451799 0.227483 0.467626 0.232102 0.470504 0.233256 0.474820 0.239030 0.480576 0.250577 0.488489 0.277136 0.494964 0.304850 0.495683 0.314088 0.493525 0.341801 0.492086 0.346420 0.489928 0.352194 0.491367 0.372979 0.491367 0.387991 0.484173 0.391455 0.476259 0.387991 0.463309 0.387991 0.448201 0.379908 0.441007 0.371824 0.438849 0.367206 0.430935 0.353349 0.421583 0.325635 0.412230 0.304850 0.410072 0.274827 0.411511
2 0.511547 0.505755 0.504619 0.505755 0.498845 0.503597 0.484988 0.504317 0.471132 0.502158 0.445727 0.502158 0.422633 0.504317 0.419169 0.506475 0.405312 0.509353 0.391455 0.515827 0.375289 0.533094 0.371824 0.547482 0.371824 0.558993 0.375289 0.569065 0.382217 0.575540 0.399538 0.584892 0.411085 0.588489 0.426097 0.590647 0.451501 0.588489 0.467667 0.584892 0.490762 0.576978 0.506928 0.564748 0.509238 0.558273 0.521940 0.548921 0.521940 0.545324 0.528868 0.540288 0.531178 0.520144 0.526559 0.513669
2 0.614319 0.576978 0.576212 0.579137 0.564665 0.583453 0.553118 0.592086 0.546189 0.607194 0.540416 0.610791 0.532333 0.630216 0.532333 0.647482 0.538106 0.655396 0.546189 0.660432 0.547344 0.664029 0.556582 0.669784 0.590069 0.674820 0.614319 0.674101 0.635104 0.671223 0.655889 0.658993 0.666282 0.646763 0.669746 0.638849 0.669746 0.624460 0.666282 0.612230 0.658199 0.607194 0.657044 0.602158 0.650115 0.594245 0.644342 0.592086 0.635104 0.584173 0.631640 0.584892 0.627021 0.581295 0.623557 0.582014
2 0.688222 0.659712 0.681293 0.664029 0.667436 0.685612 0.670901 0.730216 0.682448 0.748201 0.676674 0.753237 0.681293 0.755396 0.689376 0.753237 0.700924 0.761151 0.717090 0.765468 0.739030 0.767626 0.771363 0.766906 0.796767 0.751079 0.809469 0.735252 0.809469 0.715827 0.804850 0.702878 0.792148 0.689209 0.784065 0.687050 0.749423 0.667626 0.739030 0.665468 0.718245 0.664748 0.693995 0.658993
2 0.812933 0.739568 0.781755 0.766187 0.785219 0.792086 0.800231 0.820863 0.807159 0.842446 0.818707 0.856115 0.838337 0.866187 0.863741 0.870504 0.881062 0.870504 0.896074 0.868345 0.920323 0.859712 0.936490 0.845324 0.943418 0.828777 0.942263 0.814388 0.936490 0.803597 0.923788 0.793525 0.916859 0.784173 0.907621 0.777698 0.904157 0.770504 0.890300 0.758993 0.856813 0.747482 0.819861 0.739568
1 0.518476 0.658993 0.510393 0.658273 0.501155 0.660432 0.482679 0.668345 0.445727 0.668345 0.431871 0.670504 0.415704 0.676259 0.399538 0.686331 0.390300 0.700000 0.387991 0.712950 0.389145 0.725180 0.400693 0.742446 0.415704 0.751079 0.430716 0.754676 0.476905 0.752518 0.489607 0.749640 0.508083 0.740288 0.523095 0.717986 0.525404 0.701439 0.531178 0.685612 0.528868 0.668345
1 0.510393 0.742446 0.501155 0.743165 0.481524 0.750360 0.458430 0.751799 0.449192 0.753957 0.423788 0.753237 0.407621 0.750360 0.405312 0.748201 0.401848 0.748921 0.375289 0.783453 0.372979 0.803597 0.376443 0.811511 0.392610 0.826619 0.398383 0.842446 0.405312 0.846763 0.415704 0.849640 0.430716 0.849640 0.436490 0.848201 0.460739 0.833094 0.481524 0.825899 0.503464 0.810072 0.508083 0.802158 0.516166 0.756835 0.515012 0.746763
1 0.113164 0.439568 0.109700 0.446043 0.109700 0.453237 0.116628 0.464748 0.130485 0.479137 0.153580 0.489928 0.172055 0.494245 0.185912 0.494964 0.228637 0.490647 0.234411 0.487050 0.233256 0.477698 0.225173 0.466906 0.226328 0.441007 0.234411 0.427338 0.232102 0.422302 0.203233 0.414388 0.184758 0.413669 0.167436 0.415108 0.157044 0.417986 0.144342 0.426619 0.127021 0.430935
1 0.269053 0.505036 0.259815 0.500000 0.239030 0.497122 0.217090 0.499281 0.195150 0.498561 0.163972 0.502878 0.135104 0.516547 0.127021 0.523741 0.124711 0.529496 0.110855 0.544604 0.109700 0.552518 0.114319 0.561871 0.122402 0.566906 0.140878 0.571942 0.154734 0.579137 0.166282 0.582734 0.197460 0.583453 0.217090 0.579856 0.227483 0.576259 0.242494 0.567626 0.250577 0.559712 0.256351 0.544604 0.257506 0.523022 0.267898 0.511511
1 0.397229 0.499281 0.378753 0.495683 0.325635 0.496403 0.296767 0.500000 0.279446 0.507194 0.264434 0.518705 0.258661 0.528777 0.257506 0.537410 0.259815 0.553957 0.273672 0.568345 0.290993 0.576978 0.306005 0.579856 0.344111 0.578417 0.355658 0.576978 0.368360 0.570504 0.370670 0.566187 0.369515 0.549640 0.376443 0.530935 0.393764 0.510072 0.400693 0.505755 0.400693 0.501439
1 0.356813 0.582734 0.329099 0.581295 0.306005 0.584173 0.293303 0.587770 0.279446 0.594245 0.267898 0.603597 0.260970 0.623022 0.262125 0.635971 0.270208 0.648201 0.281755 0.656115 0.303695 0.661871 0.340647 0.662590 0.367206 0.655396 0.389145 0.640288 0.397229 0.625899 0.397229 0.609353 0.389145 0.597842 0.374134 0.588489
1 0.393764 0.653957 0.386836 0.652518 0.376443 0.653237 0.372979 0.656115 0.367206 0.656835 0.348730 0.664029 0.309469 0.665468 0.293303 0.667626 0.279446 0.672662 0.264434 0.682014 0.250577 0.697122 0.248268 0.717266 0.257506 0.741007 0.265589 0.751079 0.278291 0.753957 0.292148 0.753957 0.321016 0.750360 0.326790 0.751799 0.348730 0.746043 0.372979 0.734532 0.383372 0.720863 0.391455 0.689928 0.399538 0.684892 0.406467 0.676259 0.407621 0.669065 0.405312 0.664029
1 0.378753 0.735252 0.369515 0.736691 0.342956 0.748921 0.270208 0.756115 0.263279 0.758273 0.243649 0.772662 0.234411 0.783453 0.230947 0.794964 0.230947 0.807914 0.239030 0.818705 0.239030 0.837410 0.242494 0.843165 0.247113 0.846043 0.258661 0.849640 0.279446 0.848201 0.292148 0.842446 0.300231 0.835971 0.311778 0.833813 0.338337 0.824460 0.361432 0.809353 0.369515 0.796403 0.376443 0.775540 0.385681 0.765468 0.389145 0.756115 0.389145 0.745324
1 0.284065 0.582014 0.266744 0.574820 0.249423 0.572662 0.221709 0.579137 0.213626 0.583453 0.173210 0.587050 0.142032 0.597842 0.127021 0.607914 0.110855 0.636691 0.110855 0.650360 0.115473 0.655396 0.124711 0.659712 0.147806 0.662590 0.167436 0.667626 0.217090 0.667626 0.229792 0.664029 0.241339 0.656115 0.243649 0.651079 0.250577 0.645324 0.257506 0.632374 0.259815 0.612230 0.272517 0.597122 0.280600 0.592086 0.284065 0.587050
1 0.275982 0.661151 0.251732 0.648921 0.224018 0.666187 0.209007 0.668345 0.195150 0.667626 0.166282 0.669784 0.145497 0.676259 0.130485 0.683453 0.117783 0.691367 0.108545 0.703597 0.103926 0.725180 0.099307 0.733813 0.099307 0.746763 0.101617 0.750360 0.115473 0.756835 0.132794 0.757554 0.146651 0.754676 0.185912 0.753957 0.202079 0.751079 0.215935 0.745324 0.241339 0.728777 0.247113 0.715827 0.250577 0.695683 0.263279 0.681295 0.279446 0.669784
1 0.248268 0.730216 0.237875 0.731655 0.221709 0.742446 0.206697 0.749640 0.183603 0.754676 0.154734 0.756835 0.131640 0.762590 0.118938 0.768345 0.094688 0.785612 0.087760 0.799281 0.087760 0.817986 0.077367 0.834532 0.077367 0.844604 0.085450 0.852518 0.098152 0.856115 0.116628 0.855396 0.144342 0.841727 0.175520 0.838129 0.187067 0.834532 0.200924 0.828058 0.217090 0.817266 0.226328 0.806475 0.234411 0.781295 0.260970 0.754676 0.260970 0.750360
1 0.511547 0.580576 0.490762 0.579856 0.456120 0.589209 0.423788 0.594245 0.407621 0.606475 0.400693 0.622302 0.401848 0.638129 0.406467 0.646763 0.413395 0.653237 0.430716 0.661871 0.451501 0.666187 0.482679 0.666187 0.517321 0.652518 0.523095 0.648201 0.530023 0.636691 0.534642 0.610791 0.528868 0.593525
