2 0.048991 0.710714 0.023055 0.735714 0.000000 0.775000 0.000000 0.900000 0.025937 0.928571 0.152738 0.925000 0.187320 0.882143 0.193084 0.860714 0.195965 0.792857 0.184438 0.750000 0.161383 0.717857 0.132565 0.700000 0.083573 0.696429
2 0.250720 0.710714 0.219020 0.746429 0.204611 0.782143 0.201729 0.857143 0.210375 0.885714 0.242075 0.928571 0.357349 0.925000 0.380403 0.896429 0.394813 0.853571 0.394813 0.775000 0.386167 0.746429 0.363112 0.714286 0.322767 0.692857 0.288184 0.692857
2 0.443804 0.710714 0.420749 0.739286 0.406340 0.775000 0.406340 0.857143 0.426513 0.910714 0.438040 0.925000 0.452450 0.928571 0.582133 0.925000 0.599424 0.807143 0.590778 0.764286 0.576369 0.732143 0.553314 0.707143 0.527378 0.692857 0.475504 0.692857
2 0.668588 0.682143 0.631124 0.714286 0.616715 0.750000 0.613833 0.810714 0.628242 0.860714 0.659942 0.907143 0.680115 0.921429 0.757925 0.921429 0.798271 0.882143 0.809798 0.853571 0.812680 0.792857 0.801153 0.746429 0.780980 0.710714 0.737752 0.678571 0.688761 0.675000
2 0.844380 0.703571 0.827089 0.725000 0.815562 0.764286 0.821326 0.839286 0.844380 0.889286 0.884726 0.925000 0.948127 0.928571 0.991354 0.907143 1.000000 0.896429 1.000000 0.742857 0.962536 0.700000 0.925072 0.682143 0.878963 0.682143
2 0.086455 0.453571 0.057637 0.467857 0.023055 0.500000 0.000000 0.557143 0.000000 0.592857 0.011527 0.628571 0.043228 0.671429 0.072046 0.689286 0.112392 0.692857 0.149856 0.678571 0.187320 0.639286 0.201729 0.589286 0.201729 0.528571 0.187320 0.492857 0.164265 0.467857 0.135447 0.453571
2 0.288184 0.450000 0.242075 0.478571 0.224784 0.503571 0.210375 0.550000 0.210375 0.592857 0.227666 0.642857 0.253602 0.671429 0.282421 0.685714 0.325648 0.685714 0.354467 0.671429 0.386167 0.635714 0.400576 0.578571 0.397695 0.521429 0.383285 0.489286 0.354467 0.460714 0.322767 0.450000
2 0.469741 0.453571 0.443804 0.471429 0.414986 0.514286 0.409222 0.535714 0.412104 0.610714 0.429395 0.646429 0.449568 0.667857 0.484150 0.685714 0.524496 0.685714 0.561960 0.664286 0.587896 0.625000 0.596542 0.589286 0.593660 0.532143 0.582133 0.500000 0.544669 0.460714 0.518732 0.450000
2 0.654179 0.442857 0.622478 0.475000 0.608069 0.507143 0.605187 0.560714 0.616715 0.610714 0.639769 0.642857 0.682997 0.667857 0.711816 0.671429 0.755043 0.653571 0.783862 0.617857 0.795389 0.582143 0.795389 0.528571 0.780980 0.485714 0.757925 0.457143 0.726225 0.435714 0.671470 0.435714
2 0.838617 0.450000 0.812680 0.475000 0.801153 0.503571 0.801153 0.592857 0.806916 0.617857 0.835735 0.653571 0.878963 0.675000 0.916427 0.675000 0.956772 0.657143 0.988473 0.614286 1.000000 0.571429 0.997118 0.528571 0.982709 0.492857 0.956772 0.464286 0.910663 0.439286 0.861671 0.439286
2 0.066282 0.235714 0.031700 0.271429 0.020173 0.307143 0.023055 0.364286 0.037464 0.400000 0.054755 0.425000 0.086455 0.446429 0.129683 0.450000 0.178674 0.428571 0.195965 0.410714 0.210375 0.378571 0.213256 0.303571 0.204611 0.275000 0.187320 0.250000 0.149856 0.228571 0.092219 0.225000
2 0.259366 0.239286 0.239193 0.264286 0.221902 0.307143 0.221902 0.367857 0.236311 0.403571 0.256484 0.428571 0.291066 0.446429 0.337176 0.446429 0.374640 0.425000 0.394813 0.396429 0.406340 0.346429 0.403458 0.300000 0.383285 0.257143 0.331412 0.225000 0.282421 0.225000
2 0.469741 0.232143 0.449568 0.246429 0.420749 0.289286 0.414986 0.357143 0.423631 0.389286 0.443804 0.421429 0.484150 0.446429 0.541787 0.442857 0.559078 0.432143 0.593660 0.378571 0.593660 0.300000 0.579251 0.267857 0.547550 0.235714 0.521614 0.225000
2 0.080692 0.007143 0.048991 0.032143 0.031700 0.064286 0.028818 0.114286 0.043228 0.171429 0.066282 0.203571 0.097983 0.221429 0.149856 0.221429 0.178674 0.207143 0.204611 0.175000 0.216138 0.142857 0.216138 0.085714 0.207493 0.060714 0.187320 0.032143 0.146974 0.007143 0.123919 0.000000
2 0.265130 0.014286 0.236311 0.057143 0.227666 0.096429 0.230548 0.150000 0.250720 0.192857 0.288184 0.221429 0.348703 0.225000 0.383285 0.207143 0.394813 0.192857 0.406340 0.150000 0.406340 0.089286 0.394813 0.057143 0.365994 0.021429 0.337176 0.003571 0.296830 0.000000
2 0.469741 0.007143 0.429395 0.046429 0.412104 0.085714 0.412104 0.146429 0.417867 0.167857 0.443804 0.210714 0.466859 0.225000 0.538905 0.221429 0.561960 0.203571 0.582133 0.167857 0.587896 0.146429 0.585014 0.085714 0.570605 0.050000 0.541787 0.014286 0.512968 0.003571
2 0.654179 0.000000 0.622478 0.032143 0.608069 0.060714 0.602305 0.125000 0.610951 0.153571 0.634006 0.182143 0.665706 0.203571 0.729107 0.203571 0.749280 0.189286 0.775216 0.142857 0.780980 0.114286 0.775216 0.050000 0.766571 0.028571 0.740634 0.000000
2 0.682997 0.207143 0.648415 0.221429 0.616715 0.253571 0.602305 0.303571 0.605187 0.346429 0.616715 0.385714 0.634006 0.410714 0.662824 0.428571 0.717579 0.432143 0.752161 0.414286 0.775216 0.382143 0.786744 0.342857 0.786744 0.292857 0.778098 0.257143 0.757925 0.228571 0.720461 0.207143
2 0.844380 0.221429 0.824207 0.235714 0.798271 0.278571 0.795389 0.325000 0.804035 0.375000 0.835735 0.414286 0.867435 0.432143 0.916427 0.432143 0.945245 0.417857 0.976945 0.375000 0.988473 0.335714 0.988473 0.292857 0.974063 0.250000 0.951009 0.225000 0.922190 0.210714 0.876081 0.210714
2 0.812680 0.021429 0.798271 0.042857 0.789625 0.075000 0.789625 0.142857 0.824207 0.200000 0.841499 0.203571 0.844380 0.210714 0.907781 0.207143 0.925072 0.200000 0.956772 0.164286 0.971182 0.117857 0.974063 0.064286 0.951009 0.014286 0.936599 0.000000 0.847262 0.000000
