0 0.373125 0.734659 0.362500 0.726016 0.358125 0.719965 0.346875 0.715644 0.343125 0.710458 0.328750 0.706137 0.309375 0.704408 0.297500 0.706137 0.281875 0.712187 0.259375 0.727744 0.250625 0.737252 0.247500 0.745895 0.235000 0.764909 0.230000 0.778738 0.225625 0.800346 0.223750 0.818496 0.225625 0.837511 0.228125 0.843561 0.237500 0.853933 0.241250 0.865169 0.240625 0.879862 0.238125 0.885912 0.238125 0.892826 0.243125 0.905791 0.246250 0.907519 0.255625 0.919620 0.264375 0.922213 0.350625 0.921348 0.358750 0.915298 0.362500 0.908384 0.366875 0.905791 0.375625 0.890233 0.377500 0.880726 0.383750 0.873812 0.390000 0.858254 0.392500 0.834054 0.391875 0.792567 0.389375 0.770959 0.386875 0.763181 0.383750 0.758859 0.382500 0.751945 0.376875 0.746759
0 0.003750 0.279170 0.000000 0.279170 0.000000 0.499568 0.006250 0.497839 0.010625 0.493518 0.029375 0.482282 0.041875 0.470182 0.048125 0.467589 0.065000 0.452031 0.068125 0.445117 0.068125 0.438202 0.063750 0.420052 0.060625 0.390666 0.061875 0.369922 0.066250 0.347450 0.065625 0.336214 0.054375 0.314607 0.048750 0.312014 0.044375 0.305964 0.030000 0.293863 0.014375 0.283492
0 0.253750 0.000000 0.259375 0.034572 0.263750 0.046672 0.266250 0.059637 0.271250 0.071737 0.275000 0.076923 0.278750 0.077787 0.289375 0.086430 0.314375 0.115817 0.327500 0.120138 0.334375 0.120138 0.351250 0.094209 0.362500 0.081245 0.378125 0.070009 0.403750 0.059637 0.405625 0.057044 0.411875 0.015557 0.411250 0.000000
0 0.417500 0.000000 0.416875 0.017286 0.418125 0.030251 0.423125 0.052723 0.426250 0.059637 0.460000 0.086430 0.468125 0.095073 0.478750 0.112360 0.488125 0.123596 0.498125 0.122731 0.501250 0.117545 0.513750 0.108902 0.533750 0.088159 0.553750 0.076059 0.560625 0.067416 0.561875 0.063094 0.564375 0.026793 0.567500 0.008643 0.566875 0.000000
0 0.573750 0.026793 0.575000 0.045808 0.576875 0.049265 0.577500 0.058773 0.580000 0.064823 0.593750 0.076923 0.623125 0.097666 0.626875 0.103717 0.641250 0.118410 0.649375 0.122731 0.653125 0.122731 0.678750 0.109767 0.696875 0.094209 0.716875 0.081245 0.720000 0.076923 0.721250 0.065687 0.726250 0.061366 0.726250 0.057908 0.728750 0.052723 0.728750 0.049265 0.731250 0.045808 0.733125 0.037165 0.735000 0.004322 0.733750 0.000000 0.576875 0.000000 0.575000 0.007779
0 0.740625 0.023336 0.741250 0.044944 0.743125 0.057044 0.749375 0.076923 0.751875 0.080380 0.765625 0.084702 0.786875 0.097666 0.798125 0.111495 0.810625 0.131374 0.814375 0.134831 0.818125 0.134831 0.826250 0.131374 0.830000 0.127053 0.835625 0.125324 0.845625 0.116681 0.857500 0.109767 0.875625 0.091616 0.876875 0.086430 0.883750 0.077787 0.891250 0.062230 0.896875 0.044944 0.899375 0.025065 0.900000 0.005186 0.898750 0.000000 0.743750 0.000000 0.741875 0.006050
0 0.912500 0.100259 0.891250 0.102852 0.876875 0.108038 0.866875 0.114088 0.853750 0.125324 0.842500 0.141746 0.828750 0.173725 0.823750 0.216076 0.824375 0.234226 0.826250 0.239412 0.826250 0.245462 0.829375 0.257563 0.836250 0.268799 0.836875 0.272256 0.844375 0.281763 0.866250 0.299914 0.876250 0.311150 0.888125 0.319793 0.899375 0.324114 0.906250 0.323250 0.933125 0.312014 0.950625 0.299049 0.956875 0.291271 0.968125 0.281763 0.975625 0.268799 0.977500 0.260156 0.983125 0.248055 0.985625 0.218669 0.984375 0.173725 0.980000 0.165082 0.975000 0.149525 0.958750 0.128781 0.936250 0.109767
0 0.733750 0.081245 0.720625 0.084702 0.701875 0.095073 0.680625 0.114088 0.673125 0.126188 0.657500 0.172861 0.656875 0.232498 0.658750 0.248920 0.663125 0.252377 0.673125 0.267934 0.681875 0.277442 0.720625 0.311150 0.733125 0.315471 0.740000 0.315471 0.748750 0.312014 0.758125 0.304235 0.771875 0.296456 0.796875 0.272256 0.800625 0.261884 0.805625 0.252377 0.810625 0.247191 0.812500 0.242005 0.814375 0.227312 0.818750 0.211755 0.820000 0.179775 0.818750 0.171132 0.814375 0.165946 0.815625 0.164218 0.815625 0.159032 0.811250 0.137424 0.804375 0.124460 0.794375 0.110631 0.782500 0.103717 0.779375 0.098531 0.762500 0.087295 0.748750 0.082109
0 0.564375 0.077787 0.548750 0.083838 0.532500 0.094209 0.517500 0.109767 0.506875 0.126188 0.499375 0.142610 0.496875 0.154710 0.493750 0.201383 0.495625 0.205704 0.495000 0.223855 0.498125 0.238548 0.498750 0.248920 0.505000 0.260156 0.540000 0.295592 0.564375 0.312878 0.576875 0.314607 0.591875 0.306828 0.624375 0.280035 0.639375 0.260156 0.641250 0.253241 0.647500 0.242005 0.653125 0.216940 0.654375 0.176318 0.650000 0.145203 0.646875 0.138289 0.646875 0.134831 0.642500 0.134831 0.643125 0.131374 0.641875 0.127053 0.631250 0.110631 0.628750 0.109767 0.616250 0.095073 0.612500 0.094209 0.592500 0.080380 0.583125 0.077787
0 0.405625 0.063959 0.393125 0.066551 0.368125 0.080380 0.353125 0.095073 0.345000 0.107174 0.337500 0.121867 0.330000 0.143475 0.328750 0.152982 0.328750 0.187554 0.330000 0.203111 0.337500 0.231634 0.341250 0.237684 0.344375 0.249784 0.351250 0.259291 0.352500 0.263613 0.366875 0.280035 0.383125 0.294728 0.403125 0.308557 0.413125 0.310285 0.428125 0.301642 0.451250 0.279170 0.456250 0.272256 0.466875 0.264477 0.471250 0.256698 0.482500 0.248055 0.486875 0.225583 0.486875 0.204840 0.488125 0.202247 0.488750 0.184961 0.487500 0.181504 0.487500 0.159896 0.485000 0.151253 0.485000 0.141746 0.482500 0.127917 0.475000 0.114088 0.470000 0.109767 0.467500 0.100259 0.463125 0.095073 0.455625 0.090752 0.451250 0.082973 0.444375 0.078652 0.440625 0.078652 0.435625 0.072602 0.413750 0.064823
0 0.093750 0.000000 0.094375 0.016422 0.096875 0.029386 0.110625 0.064823 0.126250 0.087295 0.149375 0.112360 0.166875 0.125324 0.170000 0.125324 0.180000 0.107174 0.189375 0.095073 0.205000 0.082109 0.226875 0.070873 0.248125 0.066551 0.250000 0.062230 0.250625 0.050130 0.253125 0.044944 0.255625 0.031979 0.250000 0.000000
0 0.234375 0.072602 0.220625 0.076059 0.205000 0.084702 0.192500 0.095073 0.181250 0.108902 0.171250 0.126188 0.163750 0.157303 0.161875 0.170268 0.161875 0.194468 0.166250 0.218669 0.170000 0.228176 0.171250 0.235955 0.175000 0.244598 0.185000 0.260156 0.188750 0.269663 0.196875 0.278306 0.218750 0.295592 0.237500 0.308557 0.243125 0.311150 0.248750 0.311150 0.271875 0.287813 0.285000 0.278306 0.298125 0.272256 0.310625 0.261884 0.315000 0.255834 0.319375 0.246327 0.326875 0.217805 0.326875 0.184961 0.323750 0.158168 0.320000 0.148660 0.319375 0.141746 0.314375 0.135696 0.313750 0.126188 0.311250 0.119274 0.294375 0.096802 0.271250 0.078652 0.250625 0.072602
0 0.071875 0.075194 0.047500 0.083838 0.033125 0.095938 0.015625 0.115817 0.009375 0.134831 0.004375 0.142610 0.002500 0.150389 0.000000 0.152118 0.000000 0.211755 0.001875 0.212619 0.002500 0.217805 0.008125 0.223855 0.010000 0.229041 0.010000 0.241141 0.016875 0.257563 0.024375 0.265341 0.029375 0.267934 0.031875 0.273120 0.040625 0.280899 0.045000 0.282627 0.047500 0.286949 0.052500 0.289542 0.056875 0.294728 0.071875 0.301642 0.084375 0.303371 0.091250 0.299914 0.111875 0.282627 0.128125 0.275713 0.140000 0.273120 0.154375 0.261884 0.158125 0.253241 0.162500 0.248055 0.163750 0.216940 0.159375 0.198790 0.159375 0.157303 0.156875 0.143475 0.149375 0.125324 0.142500 0.117545 0.141250 0.110631 0.123750 0.090752 0.115625 0.085566 0.112500 0.085566 0.108750 0.081245 0.083125 0.075194
0 0.997500 0.295592 0.968125 0.297321 0.958750 0.303371 0.948125 0.306828 0.923750 0.325843 0.918750 0.334486 0.915000 0.337079 0.906875 0.354365 0.902500 0.435609 0.907500 0.458946 0.911875 0.466724 0.919375 0.470182 0.923750 0.478825 0.930000 0.484010 0.936250 0.485739 0.938125 0.491789 0.945000 0.498704 0.952500 0.501296 0.955625 0.506482 0.959375 0.507347 0.964375 0.512532 0.977500 0.516854 1.000000 0.514261 1.000000 0.296456
0 0.826875 0.282627 0.814375 0.282627 0.797500 0.287813 0.783125 0.294728 0.775625 0.301642 0.762500 0.318928 0.759375 0.320657 0.757500 0.325843 0.751250 0.334486 0.750000 0.342264 0.743750 0.356093 0.740000 0.384615 0.737500 0.420916 0.738750 0.424373 0.738750 0.440795 0.740625 0.443388 0.740000 0.447710 0.741250 0.452031 0.766875 0.482282 0.778125 0.490925 0.783125 0.498704 0.805000 0.513397 0.818125 0.514261 0.842500 0.503889 0.857500 0.495246 0.863750 0.487468 0.873750 0.479689 0.890625 0.456353 0.891875 0.448574 0.897500 0.436474 0.901250 0.398444 0.901250 0.371651 0.896875 0.350043 0.893125 0.344857 0.893125 0.341400 0.890625 0.336214 0.885000 0.330164 0.885000 0.325843 0.881875 0.320657 0.858125 0.297321 0.855000 0.296456 0.850000 0.291271
0 0.678750 0.281763 0.668125 0.279170 0.649375 0.279170 0.634375 0.280899 0.627500 0.284356 0.616250 0.295592 0.610625 0.298185 0.606875 0.305099 0.595625 0.312878 0.590625 0.323250 0.581250 0.335350 0.576875 0.348315 0.576250 0.370787 0.574375 0.378565 0.574375 0.437338 0.576875 0.452031 0.580625 0.458946 0.584375 0.461538 0.588750 0.468453 0.591250 0.469317 0.594375 0.476232 0.600000 0.482282 0.606250 0.484875 0.610625 0.490925 0.643750 0.512532 0.655000 0.511668 0.669375 0.502161 0.678125 0.499568 0.686875 0.492653 0.690000 0.485739 0.695000 0.484875 0.702500 0.478825 0.705625 0.471046 0.710000 0.470182 0.717500 0.463267 0.720000 0.454624 0.724375 0.448574 0.726250 0.440795 0.729375 0.436474 0.733125 0.423509 0.735000 0.405359 0.735000 0.365601 0.732500 0.347450 0.716875 0.312878 0.712500 0.311150 0.709375 0.305964 0.706250 0.305099 0.701875 0.298185 0.695625 0.295592 0.686875 0.286949
0 0.462500 0.277442 0.459375 0.280899 0.454375 0.282627 0.441875 0.295592 0.438750 0.296456 0.434375 0.304235 0.422500 0.316335 0.418750 0.324978 0.419375 0.332757 0.411250 0.344857 0.406250 0.367329 0.405625 0.391530 0.406875 0.410545 0.408750 0.420916 0.412500 0.427831 0.413750 0.436474 0.418125 0.444252 0.422500 0.458946 0.431250 0.469317 0.433750 0.470182 0.438125 0.477096 0.446250 0.484875 0.470625 0.500432 0.478125 0.503889 0.490000 0.503889 0.497500 0.501296 0.515000 0.490925 0.518125 0.486603 0.527500 0.482282 0.535625 0.471910 0.545000 0.467589 0.553750 0.451167 0.555000 0.441659 0.561250 0.427831 0.563750 0.413137 0.565000 0.375108 0.561875 0.341400 0.553125 0.323250 0.550000 0.319793 0.545625 0.308557 0.540625 0.304235 0.537500 0.298185 0.533125 0.296456 0.530000 0.290406 0.524375 0.287813 0.521250 0.283492 0.500625 0.275713 0.480000 0.274849
0 0.313750 0.273120 0.303750 0.274849 0.281875 0.283492 0.278125 0.289542 0.275000 0.290406 0.272500 0.294728 0.267500 0.297321 0.250625 0.318064 0.248750 0.324978 0.243750 0.332757 0.242500 0.340536 0.240000 0.345722 0.236875 0.363008 0.235625 0.382887 0.238750 0.420052 0.241875 0.426102 0.243125 0.435609 0.248125 0.444252 0.251875 0.458081 0.259375 0.467589 0.265000 0.470182 0.267500 0.475367 0.275625 0.483146 0.280625 0.484875 0.295000 0.498704 0.303750 0.502161 0.306250 0.506482 0.318125 0.513397 0.328125 0.506482 0.330000 0.502161 0.343125 0.496111 0.347500 0.486603 0.358125 0.484010 0.363750 0.476232 0.373750 0.469317 0.379375 0.461538 0.390625 0.451167 0.393125 0.441659 0.396875 0.436474 0.397500 0.426966 0.399375 0.421780 0.400625 0.389801 0.396250 0.365601 0.392500 0.354365 0.390000 0.337079 0.373750 0.305099 0.365625 0.296456 0.361875 0.294728 0.358750 0.289542 0.348750 0.282627 0.331875 0.277442 0.327500 0.273984
0 0.133750 0.277442 0.111250 0.286085 0.096250 0.299049 0.090000 0.309421 0.088125 0.309421 0.078750 0.322385 0.075625 0.333621 0.069375 0.345722 0.063750 0.367329 0.062500 0.379430 0.063125 0.405359 0.066875 0.427831 0.071875 0.444252 0.078125 0.456353 0.093750 0.475367 0.102500 0.483146 0.127500 0.498704 0.144375 0.501296 0.150000 0.504754 0.158750 0.506482 0.172500 0.499568 0.190625 0.485739 0.199375 0.482282 0.205625 0.475367 0.216875 0.468453 0.221875 0.460674 0.225000 0.459810 0.231875 0.451167 0.234375 0.443388 0.235625 0.430424 0.232500 0.377701 0.233125 0.346586 0.228750 0.343129 0.225000 0.336214 0.221250 0.335350 0.217500 0.324114 0.206250 0.312878 0.201250 0.303371 0.194375 0.296456 0.191250 0.295592 0.185625 0.288678 0.170625 0.280899 0.155000 0.276577
0 0.555000 0.480553 0.540000 0.486603 0.520000 0.500432 0.501875 0.526361 0.493125 0.550562 0.488750 0.573898 0.486875 0.594641 0.488125 0.622299 0.493125 0.646500 0.496875 0.654278 0.517500 0.682800 0.528125 0.690579 0.534375 0.698358 0.540000 0.702679 0.550000 0.706137 0.584375 0.706137 0.600625 0.699222 0.624375 0.679343 0.640000 0.655143 0.647500 0.634399 0.649375 0.624892 0.651250 0.600691 0.650000 0.563526 0.645625 0.545376 0.638750 0.528090 0.623125 0.504754 0.599375 0.487468 0.590625 0.483146 0.575625 0.479689
0 0.728125 0.490925 0.716250 0.493518 0.696250 0.504754 0.673125 0.525497 0.659375 0.545376 0.654375 0.563526 0.652500 0.632671 0.657500 0.658600 0.666250 0.670700 0.683750 0.688850 0.689375 0.697494 0.702500 0.705272 0.705000 0.708729 0.713750 0.711322 0.727500 0.719101 0.743750 0.719101 0.765625 0.711322 0.769375 0.707001 0.780000 0.702679 0.785000 0.695765 0.795625 0.686258 0.798750 0.679343 0.805625 0.670700 0.813125 0.655143 0.818750 0.624028 0.818750 0.594641 0.816875 0.579084 0.814375 0.573898 0.813750 0.560069 0.810000 0.546240 0.805625 0.541054 0.797500 0.524633 0.786250 0.510804 0.772500 0.499568 0.748125 0.490925
0 0.897500 0.496111 0.876250 0.500432 0.856875 0.511668 0.852500 0.512532 0.837500 0.524633 0.828125 0.535869 0.821250 0.551426 0.818750 0.560933 0.821250 0.593777 0.820625 0.646500 0.821250 0.654278 0.827500 0.661193 0.829375 0.666379 0.843750 0.687986 0.854375 0.700951 0.876250 0.718237 0.891875 0.724287 0.905625 0.726016 0.931875 0.716508 0.958750 0.697494 0.968750 0.685393 0.976250 0.671564 0.983125 0.654278 0.986875 0.624892 0.986875 0.611063 0.985000 0.606742 0.985625 0.589455 0.981875 0.565255 0.975000 0.546240 0.970625 0.540190 0.967500 0.531547 0.958750 0.519447 0.943125 0.508211 0.928125 0.500432 0.910625 0.496111
0 0.787500 0.719101 0.781875 0.724287 0.775000 0.733794 0.771250 0.742437 0.764375 0.750216 0.758750 0.761452 0.755625 0.771824 0.748750 0.783060 0.743125 0.802074 0.741875 0.842697 0.744375 0.856525 0.747500 0.860847 0.751250 0.875540 0.764375 0.895419 0.769375 0.905791 0.778750 0.916162 0.785000 0.920484 0.796250 0.922213 0.875000 0.921348 0.881875 0.917027 0.898750 0.893691 0.905000 0.876404 0.911250 0.841832 0.912500 0.824546 0.910625 0.801210 0.905000 0.777010 0.896875 0.757131 0.880625 0.732066 0.866875 0.719965 0.851875 0.712187 0.828125 0.707001 0.812500 0.707865 0.797500 0.713051
0 0.677500 0.695765 0.658750 0.690579 0.641250 0.691443 0.626250 0.694901 0.610625 0.701815 0.594375 0.715644 0.583750 0.731201 0.582500 0.736387 0.573125 0.747623 0.573750 0.751945 0.571875 0.754538 0.566875 0.783060 0.566875 0.857390 0.571250 0.873812 0.575000 0.876404 0.578125 0.881590 0.583125 0.884183 0.601250 0.904927 0.620625 0.919620 0.627500 0.922213 0.675625 0.922213 0.690000 0.918755 0.705000 0.905791 0.718125 0.889369 0.721875 0.878997 0.726250 0.874676 0.733125 0.857390 0.735625 0.842697 0.737500 0.809853 0.732500 0.764045 0.726875 0.755402 0.725625 0.749352 0.720625 0.742437 0.718750 0.733794 0.708125 0.719101 0.705000 0.717373 0.701875 0.711322
0 0.519375 0.702679 0.499375 0.694036 0.486875 0.692308 0.461875 0.694901 0.446875 0.700951 0.430625 0.713915 0.416250 0.731201 0.413750 0.738980 0.405000 0.751945 0.400625 0.764909 0.398125 0.783060 0.396875 0.812446 0.399375 0.857390 0.403750 0.861711 0.406875 0.872947 0.422500 0.897148 0.437500 0.913570 0.447500 0.921348 0.501875 0.922213 0.516875 0.920484 0.530000 0.910112 0.546875 0.888505 0.550625 0.878133 0.555000 0.873812 0.555625 0.869490 0.561250 0.858254 0.563750 0.834918 0.564375 0.808989 0.562500 0.777010 0.559375 0.763181 0.556250 0.758859 0.553125 0.746759 0.549375 0.742437 0.546250 0.732066 0.536250 0.719101 0.533750 0.718237 0.530625 0.712187 0.525625 0.709594
0 0.388125 0.483146 0.368750 0.487468 0.365000 0.490925 0.361875 0.490925 0.352500 0.496111 0.345000 0.503025 0.327500 0.527226 0.321250 0.539326 0.313750 0.574762 0.313125 0.600691 0.314375 0.623163 0.316875 0.640449 0.319375 0.647364 0.319375 0.654278 0.326875 0.662921 0.330000 0.670700 0.341250 0.686258 0.360000 0.701815 0.386875 0.712187 0.396875 0.713051 0.403750 0.712187 0.428125 0.700086 0.435625 0.694036 0.438750 0.688850 0.444375 0.686258 0.454375 0.672429 0.459375 0.668107 0.468750 0.655143 0.475625 0.638721 0.479375 0.623163 0.480625 0.606742 0.478125 0.576491 0.476250 0.571305 0.475625 0.562662 0.471250 0.554019 0.469375 0.541054 0.464375 0.530683 0.451250 0.510804 0.436875 0.496975 0.417500 0.486603 0.403125 0.483146
0 0.213125 0.481417 0.209375 0.484010 0.199375 0.485739 0.192500 0.491789 0.188125 0.492653 0.175000 0.502161 0.165000 0.511668 0.155625 0.527226 0.154375 0.534140 0.145625 0.555748 0.141250 0.573898 0.140625 0.592913 0.142500 0.624892 0.150625 0.652550 0.157500 0.668107 0.171875 0.687122 0.178125 0.690579 0.181250 0.694901 0.196875 0.703544 0.213750 0.707865 0.230000 0.705272 0.235625 0.708729 0.240000 0.708729 0.257500 0.700951 0.268125 0.689715 0.279375 0.682800 0.284375 0.674157 0.294375 0.669836 0.300000 0.658600 0.311250 0.655143 0.312500 0.640449 0.311250 0.608470 0.311875 0.558341 0.310000 0.545376 0.305000 0.540190 0.302500 0.534140 0.288750 0.516854 0.283125 0.514261 0.271875 0.501296 0.268750 0.500432 0.265000 0.494382 0.248750 0.484875 0.228750 0.481417
0 0.031875 0.484875 0.017500 0.492653 0.013750 0.496975 0.000000 0.505618 0.000000 0.689715 0.018125 0.702679 0.036875 0.710458 0.061875 0.712187 0.077500 0.708729 0.091875 0.700086 0.103125 0.688850 0.108125 0.686258 0.141250 0.653414 0.142500 0.643907 0.140000 0.635264 0.138125 0.611063 0.138125 0.579084 0.141875 0.553155 0.140625 0.539326 0.138750 0.534140 0.120625 0.510804 0.108125 0.500432 0.096250 0.496111 0.091875 0.491789 0.078125 0.485739 0.066875 0.483146 0.040000 0.483146
0 0.214375 0.731201 0.203125 0.720830 0.200625 0.716508 0.192500 0.712187 0.190000 0.708729 0.164375 0.702679 0.136875 0.702679 0.123750 0.704408 0.110625 0.709594 0.106250 0.713915 0.095625 0.719101 0.090625 0.726016 0.079375 0.735523 0.076875 0.741573 0.068125 0.752809 0.062500 0.763181 0.052500 0.798617 0.050625 0.814175 0.052500 0.858254 0.055625 0.871219 0.063750 0.893691 0.068750 0.902334 0.083750 0.920484 0.098750 0.923077 0.176875 0.922213 0.189375 0.912705 0.196250 0.904062 0.199375 0.897148 0.199375 0.887640 0.196250 0.878997 0.196875 0.859983 0.205625 0.845290 0.216875 0.838375 0.219375 0.829732 0.220000 0.813310 0.225625 0.783924 0.225000 0.766638 0.220000 0.759723 0.219375 0.751080 0.220625 0.746759
