1 0.829073 0.596010 0.853035 0.608479 0.884984 0.610973 0.894569 0.603491 0.900958 0.586035 0.910543 0.576060 0.950479 0.571072 0.960064 0.556110 0.961661 0.531172 0.958466 0.518703 0.950479 0.508728 0.905751 0.501247 0.897764 0.481297 0.888179 0.471322 0.867412 0.468828 0.845048 0.476309 0.837061 0.491272 0.849840 0.518703 0.853035 0.533666 0.851438 0.556110 0.840256 0.578554 0.829073 0.583541
1 0.027157 0.177057 0.025559 0.206983 0.028754 0.216958 0.041534 0.231920 0.060703 0.239401 0.075080 0.251870 0.089457 0.296758 0.102236 0.311721 0.142173 0.326683 0.159744 0.326683 0.167732 0.319202 0.174121 0.321696 0.182109 0.309227 0.183706 0.294264 0.169329 0.266833 0.169329 0.259352 0.153355 0.229426 0.126198 0.197007 0.123003 0.182045 0.089457 0.189526 0.047923 0.162095 0.036741 0.164589
1 0.134185 0.157107 0.127796 0.179551 0.132588 0.206983 0.151757 0.224439 0.172524 0.269327 0.191693 0.299252 0.210863 0.314214 0.241214 0.316708 0.257188 0.291771 0.263578 0.264339 0.258786 0.224439 0.249201 0.204489 0.239617 0.199501 0.231629 0.179551 0.207668 0.172070 0.188498 0.172070 0.182109 0.177057 0.169329 0.159601 0.164537 0.159601 0.162939 0.152120 0.145367 0.149626
1 0.242812 0.152120 0.242812 0.189526 0.257188 0.214464 0.266773 0.261845 0.281150 0.294264 0.324281 0.304239 0.341853 0.324190 0.351438 0.326683 0.373802 0.304239 0.373802 0.289277 0.365815 0.284289 0.357827 0.266833 0.351438 0.211970 0.333866 0.174564 0.308307 0.162095 0.290735 0.162095 0.266773 0.137157 0.257188 0.137157
1 0.359425 0.134663 0.351438 0.154613 0.351438 0.174564 0.357827 0.197007 0.354633 0.221945 0.362620 0.271820 0.383387 0.296758 0.423323 0.309227 0.434505 0.324190 0.444089 0.321696 0.452077 0.306733 0.452077 0.289277 0.447284 0.274314 0.447284 0.224439 0.436102 0.184539 0.428115 0.172070 0.402556 0.157107 0.384984 0.132170 0.367412 0.129676
1 0.477636 0.152120 0.466454 0.167082 0.463259 0.201995 0.450479 0.226933 0.452077 0.279302 0.458466 0.296758 0.477636 0.316708 0.509585 0.319202 0.525559 0.329177 0.535144 0.304239 0.538339 0.231920 0.527157 0.209476 0.512780 0.197007 0.503195 0.159601 0.487220 0.149626
1 0.603834 0.142145 0.586262 0.144638 0.578275 0.157107 0.570288 0.194514 0.547923 0.216958 0.544728 0.226933 0.547923 0.291771 0.573482 0.314214 0.600639 0.311721 0.618211 0.296758 0.626198 0.279302 0.630990 0.224439 0.619808 0.199501 0.621406 0.177057 0.618211 0.157107
1 0.725240 0.142145 0.714058 0.137157 0.698083 0.142145 0.682109 0.169576 0.656550 0.174564 0.643770 0.194514 0.634185 0.226933 0.638978 0.284289 0.659744 0.306733 0.699681 0.304239 0.717252 0.284289 0.728435 0.244389 0.726837 0.209476 0.734824 0.187032 0.734824 0.162095
1 0.843450 0.164589 0.835463 0.157107 0.821086 0.154613 0.795527 0.174564 0.773163 0.169576 0.752396 0.182045 0.733227 0.219451 0.730032 0.236908 0.731629 0.276808 0.747604 0.306733 0.758786 0.314214 0.790735 0.306733 0.806709 0.286783 0.821086 0.244389 0.846645 0.204489 0.848243 0.177057
1 0.960064 0.172070 0.950479 0.157107 0.937700 0.154613 0.924920 0.159601 0.904153 0.179551 0.883387 0.172070 0.867412 0.172070 0.854633 0.179551 0.843450 0.211970 0.822684 0.241895 0.811502 0.284289 0.800319 0.301746 0.809904 0.316708 0.876997 0.316708 0.891374 0.309227 0.913738 0.281796 0.924920 0.236908 0.955272 0.214464 0.961661 0.194514
1 0.963259 0.351621 0.950479 0.334165 0.928115 0.334165 0.907348 0.341646 0.883387 0.321696 0.857827 0.324190 0.851438 0.331671 0.854633 0.351621 0.851438 0.376559 0.835463 0.401496 0.822684 0.438903 0.813099 0.446384 0.809904 0.453865 0.811502 0.463840 0.819489 0.468828 0.843450 0.468828 0.888179 0.458853 0.904153 0.446384 0.923323 0.406484 0.944089 0.401496 0.960064 0.389027 0.964856 0.369077
1 0.843450 0.326683 0.827476 0.321696 0.808307 0.329177 0.789137 0.319202 0.766773 0.319202 0.747604 0.331671 0.739617 0.346633 0.734824 0.416459 0.742812 0.441397 0.765176 0.458853 0.793930 0.458853 0.808307 0.446384 0.827476 0.406484 0.840256 0.394015 0.851438 0.374065 0.853035 0.344140
1 0.725240 0.324190 0.686901 0.306733 0.659744 0.314214 0.648562 0.329177 0.637380 0.369077 0.637380 0.406484 0.640575 0.421446 0.658147 0.451372 0.678914 0.456359 0.698083 0.453865 0.718850 0.436409 0.731629 0.406484 0.736422 0.351621
1 0.579872 0.316708 0.559105 0.331671 0.546326 0.354115 0.543131 0.406484 0.549521 0.433915 0.563898 0.453865 0.573482 0.461347 0.597444 0.461347 0.613419 0.451372 0.624601 0.436409 0.634185 0.403990 0.634185 0.371571 0.615016 0.326683 0.600639 0.316708
1 0.477636 0.324190 0.453674 0.354115 0.448882 0.381546 0.453674 0.428928 0.468051 0.453865 0.490415 0.466334 0.512780 0.463840 0.523962 0.453865 0.538339 0.423940 0.538339 0.369077 0.530351 0.346633 0.515974 0.326683 0.501597 0.321696
1 0.362620 0.321696 0.353035 0.336658 0.351438 0.369077 0.359425 0.416459 0.370607 0.436409 0.381789 0.446384 0.407348 0.451372 0.420128 0.448878 0.437700 0.428928 0.444089 0.411471 0.445687 0.364090 0.434505 0.326683 0.424920 0.314214 0.405751 0.304239 0.392971 0.304239
1 0.252396 0.316708 0.242812 0.331671 0.241214 0.361596 0.257188 0.386534 0.263578 0.411471 0.277955 0.436409 0.297125 0.448878 0.324281 0.451372 0.343450 0.426434 0.349840 0.408978 0.349840 0.366584 0.343450 0.331671 0.327476 0.311721 0.301917 0.301746 0.277955 0.316708
1 0.134185 0.349127 0.134185 0.384040 0.142173 0.396509 0.177316 0.416459 0.178914 0.443890 0.198083 0.458853 0.215655 0.463840 0.247604 0.463840 0.258786 0.431421 0.260383 0.411471 0.249201 0.384040 0.236422 0.369077 0.236422 0.339152 0.233227 0.329177 0.218850 0.321696 0.196486 0.321696 0.175719 0.336658 0.142173 0.336658
1 0.023962 0.361596 0.023962 0.386534 0.031949 0.401496 0.076677 0.418953 0.084665 0.441397 0.105431 0.463840 0.118211 0.468828 0.175719 0.468828 0.182109 0.461347 0.172524 0.446384 0.170927 0.418953 0.143770 0.399002 0.126198 0.369077 0.126198 0.354115 0.138978 0.341646 0.138978 0.331671 0.110224 0.329177 0.102236 0.334165 0.094249 0.349127 0.038339 0.341646 0.031949 0.344140
1 0.733227 0.506234 0.733227 0.566085 0.746006 0.596010 0.758786 0.605985 0.793930 0.605985 0.809904 0.593516 0.821086 0.576060 0.843450 0.571072 0.851438 0.553616 0.851438 0.526185 0.841853 0.503741 0.821086 0.498753 0.811502 0.481297 0.795527 0.468828 0.774760 0.463840 0.752396 0.471322
1 0.656550 0.466334 0.643770 0.483791 0.635783 0.506234 0.635783 0.553616 0.642173 0.573566 0.654952 0.593516 0.670927 0.603491 0.691693 0.603491 0.707668 0.593516 0.718850 0.578554 0.730032 0.548628 0.730032 0.511222 0.717252 0.478803 0.698083 0.461347 0.680511 0.458853
1 0.579872 0.463840 0.560703 0.473815 0.547923 0.491272 0.541534 0.513716 0.539936 0.538653 0.541534 0.556110 0.557508 0.593516 0.570288 0.603491 0.589457 0.608479 0.607029 0.600998 0.623003 0.581047 0.629393 0.546135 0.629393 0.523691 0.619808 0.486284 0.600639 0.466334
1 0.471246 0.476309 0.453674 0.501247 0.448882 0.521197 0.447284 0.558603 0.452077 0.576060 0.472843 0.608479 0.509585 0.608479 0.531949 0.578554 0.536741 0.556110 0.536741 0.528678 0.531949 0.506234 0.522364 0.486284 0.507987 0.473815 0.482428 0.471322
1 0.389776 0.453865 0.369010 0.468828 0.349840 0.508728 0.349840 0.536160 0.365815 0.576060 0.376997 0.588529 0.392971 0.596010 0.408946 0.596010 0.421725 0.588529 0.436102 0.568579 0.442492 0.546135 0.444089 0.506234 0.437700 0.481297 0.420128 0.458853
1 0.244409 0.508728 0.242812 0.533666 0.247604 0.546135 0.263578 0.558603 0.289137 0.593516 0.314696 0.596010 0.327476 0.591022 0.345048 0.568579 0.348243 0.556110 0.348243 0.503741 0.345048 0.486284 0.337061 0.468828 0.322684 0.456359 0.292332 0.453865 0.282748 0.458853 0.265176 0.488778 0.252396 0.493766
1 0.249201 0.481297 0.222045 0.471322 0.190096 0.473815 0.159744 0.503741 0.134185 0.506234 0.124601 0.523691 0.124601 0.556110 0.134185 0.571072 0.166134 0.573566 0.180511 0.598504 0.198083 0.605985 0.215655 0.605985 0.247604 0.593516 0.257188 0.571072 0.257188 0.561097 0.244409 0.538653 0.241214 0.518703 0.249201 0.498753
1 0.167732 0.486284 0.138978 0.476309 0.110224 0.476309 0.094249 0.486284 0.075080 0.513716 0.035144 0.516209 0.028754 0.521197 0.020767 0.536160 0.020767 0.561097 0.027157 0.576060 0.035144 0.581047 0.081470 0.581047 0.095847 0.603491 0.111821 0.613466 0.169329 0.600998 0.167732 0.591022 0.154952 0.578554 0.143770 0.578554 0.126198 0.558603 0.124601 0.523691 0.135783 0.506234 0.159744 0.498753
1 0.816294 0.620948 0.816294 0.630923 0.825879 0.648379 0.830671 0.668329 0.840256 0.675810 0.857827 0.705736 0.865815 0.753117 0.876997 0.760599 0.897764 0.760599 0.908946 0.745636 0.934505 0.755611 0.953674 0.755611 0.964856 0.745636 0.968051 0.735661 0.966454 0.705736 0.955272 0.690773 0.940895 0.688279 0.921725 0.675810 0.913738 0.648379 0.896166 0.628429 0.843450 0.613466 0.819489 0.613466
1 0.742812 0.638404 0.736422 0.675810 0.750799 0.748130 0.769968 0.753117 0.813099 0.748130 0.841853 0.755611 0.854633 0.743142 0.857827 0.733167 0.856230 0.705736 0.846645 0.688279 0.829073 0.673317 0.811502 0.625935 0.795527 0.615960 0.763578 0.615960 0.752396 0.623441
1 0.658147 0.618454 0.640575 0.653367 0.640575 0.700748 0.650160 0.733167 0.659744 0.748130 0.678914 0.755611 0.718850 0.750623 0.730032 0.740648 0.738019 0.720698 0.738019 0.703242 0.731629 0.653367 0.718850 0.625935 0.693291 0.608479 0.670927 0.608479
1 0.563898 0.620948 0.544728 0.655860 0.544728 0.703242 0.547923 0.720698 0.567093 0.750623 0.583067 0.755611 0.616613 0.750623 0.634185 0.715711 0.637380 0.695761 0.635783 0.658354 0.621406 0.628429 0.607029 0.615960 0.583067 0.610973
1 0.503195 0.615960 0.480831 0.618454 0.469649 0.625935 0.458466 0.640898 0.450479 0.668329 0.450479 0.705736 0.455272 0.728180 0.471246 0.753117 0.484026 0.760599 0.522364 0.750623 0.530351 0.740648 0.539936 0.708229 0.538339 0.658354 0.520767 0.625935
1 0.436102 0.618454 0.418530 0.603491 0.397764 0.600998 0.380192 0.608479 0.365815 0.625935 0.351438 0.688279 0.351438 0.720698 0.364217 0.738155 0.378594 0.743142 0.405751 0.743142 0.428115 0.730673 0.437700 0.715711 0.445687 0.685786 0.445687 0.655860
1 0.345048 0.615960 0.327476 0.600998 0.306709 0.600998 0.282748 0.610973 0.268371 0.633416 0.261981 0.660848 0.246006 0.688279 0.247604 0.718204 0.261981 0.733167 0.268371 0.725686 0.297125 0.745636 0.319489 0.745636 0.337061 0.733167 0.345048 0.720698 0.354633 0.643392
1 0.260383 0.620948 0.253994 0.610973 0.223642 0.613466 0.204473 0.620948 0.186901 0.655860 0.143770 0.680798 0.135783 0.690773 0.135783 0.730673 0.148562 0.745636 0.164537 0.743142 0.174121 0.735661 0.206070 0.753117 0.225240 0.753117 0.239617 0.745636 0.247604 0.735661 0.247604 0.728180 0.238019 0.715711 0.238019 0.700748 0.257188 0.660848
1 0.198083 0.625935 0.183706 0.610973 0.105431 0.625935 0.060703 0.678304 0.023962 0.690773 0.014377 0.708229 0.014377 0.735661 0.019169 0.748130 0.030351 0.755611 0.052716 0.753117 0.067093 0.743142 0.110224 0.758105 0.142173 0.753117 0.146965 0.743142 0.135783 0.720698 0.135783 0.700748 0.140575 0.688279 0.167732 0.670823 0.175719 0.658354 0.186901 0.655860 0.188498 0.643392 0.196486 0.638404
1 0.201278 0.763092 0.183706 0.748130 0.172524 0.745636 0.126198 0.768080 0.107029 0.783042 0.095847 0.800499 0.089457 0.835411 0.046326 0.870324 0.039936 0.885287 0.041534 0.912718 0.052716 0.927681 0.070288 0.927681 0.083067 0.917706 0.087859 0.907731 0.103834 0.897756 0.119808 0.905237 0.140575 0.905237 0.150160 0.890274 0.156550 0.865337 0.183706 0.830424 0.185304 0.817955 0.193291 0.807980 0.196486 0.785536 0.202875 0.780549
1 0.289137 0.745636 0.266773 0.740648 0.247604 0.748130 0.246006 0.755611 0.223642 0.760599 0.199681 0.790524 0.178914 0.840399 0.153355 0.870324 0.148562 0.885287 0.151757 0.907731 0.164537 0.922693 0.180511 0.922693 0.204473 0.895262 0.247604 0.890274 0.250799 0.862843 0.263578 0.842893
1 0.359425 0.770574 0.337061 0.748130 0.306709 0.750623 0.297125 0.758105 0.282748 0.780549 0.269968 0.830424 0.255591 0.857855 0.252396 0.882793 0.257188 0.897756 0.269968 0.910224 0.282748 0.910224 0.306709 0.885287 0.319489 0.887781 0.343450 0.877805 0.365815 0.830424 0.365815 0.793017
1 0.444089 0.755611 0.431310 0.748130 0.404153 0.748130 0.391374 0.755611 0.381789 0.770574 0.373802 0.795511 0.370607 0.820449 0.373802 0.847880 0.367412 0.872818 0.369010 0.892768 0.375399 0.907731 0.397764 0.912718 0.412141 0.895262 0.418530 0.877805 0.452077 0.850374 0.456869 0.832918 0.458466 0.795511 0.452077 0.765586
1 0.501597 0.763092 0.485623 0.770574 0.471246 0.785536 0.464856 0.820449 0.468051 0.832918 0.464856 0.847880 0.485623 0.912718 0.498403 0.927681 0.511182 0.927681 0.522364 0.917706 0.531949 0.877805 0.547923 0.865337 0.552716 0.845387 0.552716 0.825436 0.544728 0.783042 0.525559 0.765586
1 0.563898 0.763092 0.568690 0.768080 0.559105 0.773067 0.557508 0.842893 0.562300 0.862843 0.579872 0.890274 0.589457 0.895262 0.602236 0.920200 0.610224 0.925187 0.629393 0.922693 0.637380 0.910224 0.638978 0.872818 0.650160 0.842893 0.648562 0.812968 0.638978 0.783042 0.626198 0.765586 0.611821 0.758105
1 0.642173 0.760599 0.643770 0.778055 0.653355 0.790524 0.656550 0.855362 0.674121 0.887781 0.688498 0.900249 0.701278 0.902743 0.707668 0.897756 0.720447 0.917706 0.728435 0.922693 0.739617 0.922693 0.752396 0.910224 0.757188 0.890274 0.747604 0.850374 0.746006 0.812968 0.730032 0.770574 0.710863 0.758105 0.674121 0.760599 0.662939 0.753117 0.648562 0.753117
1 0.746006 0.768080 0.749201 0.783042 0.749201 0.837905 0.771565 0.887781 0.795527 0.902743 0.821086 0.902743 0.846645 0.930175 0.864217 0.930175 0.873802 0.920200 0.880192 0.897756 0.878594 0.882793 0.845048 0.832918 0.824281 0.775561 0.803514 0.758105 0.752396 0.755611
1 0.851438 0.793017 0.848243 0.825436 0.853035 0.842893 0.872204 0.870324 0.878594 0.890274 0.889776 0.907731 0.907348 0.907731 0.924920 0.900249 0.956869 0.932668 0.969649 0.932668 0.984026 0.915212 0.985623 0.890274 0.982428 0.877805 0.969649 0.862843 0.937700 0.837905 0.936102 0.810474 0.920128 0.783042 0.891374 0.768080 0.861022 0.778055
