0 0.063333 0.505587 0.048333 0.516760 0.036667 0.539106 0.035000 0.569832 0.038333 0.606145 0.028333 0.636872 0.026667 0.673184 0.028333 0.689944 0.045000 0.723464 0.061667 0.734637 0.078333 0.737430 0.111667 0.723464 0.135000 0.695531 0.146667 0.662011 0.146667 0.620112 0.140000 0.586592 0.125000 0.567039 0.110000 0.558659 0.091667 0.513966 0.081667 0.505587
0 0.493333 0.575419 0.480000 0.583799 0.471667 0.597765 0.466667 0.636872 0.448333 0.662011 0.438333 0.689944 0.435000 0.751397 0.440000 0.759777 0.456667 0.762570 0.475000 0.784916 0.483333 0.815642 0.500000 0.835196 0.515000 0.863128 0.523333 0.910615 0.528333 0.910615 0.555000 0.871508 0.563333 0.846369 0.561667 0.798883 0.570000 0.756983 0.571667 0.717877 0.561667 0.675978 0.540000 0.645251 0.533333 0.597765 0.518333 0.578212
0 0.376667 0.882682 0.375000 0.938547 0.378333 0.944134 0.515000 0.941341 0.518333 0.932961 0.518333 0.891061 0.506667 0.846369 0.481667 0.815642 0.475000 0.784916 0.466667 0.770950 0.455000 0.762570 0.436667 0.759777 0.418333 0.773743 0.408333 0.793296 0.405000 0.818436 0.386667 0.849162
0 0.188333 0.902235 0.188333 0.941341 0.293333 0.944134 0.301667 0.938547 0.291667 0.916201 0.270000 0.899441 0.251667 0.865922 0.240000 0.857542 0.218333 0.857542 0.203333 0.868715
0 0.383333 0.156425 0.366667 0.170391 0.361667 0.184358 0.361667 0.234637 0.345000 0.270950 0.345000 0.284916 0.358333 0.301676 0.371667 0.351955 0.391667 0.371508 0.413333 0.368715 0.445000 0.335196 0.451667 0.298883 0.450000 0.279330 0.438333 0.243017 0.423333 0.220670 0.416667 0.173184 0.403333 0.156425
0 0.436667 0.044693 0.423333 0.058659 0.420000 0.072626 0.420000 0.120112 0.405000 0.142458 0.403333 0.153631 0.416667 0.173184 0.423333 0.215084 0.433333 0.231844 0.461667 0.234637 0.475000 0.229050 0.491667 0.212291 0.498333 0.198324 0.500000 0.156425 0.491667 0.131285 0.478333 0.114525 0.473333 0.061453 0.460000 0.044693
0 0.330000 0.000000 0.321667 0.016760 0.321667 0.069832 0.311667 0.089385 0.310000 0.108939 0.316667 0.125698 0.321667 0.159218 0.341667 0.184358 0.358333 0.184358 0.376667 0.159218 0.398333 0.148045 0.403333 0.128492 0.401667 0.103352 0.378333 0.050279 0.373333 0.011173 0.366667 0.000000
0 0.280000 0.103352 0.265000 0.117318 0.260000 0.131285 0.261667 0.184358 0.248333 0.212291 0.246667 0.226257 0.268333 0.287709 0.281667 0.298883 0.305000 0.298883 0.333333 0.282123 0.343333 0.265363 0.350000 0.229050 0.343333 0.195531 0.320000 0.162011 0.313333 0.117318 0.300000 0.103352
0 0.226667 0.000000 0.226667 0.033520 0.220000 0.044693 0.215000 0.067039 0.228333 0.117318 0.241667 0.131285 0.256667 0.134078 0.275000 0.106145 0.305000 0.097765 0.310000 0.081006 0.308333 0.058659 0.303333 0.039106 0.283333 0.011173 0.281667 0.000000
0 0.166667 0.067039 0.161667 0.086592 0.165000 0.139665 0.151667 0.167598 0.155000 0.203911 0.163333 0.226257 0.181667 0.243017 0.196667 0.245810 0.215000 0.226257 0.243333 0.217877 0.251667 0.189944 0.251667 0.162011 0.245000 0.139665 0.223333 0.111732 0.213333 0.064246 0.201667 0.053073 0.181667 0.053073
0 0.000000 0.000000 0.000000 0.125698 0.026667 0.111732 0.043333 0.114525 0.048333 0.122905 0.061667 0.117318 0.071667 0.092179 0.070000 0.055866 0.065000 0.041899 0.045000 0.022346 0.038333 0.000000
0 0.078333 0.013966 0.070000 0.027933 0.075000 0.094972 0.061667 0.125698 0.065000 0.164804 0.090000 0.189944 0.116667 0.167598 0.146667 0.170391 0.161667 0.139665 0.161667 0.117318 0.155000 0.089385 0.131667 0.064246 0.118333 0.013966 0.108333 0.005587 0.091667 0.005587
0 0.440000 0.346369 0.421667 0.365922 0.415000 0.424581 0.400000 0.452514 0.395000 0.486034 0.410000 0.519553 0.418333 0.553073 0.443333 0.581006 0.468333 0.592179 0.473333 0.581006 0.498333 0.564246 0.501667 0.527933 0.508333 0.508380 0.506667 0.460894 0.483333 0.413408 0.475000 0.363128 0.458333 0.346369
0 0.328333 0.284916 0.313333 0.293296 0.303333 0.312849 0.301667 0.368715 0.286667 0.405028 0.286667 0.438547 0.290000 0.455307 0.305000 0.483240 0.325000 0.497207 0.350000 0.497207 0.383333 0.474860 0.398333 0.435754 0.398333 0.410615 0.390000 0.379888 0.368333 0.349162 0.360000 0.304469 0.343333 0.284916
0 0.203333 0.237430 0.196667 0.254190 0.196667 0.307263 0.181667 0.351955 0.181667 0.371508 0.188333 0.399441 0.201667 0.418994 0.220000 0.427374 0.233333 0.427374 0.273333 0.410615 0.285000 0.391061 0.293333 0.360335 0.291667 0.335196 0.283333 0.310056 0.260000 0.279330 0.256667 0.251397 0.246667 0.231844 0.238333 0.226257 0.216667 0.226257
0 0.105000 0.175978 0.093333 0.201117 0.098333 0.251397 0.085000 0.290503 0.085000 0.324022 0.091667 0.346369 0.103333 0.363128 0.120000 0.365922 0.136667 0.351955 0.168333 0.354749 0.180000 0.343575 0.193333 0.298883 0.191667 0.273743 0.183333 0.248603 0.156667 0.217877 0.150000 0.184358 0.143333 0.173184 0.118333 0.167598
0 0.008333 0.122905 0.000000 0.134078 0.000000 0.184358 0.005000 0.198324 0.000000 0.212291 0.000000 0.290503 0.010000 0.298883 0.031667 0.290503 0.068333 0.296089 0.083333 0.282123 0.095000 0.251397 0.091667 0.203911 0.083333 0.189944 0.063333 0.173184 0.053333 0.128492 0.045000 0.117318 0.021667 0.114525
0 0.021667 0.296089 0.006667 0.321229 0.011667 0.382682 0.000000 0.418994 0.000000 0.446927 0.008333 0.474860 0.038333 0.505587 0.056667 0.505587 0.086667 0.488827 0.101667 0.466480 0.111667 0.430168 0.108333 0.377095 0.093333 0.357542 0.081667 0.351955 0.073333 0.337989 0.061667 0.298883 0.048333 0.290503
0 0.140000 0.351955 0.116667 0.371508 0.113333 0.385475 0.115000 0.441341 0.101667 0.474860 0.100000 0.500000 0.106667 0.527933 0.120000 0.553073 0.140000 0.564246 0.165000 0.561453 0.190000 0.544693 0.206667 0.522346 0.213333 0.500000 0.215000 0.463687 0.205000 0.430168 0.181667 0.407821 0.166667 0.360335
0 0.245000 0.421788 0.235000 0.430168 0.223333 0.458101 0.225000 0.505587 0.211667 0.533520 0.208333 0.553073 0.211667 0.592179 0.220000 0.614525 0.240000 0.639665 0.271667 0.642458 0.298333 0.628492 0.313333 0.608939 0.325000 0.575419 0.326667 0.544693 0.321667 0.519553 0.311667 0.497207 0.291667 0.474860 0.288333 0.452514 0.278333 0.427374 0.261667 0.418994
0 0.361667 0.494413 0.345000 0.516760 0.343333 0.561453 0.323333 0.606145 0.321667 0.639665 0.328333 0.664804 0.351667 0.709497 0.370000 0.723464 0.388333 0.751397 0.411667 0.756983 0.430000 0.734637 0.438333 0.681564 0.446667 0.656425 0.445000 0.614525 0.431667 0.575419 0.413333 0.550279 0.408333 0.522346 0.398333 0.500000 0.388333 0.491620
0 0.296667 0.667598 0.280000 0.687151 0.273333 0.717877 0.273333 0.745810 0.256667 0.784916 0.255000 0.829609 0.260000 0.860335 0.283333 0.899441 0.320000 0.924581 0.351667 0.927374 0.361667 0.921788 0.373333 0.891061 0.376667 0.865922 0.390000 0.832402 0.391667 0.801676 0.388333 0.782123 0.376667 0.751397 0.346667 0.709497 0.343333 0.692737 0.333333 0.673184 0.323333 0.664804
0 0.186667 0.581006 0.171667 0.586592 0.155000 0.606145 0.150000 0.622905 0.150000 0.673184 0.138333 0.701117 0.135000 0.734637 0.141667 0.776536 0.158333 0.807263 0.170000 0.815642 0.198333 0.818436 0.236667 0.798883 0.250000 0.779330 0.260000 0.751397 0.261667 0.701117 0.250000 0.659218 0.228333 0.636872 0.210000 0.592179
0 0.063333 0.790503 0.058333 0.815642 0.061667 0.851955 0.050000 0.902235 0.053333 0.941341 0.171667 0.944134 0.180000 0.935754 0.183333 0.907821 0.181667 0.871508 0.171667 0.835196 0.155000 0.812849 0.140000 0.810056 0.121667 0.770950 0.110000 0.762570 0.083333 0.765363
0 0.000000 0.684358 0.000000 0.916201 0.035000 0.891061 0.055000 0.860335 0.058333 0.843575 0.056667 0.815642 0.065000 0.776536 0.048333 0.734637 0.018333 0.717877
0 0.490000 0.215084 0.478333 0.229050 0.473333 0.284916 0.455000 0.315642 0.451667 0.340782 0.466667 0.351955 0.476667 0.368715 0.485000 0.410615 0.501667 0.435754 0.538333 0.435754 0.546667 0.424581 0.548333 0.410615 0.553333 0.407821 0.561667 0.377095 0.561667 0.326816 0.538333 0.284916 0.530000 0.226257 0.510000 0.209497
0 0.546667 0.086592 0.531667 0.103352 0.526667 0.156425 0.508333 0.189944 0.506667 0.206704 0.530000 0.229050 0.536667 0.254190 0.538333 0.279330 0.566667 0.332402 0.576667 0.337989 0.585000 0.326816 0.595000 0.276536 0.608333 0.243017 0.610000 0.212291 0.601667 0.184358 0.586667 0.159218 0.583333 0.106145 0.566667 0.086592
0 0.456667 0.036313 0.456667 0.041899 0.473333 0.061453 0.480000 0.111732 0.491667 0.122905 0.526667 0.111732 0.545000 0.075419 0.543333 0.044693 0.525000 0.011173 0.525000 0.000000 0.470000 0.000000 0.470000 0.013966
0 0.576667 0.000000 0.571667 0.050279 0.555000 0.081006 0.578333 0.097765 0.585000 0.114525 0.588333 0.159218 0.608333 0.195531 0.615000 0.220670 0.620000 0.223464 0.628333 0.209497 0.633333 0.175978 0.650000 0.128492 0.650000 0.097765 0.630000 0.053073 0.626667 0.000000
0 0.655000 0.148045 0.641667 0.159218 0.635000 0.181564 0.631667 0.215084 0.610000 0.245810 0.603333 0.279330 0.631667 0.279330 0.645000 0.293296 0.651667 0.310056 0.656667 0.363128 0.683333 0.410615 0.711667 0.340782 0.716667 0.282123 0.710000 0.254190 0.695000 0.229050 0.693333 0.167598 0.676667 0.150838
0 0.695000 0.033520 0.680000 0.047486 0.671667 0.103352 0.650000 0.131285 0.648333 0.148045 0.676667 0.150838 0.693333 0.167598 0.695000 0.226257 0.720000 0.279330 0.723333 0.279330 0.738333 0.256983 0.746667 0.229050 0.751667 0.195531 0.751667 0.159218 0.731667 0.108939 0.733333 0.061453 0.726667 0.041899 0.713333 0.033520
0 0.521667 0.932961 0.525000 0.944134 0.653333 0.941341 0.650000 0.924581 0.633333 0.899441 0.625000 0.860335 0.615000 0.843575 0.603333 0.835196 0.580000 0.835196 0.566667 0.846369 0.555000 0.877095 0.533333 0.905028
0 0.626667 0.642458 0.611667 0.664804 0.606667 0.689944 0.580000 0.726257 0.570000 0.756983 0.566667 0.779330 0.570000 0.835196 0.598333 0.832402 0.615000 0.843575 0.625000 0.860335 0.633333 0.893855 0.658333 0.941341 0.686667 0.941341 0.691667 0.935754 0.691667 0.885475 0.703333 0.851955 0.708333 0.790503 0.705000 0.765363 0.695000 0.737430 0.680000 0.715084 0.678333 0.678771 0.670000 0.656425 0.646667 0.639665
0 0.690000 0.477654 0.673333 0.500000 0.670000 0.525140 0.635000 0.575419 0.626667 0.620112 0.626667 0.639665 0.650000 0.639665 0.665000 0.650838 0.673333 0.664804 0.685000 0.720670 0.700000 0.745810 0.710000 0.801676 0.708333 0.826816 0.711667 0.829609 0.731667 0.804469 0.741667 0.779330 0.738333 0.720670 0.748333 0.703911 0.756667 0.673184 0.761667 0.628492 0.756667 0.594972 0.740000 0.555866 0.731667 0.494413 0.713333 0.477654
0 0.735000 0.326816 0.720000 0.340782 0.711667 0.385475 0.681667 0.424581 0.675000 0.452514 0.673333 0.483240 0.681667 0.486034 0.698333 0.474860 0.723333 0.483240 0.735000 0.502793 0.738333 0.544693 0.753333 0.581006 0.763333 0.581006 0.771667 0.575419 0.788333 0.544693 0.801667 0.494413 0.801667 0.472067 0.795000 0.441341 0.780000 0.410615 0.780000 0.360335 0.776667 0.349162 0.761667 0.329609
0 0.776667 0.192737 0.758333 0.209497 0.750000 0.256983 0.728333 0.279330 0.720000 0.296089 0.715000 0.324022 0.715000 0.354749 0.735000 0.326816 0.756667 0.326816 0.765000 0.332402 0.780000 0.360335 0.780000 0.407821 0.783333 0.418994 0.800000 0.446927 0.806667 0.446927 0.816667 0.438547 0.836667 0.340782 0.831667 0.312849 0.815000 0.279330 0.813333 0.215084 0.801667 0.198324
0 0.810000 0.075419 0.800000 0.081006 0.790000 0.097765 0.785000 0.136872 0.758333 0.173184 0.751667 0.217877 0.756667 0.229050 0.758333 0.215084 0.776667 0.192737 0.803333 0.201117 0.815000 0.223464 0.816667 0.282123 0.830000 0.310056 0.841667 0.315642 0.856667 0.276536 0.865000 0.234637 0.865000 0.209497 0.858333 0.181564 0.846667 0.159218 0.846667 0.094972 0.833333 0.078212
0 0.708333 0.000000 0.688333 0.025140 0.688333 0.033520 0.715000 0.033520 0.731667 0.053073 0.733333 0.111732 0.750000 0.153631 0.760000 0.156425 0.773333 0.134078 0.781667 0.108939 0.785000 0.067039 0.781667 0.039106 0.765000 0.000000
0 0.820000 0.000000 0.816667 0.030726 0.798333 0.050279 0.790000 0.067039 0.785000 0.108939 0.788333 0.114525 0.791667 0.097765 0.805000 0.078212 0.833333 0.078212 0.846667 0.097765 0.848333 0.164804 0.861667 0.192737 0.866667 0.192737 0.885000 0.156425 0.891667 0.120112 0.890000 0.083799 0.875000 0.047486 0.876667 0.000000
0 0.705000 0.865922 0.703333 0.921788 0.705000 0.938547 0.711667 0.944134 0.845000 0.941341 0.850000 0.921788 0.846667 0.885475 0.828333 0.829609 0.830000 0.801676 0.826667 0.782123 0.818333 0.762570 0.801667 0.748603 0.775000 0.748603 0.765000 0.756983 0.746667 0.796089 0.720000 0.824022
0 0.825000 0.564246 0.813333 0.572626 0.798333 0.614525 0.775000 0.634078 0.761667 0.656425 0.751667 0.695531 0.751667 0.754190 0.755000 0.765363 0.781667 0.745810 0.810000 0.754190 0.828333 0.787709 0.830000 0.829609 0.843333 0.851955 0.845000 0.863128 0.853333 0.865922 0.858333 0.860335 0.863333 0.821229 0.881667 0.787709 0.890000 0.748603 0.891667 0.712291 0.886667 0.684358 0.871667 0.645251 0.873333 0.606145 0.868333 0.589385 0.851667 0.569832
0 0.868333 0.402235 0.853333 0.407821 0.845000 0.418994 0.836667 0.455307 0.806667 0.491620 0.793333 0.533520 0.790000 0.569832 0.796667 0.608939 0.803333 0.606145 0.811667 0.578212 0.825000 0.564246 0.843333 0.564246 0.861667 0.578212 0.875000 0.611732 0.876667 0.656425 0.888333 0.662011 0.913333 0.617318 0.921667 0.583799 0.923333 0.541899 0.918333 0.516760 0.906667 0.494413 0.906667 0.432961 0.890000 0.407821
0 0.891667 0.262570 0.881667 0.270950 0.866667 0.318436 0.836667 0.357542 0.828333 0.388268 0.828333 0.446927 0.835000 0.458101 0.846667 0.418994 0.855000 0.407821 0.873333 0.402235 0.891667 0.410615 0.906667 0.438547 0.906667 0.497207 0.920000 0.508380 0.930000 0.500000 0.946667 0.452514 0.951667 0.399441 0.936667 0.349162 0.938333 0.293296 0.935000 0.282123 0.921667 0.265363
0 0.925000 0.134078 0.915000 0.139665 0.906667 0.153631 0.898333 0.192737 0.866667 0.234637 0.860000 0.262570 0.860000 0.312849 0.866667 0.321229 0.875000 0.304469 0.876667 0.284916 0.891667 0.265363 0.911667 0.262570 0.921667 0.268156 0.938333 0.296089 0.936667 0.343575 0.946667 0.374302 0.953333 0.377095 0.960000 0.365922 0.976667 0.304469 0.975000 0.251397 0.963333 0.223464 0.968333 0.178771 0.966667 0.159218 0.953333 0.139665
0 0.948333 0.019553 0.936667 0.033520 0.930000 0.053073 0.928333 0.075419 0.898333 0.111732 0.891667 0.128492 0.886667 0.170391 0.890000 0.192737 0.896667 0.198324 0.905000 0.175978 0.906667 0.156425 0.916667 0.139665 0.938333 0.134078 0.958333 0.145251 0.968333 0.170391 0.963333 0.220670 0.978333 0.259777 0.981667 0.259777 0.990000 0.237430 0.986667 0.231844 1.000000 0.192737 1.000000 0.136872 0.988333 0.106145 0.991667 0.044693 0.976667 0.022346
0 0.990000 0.891061 0.985000 0.874302 0.968333 0.849162 0.953333 0.840782 0.935000 0.840782 0.923333 0.849162 0.903333 0.882682 0.885000 0.888268 0.868333 0.905028 0.858333 0.921788 0.855000 0.938547 0.860000 0.944134 0.981667 0.944134 0.990000 0.921788
0 1.000000 0.653631 0.986667 0.648045 0.968333 0.650838 0.941667 0.695531 0.918333 0.706704 0.900000 0.726257 0.891667 0.751397 0.886667 0.787709 0.886667 0.840782 0.876667 0.854749 0.871667 0.891061 0.880000 0.891061 0.883333 0.882682 0.905000 0.879888 0.930000 0.843575 0.955000 0.840782 0.973333 0.854749 0.986667 0.879888 0.991667 0.907821 1.000000 0.910615
0 1.000000 0.483240 0.986667 0.494413 0.973333 0.527933 0.945000 0.541899 0.928333 0.567039 0.921667 0.597765 0.920000 0.656425 0.921667 0.675978 0.931667 0.695531 0.948333 0.687151 0.953333 0.670391 0.971667 0.648045 1.000000 0.650838
0 0.608333 0.279330 0.595000 0.293296 0.586667 0.343575 0.563333 0.379888 0.556667 0.416201 0.585000 0.421788 0.595000 0.432961 0.605000 0.463687 0.606667 0.500000 0.618333 0.511173 0.635000 0.553073 0.635000 0.561453 0.638333 0.561453 0.641667 0.547486 0.653333 0.539106 0.655000 0.519553 0.671667 0.472067 0.676667 0.418994 0.670000 0.385475 0.653333 0.354749 0.650000 0.301676 0.631667 0.279330
0 0.563333 0.418994 0.548333 0.427374 0.541667 0.438547 0.533333 0.488827 0.516667 0.508380 0.505000 0.541899 0.503333 0.569832 0.521667 0.581006 0.531667 0.594972 0.538333 0.614525 0.540000 0.636872 0.561667 0.673184 0.573333 0.720670 0.578333 0.723464 0.601667 0.689944 0.621667 0.636872 0.631667 0.583799 0.631667 0.564246 0.621667 0.522346 0.601667 0.497207 0.601667 0.458101 0.596667 0.438547 0.583333 0.421788
