0 0.150725 0.307143 0.118841 0.325000 0.107246 0.346429 0.110145 0.403571 0.133333 0.450000 0.118841 0.500000 0.110145 0.592857 0.173913 0.778571 0.220290 0.839286 0.228986 0.839286 0.252174 0.778571 0.249275 0.678571 0.278261 0.632143 0.321739 0.610714 0.321739 0.542857 0.292754 0.478571 0.231884 0.414286 0.231884 0.375000 0.208696 0.317857 0.188406 0.307143
0 0.000000 0.039286 0.000000 0.296429 0.043478 0.325000 0.092754 0.385714 0.113043 0.296429 0.113043 0.278571 0.095652 0.242857 0.089855 0.207143 0.092754 0.178571 0.084058 0.157143 0.060870 0.132143 0.060870 0.100000 0.043478 0.053571 0.031884 0.042857
0 0.000000 0.667857 0.000000 0.928571 0.226087 0.925000 0.223188 0.864286 0.202899 0.817857 0.185507 0.796429 0.133333 0.760714 0.081159 0.753571 0.031884 0.682143
0 1.000000 0.214286 0.962319 0.214286 0.953623 0.221429 0.930435 0.267857 0.927536 0.296429 0.892754 0.325000 0.843478 0.396429 0.828986 0.439286 0.828986 0.475000 0.869565 0.460714 0.884058 0.417857 0.921739 0.371429 0.950725 0.367857 1.000000 0.396429
0 0.805797 0.207143 0.768116 0.207143 0.750725 0.221429 0.736232 0.264286 0.736232 0.300000 0.698551 0.342857 0.698551 0.364286 0.724638 0.400000 0.721739 0.450000 0.704348 0.507143 0.718841 0.542857 0.736232 0.564286 0.747826 0.560714 0.765217 0.532143 0.808696 0.489286 0.823188 0.446429 0.826087 0.400000 0.811594 0.332143 0.834783 0.296429 0.843478 0.242857 0.826087 0.217857
0 0.991304 0.389286 0.950725 0.367857 0.913043 0.375000 0.884058 0.417857 0.872464 0.460714 0.828986 0.478571 0.756522 0.550000 0.739130 0.589286 0.724638 0.664286 0.727536 0.700000 0.739130 0.725000 0.843478 0.675000 0.860870 0.635714 0.898551 0.589286 0.915942 0.582143 0.959420 0.585714 0.959420 0.525000 1.000000 0.478571 1.000000 0.400000
0 1.000000 0.625000 0.956522 0.589286 0.898551 0.589286 0.860870 0.635714 0.840580 0.678571 0.776812 0.707143 0.742029 0.739286 0.721739 0.785714 0.721739 0.821429 0.733333 0.871429 0.733333 0.925000 0.947826 0.928571 0.965217 0.853571 0.962319 0.782143 1.000000 0.728571
0 0.347826 0.000000 0.356522 0.028571 0.388406 0.028571 0.414493 0.046429 0.414493 0.139286 0.449275 0.203571 0.455072 0.171429 0.452174 0.128571 0.414493 0.039286 0.417391 0.000000
0 0.559420 0.000000 0.489855 0.000000 0.495652 0.050000 0.460870 0.132143 0.452174 0.217857 0.457971 0.246429 0.466667 0.242857 0.501449 0.171429 0.507246 0.082143 0.521739 0.067857 0.553623 0.057143 0.562319 0.014286
0 0.568116 0.067857 0.530435 0.064286 0.513043 0.071429 0.507246 0.082143 0.501449 0.139286 0.507246 0.160714 0.463768 0.246429 0.455072 0.300000 0.457971 0.328571 0.481159 0.371429 0.527536 0.300000 0.524638 0.253571 0.530435 0.214286 0.542029 0.196429 0.576812 0.182143 0.573913 0.167857 0.585507 0.139286 0.585507 0.085714
0 0.350725 0.032143 0.336232 0.053571 0.336232 0.103571 0.344928 0.132143 0.327536 0.175000 0.365217 0.157143 0.394203 0.160714 0.408696 0.171429 0.423188 0.221429 0.420290 0.275000 0.449275 0.310714 0.455072 0.239286 0.446377 0.200000 0.411594 0.125000 0.417391 0.107143 0.414493 0.046429 0.400000 0.032143
0 0.397101 0.160714 0.350725 0.160714 0.336232 0.167857 0.324638 0.185714 0.327536 0.253571 0.336232 0.278571 0.313043 0.328571 0.301449 0.375000 0.301449 0.442857 0.313043 0.510714 0.321739 0.528571 0.330435 0.528571 0.347826 0.482143 0.365217 0.457143 0.362319 0.367857 0.371014 0.346429 0.411594 0.321429 0.446377 0.325000 0.446377 0.314286 0.417391 0.267857 0.423188 0.242857 0.417391 0.182143
0 0.597101 0.189286 0.562319 0.185714 0.539130 0.196429 0.530435 0.214286 0.524638 0.260714 0.530435 0.296429 0.498551 0.342857 0.478261 0.403571 0.475362 0.450000 0.513043 0.525000 0.521739 0.571429 0.559420 0.507143 0.597101 0.467857 0.611594 0.385714 0.626087 0.364286 0.623188 0.339286 0.611594 0.317857 0.623188 0.271429 0.623188 0.214286
0 0.915942 0.092857 0.866667 0.092857 0.849275 0.125000 0.843478 0.171429 0.814493 0.203571 0.843478 0.242857 0.834783 0.296429 0.814493 0.332143 0.828986 0.396429 0.843478 0.389286 0.913043 0.300000 0.907246 0.200000 0.927536 0.171429 0.936232 0.142857 0.936232 0.114286
0 0.857971 0.003571 0.814493 0.000000 0.805797 0.010714 0.794203 0.046429 0.794203 0.075000 0.773913 0.103571 0.765217 0.125000 0.765217 0.146429 0.747826 0.178571 0.753623 0.214286 0.773913 0.203571 0.814493 0.203571 0.840580 0.175000 0.852174 0.096429 0.872464 0.046429 0.872464 0.021429
0 1.000000 0.000000 0.953623 0.000000 0.939130 0.032143 0.939130 0.060714 0.924638 0.092857 0.939130 0.125000 0.924638 0.175000 0.910145 0.192857 0.918841 0.282143 0.988406 0.175000 0.991304 0.085714 1.000000 0.075000
0 0.753623 0.082143 0.701449 0.075000 0.689855 0.085714 0.678261 0.128571 0.681159 0.160714 0.652174 0.200000 0.626087 0.260714 0.620290 0.328571 0.628986 0.353571 0.660870 0.350000 0.689855 0.357143 0.730435 0.303571 0.733333 0.271429 0.750725 0.225000 0.742029 0.185714 0.765217 0.128571 0.765217 0.096429
0 0.092754 0.182143 0.092754 0.221429 0.115942 0.278571 0.107246 0.339286 0.150725 0.307143 0.191304 0.307143 0.202899 0.314286 0.228986 0.364286 0.234783 0.417857 0.289855 0.478571 0.298551 0.478571 0.284058 0.375000 0.263768 0.328571 0.200000 0.253571 0.200000 0.221429 0.182609 0.167857 0.168116 0.157143 0.124638 0.157143
0 0.165217 0.017857 0.150725 0.032143 0.153623 0.085714 0.168116 0.114286 0.162319 0.153571 0.185507 0.175000 0.194203 0.196429 0.202899 0.257143 0.260870 0.325000 0.286957 0.371429 0.307246 0.342857 0.304348 0.250000 0.295652 0.210714 0.234783 0.103571 0.237681 0.075000 0.226087 0.025000 0.211594 0.014286
0 0.266667 0.642857 0.249275 0.678571 0.255072 0.771429 0.231884 0.839286 0.228986 0.925000 0.469565 0.928571 0.475362 0.921429 0.469565 0.839286 0.434783 0.757143 0.402899 0.721429 0.397101 0.675000 0.382609 0.639286 0.353623 0.617857 0.313043 0.614286
0 0.713043 0.675000 0.686957 0.646429 0.646377 0.632143 0.623188 0.635714 0.594203 0.653571 0.571014 0.717857 0.539130 0.742857 0.501449 0.789286 0.484058 0.853571 0.484058 0.925000 0.718841 0.928571 0.724638 0.914286 0.724638 0.857143 0.713043 0.785714 0.724638 0.742857 0.724638 0.703571
0 0.400000 0.325000 0.382609 0.332143 0.365217 0.357143 0.362319 0.421429 0.368116 0.450000 0.342029 0.492857 0.327536 0.535714 0.327536 0.607143 0.356522 0.617857 0.382609 0.639286 0.397101 0.671429 0.405797 0.725000 0.478261 0.803571 0.498551 0.757143 0.498551 0.717857 0.513043 0.664286 0.515942 0.610714 0.507246 0.525000 0.492754 0.478571 0.472464 0.450000 0.475362 0.371429 0.466667 0.346429 0.449275 0.328571
0 0.704348 0.367857 0.684058 0.357143 0.649275 0.353571 0.617391 0.375000 0.602899 0.421429 0.600000 0.464286 0.562319 0.503571 0.530435 0.564286 0.515942 0.653571 0.513043 0.760714 0.559420 0.728571 0.571014 0.714286 0.594203 0.653571 0.617391 0.635714 0.669565 0.635714 0.715942 0.675000 0.721739 0.650000 0.721739 0.567857 0.701449 0.500000 0.718841 0.460714 0.724638 0.400000
0 0.718841 0.000000 0.649275 0.000000 0.646377 0.064286 0.594203 0.160714 0.594203 0.185714 0.623188 0.207143 0.626087 0.235714 0.637681 0.228571 0.675362 0.167857 0.675362 0.139286 0.686957 0.089286 0.713043 0.060714 0.718841 0.039286
