0 0.360920 0.071429 0.351724 0.089286 0.358621 0.128571 0.342529 0.157143 0.342529 0.214286 0.374713 0.221429 0.393103 0.278571 0.416092 0.200000 0.413793 0.157143 0.395402 0.125000 0.393103 0.078571 0.386207 0.071429
0 0.087356 0.732143 0.087356 0.782143 0.096552 0.825000 0.105747 0.839286 0.098851 0.917857 0.103448 0.928571 0.271264 0.925000 0.257471 0.896429 0.216092 0.853571 0.193103 0.814286 0.188506 0.750000 0.174713 0.703571 0.156322 0.692857 0.121839 0.696429 0.103448 0.707143
0 0.075862 0.535714 0.066667 0.553571 0.064368 0.575000 0.068966 0.621429 0.085057 0.657143 0.078161 0.707143 0.068966 0.721429 0.068966 0.760714 0.062069 0.796429 0.064368 0.885714 0.073563 0.925000 0.094253 0.925000 0.105747 0.857143 0.087356 0.785714 0.087356 0.735714 0.105747 0.707143 0.135632 0.692857 0.165517 0.696429 0.177011 0.710714 0.186207 0.735714 0.188506 0.782143 0.193103 0.785714 0.188506 0.792857 0.193103 0.796429 0.195402 0.817857 0.220690 0.860714 0.248276 0.882143 0.257471 0.842857 0.257471 0.807143 0.250575 0.771429 0.160920 0.628571 0.158621 0.589286 0.147126 0.539286 0.128736 0.521429
0 0.073563 0.407143 0.064368 0.421429 0.064368 0.457143 0.075862 0.500000 0.075862 0.532143 0.112644 0.521429 0.137931 0.528571 0.149425 0.550000 0.163218 0.628571 0.172414 0.650000 0.218391 0.717857 0.236782 0.732143 0.239080 0.714286 0.232184 0.653571 0.209195 0.596429 0.186207 0.567857 0.142529 0.475000 0.142529 0.442857 0.135632 0.414286 0.119540 0.396429 0.094253 0.396429
0 0.045977 0.307143 0.022989 0.317857 0.016092 0.339286 0.032184 0.396429 0.032184 0.428571 0.009195 0.546429 0.009195 0.596429 0.018391 0.650000 0.055172 0.703571 0.062069 0.725000 0.064368 0.682143 0.059770 0.675000 0.066667 0.671429 0.059770 0.660714 0.064368 0.557143 0.073563 0.539286 0.073563 0.489286 0.064368 0.450000 0.064368 0.425000 0.080460 0.403571 0.105747 0.396429 0.108046 0.389286 0.094253 0.378571 0.089655 0.342857 0.075862 0.310714
0 0.045977 0.214286 0.018391 0.217857 0.002299 0.235714 0.002299 0.257143 0.016092 0.300000 0.013793 0.342857 0.000000 0.396429 0.000000 0.514286 0.006897 0.532143 0.013793 0.521429 0.032184 0.425000 0.032184 0.400000 0.018391 0.357143 0.018391 0.328571 0.043678 0.307143 0.071264 0.307143 0.062069 0.232143
0 0.151724 0.128571 0.128736 0.132143 0.119540 0.142857 0.117241 0.157143 0.126437 0.196429 0.103448 0.235714 0.096552 0.267857 0.098851 0.310714 0.105747 0.317857 0.103448 0.335714 0.131034 0.403571 0.140230 0.403571 0.149425 0.378571 0.167816 0.278571 0.156322 0.214286 0.172414 0.192857 0.167816 0.142857
0 0.124138 0.085714 0.094253 0.085714 0.085057 0.096429 0.094253 0.146429 0.071264 0.185714 0.068966 0.225000 0.089655 0.285714 0.105747 0.232143 0.124138 0.207143 0.119540 0.142857 0.135632 0.128571 0.131034 0.096429
0 0.089655 0.046429 0.062069 0.046429 0.052874 0.053571 0.059770 0.107143 0.039080 0.146429 0.039080 0.178571 0.062069 0.210714 0.091954 0.153571 0.085057 0.100000 0.103448 0.078571
0 0.071264 0.007143 0.043678 0.003571 0.034483 0.010714 0.032184 0.028571 0.041379 0.060714 0.022989 0.092857 0.020690 0.125000 0.045977 0.128571 0.059770 0.110714 0.052874 0.057143 0.082759 0.042857
0 0.342529 0.860714 0.347126 0.928571 0.450575 0.925000 0.443678 0.842857 0.427586 0.814286 0.374713 0.814286 0.351724 0.835714
0 0.344828 0.614286 0.333333 0.635714 0.333333 0.682143 0.342529 0.728571 0.342529 0.757143 0.312644 0.846429 0.301149 0.921429 0.305747 0.928571 0.342529 0.928571 0.342529 0.864286 0.351724 0.839286 0.370115 0.817857 0.409195 0.807143 0.429885 0.817857 0.439080 0.832143 0.452874 0.925000 0.482759 0.925000 0.487356 0.900000 0.482759 0.842857 0.466667 0.803571 0.429885 0.746429 0.413793 0.625000 0.393103 0.603571 0.363218 0.603571
0 0.328736 0.460714 0.296552 0.467857 0.280460 0.489286 0.282759 0.546429 0.291954 0.585714 0.257471 0.732143 0.255172 0.771429 0.282759 0.925000 0.294253 0.925000 0.298851 0.885714 0.337931 0.775000 0.340230 0.728571 0.333333 0.692857 0.333333 0.639286 0.347126 0.614286 0.377011 0.596429 0.347126 0.471429
0 0.303448 0.357143 0.271264 0.357143 0.250575 0.375000 0.250575 0.414286 0.259770 0.446429 0.259770 0.478571 0.232184 0.610714 0.234483 0.653571 0.250575 0.742857 0.257471 0.739286 0.289655 0.592857 0.280460 0.528571 0.280460 0.489286 0.291954 0.471429 0.319540 0.457143 0.317241 0.385714
0 0.206897 0.271429 0.190805 0.292857 0.200000 0.378571 0.172414 0.500000 0.172414 0.535714 0.188506 0.571429 0.220690 0.617857 0.227586 0.617857 0.259770 0.467857 0.248276 0.392857 0.257471 0.364286 0.255172 0.317857 0.245977 0.278571
0 0.190805 0.189286 0.167816 0.192857 0.156322 0.207143 0.156322 0.228571 0.167816 0.278571 0.142529 0.407143 0.142529 0.439286 0.149425 0.460714 0.147126 0.475000 0.165517 0.514286 0.170115 0.514286 0.200000 0.375000 0.190805 0.292857 0.211494 0.271429 0.216092 0.253571 0.209195 0.203571
0 0.611494 0.671429 0.597701 0.703571 0.600000 0.825000 0.570115 0.885714 0.560920 0.928571 0.731034 0.928571 0.726437 0.903571 0.696552 0.850000 0.680460 0.789286 0.687356 0.764286 0.682759 0.689286 0.671264 0.671429 0.650575 0.660714
0 0.818391 0.578571 0.804598 0.600000 0.800000 0.635714 0.802299 0.682143 0.795402 0.710714 0.749425 0.785714 0.719540 0.882143 0.737931 0.928571 0.919540 0.928571 0.921839 0.903571 0.914943 0.835714 0.885057 0.757143 0.878161 0.725000 0.878161 0.700000 0.887356 0.671429 0.887356 0.603571 0.875862 0.585714 0.857471 0.575000
0 0.751724 0.439286 0.717241 0.439286 0.703448 0.453571 0.698851 0.482143 0.698851 0.557143 0.659770 0.650000 0.659770 0.660714 0.685057 0.696429 0.685057 0.807143 0.696552 0.846429 0.703448 0.853571 0.728736 0.842857 0.747126 0.789286 0.781609 0.739286 0.797701 0.692857 0.795402 0.646429 0.774713 0.600000 0.765517 0.557143 0.772414 0.464286 0.763218 0.446429
0 0.565517 0.500000 0.524138 0.503571 0.512644 0.517857 0.508046 0.542857 0.517241 0.603571 0.514943 0.632143 0.468966 0.767857 0.468966 0.807143 0.487356 0.853571 0.496552 0.914286 0.503448 0.928571 0.554023 0.928571 0.595402 0.835714 0.600000 0.814286 0.595402 0.714286 0.604598 0.667857 0.579310 0.596429 0.579310 0.517857
0 0.489655 0.378571 0.457471 0.378571 0.445977 0.385714 0.439080 0.403571 0.445977 0.482143 0.443678 0.507143 0.418391 0.607143 0.420690 0.667857 0.436782 0.757143 0.462069 0.789286 0.491954 0.682143 0.510345 0.646429 0.514943 0.621429 0.508046 0.557143 0.514943 0.500000 0.503448 0.467857 0.503448 0.400000
0 0.643678 0.332143 0.618391 0.335714 0.604598 0.350000 0.602299 0.392857 0.606897 0.432143 0.581609 0.510714 0.583908 0.614286 0.606897 0.667857 0.650575 0.657143 0.685057 0.592857 0.696552 0.557143 0.694253 0.521429 0.673563 0.471429 0.659770 0.417857 0.664368 0.403571 0.664368 0.353571 0.655172 0.335714
0 1.000000 0.464286 0.990805 0.467857 0.977011 0.500000 0.977011 0.557143 0.967816 0.589286 0.905747 0.692857 0.889655 0.753571 0.921839 0.853571 0.921839 0.896429 0.928736 0.928571 1.000000 0.928571
0 1.000000 0.300000 0.977011 0.300000 0.963218 0.310714 0.958621 0.375000 0.951724 0.400000 0.908046 0.485714 0.908046 0.510714 0.933333 0.600000 0.942529 0.610714 0.958621 0.607143 0.967816 0.589286 0.974713 0.560714 0.977011 0.500000 0.983908 0.478571 1.000000 0.464286
0 0.864368 0.353571 0.845977 0.371429 0.843678 0.432143 0.836782 0.464286 0.781609 0.571429 0.779310 0.603571 0.795402 0.632143 0.806897 0.596429 0.825287 0.575000 0.871264 0.582143 0.889655 0.607143 0.889655 0.682143 0.882759 0.692857 0.885057 0.717857 0.889655 0.717857 0.908046 0.675000 0.928736 0.646429 0.933333 0.614286 0.928736 0.578571 0.903448 0.492857 0.901149 0.457143 0.910345 0.414286 0.910345 0.375000 0.894253 0.357143
0 0.758621 0.267857 0.744828 0.285714 0.740230 0.360714 0.710345 0.432143 0.710345 0.442857 0.749425 0.439286 0.772414 0.464286 0.765517 0.546429 0.777011 0.578571 0.783908 0.557143 0.811494 0.514286 0.816092 0.460714 0.795402 0.360714 0.802299 0.310714 0.800000 0.282143 0.786207 0.267857
0 0.903448 0.239286 0.866667 0.232143 0.852874 0.246429 0.843678 0.328571 0.811494 0.403571 0.820690 0.475000 0.827586 0.471429 0.841379 0.428571 0.843678 0.385714 0.855172 0.360714 0.866667 0.353571 0.908046 0.360714 0.901149 0.321429 0.908046 0.275000 0.908046 0.246429
0 1.000000 0.207143 0.977011 0.207143 0.970115 0.214286 0.960920 0.282143 0.921839 0.364286 0.919540 0.392857 0.926437 0.442857 0.951724 0.400000 0.963218 0.317857 0.972414 0.303571 1.000000 0.300000
0 0.439080 0.285714 0.411494 0.285714 0.395402 0.303571 0.393103 0.325000 0.404598 0.392857 0.372414 0.517857 0.374713 0.557143 0.383908 0.592857 0.406897 0.610714 0.416092 0.607143 0.443678 0.500000 0.439080 0.403571 0.452874 0.375000 0.455172 0.325000 0.450575 0.296429
0 0.337931 0.217857 0.326437 0.235714 0.335632 0.307143 0.319540 0.367857 0.319540 0.442857 0.324138 0.457143 0.351724 0.478571 0.358621 0.517857 0.365517 0.528571 0.402299 0.396429 0.402299 0.371429 0.381609 0.292857 0.379310 0.232143 0.367816 0.217857
0 0.308046 0.150000 0.291954 0.160714 0.296552 0.239286 0.273563 0.353571 0.296552 0.353571 0.317241 0.371429 0.333333 0.317857 0.326437 0.239286 0.340230 0.217857 0.340230 0.160714 0.324138 0.150000
0 0.252874 0.100000 0.241379 0.117857 0.248276 0.164286 0.227586 0.196429 0.220690 0.221429 0.220690 0.264286 0.239080 0.271429 0.250575 0.285714 0.259770 0.346429 0.266667 0.350000 0.289655 0.275000 0.296552 0.210714 0.285057 0.107143
0 0.232184 0.057143 0.202299 0.064286 0.206897 0.121429 0.183908 0.164286 0.183908 0.182143 0.202299 0.192857 0.216092 0.221429 0.245977 0.171429 0.241379 0.125000 0.245977 0.082143 0.241379 0.064286
0 0.188506 0.017857 0.172414 0.017857 0.156322 0.032143 0.163218 0.082143 0.147126 0.110714 0.147126 0.128571 0.158621 0.132143 0.174713 0.167857 0.186207 0.157143 0.195402 0.128571 0.204598 0.125000 0.202299 0.050000 0.197701 0.028571
0 0.588506 0.253571 0.563218 0.250000 0.549425 0.257143 0.542529 0.271429 0.547126 0.335714 0.514943 0.464286 0.514943 0.496429 0.519540 0.503571 0.565517 0.500000 0.581609 0.507143 0.600000 0.453571 0.602299 0.346429 0.597701 0.328571 0.597701 0.275000
0 0.462069 0.182143 0.455172 0.192857 0.459770 0.242857 0.452874 0.285714 0.457471 0.375000 0.489655 0.378571 0.501149 0.392857 0.508046 0.421429 0.508046 0.460714 0.512644 0.460714 0.531034 0.400000 0.537931 0.357143 0.505747 0.260714 0.503448 0.189286 0.487356 0.178571
0 0.448276 0.114286 0.420690 0.117857 0.413793 0.128571 0.418391 0.189286 0.395402 0.292857 0.411494 0.285714 0.452874 0.285714 0.459770 0.257143 0.455172 0.232143 0.459770 0.135714
0 0.317241 0.032143 0.310345 0.039286 0.314943 0.089286 0.296552 0.117857 0.294253 0.150000 0.342529 0.157143 0.356322 0.135714 0.351724 0.046429 0.342529 0.032143
0 0.264368 0.000000 0.268966 0.046429 0.255172 0.071429 0.250575 0.096429 0.275862 0.100000 0.294253 0.121429 0.314943 0.092857 0.305747 0.050000 0.301149 0.000000
0 0.687356 0.200000 0.675862 0.210714 0.673563 0.278571 0.657471 0.321429 0.666667 0.371429 0.662069 0.432143 0.685057 0.492857 0.691954 0.485714 0.737931 0.360714 0.735632 0.325000 0.724138 0.285714 0.726437 0.217857 0.717241 0.203571
0 0.595402 0.150000 0.583908 0.160714 0.588506 0.253571 0.597701 0.271429 0.602299 0.335714 0.648276 0.332143 0.652874 0.325000 0.627586 0.228571 0.629885 0.167857 0.622989 0.153571
0 0.577011 0.092857 0.556322 0.089286 0.540230 0.103571 0.544828 0.157143 0.514943 0.257143 0.517241 0.296429 0.535632 0.342857 0.544828 0.339286 0.540230 0.303571 0.542529 0.267857 0.558621 0.250000 0.583908 0.242857 0.583908 0.103571
0 0.468966 0.053571 0.459770 0.064286 0.464368 0.103571 0.459770 0.121429 0.459770 0.178571 0.498851 0.182143 0.505747 0.192857 0.508046 0.235714 0.514943 0.246429 0.526437 0.217857 0.531034 0.153571 0.501149 0.110714 0.501149 0.060714 0.496552 0.053571
0 0.452874 0.017857 0.427586 0.014286 0.418391 0.025000 0.420690 0.060714 0.397701 0.117857 0.406897 0.139286 0.413793 0.139286 0.413793 0.128571 0.427586 0.114286 0.443678 0.110714 0.457471 0.121429 0.462069 0.117857 0.455172 0.071429 0.457471 0.028571
0 0.554023 0.032143 0.547126 0.046429 0.554023 0.089286 0.577011 0.092857 0.581609 0.100000 0.586207 0.153571 0.606897 0.146429 0.609195 0.117857 0.586207 0.085714 0.588506 0.035714 0.581609 0.028571
0 0.501149 0.000000 0.501149 0.107143 0.517241 0.128571 0.524138 0.128571 0.549425 0.089286 0.549425 0.071429 0.535632 0.039286 0.537931 0.003571
0 0.696552 0.125000 0.687356 0.135714 0.680460 0.203571 0.705747 0.200000 0.724138 0.214286 0.726437 0.296429 0.737931 0.310714 0.737931 0.289286 0.744828 0.267857 0.735632 0.246429 0.735632 0.221429 0.728736 0.203571 0.731034 0.135714 0.719540 0.125000
0 0.643678 0.010714 0.634483 0.039286 0.639080 0.057143 0.616092 0.085714 0.609195 0.117857 0.613793 0.142857 0.632184 0.164286 0.641379 0.264286 0.655172 0.267857 0.657471 0.242857 0.675862 0.207143 0.691954 0.103571 0.668966 0.057143 0.673563 0.039286 0.671264 0.017857 0.659770 0.010714 0.657471 0.032143 0.650575 0.017857 0.655172 0.010714
0 0.721839 0.000000 0.717241 0.064286 0.731034 0.067857 0.742529 0.082143 0.740230 0.139286 0.742529 0.157143 0.749425 0.164286 0.765517 0.128571 0.774713 0.089286 0.754023 0.042857 0.756322 0.003571
0 0.708046 0.067857 0.701149 0.082143 0.701149 0.117857 0.705747 0.125000 0.719540 0.125000 0.731034 0.139286 0.728736 0.196429 0.737931 0.221429 0.737931 0.246429 0.747126 0.257143 0.754023 0.214286 0.740230 0.146429 0.742529 0.078571 0.733333 0.067857
0 0.786207 0.171429 0.779310 0.185714 0.772414 0.239286 0.758621 0.253571 0.758621 0.264286 0.786207 0.267857 0.800000 0.285714 0.797701 0.371429 0.809195 0.396429 0.836782 0.342857 0.836782 0.314286 0.822989 0.260714 0.827586 0.185714 0.816092 0.171429
0 0.800000 0.107143 0.790805 0.121429 0.788506 0.164286 0.816092 0.171429 0.829885 0.189286 0.827586 0.264286 0.832184 0.292857 0.841379 0.296429 0.843678 0.257143 0.829885 0.182143 0.834483 0.121429 0.827586 0.110714
0 0.898851 0.150000 0.885057 0.171429 0.880460 0.228571 0.894253 0.232143 0.908046 0.250000 0.903448 0.328571 0.910345 0.357143 0.919540 0.360714 0.937931 0.328571 0.937931 0.300000 0.928736 0.257143 0.933333 0.160714
0 0.898851 0.078571 0.871264 0.078571 0.864368 0.092857 0.862069 0.139286 0.836782 0.200000 0.836782 0.228571 0.848276 0.253571 0.859770 0.235714 0.875862 0.228571 0.882759 0.214286 0.885057 0.171429 0.901149 0.146429 0.905747 0.117857 0.905747 0.085714
0 0.873563 0.010714 0.852874 0.007143 0.839080 0.021429 0.839080 0.067857 0.827586 0.096429 0.827586 0.110714 0.834483 0.121429 0.834483 0.189286 0.843678 0.185714 0.859770 0.142857 0.862069 0.103571 0.875862 0.050000
0 1.000000 0.121429 0.967816 0.117857 0.960920 0.125000 0.958621 0.171429 0.931034 0.239286 0.942529 0.310714 0.951724 0.303571 0.960920 0.275000 0.970115 0.217857 0.977011 0.207143 1.000000 0.203571
0 0.956322 0.046429 0.931034 0.046429 0.924138 0.057143 0.921839 0.103571 0.908046 0.135714 0.908046 0.150000 0.924138 0.153571 0.935632 0.167857 0.935632 0.210714 0.947126 0.203571 0.956322 0.171429 0.965517 0.071429 0.963218 0.053571
0 0.942529 0.000000 0.905747 0.000000 0.905747 0.046429 0.896552 0.071429 0.908046 0.092857 0.905747 0.128571 0.914943 0.121429 0.926437 0.053571 0.940230 0.039286
