0 0.687179 0.475000 0.671795 0.492857 0.664103 0.521429 0.625641 0.567857 0.617949 0.614286 0.651282 0.607143 0.679487 0.625000 0.692308 0.646429 0.694872 0.678571 0.715385 0.732143 0.725641 0.735714 0.741026 0.717857 0.758974 0.667857 0.764103 0.589286 0.748718 0.550000 0.746154 0.500000 0.720513 0.475000
0 0.515385 0.275000 0.476923 0.285714 0.469231 0.303571 0.469231 0.332143 0.453846 0.360714 0.500000 0.482143 0.512821 0.467857 0.515385 0.439286 0.525641 0.421429 0.558974 0.407143 0.564103 0.396429 0.558974 0.367857 0.538462 0.335714 0.533333 0.289286
0 0.353846 0.217857 0.343590 0.228571 0.341026 0.275000 0.333333 0.300000 0.358974 0.328571 0.364103 0.360714 0.384615 0.389286 0.433333 0.364286 0.435897 0.325000 0.428205 0.300000 0.407692 0.271429 0.405128 0.232143 0.387179 0.214286
0 0.253846 0.185714 0.241026 0.200000 0.238462 0.275000 0.256410 0.325000 0.287179 0.353571 0.289744 0.335714 0.305128 0.314286 0.328205 0.300000 0.330769 0.278571 0.305128 0.235714 0.305128 0.214286 0.294872 0.189286 0.279487 0.182143
0 0.194872 0.150000 0.164103 0.157143 0.151282 0.175000 0.156410 0.235714 0.176923 0.292857 0.197436 0.278571 0.230769 0.271429 0.235897 0.250000 0.228205 0.217857 0.215385 0.200000 0.210256 0.160714
0 0.107692 0.125000 0.079487 0.128571 0.064103 0.146429 0.069231 0.192857 0.058974 0.217857 0.058974 0.246429 0.079487 0.267857 0.087179 0.267857 0.107692 0.235714 0.151282 0.225000 0.146154 0.200000 0.125641 0.167857 0.120513 0.135714
0 0.002564 0.092857 0.000000 0.189286 0.012821 0.200000 0.038462 0.203571 0.053846 0.225000 0.066667 0.185714 0.051282 0.103571 0.030769 0.089286
0 0.000000 0.025000 0.000000 0.092857 0.035897 0.089286 0.056410 0.110714 0.064103 0.107143 0.064103 0.078571 0.051282 0.060714 0.043590 0.025000 0.033333 0.017857
0 0.074359 0.046429 0.069231 0.071429 0.079487 0.117857 0.084615 0.125000 0.112821 0.128571 0.123077 0.139286 0.128205 0.160714 0.135897 0.160714 0.146154 0.135714 0.146154 0.103571 0.125641 0.046429 0.112821 0.035714
0 0.146154 0.082143 0.148718 0.128571 0.138462 0.164286 0.143590 0.189286 0.148718 0.189286 0.164103 0.157143 0.182051 0.150000 0.205128 0.157143 0.220513 0.178571 0.228205 0.175000 0.228205 0.146429 0.205128 0.107143 0.202564 0.082143 0.194872 0.071429 0.164103 0.067857
0 0.130769 0.000000 0.133333 0.053571 0.141026 0.075000 0.194872 0.064286 0.182051 0.000000
0 0.217949 0.010714 0.205128 0.017857 0.200000 0.032143 0.202564 0.082143 0.212821 0.117857 0.230769 0.132143 0.248718 0.096429 0.266667 0.089286 0.266667 0.078571 0.256410 0.060714 0.251282 0.017857
0 0.243590 0.100000 0.225641 0.207143 0.233333 0.214286 0.248718 0.189286 0.279487 0.182143 0.310256 0.210714 0.317949 0.200000 0.317949 0.178571 0.297436 0.132143 0.294872 0.103571 0.284615 0.092857
0 0.366667 0.121429 0.333333 0.121429 0.317949 0.142857 0.323077 0.185714 0.317949 0.246429 0.333333 0.267857 0.338462 0.242857 0.351282 0.221429 0.364103 0.214286 0.405128 0.217857 0.400000 0.196429 0.382051 0.171429 0.374359 0.128571
0 0.292308 0.032143 0.282051 0.050000 0.284615 0.085714 0.297436 0.110714 0.305128 0.146429 0.315385 0.153571 0.328205 0.125000 0.351282 0.117857 0.351282 0.103571 0.338462 0.082143 0.335897 0.046429 0.328205 0.035714
0 0.466667 0.150000 0.438462 0.150000 0.423077 0.164286 0.420513 0.210714 0.407692 0.235714 0.410256 0.264286 0.435897 0.317857 0.438462 0.357143 0.451282 0.357143 0.466667 0.335714 0.469231 0.300000 0.482051 0.282143 0.505128 0.267857 0.505128 0.246429 0.482051 0.203571 0.479487 0.167857
0 0.523077 0.196429 0.515385 0.210714 0.512821 0.271429 0.535897 0.296429 0.538462 0.335714 0.564103 0.375000 0.576923 0.375000 0.602564 0.314286 0.602564 0.296429 0.576923 0.242857 0.576923 0.207143 0.556410 0.189286
0 0.643590 0.228571 0.625641 0.246429 0.623077 0.282143 0.612821 0.310714 0.646154 0.321429 0.661538 0.350000 0.661538 0.382143 0.679487 0.421429 0.694872 0.421429 0.710256 0.385714 0.710256 0.328571 0.689744 0.285714 0.689744 0.246429 0.669231 0.228571
0 0.756410 0.264286 0.743590 0.282143 0.741026 0.310714 0.728205 0.332143 0.725641 0.353571 0.728205 0.360714 0.761538 0.357143 0.782051 0.367857 0.797436 0.392857 0.794872 0.432143 0.805128 0.453571 0.812821 0.453571 0.828205 0.400000 0.828205 0.367857 0.810256 0.325000 0.810256 0.282143 0.782051 0.260714
0 0.946154 0.321429 0.920513 0.303571 0.884615 0.310714 0.874359 0.339286 0.835897 0.385714 0.820513 0.439286 0.820513 0.475000 0.851282 0.453571 0.864103 0.421429 0.884615 0.403571 0.910256 0.407143 0.925641 0.417857 0.938462 0.435714 0.938462 0.464286 0.946154 0.467857 0.958974 0.428571 0.946154 0.382143 0.951282 0.350000
0 0.930769 0.225000 0.915385 0.239286 0.902564 0.275000 0.874359 0.300000 0.869231 0.332143 0.897436 0.303571 0.933333 0.310714 0.951282 0.339286 0.946154 0.382143 0.958974 0.407143 0.969231 0.407143 0.984615 0.367857 0.984615 0.321429 0.976923 0.300000 0.982051 0.253571 0.964103 0.232143
0 0.810256 0.185714 0.797436 0.196429 0.779487 0.260714 0.800000 0.267857 0.810256 0.282143 0.812821 0.332143 0.828205 0.367857 0.841026 0.367857 0.856410 0.342857 0.864103 0.310714 0.861538 0.271429 0.853846 0.253571 0.858974 0.207143 0.835897 0.185714
0 0.702564 0.153571 0.687179 0.164286 0.674359 0.228571 0.692308 0.253571 0.694872 0.296429 0.710256 0.328571 0.720513 0.332143 0.738462 0.314286 0.751282 0.267857 0.751282 0.242857 0.741026 0.221429 0.743590 0.175000 0.725641 0.157143
0 0.592308 0.128571 0.569231 0.146429 0.569231 0.192857 0.579487 0.214286 0.584615 0.257143 0.602564 0.296429 0.612821 0.296429 0.620513 0.282143 0.625641 0.246429 0.641026 0.228571 0.641026 0.214286 0.628205 0.189286 0.625641 0.142857 0.615385 0.132143
0 0.461538 0.085714 0.453846 0.096429 0.453846 0.146429 0.479487 0.167857 0.484615 0.207143 0.502564 0.235714 0.510256 0.235714 0.515385 0.207143 0.528205 0.189286 0.525641 0.167857 0.510256 0.139286 0.510256 0.100000 0.497436 0.082143
0 0.371795 0.060714 0.361538 0.075000 0.361538 0.107143 0.379487 0.142857 0.384615 0.175000 0.410256 0.217857 0.417949 0.203571 0.417949 0.175000 0.433333 0.150000 0.433333 0.135714 0.417949 0.103571 0.417949 0.082143 0.410256 0.064286
0 0.366667 0.010714 0.369231 0.057143 0.400000 0.057143 0.420513 0.082143 0.428205 0.082143 0.412821 0.003571 0.379487 0.000000
0 0.489744 0.028571 0.458974 0.021429 0.443590 0.032143 0.441026 0.071429 0.433333 0.089286 0.438462 0.139286 0.448718 0.135714 0.458974 0.089286 0.494872 0.078571
0 0.546154 0.039286 0.530769 0.050000 0.528205 0.089286 0.517949 0.107143 0.515385 0.132143 0.530769 0.185714 0.561538 0.189286 0.569231 0.146429 0.589744 0.128571 0.592308 0.117857 0.579487 0.089286 0.579487 0.053571 0.561538 0.039286
0 0.625641 0.071429 0.615385 0.085714 0.612821 0.125000 0.628205 0.153571 0.630769 0.192857 0.643590 0.221429 0.666667 0.221429 0.682051 0.182143 0.682051 0.153571 0.671795 0.128571 0.671795 0.089286 0.656410 0.071429
0 0.725641 0.092857 0.717949 0.100000 0.710256 0.150000 0.730769 0.160714 0.743590 0.178571 0.741026 0.221429 0.751282 0.250000 0.766667 0.257143 0.774359 0.250000 0.782051 0.217857 0.782051 0.182143 0.771795 0.157143 0.774359 0.107143 0.756410 0.092857
0 0.828205 0.117857 0.817949 0.135714 0.815385 0.157143 0.797436 0.175000 0.794872 0.192857 0.807692 0.185714 0.848718 0.192857 0.858974 0.207143 0.858974 0.264286 0.869231 0.267857 0.884615 0.232143 0.884615 0.200000 0.876923 0.185714 0.882051 0.135714 0.851282 0.114286
0 0.992308 0.171429 0.961538 0.150000 0.933333 0.157143 0.925641 0.189286 0.900000 0.210714 0.884615 0.235714 0.876923 0.285714 0.902564 0.275000 0.928205 0.225000 0.958974 0.228571 0.984615 0.253571 0.994872 0.203571
0 0.997436 0.096429 0.976923 0.082143 0.948718 0.085714 0.935897 0.121429 0.900000 0.157143 0.889744 0.192857 0.892308 0.210714 0.920513 0.196429 0.930769 0.164286 0.946154 0.150000 0.974359 0.153571 0.994872 0.171429
0 0.987179 0.035714 0.966667 0.021429 0.941026 0.028571 0.897436 0.100000 0.892308 0.146429 0.910256 0.146429 0.910256 0.125000 0.928205 0.132143 0.951282 0.085714 0.984615 0.082143 0.989744 0.067857
0 0.882051 0.064286 0.869231 0.053571 0.835897 0.057143 0.825641 0.092857 0.805128 0.114286 0.805128 0.157143 0.815385 0.157143 0.820513 0.128571 0.835897 0.114286 0.866667 0.117857 0.884615 0.128571
0 0.646154 0.014286 0.635897 0.028571 0.635897 0.064286 0.666667 0.078571 0.674359 0.096429 0.674359 0.125000 0.682051 0.139286 0.689744 0.139286 0.697436 0.125000 0.697436 0.085714 0.689744 0.071429 0.694872 0.064286 0.692308 0.032143 0.679487 0.014286
0 0.735897 0.032143 0.717949 0.096429 0.733333 0.089286 0.769231 0.100000 0.779487 0.121429 0.787179 0.121429 0.789744 0.096429 0.782051 0.078571 0.782051 0.042857 0.774359 0.032143
0 0.882051 0.010714 0.869231 0.000000 0.835897 0.003571 0.828205 0.035714 0.812821 0.057143 0.812821 0.096429 0.823077 0.089286 0.838462 0.053571 0.874359 0.050000 0.884615 0.025000
0 0.017949 0.500000 0.000000 0.514286 0.000000 0.678571 0.082051 0.889286 0.115385 0.914286 0.156410 0.907143 0.156410 0.875000 0.112821 0.746429 0.105128 0.707143 0.117949 0.653571 0.117949 0.589286 0.110256 0.571429 0.084615 0.546429 0.066667 0.500000 0.051282 0.492857
0 0.146154 0.564286 0.125641 0.585714 0.120513 0.603571 0.123077 0.642857 0.107692 0.689286 0.110256 0.735714 0.174359 0.925000 0.261538 0.925000 0.230769 0.796429 0.230769 0.760714 0.248718 0.714286 0.253846 0.650000 0.212821 0.610714 0.207692 0.585714 0.194872 0.564286 0.176923 0.557143
0 0.279487 0.635714 0.258974 0.657143 0.251282 0.682143 0.251282 0.714286 0.233333 0.757143 0.233333 0.803571 0.251282 0.878571 0.266667 0.921429 0.274359 0.928571 0.358974 0.925000 0.371795 0.903571 0.369231 0.825000 0.389744 0.775000 0.384615 0.732143 0.369231 0.703571 0.348718 0.685714 0.335897 0.650000 0.312821 0.632143
0 0.423077 0.703571 0.405128 0.725000 0.397436 0.764286 0.374359 0.814286 0.369231 0.850000 0.376923 0.925000 0.512821 0.928571 0.523077 0.921429 0.528205 0.832143 0.517949 0.789286 0.476923 0.710714 0.458974 0.700000
0 0.015385 0.328571 0.000000 0.342857 0.000000 0.492857 0.005128 0.500000 0.053846 0.492857 0.076923 0.507143 0.094872 0.460714 0.092308 0.392857 0.074359 0.375000 0.071795 0.350000 0.056410 0.325000
0 0.143590 0.371429 0.117949 0.375000 0.094872 0.396429 0.092308 0.425000 0.097436 0.457143 0.084615 0.492857 0.089744 0.535714 0.125641 0.575000 0.158974 0.557143 0.189744 0.557143 0.205128 0.496429 0.202564 0.460714 0.174359 0.425000 0.164103 0.385714
0 0.243590 0.410714 0.220513 0.421429 0.210256 0.439286 0.210256 0.489286 0.197436 0.528571 0.194872 0.557143 0.225641 0.617857 0.251282 0.642857 0.266667 0.646429 0.292308 0.625000 0.297436 0.596429 0.315385 0.553571 0.315385 0.514286 0.302564 0.482143 0.289744 0.467857 0.284615 0.432143 0.269231 0.414286
0 0.341026 0.485714 0.320513 0.503571 0.317949 0.553571 0.297436 0.600000 0.297436 0.628571 0.325641 0.639286 0.348718 0.682143 0.382051 0.721429 0.394872 0.750000 0.420513 0.700000 0.420513 0.664286 0.435897 0.617857 0.435897 0.589286 0.420513 0.553571 0.400000 0.535714 0.397436 0.514286 0.384615 0.489286 0.374359 0.482143
0 0.482051 0.535714 0.453846 0.564286 0.451282 0.589286 0.428205 0.642857 0.423077 0.692857 0.428205 0.700000 0.448718 0.696429 0.471795 0.707143 0.523077 0.796429 0.533333 0.850000 0.538462 0.853571 0.546154 0.846429 0.553846 0.817857 0.566667 0.692857 0.564103 0.646429 0.538462 0.596429 0.523077 0.546429 0.502564 0.535714
0 0.633333 0.610714 0.620513 0.617857 0.569231 0.692857 0.561538 0.732143 0.558974 0.817857 0.589744 0.817857 0.615385 0.828571 0.638462 0.857143 0.648718 0.917857 0.653846 0.925000 0.682051 0.928571 0.694872 0.889286 0.715385 0.742857 0.694872 0.682143 0.689744 0.639286 0.666667 0.614286
0 0.851282 0.685714 0.823077 0.664286 0.792308 0.664286 0.758974 0.710714 0.728205 0.735714 0.710256 0.792857 0.702564 0.925000 0.733333 0.925000 0.753846 0.896429 0.769231 0.892857 0.800000 0.900000 0.833333 0.928571 0.843590 0.925000 0.884615 0.842857 0.882051 0.800000 0.861538 0.753571 0.861538 0.707143
0 1.000000 0.778571 0.969231 0.785714 0.946154 0.817857 0.915385 0.825000 0.882051 0.864286 0.879487 0.875000 0.884615 0.878571 0.866667 0.896429 0.861538 0.925000 1.000000 0.928571
0 0.000000 0.203571 0.000000 0.328571 0.012821 0.332143 0.046154 0.321429 0.076923 0.346429 0.089744 0.314286 0.089744 0.285714 0.053846 0.246429 0.046154 0.210714 0.038462 0.203571
0 0.100000 0.242857 0.092308 0.257143 0.094872 0.303571 0.087179 0.332143 0.094872 0.378571 0.107692 0.382143 0.125641 0.371429 0.146154 0.371429 0.166667 0.382143 0.179487 0.357143 0.182051 0.335714 0.176923 0.303571 0.164103 0.282143 0.158974 0.246429 0.148718 0.232143 0.117949 0.232143
0 0.238462 0.278571 0.200000 0.278571 0.179487 0.300000 0.184615 0.350000 0.171795 0.382143 0.171795 0.403571 0.200000 0.442857 0.241026 0.410714 0.276923 0.414286 0.287179 0.375000 0.282051 0.357143 0.253846 0.325000
0 0.341026 0.307143 0.310256 0.310714 0.289744 0.335714 0.292308 0.378571 0.284615 0.400000 0.284615 0.432143 0.294872 0.467857 0.315385 0.496429 0.374359 0.475000 0.389744 0.435714 0.387179 0.392857 0.364103 0.360714 0.356410 0.321429
0 0.417949 0.367857 0.405128 0.375000 0.392308 0.396429 0.392308 0.435714 0.382051 0.457143 0.379487 0.482143 0.394872 0.503571 0.402564 0.535714 0.443590 0.592857 0.451282 0.567857 0.494872 0.521429 0.497436 0.492857 0.492308 0.467857 0.469231 0.417857 0.464103 0.385714 0.446154 0.367857
0 0.541026 0.410714 0.520513 0.428571 0.515385 0.471429 0.505128 0.485714 0.502564 0.507143 0.533333 0.564286 0.566667 0.660714 0.584615 0.664286 0.612821 0.625000 0.620513 0.539286 0.612821 0.510714 0.592308 0.478571 0.592308 0.439286 0.584615 0.421429 0.561538 0.407143
0 0.841026 0.517857 0.828205 0.525000 0.812821 0.557143 0.784615 0.582143 0.771795 0.603571 0.764103 0.689286 0.769231 0.692857 0.792308 0.664286 0.807692 0.660714 0.838462 0.675000 0.861538 0.710714 0.866667 0.767857 0.879487 0.775000 0.887179 0.760714 0.894872 0.764286 0.902564 0.753571 0.917949 0.692857 0.915385 0.653571 0.900000 0.610714 0.902564 0.557143 0.884615 0.528571
0 0.882051 0.403571 0.864103 0.417857 0.851282 0.453571 0.817949 0.485714 0.812821 0.542857 0.841026 0.517857 0.882051 0.528571 0.902564 0.560714 0.900000 0.607143 0.907692 0.632143 0.917949 0.635714 0.935897 0.596429 0.948718 0.539286 0.946154 0.510714 0.935897 0.485714 0.938462 0.435714 0.930769 0.421429 0.910256 0.407143
0 0.738462 0.357143 0.723077 0.375000 0.715385 0.403571 0.687179 0.439286 0.684615 0.464286 0.687179 0.471429 0.710256 0.471429 0.735897 0.485714 0.748718 0.514286 0.751282 0.557143 0.771795 0.575000 0.797436 0.546429 0.807692 0.507143 0.805128 0.453571 0.792308 0.432143 0.794872 0.385714 0.779487 0.364286
0 0.615385 0.314286 0.592308 0.332143 0.584615 0.375000 0.576923 0.385714 0.576923 0.414286 0.592308 0.439286 0.597436 0.485714 0.617949 0.517857 0.625641 0.550000 0.630769 0.550000 0.664103 0.514286 0.679487 0.475000 0.679487 0.421429 0.658974 0.378571 0.661538 0.353571 0.656410 0.332143 0.641026 0.317857
