2 0.172222 0.422925 0.119444 0.422925 0.097222 0.438735 0.069444 0.490119 0.069444 0.573123 0.094444 0.620553 0.116667 0.636364 0.141667 0.640316 0.163889 0.616601 0.202778 0.604743 0.216667 0.577075 0.222222 0.545455 0.219444 0.486166 0.194444 0.438735
2 0.247222 0.620553 0.188889 0.608696 0.150000 0.632411 0.130556 0.671937 0.130556 0.719368 0.138889 0.747036 0.155556 0.770751 0.180556 0.782609 0.211111 0.778656 0.236111 0.758893 0.269444 0.691700 0.269444 0.656126
2 0.241667 0.470356 0.225000 0.509881 0.225000 0.565217 0.238889 0.604743 0.325000 0.727273 0.338889 0.735178 0.375000 0.735178 0.397222 0.719368 0.413889 0.691700 0.422222 0.656126 0.411111 0.588933 0.344444 0.505929 0.325000 0.462451 0.308333 0.450593 0.266667 0.450593
2 0.263889 0.229249 0.236111 0.252964 0.219444 0.288538 0.213889 0.316206 0.219444 0.379447 0.258333 0.434783 0.280556 0.442688 0.322222 0.434783 0.344444 0.383399 0.369444 0.351779 0.366667 0.292490 0.355556 0.264822 0.322222 0.229249
2 0.377778 0.351779 0.350000 0.379447 0.330556 0.426877 0.336111 0.486166 0.361111 0.525692 0.383333 0.541502 0.416667 0.541502 0.450000 0.521739 0.461111 0.501976 0.469444 0.462451 0.458333 0.391304 0.422222 0.351779
2 0.469444 0.513834 0.447222 0.529644 0.427778 0.561265 0.419444 0.592885 0.422222 0.640316 0.436111 0.675889 0.466667 0.703557 0.505556 0.703557 0.525000 0.691700 0.550000 0.656126 0.555556 0.640316 0.555556 0.581028 0.544444 0.549407 0.522222 0.521739 0.508333 0.513834
2 0.525000 0.280632 0.500000 0.296443 0.475000 0.332016 0.463889 0.375494 0.463889 0.411067 0.472222 0.450593 0.500000 0.494071 0.530556 0.509881 0.566667 0.505929 0.591667 0.490119 0.613889 0.450593 0.625000 0.411067 0.625000 0.371542 0.602778 0.312253 0.580556 0.288538
2 0.702778 0.383399 0.691667 0.375494 0.650000 0.379447 0.625000 0.411067 0.561111 0.592885 0.561111 0.640316 0.583333 0.679842 0.630556 0.687747 0.663889 0.640316 0.719444 0.478261 0.719444 0.418972
2 0.647222 0.209486 0.616667 0.241107 0.608333 0.272727 0.608333 0.316206 0.625000 0.355731 0.641667 0.371542 0.691667 0.371542 0.722222 0.328063 0.727778 0.296443 0.725000 0.260870 0.713889 0.233202 0.688889 0.209486
2 0.525000 0.695652 0.513889 0.739130 0.513889 0.774704 0.525000 0.798419 0.633333 0.841897 0.661111 0.837945 0.672222 0.822134 0.686111 0.758893 0.672222 0.711462 0.641667 0.695652 0.591667 0.687747 0.561111 0.667984 0.541667 0.671937
2 0.761111 0.482213 0.722222 0.505929 0.697222 0.541502 0.683333 0.588933 0.683333 0.636364 0.694444 0.671937 0.722222 0.703557 0.763889 0.727273 0.794444 0.727273 0.825000 0.711462 0.847222 0.683794 0.863889 0.636364 0.866667 0.592885 0.850000 0.537549 0.822222 0.498024 0.794444 0.482213
2 0.763889 0.312253 0.727778 0.363636 0.719444 0.387352 0.725000 0.438735 0.752778 0.474308 0.819444 0.478261 0.852778 0.422925 0.852778 0.355731 0.830556 0.316206 0.813889 0.304348 0.777778 0.304348
2 0.869444 0.407115 0.855556 0.418972 0.825000 0.478261 0.825000 0.494071 0.852778 0.537549 0.866667 0.588933 0.908333 0.588933 0.944444 0.549407 0.952778 0.521739 0.952778 0.474308 0.936111 0.434783 0.905556 0.407115
