0 0.729107 0.432143 0.680115 0.425000 0.662824 0.435714 0.648415 0.464286 0.645533 0.485714 0.616715 0.510714 0.593660 0.564286 0.593660 0.732143 0.616715 0.767857 0.622478 0.767857 0.639769 0.728571 0.659942 0.703571 0.700288 0.682143 0.726225 0.678571 0.763689 0.646429 0.775216 0.564286 0.752161 0.517857 0.755043 0.475000 0.749280 0.450000
0 0.841499 0.700000 0.804035 0.664286 0.757925 0.657143 0.723343 0.685714 0.688761 0.689286 0.659942 0.710714 0.625360 0.771429 0.625360 0.857143 0.616715 0.921429 0.651297 0.928571 0.829971 0.928571 0.844380 0.896429 0.847262 0.842857 0.841499 0.803571 0.855908 0.764286 0.853026 0.728571
0 0.478386 0.432143 0.452450 0.457143 0.446686 0.510714 0.417867 0.567857 0.417867 0.635714 0.429395 0.703571 0.443804 0.721429 0.478386 0.671429 0.501441 0.660714 0.527378 0.660714 0.556196 0.678571 0.579251 0.710714 0.590778 0.607143 0.585014 0.550000 0.553314 0.503571 0.547550 0.464286 0.530259 0.439286 0.515850 0.432143
0 0.475504 0.675000 0.423631 0.757143 0.409222 0.800000 0.406340 0.878571 0.417867 0.925000 0.605187 0.925000 0.619597 0.860714 0.616715 0.792857 0.605187 0.760714 0.547550 0.671429 0.501441 0.660714
0 0.729107 0.050000 0.697406 0.053571 0.685879 0.071429 0.682997 0.107143 0.668588 0.125000 0.671470 0.185714 0.685879 0.203571 0.700288 0.203571 0.717579 0.189286 0.726225 0.153571 0.746398 0.132143 0.734870 0.110714 0.740634 0.067857
0 0.717579 0.328571 0.700288 0.321429 0.662824 0.328571 0.651297 0.342857 0.645533 0.367857 0.610951 0.403571 0.602305 0.457143 0.602305 0.500000 0.608069 0.514286 0.636888 0.492857 0.654179 0.450000 0.680115 0.425000 0.714697 0.425000 0.746398 0.442857 0.746398 0.417857 0.726225 0.382143 0.729107 0.346429
0 0.878963 0.364286 0.832853 0.357143 0.801153 0.396429 0.769452 0.410714 0.755043 0.428571 0.755043 0.517857 0.778098 0.553571 0.838617 0.517857 0.853026 0.489286 0.881844 0.457143 0.896254 0.414286 0.896254 0.389286
0 0.654179 0.121429 0.616715 0.128571 0.608069 0.178571 0.579251 0.214286 0.579251 0.271429 0.590778 0.289286 0.634006 0.250000 0.645533 0.210714 0.671470 0.200000 0.665706 0.185714 0.665706 0.135714
0 0.538905 0.125000 0.515850 0.117857 0.492795 0.128571 0.487032 0.175000 0.469741 0.196429 0.466859 0.214286 0.469741 0.278571 0.478386 0.278571 0.492795 0.260714 0.487032 0.253571 0.495677 0.250000 0.501441 0.214286 0.510086 0.203571 0.544669 0.200000 0.567723 0.221429 0.561960 0.189286 0.547550 0.178571
0 0.063401 0.092857 0.054755 0.103571 0.054755 0.117857 0.086455 0.185714 0.118156 0.217857 0.132565 0.217857 0.123919 0.196429 0.123919 0.175000 0.138329 0.150000 0.103746 0.085714
0 0.161383 0.092857 0.155620 0.117857 0.167147 0.150000 0.187320 0.167857 0.204611 0.203571 0.230548 0.200000 0.242075 0.185714 0.242075 0.171429 0.210375 0.096429 0.201729 0.085714
0 0.265130 0.067857 0.259366 0.100000 0.268012 0.117857 0.285303 0.125000 0.296830 0.139286 0.299712 0.160714 0.322767 0.178571 0.342939 0.207143 0.351585 0.192857 0.345821 0.139286 0.314121 0.100000 0.311239 0.071429 0.296830 0.060714
0 0.360231 0.135714 0.360231 0.196429 0.403458 0.210714 0.414986 0.250000 0.443804 0.278571 0.452450 0.253571 0.449568 0.221429 0.438040 0.192857 0.420749 0.175000 0.414986 0.139286 0.397695 0.125000
0 0.236311 0.139286 0.244957 0.182143 0.242075 0.200000 0.265130 0.221429 0.279539 0.253571 0.293948 0.260714 0.317003 0.296429 0.325648 0.296429 0.340058 0.267857 0.337176 0.200000 0.299712 0.164286 0.291066 0.128571 0.265130 0.121429
0 0.227666 0.417857 0.201729 0.450000 0.201729 0.482143 0.213256 0.510714 0.207493 0.592857 0.216138 0.621429 0.262248 0.657143 0.291066 0.660714 0.328530 0.682143 0.354467 0.714286 0.377522 0.771429 0.386167 0.775000 0.400576 0.750000 0.400576 0.625000 0.374640 0.525000 0.354467 0.492857 0.308357 0.453571 0.288184 0.414286 0.250720 0.407143
0 0.031700 0.421429 0.000000 0.453571 0.000000 0.496429 0.023055 0.535714 0.028818 0.617857 0.048991 0.657143 0.141210 0.678571 0.175793 0.639286 0.207493 0.625000 0.204611 0.546429 0.175793 0.496429 0.123919 0.467857 0.083573 0.414286 0.063401 0.410714
0 0.000000 0.632143 0.000000 0.928571 0.170029 0.928571 0.175793 0.914286 0.146974 0.850000 0.146974 0.778571 0.132565 0.728571 0.132565 0.689286 0.121037 0.675000 0.095101 0.664286 0.046110 0.664286 0.014409 0.635714
0 0.152738 0.664286 0.135447 0.703571 0.135447 0.735714 0.149856 0.771429 0.149856 0.842857 0.158501 0.875000 0.190202 0.925000 0.389049 0.925000 0.394813 0.878571 0.391931 0.835714 0.360231 0.728571 0.331412 0.685714 0.296830 0.664286 0.265130 0.660714 0.224784 0.628571 0.184438 0.635714
0 0.141210 0.157143 0.126801 0.171429 0.126801 0.192857 0.141210 0.239286 0.155620 0.267857 0.193084 0.292857 0.198847 0.282143 0.193084 0.228571 0.201729 0.207143 0.190202 0.175000 0.175793 0.153571
0 0.028818 0.157143 0.014409 0.171429 0.014409 0.185714 0.031700 0.217857 0.031700 0.257143 0.048991 0.278571 0.069164 0.282143 0.072046 0.253571 0.083573 0.239286 0.115274 0.225000 0.115274 0.217857 0.086455 0.189286 0.072046 0.153571
0 0.077810 0.242857 0.072046 0.278571 0.112392 0.360714 0.141210 0.367857 0.146974 0.342857 0.187320 0.310714 0.149856 0.264286 0.138329 0.235714 0.106628 0.228571
0 0.204611 0.210714 0.195965 0.221429 0.195965 0.250000 0.207493 0.275000 0.201729 0.307143 0.239193 0.357143 0.270893 0.375000 0.296830 0.407143 0.308357 0.407143 0.319885 0.378571 0.322767 0.314286 0.296830 0.264286 0.268012 0.242857 0.256484 0.207143 0.236311 0.200000
0 0.354467 0.203571 0.342939 0.217857 0.345821 0.264286 0.331412 0.300000 0.331412 0.321429 0.351585 0.314286 0.383285 0.317857 0.397695 0.335714 0.406340 0.364286 0.455331 0.417857 0.452450 0.325000 0.443804 0.285714 0.414986 0.250000 0.409222 0.221429 0.397695 0.203571
0 1.000000 0.721429 0.979827 0.735714 0.945245 0.728571 0.899135 0.735714 0.858790 0.767857 0.847262 0.792857 0.847262 0.892857 0.861671 0.928571 1.000000 0.928571
0 0.544669 0.200000 0.510086 0.203571 0.501441 0.214286 0.495677 0.257143 0.469741 0.296429 0.469741 0.346429 0.478386 0.382143 0.489914 0.371429 0.489914 0.346429 0.498559 0.328571 0.518732 0.314286 0.550432 0.321429 0.561960 0.335714 0.570605 0.367857 0.582133 0.360714 0.587896 0.292857 0.564841 0.260714 0.561960 0.221429
0 0.691643 0.210714 0.680115 0.203571 0.648415 0.207143 0.639769 0.217857 0.631124 0.257143 0.596542 0.292857 0.587896 0.367857 0.599424 0.392857 0.616715 0.396429 0.639769 0.375000 0.651297 0.346429 0.671470 0.325000 0.717579 0.325000 0.717579 0.296429 0.703170 0.264286 0.703170 0.232143
0 0.821326 0.221429 0.783862 0.221429 0.766571 0.257143 0.723343 0.296429 0.720461 0.317857 0.731988 0.353571 0.729107 0.378571 0.740634 0.407143 0.752161 0.417857 0.806916 0.389286 0.841499 0.350000 0.844380 0.325000 0.832853 0.296429 0.838617 0.253571 0.835735 0.235714
0 0.962536 0.228571 0.922190 0.232143 0.896254 0.275000 0.870317 0.285714 0.858790 0.300000 0.850144 0.350000 0.878963 0.364286 0.899135 0.389286 0.948127 0.375000 0.976945 0.339286 0.974063 0.303571 0.985591 0.278571 0.985591 0.250000
0 0.997118 0.332143 0.979827 0.335714 0.951009 0.375000 0.904899 0.392857 0.887608 0.439286 0.890490 0.460714 0.930836 0.471429 0.968300 0.510714 1.000000 0.489286
0 0.017291 0.350000 0.017291 0.375000 0.037464 0.407143 0.083573 0.414286 0.100865 0.428571 0.112392 0.453571 0.146974 0.467857 0.146974 0.435714 0.155620 0.410714 0.152738 0.392857 0.141210 0.375000 0.115274 0.367857 0.092219 0.325000 0.054755 0.321429 0.037464 0.328571
0 0.187320 0.314286 0.158501 0.328571 0.144092 0.350000 0.144092 0.371429 0.155620 0.392857 0.149856 0.442857 0.155620 0.467857 0.201729 0.517857 0.210375 0.517857 0.198847 0.471429 0.201729 0.450000 0.224784 0.421429 0.247839 0.407143 0.276657 0.407143 0.282421 0.396429 0.268012 0.375000 0.236311 0.357143 0.213256 0.317857
0 0.919308 0.467857 0.884726 0.464286 0.858790 0.478571 0.838617 0.521429 0.804035 0.535714 0.780980 0.564286 0.766571 0.635714 0.769452 0.650000 0.801153 0.660714 0.824207 0.678571 0.844380 0.703571 0.858790 0.753571 0.902017 0.728571 0.942363 0.721429 0.965418 0.671429 0.965418 0.621429 0.953890 0.582143 0.965418 0.517857 0.948127 0.485714
0 0.351585 0.314286 0.328530 0.328571 0.322767 0.342857 0.322767 0.385714 0.311239 0.410714 0.308357 0.439286 0.325648 0.467857 0.365994 0.503571 0.391931 0.567857 0.406340 0.567857 0.438040 0.514286 0.446686 0.471429 0.446686 0.421429 0.438040 0.396429 0.403458 0.357143 0.389049 0.321429
0 0.507205 0.317857 0.492795 0.335714 0.489914 0.375000 0.469741 0.400000 0.466859 0.435714 0.504323 0.428571 0.533141 0.442857 0.547550 0.467857 0.553314 0.503571 0.585014 0.535714 0.599424 0.467857 0.602305 0.407143 0.567723 0.364286 0.564841 0.339286 0.553314 0.321429 0.541787 0.314286
0 0.838617 0.064286 0.801153 0.067857 0.789625 0.092857 0.789625 0.114286 0.775216 0.132143 0.783862 0.153571 0.780980 0.196429 0.798271 0.217857 0.838617 0.196429 0.855908 0.160714 0.855908 0.142857 0.844380 0.125000 0.847262 0.078571
0 0.904899 0.150000 0.861671 0.150000 0.844380 0.192857 0.818444 0.214286 0.835735 0.239286 0.835735 0.289286 0.844380 0.296429 0.858790 0.296429 0.902017 0.267857 0.913545 0.250000 0.907781 0.217857 0.913545 0.160714
0 0.769452 0.135714 0.740634 0.135714 0.731988 0.142857 0.720461 0.185714 0.700288 0.207143 0.706052 0.250000 0.720461 0.289286 0.760807 0.267857 0.786744 0.221429 0.780980 0.200000 0.783862 0.153571
0 0.985591 0.128571 0.968300 0.150000 0.962536 0.175000 0.927954 0.192857 0.916427 0.221429 0.922190 0.228571 0.948127 0.225000 0.974063 0.235714 0.988473 0.253571 0.985591 0.278571 0.994236 0.282143 1.000000 0.278571 1.000000 0.128571
0 0.518732 0.053571 0.501441 0.050000 0.481268 0.064286 0.481268 0.110714 0.461095 0.153571 0.461095 0.175000 0.469741 0.196429 0.484150 0.182143 0.492795 0.128571 0.521614 0.117857 0.536023 0.125000 0.547550 0.175000 0.553314 0.175000 0.556196 0.139286 0.533141 0.107143 0.530259 0.071429
0 0.904899 0.046429 0.890490 0.057143 0.884726 0.096429 0.861671 0.125000 0.861671 0.142857 0.902017 0.150000 0.919308 0.171429 0.919308 0.185714 0.927954 0.189286 0.945245 0.178571 0.953890 0.146429 0.936599 0.107143 0.945245 0.064286 0.933718 0.050000
0 0.628242 0.046429 0.599424 0.046429 0.582133 0.064286 0.582133 0.100000 0.564841 0.135714 0.567723 0.192857 0.576369 0.203571 0.608069 0.175000 0.610951 0.139286 0.622478 0.125000 0.645533 0.117857 0.634006 0.096429 0.634006 0.057143
