1 0.417500 0.087121 0.401250 0.100379 0.391250 0.121212 0.388750 0.138258 0.390000 0.176136 0.382500 0.187500 0.376250 0.208333 0.376250 0.255682 0.382500 0.278409 0.407500 0.318182 0.431250 0.329545 0.458750 0.327652 0.477500 0.312500 0.496250 0.282197 0.501250 0.259470 0.501250 0.217803 0.495000 0.202652 0.480000 0.189394 0.481250 0.183712 0.475000 0.168561 0.471250 0.136364 0.463750 0.111742 0.455000 0.098485 0.442500 0.089015
1 0.227500 0.047348 0.212500 0.073864 0.210000 0.111742 0.220000 0.145833 0.242500 0.179924 0.251250 0.250000 0.267500 0.278409 0.282500 0.293561 0.312500 0.287879 0.327500 0.289773 0.342500 0.284091 0.365000 0.250000 0.371250 0.219697 0.368750 0.187500 0.351250 0.151515 0.346250 0.132576 0.331250 0.111742 0.300000 0.096591 0.282500 0.058712 0.268750 0.045455 0.241250 0.039773
1 0.282500 0.301136 0.272500 0.321970 0.268750 0.357955 0.273750 0.388258 0.288750 0.412879 0.283750 0.435606 0.295000 0.452652 0.323750 0.477273 0.343750 0.482955 0.362500 0.482955 0.387500 0.467803 0.398750 0.452652 0.412500 0.416667 0.415000 0.378788 0.407500 0.335227 0.397500 0.314394 0.378750 0.293561 0.360000 0.293561 0.353750 0.306818 0.342500 0.303030 0.337500 0.295455 0.326250 0.289773 0.302500 0.289773 0.290000 0.293561
1 0.093750 0.255682 0.086250 0.278409 0.086250 0.312500 0.093750 0.335227 0.105000 0.350379 0.117500 0.359848 0.138750 0.365530 0.156250 0.378788 0.173750 0.405303 0.181250 0.405303 0.186250 0.412879 0.187500 0.424242 0.203750 0.437500 0.238750 0.437500 0.255000 0.429924 0.268750 0.407197 0.272500 0.390152 0.267500 0.346591 0.273750 0.320076 0.272500 0.293561 0.252500 0.268939 0.228750 0.259470 0.210000 0.272727 0.203750 0.267045 0.175000 0.261364 0.155000 0.242424 0.140000 0.234848 0.111250 0.236742
1 0.436250 0.503788 0.407500 0.486742 0.382500 0.486742 0.360000 0.500000 0.348750 0.522727 0.351250 0.543561 0.330000 0.573864 0.323750 0.594697 0.323750 0.623106 0.327500 0.642045 0.333750 0.655303 0.348750 0.670455 0.365000 0.676136 0.375000 0.676136 0.392500 0.666667 0.406250 0.668561 0.408750 0.664773 0.421250 0.664773 0.437500 0.655303 0.453750 0.625000 0.461250 0.583333 0.460000 0.564394 0.448750 0.547348 0.445000 0.518939
1 0.470000 0.676136 0.440000 0.676136 0.418750 0.687500 0.407500 0.698864 0.395000 0.725379 0.391250 0.742424 0.391250 0.782197 0.397500 0.808712 0.401250 0.814394 0.401250 0.854167 0.405000 0.875000 0.417500 0.897727 0.427500 0.905303 0.453750 0.907197 0.467500 0.897727 0.476250 0.884470 0.497500 0.818182 0.507500 0.808712 0.512500 0.791667 0.513750 0.755682 0.508750 0.729167 0.491250 0.695076
1 0.373750 0.696970 0.353750 0.676136 0.342500 0.674242 0.332500 0.666667 0.332500 0.660985 0.326250 0.649621 0.312500 0.647727 0.286250 0.657197 0.265000 0.685606 0.258750 0.698864 0.260000 0.704545 0.255000 0.719697 0.256250 0.729167 0.250000 0.746212 0.233750 0.765152 0.226250 0.782197 0.222500 0.797348 0.222500 0.825758 0.226250 0.842803 0.237500 0.861742 0.246250 0.869318 0.273750 0.873106 0.288750 0.863636 0.312500 0.835227 0.338750 0.827652 0.357500 0.810606 0.371250 0.785985 0.376250 0.768939 0.380000 0.731061
1 0.311250 0.477273 0.296250 0.460227 0.271250 0.441288 0.255000 0.439394 0.236250 0.445076 0.222500 0.462121 0.215000 0.482955 0.195000 0.484848 0.176250 0.492424 0.160000 0.511364 0.153750 0.534091 0.152500 0.556818 0.155000 0.573864 0.165000 0.596591 0.182500 0.611742 0.236250 0.611742 0.242500 0.623106 0.258750 0.625000 0.266250 0.630682 0.277500 0.630682 0.288750 0.625000 0.303750 0.611742 0.312500 0.598485 0.322500 0.568182 0.312500 0.532197 0.317500 0.498106
1 0.242500 0.651515 0.230000 0.630682 0.215000 0.619318 0.175000 0.615530 0.170000 0.611742 0.152500 0.619318 0.113750 0.670455 0.093750 0.685606 0.070000 0.695076 0.056250 0.708333 0.048750 0.719697 0.042500 0.742424 0.041250 0.761364 0.043750 0.778409 0.057500 0.806818 0.077500 0.818182 0.092500 0.818182 0.107500 0.812500 0.127500 0.795455 0.146250 0.787879 0.177500 0.785985 0.187500 0.789773 0.213750 0.780303 0.242500 0.734848 0.247500 0.719697 0.248750 0.691288
1 0.607500 0.604167 0.602500 0.636364 0.602500 0.666667 0.606250 0.683712 0.615000 0.702652 0.633750 0.721591 0.645000 0.738636 0.655000 0.738636 0.653750 0.744318 0.657500 0.744318 0.677500 0.729167 0.695000 0.736742 0.705000 0.748106 0.733750 0.750000 0.748750 0.742424 0.761250 0.715909 0.765000 0.691288 0.763750 0.672348 0.756250 0.657197 0.750000 0.655303 0.748750 0.642045 0.742500 0.640152 0.710000 0.598485 0.698750 0.589015 0.701250 0.585227 0.698750 0.579545 0.701250 0.570076 0.698750 0.566288 0.681250 0.558712 0.650000 0.558712 0.626250 0.573864
1 0.510000 0.513258 0.501250 0.520833 0.491250 0.541667 0.477500 0.554924 0.471250 0.571970 0.468750 0.615530 0.473750 0.653409 0.481250 0.674242 0.508750 0.704545 0.521250 0.706439 0.523750 0.710227 0.557500 0.710227 0.567500 0.706439 0.581250 0.689394 0.588750 0.668561 0.592500 0.636364 0.591250 0.615530 0.593750 0.613636 0.592500 0.579545 0.580000 0.554924 0.570000 0.547348 0.563750 0.524621 0.545000 0.522727 0.530000 0.513258
1 0.540000 0.731061 0.523750 0.759470 0.520000 0.787879 0.521250 0.820076 0.532500 0.859848 0.541250 0.875000 0.572500 0.901515 0.592500 0.939394 0.602500 0.948864 0.625000 0.954545 0.646250 0.941288 0.658750 0.912879 0.661250 0.882576 0.656250 0.856061 0.643750 0.823864 0.645000 0.784091 0.640000 0.751894 0.622500 0.725379 0.598750 0.710227 0.571250 0.710227
1 0.653750 0.770833 0.650000 0.787879 0.651250 0.833333 0.666250 0.882576 0.680000 0.905303 0.703750 0.920455 0.723750 0.924242 0.747500 0.943182 0.763750 0.969697 0.783750 0.984848 0.805000 0.984848 0.812500 0.981061 0.830000 0.958333 0.835000 0.939394 0.835000 0.912879 0.830000 0.892045 0.811250 0.863636 0.795000 0.850379 0.782500 0.833333 0.766250 0.801136 0.768750 0.782197 0.756250 0.746212 0.751250 0.742424 0.737500 0.750000 0.712500 0.750000 0.688750 0.734848 0.672500 0.744318
1 0.746250 0.619318 0.750000 0.638258 0.763750 0.660985 0.766250 0.674242 0.766250 0.704545 0.757500 0.738636 0.772500 0.759470 0.803750 0.767045 0.812500 0.763258 0.815000 0.755682 0.833750 0.753788 0.863750 0.767045 0.886250 0.784091 0.912500 0.785985 0.926250 0.778409 0.941250 0.750000 0.943750 0.715909 0.937500 0.691288 0.930000 0.678030 0.918750 0.666667 0.902500 0.659091 0.873750 0.655303 0.861250 0.642045 0.863750 0.640152 0.862500 0.636364 0.856250 0.634470 0.830000 0.600379 0.820000 0.598485 0.803750 0.583333 0.783750 0.579545 0.767500 0.590909 0.751250 0.617424
1 0.687500 0.522727 0.693750 0.543561 0.706250 0.562500 0.723750 0.575758 0.776250 0.581439 0.786250 0.573864 0.795000 0.554924 0.802500 0.547348 0.817500 0.541667 0.846250 0.543561 0.862500 0.535985 0.877500 0.513258 0.882500 0.498106 0.883750 0.475379 0.875000 0.443182 0.865000 0.429924 0.853750 0.422348 0.830000 0.420455 0.811250 0.429924 0.766250 0.426136 0.758750 0.409091 0.748750 0.397727 0.733750 0.397727 0.713750 0.407197 0.710000 0.412879 0.707500 0.452652 0.687500 0.498106
1 0.812500 0.195076 0.792500 0.178030 0.772500 0.178030 0.758750 0.183712 0.743750 0.198864 0.730000 0.221591 0.711250 0.227273 0.683750 0.223485 0.673750 0.229167 0.651250 0.259470 0.645000 0.276515 0.640000 0.312500 0.643750 0.337121 0.658750 0.365530 0.685000 0.376894 0.703750 0.397727 0.712500 0.397727 0.735000 0.386364 0.748750 0.369318 0.756250 0.333333 0.763750 0.325758 0.765000 0.318182 0.798750 0.295455 0.817500 0.267045 0.822500 0.232955 0.820000 0.214015
1 0.613750 0.142045 0.591250 0.142045 0.578750 0.149621 0.560000 0.179924 0.533750 0.198864 0.516250 0.221591 0.507500 0.255682 0.507500 0.301136 0.516250 0.327652 0.537500 0.356061 0.562500 0.367424 0.576250 0.367424 0.602500 0.352273 0.623750 0.325758 0.627500 0.303030 0.632500 0.295455 0.633750 0.267045 0.631250 0.251894 0.640000 0.231061 0.643750 0.195076 0.636250 0.164773 0.625000 0.149621
1 0.466250 0.333333 0.440000 0.350379 0.426250 0.375000 0.417500 0.414773 0.417500 0.445076 0.422500 0.467803 0.433750 0.494318 0.455000 0.517045 0.498750 0.518939 0.523750 0.500000 0.538750 0.475379 0.546250 0.448864 0.546250 0.401515 0.540000 0.376894 0.521250 0.346591 0.487500 0.331439
