2 0.094444 0.751852 0.077778 0.772222 0.072222 0.811111 0.091667 0.844444 0.125000 0.866667 0.266667 0.935185 0.302778 0.946296 0.366667 0.946296 0.394444 0.938889 0.425000 0.920370 0.447222 0.890741 0.450000 0.859259 0.433333 0.827778 0.413889 0.812963 0.269444 0.742593 0.213889 0.724074 0.177778 0.722222 0.141667 0.727778
2 0.475000 0.596296 0.441667 0.596296 0.425000 0.601852 0.300000 0.712963 0.297222 0.738889 0.308333 0.753704 0.377778 0.788889 0.405556 0.790741 0.436111 0.781481 0.558333 0.670370 0.561111 0.648148 0.555556 0.637037 0.530556 0.620370
2 0.238889 0.485185 0.194444 0.488889 0.144444 0.505556 0.108333 0.533333 0.091667 0.568519 0.097222 0.607407 0.125000 0.640741 0.163889 0.661111 0.216667 0.672222 0.266667 0.670370 0.311111 0.657407 0.344444 0.637037 0.372222 0.598148 0.372222 0.557407 0.358333 0.533333 0.338889 0.514815 0.316667 0.501852 0.283333 0.490741
2 0.202778 0.335185 0.152778 0.377778 0.150000 0.392593 0.161111 0.412963 0.300000 0.494444 0.327778 0.501852 0.350000 0.501852 0.372222 0.496296 0.413889 0.466667 0.427778 0.450000 0.430556 0.433333 0.422222 0.416667 0.269444 0.331481 0.225000 0.327778
2 0.466667 0.462963 0.430556 0.485185 0.405556 0.507407 0.402778 0.533333 0.408333 0.542593 0.555556 0.631481 0.575000 0.637037 0.605556 0.637037 0.625000 0.631481 0.680556 0.587037 0.683333 0.562963 0.677778 0.553704 0.655556 0.537037 0.533333 0.468519 0.502778 0.459259
2 0.572222 0.400000 0.558333 0.424074 0.561111 0.453704 0.572222 0.468519 0.766667 0.585185 0.802778 0.596296 0.847222 0.596296 0.872222 0.588889 0.897222 0.574074 0.913889 0.544444 0.911111 0.522222 0.897222 0.501852 0.711111 0.390741 0.675000 0.377778 0.627778 0.375926 0.597222 0.385185
2 0.447222 0.218519 0.413889 0.227778 0.375000 0.250000 0.350000 0.287037 0.350000 0.324074 0.375000 0.359259 0.405556 0.379630 0.461111 0.394444 0.525000 0.392593 0.577778 0.374074 0.608333 0.348148 0.622222 0.320370 0.619444 0.281481 0.605556 0.259259 0.561111 0.229630 0.522222 0.218519
2 0.469444 0.079630 0.427778 0.066667 0.388889 0.066667 0.366667 0.072222 0.186111 0.190741 0.163889 0.218519 0.163889 0.244444 0.172222 0.259259 0.197222 0.279630 0.241667 0.292593 0.272222 0.290741 0.305556 0.281481 0.477778 0.162963 0.497222 0.138889 0.497222 0.111111 0.486111 0.092593
2 0.694444 0.062963 0.633333 0.062963 0.605556 0.070370 0.569444 0.090741 0.550000 0.116667 0.541667 0.157407 0.547222 0.194444 0.583333 0.225926 0.619444 0.237037 0.675000 0.238889 0.741667 0.209259 0.780556 0.159259 0.783333 0.129630 0.769444 0.101852 0.738889 0.077778
2 0.802778 0.222222 0.775000 0.216667 0.725000 0.218519 0.686111 0.235185 0.672222 0.246296 0.655556 0.279630 0.652778 0.311111 0.663889 0.335185 0.691667 0.353704 0.719444 0.359259 0.750000 0.357407 0.808333 0.335185 0.841667 0.311111 0.852778 0.290741 0.850000 0.259259 0.833333 0.238889
2 0.591667 0.727778 0.561111 0.742593 0.544444 0.768519 0.547222 0.822222 0.561111 0.846296 0.597222 0.872222 0.636111 0.883333 0.688889 0.883333 0.727778 0.872222 0.758333 0.851852 0.775000 0.827778 0.777778 0.792593 0.761111 0.764815 0.716667 0.735185 0.686111 0.727778 0.627778 0.722222
