0 0.794615 0.071044 0.786154 0.064586 0.779231 0.062433 0.766154 0.062433 0.759231 0.065662 0.750769 0.076426 0.742308 0.097955 0.736923 0.119483 0.720769 0.131324 0.695385 0.162540 0.688462 0.175457 0.684615 0.191604 0.684615 0.207750 0.690000 0.237890 0.690000 0.250807 0.684615 0.282024 0.684615 0.290635 0.680769 0.299247 0.680000 0.305705 0.681538 0.322928 0.689231 0.327234 0.697692 0.326157 0.720000 0.298170 0.747692 0.277718 0.758462 0.252960 0.767692 0.240043 0.780000 0.231432 0.792308 0.228202 0.793846 0.221744 0.793846 0.189451 0.790000 0.158235 0.790000 0.145318 0.795385 0.132400 0.803846 0.099031 0.803077 0.086114
0 0.892308 0.699677 0.893077 0.735199 0.889231 0.754575 0.884615 0.762110 0.866154 0.784715 0.859231 0.818084 0.851538 0.837460 0.849231 0.848224 0.852308 0.867600 0.860000 0.878364 0.880000 0.895587 0.894615 0.899892 0.913077 0.900969 0.959231 0.896663 0.976154 0.885899 1.000000 0.857912 1.000000 0.702906 0.993846 0.702906 0.971538 0.711518 0.963077 0.712594 0.908462 0.699677
0 0.883077 0.694295 0.870000 0.679225 0.858462 0.671690 0.849231 0.669537 0.837692 0.669537 0.825385 0.675996 0.815385 0.678149 0.810000 0.672766 0.797692 0.667384 0.773846 0.666308 0.760000 0.670614 0.749231 0.677072 0.737692 0.688913 0.726923 0.706136 0.723846 0.727664 0.723846 0.744887 0.728462 0.751346 0.725385 0.778256 0.709231 0.818084 0.705385 0.822390 0.702308 0.832078 0.692308 0.846071 0.696154 0.862217 0.705385 0.872982 0.721538 0.882670 0.733846 0.886975 0.742308 0.886975 0.783077 0.877287 0.796923 0.876211 0.820000 0.867600 0.832308 0.860065 0.840769 0.851453 0.852308 0.833154 0.858462 0.814855 0.863846 0.784715 0.880769 0.766416 0.890000 0.749193 0.891538 0.721206 0.887692 0.705059
0 0.705385 0.645856 0.700000 0.641550 0.681538 0.635091 0.660000 0.637244 0.651538 0.632939 0.633846 0.635091 0.620000 0.641550 0.603077 0.655544 0.579231 0.689989 0.571538 0.714747 0.570769 0.753498 0.565385 0.796555 0.567692 0.812702 0.573846 0.833154 0.589231 0.862217 0.594615 0.867600 0.595385 0.874058 0.593846 0.878364 0.595385 0.882670 0.600000 0.882670 0.603846 0.878364 0.608462 0.878364 0.612308 0.875135 0.614615 0.876211 0.619231 0.867600 0.623077 0.865447 0.659231 0.862217 0.669231 0.858988 0.689231 0.842842 0.702308 0.825619 0.716923 0.798708 0.725385 0.769645 0.726154 0.751346 0.713846 0.749193 0.712308 0.744887 0.717692 0.735199 0.723846 0.716900 0.725385 0.694295 0.722308 0.673843 0.718462 0.664155
0 0.478462 0.632939 0.454615 0.643703 0.440000 0.657696 0.431538 0.670614 0.422308 0.691066 0.416923 0.714747 0.413846 0.747040 0.414615 0.765339 0.422308 0.797632 0.430769 0.815931 0.446923 0.836383 0.470000 0.851453 0.481538 0.854682 0.501538 0.854682 0.522308 0.847147 0.536923 0.835307 0.553846 0.810549 0.561538 0.787944 0.566154 0.756728 0.565385 0.721206 0.561538 0.698601 0.554615 0.680301 0.536154 0.651238 0.521538 0.640474 0.506923 0.634015
0 0.279231 0.618945 0.266923 0.630786 0.260000 0.643703 0.253846 0.666308 0.254615 0.687836 0.261538 0.712594 0.258462 0.741658 0.258462 0.762110 0.261538 0.777180 0.275385 0.809473 0.285385 0.823466 0.310000 0.846071 0.323846 0.849300 0.356154 0.850377 0.361538 0.846071 0.366923 0.846071 0.380000 0.836383 0.404615 0.806243 0.412308 0.784715 0.410000 0.736276 0.414615 0.703983 0.414615 0.689989 0.404615 0.660926 0.388462 0.641550 0.365385 0.625404 0.346923 0.622174 0.325385 0.623251 0.313077 0.615716 0.302308 0.612487 0.294615 0.612487
0 0.283846 0.840689 0.279231 0.824543 0.274615 0.819160 0.272308 0.810549 0.267692 0.805167 0.255385 0.780409 0.217692 0.751346 0.201538 0.744887 0.187692 0.744887 0.173846 0.748116 0.157692 0.756728 0.141538 0.768568 0.130000 0.782562 0.093077 0.780409 0.071538 0.790097 0.063077 0.797632 0.054615 0.810549 0.046923 0.827772 0.043077 0.847147 0.043077 0.865447 0.048462 0.886975 0.056154 0.897740 0.066923 0.902045 0.212308 0.903122 0.255385 0.900969 0.282308 0.865447
0 0.124615 0.499462 0.115385 0.511302 0.108462 0.525296 0.104615 0.544672 0.105385 0.556512 0.112308 0.575888 0.135385 0.610334 0.133846 0.617869 0.133846 0.644779 0.139231 0.666308 0.146154 0.684607 0.156154 0.701830 0.164615 0.711518 0.201538 0.739505 0.250769 0.762110 0.255385 0.759957 0.258462 0.725511 0.258462 0.703983 0.251538 0.681378 0.251538 0.666308 0.260000 0.640474 0.269231 0.626480 0.294615 0.608181 0.294615 0.597417 0.287692 0.575888 0.277692 0.558665 0.252308 0.530678 0.221538 0.518837 0.204615 0.518837 0.196923 0.522067 0.170769 0.498385 0.154615 0.489774 0.134615 0.491927
0 0.178462 0.728741 0.156923 0.708288 0.153846 0.700753 0.140769 0.681378 0.131538 0.656620 0.121538 0.648009 0.110769 0.643703 0.096923 0.634015 0.074615 0.625404 0.061538 0.624327 0.031538 0.634015 0.024615 0.638321 0.020769 0.643703 0.006154 0.632939 0.000000 0.631862 0.000000 0.817008 0.016154 0.828848 0.036154 0.838536 0.040769 0.837460 0.045385 0.828848 0.048462 0.815931 0.065385 0.792250 0.089231 0.778256 0.123846 0.778256 0.153846 0.755651 0.156923 0.750269 0.171538 0.743811 0.174615 0.740581 0.173846 0.735199 0.179231 0.733046
0 0.000000 0.391819 0.000000 0.480086 0.023077 0.502691 0.024615 0.541442 0.032308 0.565124 0.053077 0.593111 0.080769 0.620022 0.111538 0.636168 0.126154 0.641550 0.129231 0.640474 0.131538 0.634015 0.132308 0.609257 0.110000 0.573735 0.103846 0.557589 0.103846 0.538213 0.107692 0.525296 0.113846 0.511302 0.120000 0.502691 0.132308 0.491927 0.140000 0.488698 0.153846 0.487621 0.166923 0.493003 0.182308 0.504844 0.184615 0.501615 0.179231 0.486545 0.170000 0.469322 0.139231 0.442411 0.121538 0.432723 0.110769 0.429494 0.093077 0.428418 0.080769 0.430571 0.054615 0.398278 0.038462 0.386437 0.030000 0.383208 0.019231 0.383208
0 0.170769 0.289559 0.164615 0.296017 0.158462 0.307858 0.154615 0.322928 0.153846 0.335845 0.159231 0.357374 0.170000 0.381055 0.178462 0.393972 0.170769 0.430571 0.171538 0.453175 0.175385 0.471475 0.188462 0.499462 0.203846 0.515608 0.224615 0.516685 0.250769 0.526372 0.256923 0.530678 0.269231 0.545748 0.279231 0.550054 0.281538 0.508073 0.290000 0.474704 0.289231 0.460710 0.282308 0.433800 0.282308 0.414424 0.286923 0.400431 0.296154 0.384284 0.295385 0.376749 0.280769 0.358450 0.270000 0.349839 0.253846 0.342304 0.239231 0.340151 0.232308 0.324004 0.217692 0.300323 0.205385 0.286329 0.187692 0.283100
0 0.046154 0.210980 0.039231 0.219591 0.033846 0.234661 0.033846 0.248654 0.040769 0.266954 0.067692 0.306781 0.068462 0.315393 0.066154 0.328310 0.066154 0.346609 0.072308 0.375673 0.078462 0.387513 0.106154 0.425188 0.116154 0.427341 0.136923 0.437029 0.157692 0.455328 0.170000 0.462863 0.169231 0.432723 0.175385 0.392896 0.155385 0.350915 0.152308 0.328310 0.159231 0.303552 0.167692 0.290635 0.173846 0.285253 0.173846 0.280947 0.170769 0.276642 0.154615 0.266954 0.124615 0.259419 0.116154 0.237890 0.100000 0.214209 0.087692 0.201292 0.076923 0.198062 0.063846 0.199139
0 0.300000 0.384284 0.290769 0.395048 0.283077 0.415501 0.283077 0.431647 0.293077 0.474704 0.289231 0.483315 0.283846 0.506997 0.282308 0.524220 0.283846 0.546825 0.291538 0.576964 0.306154 0.606028 0.313846 0.613563 0.324615 0.618945 0.353846 0.618945 0.363846 0.621098 0.373077 0.625404 0.384615 0.635091 0.401538 0.653391 0.406154 0.654467 0.422308 0.640474 0.436154 0.622174 0.440000 0.601722 0.440000 0.579117 0.436923 0.555436 0.419231 0.479010 0.404615 0.454252 0.391538 0.438105 0.366154 0.423036 0.349231 0.391819 0.342308 0.383208 0.334615 0.377826 0.321538 0.375673 0.313846 0.376749
0 0.439231 0.226050 0.432308 0.232508 0.420000 0.251884 0.422308 0.297094 0.427692 0.318622 0.416923 0.336921 0.409231 0.360603 0.406923 0.379978 0.406923 0.404736 0.409231 0.426265 0.413846 0.447793 0.420769 0.469322 0.436154 0.537137 0.446923 0.600646 0.456154 0.623251 0.476923 0.627557 0.494615 0.626480 0.513077 0.631862 0.532308 0.642626 0.536923 0.642626 0.544615 0.632939 0.546154 0.622174 0.544615 0.608181 0.540769 0.595264 0.536923 0.589882 0.537692 0.558665 0.535385 0.526372 0.540000 0.475780 0.540000 0.457481 0.538462 0.448870 0.538462 0.401507 0.535385 0.371367 0.523077 0.334769 0.516154 0.325081 0.492308 0.301399 0.490769 0.271259 0.480769 0.234661 0.475385 0.227126 0.464615 0.222820 0.451538 0.222820
0 0.599231 0.403660 0.590000 0.403660 0.580000 0.406889 0.564615 0.420883 0.558462 0.439182 0.553846 0.470398 0.548462 0.481163 0.544615 0.508073 0.541538 0.513455 0.539231 0.525296 0.540769 0.587729 0.550000 0.621098 0.550000 0.630786 0.545385 0.650161 0.549231 0.662002 0.555385 0.670614 0.556154 0.675996 0.567692 0.702906 0.569231 0.702906 0.578462 0.684607 0.603077 0.651238 0.611538 0.643703 0.626923 0.634015 0.650769 0.629709 0.656923 0.626480 0.666923 0.608181 0.673077 0.579117 0.673846 0.546825 0.670769 0.518837 0.663077 0.490850 0.655385 0.471475 0.645385 0.457481 0.632308 0.445640 0.623846 0.421959 0.620000 0.416577 0.608462 0.406889
0 0.862308 0.410118 0.855385 0.401507 0.843077 0.391819 0.832308 0.389666 0.820000 0.390743 0.814615 0.392896 0.786923 0.428418 0.759231 0.434876 0.743846 0.444564 0.732308 0.460710 0.720000 0.473628 0.704615 0.508073 0.694615 0.537137 0.681538 0.558665 0.673846 0.589882 0.673846 0.623251 0.680769 0.631862 0.686154 0.631862 0.703846 0.640474 0.714615 0.654467 0.718462 0.656620 0.720769 0.665231 0.727692 0.671690 0.746923 0.671690 0.763846 0.659849 0.784615 0.627557 0.810000 0.603875 0.823846 0.586652 0.838462 0.561895 0.842308 0.550054 0.845385 0.527449 0.845385 0.494080 0.865385 0.457481 0.869231 0.443488 0.869231 0.431647
0 1.000000 0.512379 0.981538 0.495156 0.962308 0.489774 0.947692 0.494080 0.919231 0.516685 0.895385 0.513455 0.868462 0.518837 0.858462 0.523143 0.849231 0.532831 0.845385 0.543595 0.842308 0.560818 0.833846 0.580194 0.783077 0.634015 0.775385 0.655544 0.780000 0.662002 0.798462 0.664155 0.816923 0.672766 0.826154 0.672766 0.838462 0.667384 0.856154 0.668461 0.866154 0.673843 0.884615 0.689989 0.896154 0.694295 0.916923 0.695371 0.935385 0.689989 0.949231 0.672766 0.960000 0.651238 0.969231 0.623251 0.974615 0.598493 1.000000 0.573735
0 0.949231 0.313240 0.940000 0.305705 0.930000 0.301399 0.914615 0.301399 0.907692 0.304629 0.900000 0.312164 0.879231 0.344456 0.846154 0.357374 0.829231 0.369214 0.820769 0.378902 0.819231 0.387513 0.840769 0.389666 0.855385 0.400431 0.864615 0.412271 0.870000 0.429494 0.869231 0.448870 0.847692 0.493003 0.847692 0.516685 0.850000 0.522067 0.854615 0.522067 0.869231 0.514532 0.903846 0.506997 0.910769 0.500538 0.920769 0.485468 0.927692 0.467169 0.932308 0.445640 0.936154 0.413348 0.936154 0.399354 0.955385 0.368138 0.960000 0.358450 0.961538 0.349839 0.960000 0.331539
0 0.810000 0.241119 0.794615 0.232508 0.781538 0.232508 0.773846 0.235737 0.767692 0.241119 0.759231 0.254037 0.756923 0.262648 0.746923 0.283100 0.728462 0.292788 0.720000 0.300323 0.695385 0.332616 0.688462 0.358450 0.686923 0.393972 0.678462 0.427341 0.675385 0.433800 0.666923 0.477933 0.668462 0.496233 0.674615 0.517761 0.688462 0.528525 0.693846 0.528525 0.701538 0.516685 0.703077 0.509150 0.720000 0.471475 0.725385 0.463940 0.732308 0.459634 0.739231 0.447793 0.745385 0.441335 0.756154 0.434876 0.787692 0.424112 0.804615 0.401507 0.809231 0.387513 0.810000 0.360603 0.807692 0.332616 0.803846 0.324004 0.806154 0.313240 0.816923 0.292788 0.821538 0.277718 0.820769 0.260495 0.817692 0.251884
0 0.643846 0.244349 0.635385 0.247578 0.625385 0.257266 0.617692 0.275565 0.614615 0.291712 0.608462 0.301399 0.594615 0.312164 0.579231 0.335845 0.571538 0.359526 0.566154 0.409042 0.567692 0.412271 0.570000 0.412271 0.579231 0.405813 0.589231 0.402583 0.600000 0.402583 0.612308 0.407966 0.623846 0.419806 0.634615 0.444564 0.650000 0.460710 0.656923 0.463940 0.663846 0.455328 0.671538 0.439182 0.680769 0.412271 0.686154 0.390743 0.686923 0.364909 0.682308 0.340151 0.675385 0.326157 0.680769 0.288482 0.679231 0.269107 0.676154 0.261572 0.669231 0.252960 0.656154 0.245425
0 0.670769 0.110872 0.663077 0.106566 0.648462 0.105490 0.634615 0.113025 0.626154 0.131324 0.620000 0.161464 0.602308 0.185145 0.593846 0.200215 0.590000 0.216362 0.593077 0.235737 0.593846 0.257266 0.591538 0.277718 0.586154 0.300323 0.585385 0.314316 0.586923 0.318622 0.591538 0.317546 0.593846 0.312164 0.606923 0.301399 0.611538 0.294941 0.616154 0.284177 0.618462 0.271259 0.624615 0.258342 0.629231 0.251884 0.636923 0.246502 0.645385 0.243272 0.660000 0.246502 0.669231 0.251884 0.679231 0.266954 0.680769 0.272336 0.685385 0.266954 0.687692 0.250807 0.687692 0.233584 0.681538 0.199139 0.677692 0.188375 0.682308 0.157158 0.683846 0.155005 0.684615 0.136706 0.683077 0.128095
0 0.212308 0.000000 0.214615 0.013994 0.223846 0.039828 0.235385 0.055974 0.237692 0.063509 0.232308 0.091496 0.231538 0.108719 0.242308 0.123789 0.256923 0.152853 0.263077 0.177610 0.270000 0.181916 0.279231 0.182992 0.296154 0.195910 0.313077 0.218515 0.323077 0.236814 0.325385 0.245425 0.330000 0.244349 0.343846 0.216362 0.343077 0.199139 0.339231 0.184069 0.336923 0.161464 0.337692 0.142088 0.343846 0.125942 0.343846 0.103337 0.341538 0.090420 0.334615 0.073197 0.327692 0.060280 0.318462 0.050592 0.283077 0.027987 0.280000 0.022605 0.276154 0.000000
0 0.341538 0.000000 0.344615 0.030140 0.348462 0.045210 0.356923 0.064586 0.350769 0.092573 0.346154 0.105490 0.346154 0.120560 0.350769 0.122713 0.362308 0.113025 0.368462 0.111948 0.380769 0.113025 0.387692 0.117330 0.397692 0.130248 0.400000 0.139935 0.405385 0.150700 0.409231 0.185145 0.426923 0.202368 0.440000 0.219591 0.469231 0.218515 0.470769 0.203445 0.467692 0.182992 0.462308 0.159311 0.463077 0.153929 0.451538 0.101184 0.446923 0.097955 0.444615 0.087191 0.434615 0.071044 0.406154 0.044133 0.403846 0.036598 0.403077 0.013994 0.398462 0.000000
0 0.524615 0.000000 0.521538 0.022605 0.522308 0.051668 0.509231 0.062433 0.494615 0.082885 0.485385 0.125942 0.485385 0.157158 0.487692 0.185145 0.490769 0.186222 0.494615 0.180840 0.500769 0.180840 0.510000 0.170075 0.510769 0.145318 0.516154 0.111948 0.526154 0.096878 0.538462 0.091496 0.554615 0.092573 0.566923 0.099031 0.576923 0.110872 0.579231 0.121636 0.577692 0.165770 0.572308 0.186222 0.576154 0.190527 0.580000 0.201292 0.584615 0.204521 0.587692 0.202368 0.593077 0.186222 0.594615 0.158235 0.596923 0.155005 0.600000 0.134553 0.600000 0.110872 0.596154 0.104413 0.596154 0.096878 0.593077 0.085038 0.579231 0.063509 0.577692 0.058127 0.583846 0.030140 0.583846 0.005382 0.582308 0.000000
0 0.540000 0.091496 0.531538 0.093649 0.523846 0.099031 0.518462 0.108719 0.514615 0.124865 0.511538 0.152853 0.513077 0.170075 0.503846 0.180840 0.494615 0.182992 0.488462 0.188375 0.476154 0.212056 0.474615 0.221744 0.483077 0.235737 0.488462 0.254037 0.493077 0.278794 0.494615 0.299247 0.501538 0.308934 0.516923 0.324004 0.523846 0.333692 0.530000 0.348762 0.537692 0.378902 0.539231 0.416577 0.544615 0.455328 0.548462 0.455328 0.552308 0.448870 0.561538 0.420883 0.563077 0.400431 0.570769 0.353068 0.578462 0.332616 0.591538 0.263724 0.591538 0.238967 0.585385 0.208827 0.570769 0.185145 0.576923 0.162540 0.579231 0.134553 0.577692 0.115178 0.570769 0.102260 0.563846 0.096878 0.552308 0.092573
0 0.094615 0.033369 0.084615 0.047363 0.082308 0.054898 0.082308 0.067815 0.087692 0.085038 0.103077 0.116254 0.112308 0.123789 0.116154 0.131324 0.115385 0.142088 0.110769 0.151776 0.108462 0.163617 0.108462 0.186222 0.110000 0.201292 0.119231 0.231432 0.135385 0.257266 0.140000 0.260495 0.160769 0.266954 0.173077 0.274489 0.193077 0.268030 0.196154 0.261572 0.196923 0.243272 0.203077 0.218515 0.203077 0.212056 0.200769 0.204521 0.192308 0.191604 0.180000 0.150700 0.181538 0.135630 0.187692 0.123789 0.186923 0.114101 0.179231 0.109795 0.167692 0.107643 0.160769 0.100108 0.153846 0.067815 0.135385 0.032293 0.123846 0.024758 0.111538 0.024758
0 0.192308 0.118407 0.186923 0.125942 0.183077 0.136706 0.182308 0.151776 0.196154 0.195910 0.206154 0.209903 0.198462 0.246502 0.198462 0.272336 0.200000 0.279871 0.209231 0.287406 0.218462 0.299247 0.220000 0.304629 0.233077 0.322928 0.240000 0.336921 0.255385 0.341227 0.274615 0.350915 0.297692 0.375673 0.306154 0.376749 0.316923 0.373520 0.341538 0.374596 0.343077 0.372443 0.343846 0.359526 0.336154 0.336921 0.334615 0.322928 0.327692 0.302476 0.325385 0.256189 0.320769 0.243272 0.320000 0.235737 0.313846 0.227126 0.312308 0.220667 0.294615 0.195910 0.283846 0.188375 0.260769 0.179763 0.258462 0.175457 0.256154 0.153929 0.242308 0.124865 0.230000 0.110872 0.211538 0.108719
0 0.361538 0.115178 0.346923 0.124865 0.339231 0.144241 0.338462 0.159311 0.340769 0.178687 0.349231 0.213132 0.336154 0.234661 0.329231 0.260495 0.330000 0.291712 0.336154 0.314316 0.337692 0.327234 0.343846 0.344456 0.346154 0.358450 0.350000 0.365985 0.351538 0.378902 0.355385 0.389666 0.367692 0.411195 0.373077 0.416577 0.388462 0.424112 0.404615 0.424112 0.406923 0.417653 0.405385 0.378902 0.408462 0.353068 0.415385 0.336921 0.422308 0.326157 0.423846 0.319699 0.418462 0.250807 0.427692 0.235737 0.437692 0.224973 0.438462 0.220667 0.433846 0.213132 0.408462 0.189451 0.406154 0.162540 0.397692 0.132400 0.393077 0.124865 0.380769 0.115178
0 0.769231 0.000000 0.709231 0.000000 0.702308 0.009688 0.690000 0.066738 0.690000 0.075350 0.696154 0.111948 0.696923 0.134553 0.694615 0.149623 0.695385 0.157158 0.701538 0.155005 0.715385 0.135630 0.732308 0.121636 0.736923 0.115178 0.738462 0.106566 0.751538 0.074273 0.760769 0.063509 0.769231 0.058127 0.770000 0.024758 0.766923 0.010764
0 0.687692 0.000000 0.649231 0.000000 0.641538 0.017223 0.633846 0.052745 0.616923 0.075350 0.602308 0.102260 0.602308 0.130248 0.600769 0.147470 0.595385 0.173305 0.594615 0.193757 0.596923 0.193757 0.616923 0.165770 0.624615 0.142088 0.628462 0.121636 0.636154 0.110872 0.646154 0.105490 0.662308 0.105490 0.670769 0.109795 0.678462 0.119483 0.683846 0.129171 0.685385 0.136706 0.681538 0.170075 0.686154 0.171152 0.693077 0.147470 0.694615 0.135630 0.694615 0.110872 0.687692 0.071044 0.696923 0.029064 0.695385 0.011841
0 0.916154 0.164693 0.901538 0.157158 0.883077 0.158235 0.868462 0.175457 0.850769 0.206674 0.821538 0.224973 0.811538 0.235737 0.811538 0.240043 0.819231 0.252960 0.823077 0.268030 0.823077 0.275565 0.818462 0.292788 0.813846 0.299247 0.806923 0.316469 0.810769 0.343380 0.811538 0.373520 0.813846 0.382131 0.830000 0.367061 0.849231 0.354144 0.881538 0.339074 0.903077 0.304629 0.905385 0.289559 0.905385 0.249731 0.920769 0.224973 0.929231 0.202368 0.928462 0.184069
0 0.873077 0.005382 0.858462 0.003229 0.844615 0.011841 0.830000 0.040904 0.826923 0.055974 0.803846 0.077503 0.804615 0.101184 0.792308 0.146394 0.796154 0.206674 0.795385 0.218515 0.796923 0.228202 0.800769 0.232508 0.810769 0.233584 0.849231 0.203445 0.859231 0.189451 0.867692 0.172228 0.873077 0.137783 0.873077 0.091496 0.880769 0.077503 0.890769 0.053821 0.893077 0.044133 0.893077 0.031216 0.890000 0.021529 0.884615 0.013994
