2 0.525180 0.140575 0.472422 0.116613 0.438849 0.113419 0.414868 0.116613 0.290168 0.158147 0.256595 0.172524 0.249400 0.186901 0.273381 0.231629 0.321343 0.257188 0.362110 0.255591 0.412470 0.239617 0.494005 0.207668 0.498801 0.186901 0.529976 0.158147
2 0.160671 0.533546 0.086331 0.528754 0.040767 0.533546 0.000000 0.543131 0.000000 0.757188 0.057554 0.768371 0.105516 0.768371 0.143885 0.761981 0.179856 0.750799 0.206235 0.738019 0.232614 0.720447 0.251799 0.701278 0.266187 0.670927 0.266187 0.645367 0.254197 0.589457 0.237410 0.568690 0.215827 0.552716
2 0.179856 0.402556 0.158273 0.416933 0.141487 0.437700 0.143885 0.466454 0.179856 0.511182 0.299760 0.613419 0.328537 0.627796 0.369305 0.634185 0.402878 0.634185 0.453237 0.623003 0.501199 0.600639 0.515588 0.584665 0.529976 0.552716 0.529976 0.523962 0.522782 0.509585 0.508393 0.495208 0.369305 0.396166 0.328537 0.383387 0.266187 0.380192 0.227818 0.386581
2 0.314149 0.277955 0.268585 0.253994 0.225420 0.252396 0.203837 0.257188 0.028777 0.313099 0.011990 0.329073 0.014388 0.348243 0.043165 0.383387 0.076739 0.410543 0.105516 0.415335 0.160671 0.405751 0.225420 0.381789 0.302158 0.359425 0.318945 0.348243 0.328537 0.292332
2 0.352518 0.289137 0.340528 0.303514 0.338129 0.325879 0.357314 0.376997 0.462830 0.460064 0.522782 0.501597 0.546763 0.507987 0.599520 0.507987 0.637890 0.498403 0.664269 0.484026 0.676259 0.468051 0.685851 0.432907 0.685851 0.412141 0.676259 0.397764 0.597122 0.340256 0.503597 0.279553 0.467626 0.269968 0.419664 0.268371 0.383693 0.274760
2 0.769784 0.619808 0.738609 0.597444 0.697842 0.583067 0.657074 0.579872 0.618705 0.583067 0.508393 0.621406 0.304556 0.707668 0.275779 0.734824 0.268585 0.750799 0.268585 0.774760 0.306954 0.835463 0.330935 0.849840 0.366906 0.859425 0.436451 0.857827 0.486811 0.841853 0.738609 0.726837 0.757794 0.709265 0.781775 0.658147 0.779376 0.635783
2 0.798561 0.402556 0.760192 0.408946 0.726619 0.423323 0.709832 0.440895 0.705036 0.450479 0.697842 0.562300 0.702638 0.578275 0.769784 0.615016 0.824940 0.619808 0.868106 0.611821 0.896882 0.594249 0.920863 0.554313 0.935252 0.503195 0.947242 0.482428 0.947242 0.458466 0.930456 0.434505 0.911271 0.421725 0.882494 0.410543 0.848921 0.404153
2 0.556355 0.153355 0.517986 0.170927 0.501199 0.186901 0.503597 0.257188 0.510791 0.277955 0.539568 0.303514 0.582734 0.329073 0.597122 0.332268 0.657074 0.330671 0.673861 0.319489 0.688249 0.285942 0.736211 0.253994 0.748201 0.214058 0.748201 0.188498 0.726619 0.167732 0.676259 0.151757 0.657074 0.148562 0.585132 0.148562
2 0.793765 0.083067 0.781775 0.076677 0.743405 0.075080 0.592326 0.110224 0.563549 0.126198 0.565947 0.143770 0.573141 0.148562 0.597122 0.145367 0.673861 0.148562 0.724221 0.166134 0.745803 0.183706 0.764988 0.182109 0.781775 0.174121
2 0.865707 0.023962 0.817746 0.036741 0.798561 0.054313 0.781775 0.172524 0.781775 0.242812 0.875300 0.249201 0.942446 0.260383 0.954436 0.255591 0.976019 0.233227 1.000000 0.162939 1.000000 0.038339 0.985612 0.031949 0.947242 0.023962
2 0.705036 0.274760 0.688249 0.289137 0.678657 0.305112 0.681055 0.373802 0.695444 0.397764 0.721823 0.416933 0.738609 0.416933 0.760192 0.407348 0.786571 0.402556 0.832134 0.400958 0.877698 0.407348 0.925659 0.424920 0.956835 0.405751 0.990408 0.341853 0.992806 0.313099 0.976019 0.289137 0.952038 0.273163 0.892086 0.253994 0.805755 0.247604 0.774580 0.249201 0.743405 0.255591
