1 0.569079 0.078125 0.555921 0.084375 0.549342 0.109375 0.552632 0.146875 0.575658 0.165625 0.578947 0.178125 0.572368 0.253125 0.575658 0.353125 0.585526 0.381250 0.608553 0.400000 0.625000 0.365625 0.651316 0.337500 0.654605 0.312500 0.625000 0.271875 0.625000 0.087500 0.608553 0.078125
1 0.736842 0.125000 0.687500 0.125000 0.674342 0.140625 0.671053 0.296875 0.657895 0.331250 0.625000 0.368750 0.615132 0.400000 0.631579 0.471875 0.625000 0.825000 0.657895 0.840625 0.707237 0.840625 0.740132 0.831250 0.766447 0.809375 0.776316 0.787500 0.796053 0.421875 0.789474 0.393750 0.750000 0.331250 0.743421 0.287500 0.750000 0.137500
1 0.881579 0.090625 0.838816 0.090625 0.825658 0.100000 0.809211 0.271875 0.763158 0.328125 0.763158 0.346875 0.792763 0.393750 0.799342 0.418750 0.796053 0.553125 0.779605 0.765625 0.799342 0.775000 0.845395 0.775000 0.875000 0.765625 0.894737 0.746875 0.904605 0.715625 0.937500 0.371875 0.927632 0.337500 0.888158 0.278125 0.898026 0.106250
1 0.210526 0.137500 0.187500 0.150000 0.194079 0.334375 0.187500 0.356250 0.148026 0.412500 0.138158 0.475000 0.167763 0.821875 0.194079 0.859375 0.223684 0.871875 0.246711 0.871875 0.230263 0.528125 0.243421 0.475000 0.289474 0.421875 0.292763 0.371875 0.273026 0.306250 0.266447 0.159375 0.253289 0.140625
1 0.118421 0.093750 0.101974 0.106250 0.108553 0.293750 0.078947 0.328125 0.065789 0.356250 0.062500 0.434375 0.095395 0.737500 0.105263 0.759375 0.125000 0.775000 0.157895 0.781250 0.134868 0.468750 0.148026 0.406250 0.187500 0.350000 0.187500 0.268750 0.174342 0.193750 0.171053 0.106250 0.157895 0.093750
1 0.710526 0.050000 0.697368 0.065625 0.697368 0.115625 0.703947 0.121875 0.743421 0.125000 0.756579 0.153125 0.746711 0.265625 0.750000 0.321875 0.759868 0.331250 0.799342 0.281250 0.763158 0.221875 0.766447 0.062500 0.750000 0.050000
1 0.605263 0.015625 0.598684 0.021875 0.598684 0.075000 0.615132 0.081250 0.628289 0.100000 0.625000 0.268750 0.641447 0.287500 0.667763 0.246875 0.657895 0.175000 0.661184 0.028125 0.651316 0.015625
1 0.309211 0.190625 0.292763 0.206250 0.299342 0.300000 0.296053 0.406250 0.253289 0.462500 0.233553 0.515625 0.250000 0.865625 0.256579 0.915625 0.279605 0.953125 0.309211 0.968750 0.368421 0.975000 0.401316 0.968750 0.430921 0.953125 0.457237 0.909375 0.447368 0.534375 0.437500 0.490625 0.384868 0.409375 0.375000 0.206250 0.361842 0.190625
1 0.325658 0.062500 0.289474 0.065625 0.279605 0.081250 0.286184 0.228125 0.276316 0.268750 0.276316 0.306250 0.286184 0.350000 0.292763 0.350000 0.289474 0.206250 0.302632 0.190625 0.351974 0.184375 0.351974 0.081250 0.345395 0.068750
1 0.394737 0.106250 0.375000 0.125000 0.384868 0.381250 0.391447 0.415625 0.424342 0.450000 0.453947 0.400000 0.480263 0.371875 0.483553 0.337500 0.460526 0.309375 0.453947 0.275000 0.453947 0.118750 0.437500 0.106250
1 0.447368 0.031250 0.427632 0.046875 0.430921 0.103125 0.453947 0.121875 0.460526 0.306250 0.483553 0.328125 0.490132 0.284375 0.493421 0.046875 0.483553 0.034375
1 0.555921 0.153125 0.516447 0.153125 0.496711 0.168750 0.490132 0.356250 0.476974 0.381250 0.453947 0.403125 0.430921 0.456250 0.457237 0.537500 0.453947 0.718750 0.460526 0.884375 0.476974 0.896875 0.519737 0.906250 0.588816 0.890625 0.611842 0.871875 0.621711 0.850000 0.618421 0.737500 0.628289 0.481250 0.618421 0.434375 0.575658 0.368750 0.569079 0.300000 0.575658 0.171875
