1 0.325886 0.022000 0.299692 0.022667 0.281202 0.025333 0.273498 0.032000 0.270416 0.042000 0.269646 0.054667 0.270416 0.066000 0.273498 0.072667 0.274268 0.101333 0.275809 0.103333 0.289676 0.108667 0.294299 0.112000 0.299692 0.128667 0.300462 0.147333 0.298151 0.156000 0.296610 0.180667 0.297381 0.292000 0.304314 0.356000 0.310478 0.383333 0.314330 0.381333 0.318182 0.371333 0.325886 0.340667 0.333590 0.299333 0.339753 0.244667 0.342835 0.118000 0.341294 0.104667 0.338983 0.100000 0.338983 0.079333 0.344376 0.064667 0.347458 0.062000 0.360555 0.058667 0.366718 0.054667 0.365948 0.039333 0.364407 0.034000 0.359784 0.028667 0.348228 0.024000
1 0.120955 0.031333 0.075501 0.033333 0.063945 0.037333 0.059322 0.048000 0.059322 0.060667 0.057011 0.063333 0.057011 0.072667 0.061633 0.081333 0.061633 0.200667 0.054700 0.268000 0.046995 0.305333 0.044684 0.326000 0.027735 0.394667 0.024653 0.402000 0.013867 0.451333 0.009245 0.463333 0.004622 0.496667 0.003082 0.540000 0.004622 0.550000 0.004622 0.742000 0.003082 0.758667 0.004622 0.812000 0.008475 0.830000 0.015408 0.842667 0.032357 0.854000 0.046995 0.858667 0.053929 0.858000 0.056240 0.842667 0.056240 0.548667 0.064715 0.509333 0.069337 0.497333 0.087057 0.423333 0.093220 0.404667 0.104006 0.348667 0.107858 0.338000 0.116333 0.278000 0.119414 0.231333 0.118644 0.190667 0.120185 0.183333 0.119414 0.121333 0.117103 0.112000 0.117103 0.087333 0.120185 0.076667 0.127889 0.069333 0.154083 0.064000 0.155624 0.061333 0.154083 0.048000 0.147920 0.037333 0.138675 0.033333
1 0.190293 0.068000 0.184900 0.069333 0.174884 0.067333 0.142527 0.067333 0.137904 0.070000 0.127119 0.072667 0.121726 0.080000 0.120955 0.088667 0.118644 0.094000 0.118644 0.108000 0.121726 0.116000 0.123267 0.217333 0.121726 0.248667 0.119414 0.256000 0.120185 0.261333 0.117103 0.290000 0.109399 0.333333 0.109399 0.342000 0.107088 0.344667 0.106317 0.354000 0.095532 0.396000 0.094761 0.405333 0.084746 0.439333 0.075501 0.482000 0.071649 0.489333 0.070108 0.499333 0.067797 0.502000 0.064715 0.512667 0.063174 0.530667 0.060092 0.540667 0.057781 0.669333 0.059322 0.711333 0.059322 0.823333 0.057781 0.850667 0.060092 0.878000 0.063945 0.890000 0.071649 0.904000 0.075501 0.908000 0.090139 0.917333 0.107858 0.922000 0.115562 0.922000 0.118644 0.919333 0.120185 0.906667 0.122496 0.615333 0.125578 0.588667 0.124807 0.584000 0.132512 0.560667 0.133282 0.550667 0.147149 0.506000 0.149461 0.492000 0.155624 0.476000 0.157165 0.463333 0.163328 0.443333 0.166410 0.424667 0.171032 0.413333 0.178737 0.375333 0.180277 0.348667 0.181818 0.346667 0.186441 0.319333 0.188752 0.286000 0.187982 0.120000 0.194145 0.110667 0.200308 0.108000 0.205701 0.103333 0.219569 0.100667 0.221109 0.094000 0.218028 0.078667 0.213405 0.074667 0.208012 0.072000 0.193374 0.070000
1 0.231895 0.104667 0.218798 0.105333 0.204160 0.108667 0.198767 0.111333 0.194145 0.118000 0.191063 0.129333 0.193374 0.268667 0.185670 0.356000 0.183359 0.360667 0.178737 0.390667 0.147920 0.512667 0.134823 0.556000 0.127119 0.594667 0.124807 0.640667 0.124807 0.791333 0.122496 0.928667 0.127889 0.950667 0.133282 0.964000 0.137904 0.971333 0.148690 0.980667 0.167951 0.988000 0.200308 0.995333 0.256549 0.996667 0.273498 0.995333 0.312018 0.987333 0.325116 0.982000 0.335901 0.974000 0.345146 0.956667 0.346687 0.937333 0.345917 0.899333 0.347458 0.889333 0.348228 0.689333 0.349769 0.686000 0.348228 0.682000 0.349769 0.678667 0.349769 0.669333 0.348228 0.666667 0.349769 0.653333 0.348228 0.650000 0.349769 0.647333 0.348998 0.634000 0.350539 0.631333 0.350539 0.606000 0.348998 0.603333 0.350539 0.598000 0.347458 0.559333 0.341294 0.529333 0.329738 0.491333 0.325886 0.470000 0.315100 0.429333 0.305855 0.379333 0.298151 0.322667 0.294299 0.267333 0.295069 0.161333 0.298151 0.148667 0.298151 0.130000 0.295840 0.120000 0.291217 0.111333 0.278120 0.106667
1 0.417565 0.059333 0.394453 0.058000 0.360555 0.059333 0.346687 0.064667 0.342065 0.078667 0.341294 0.099333 0.344376 0.108000 0.344376 0.193333 0.339753 0.278000 0.336672 0.286667 0.335131 0.308667 0.328968 0.328667 0.328197 0.341333 0.325886 0.346000 0.324345 0.357333 0.321263 0.363333 0.320493 0.373333 0.315100 0.390000 0.315100 0.402000 0.321263 0.438000 0.328197 0.461333 0.330508 0.478000 0.342065 0.514000 0.344376 0.534000 0.349769 0.546000 0.353621 0.544000 0.357473 0.537333 0.359784 0.525333 0.362096 0.522667 0.369029 0.487333 0.373652 0.476000 0.384438 0.427333 0.389831 0.413333 0.398305 0.369333 0.405239 0.343333 0.412173 0.286667 0.413713 0.257333 0.415254 0.153333 0.411402 0.131333 0.413713 0.104000 0.421418 0.095333 0.438367 0.091333 0.442219 0.085333 0.440678 0.073333 0.435285 0.065333
1 0.445300 0.093333 0.424499 0.097333 0.419106 0.102667 0.415254 0.113333 0.414484 0.139333 0.417565 0.146667 0.416025 0.256667 0.411402 0.314000 0.404468 0.358667 0.396764 0.394667 0.375963 0.469333 0.365948 0.517333 0.355932 0.550667 0.355162 0.570667 0.358243 0.596667 0.359014 0.653333 0.356703 0.732000 0.357473 0.839333 0.355932 0.856000 0.356703 0.869333 0.354391 0.888000 0.354391 0.938667 0.355932 0.946000 0.359014 0.950667 0.381356 0.962000 0.398305 0.966667 0.433744 0.971333 0.469954 0.972000 0.506163 0.969333 0.523112 0.966667 0.534669 0.962667 0.546995 0.956667 0.553929 0.951333 0.561633 0.936667 0.563945 0.926667 0.563174 0.877333 0.564715 0.874000 0.563945 0.836667 0.566256 0.796000 0.567026 0.590667 0.560863 0.520667 0.553159 0.494000 0.544684 0.450667 0.531587 0.398000 0.517720 0.302000 0.514638 0.252000 0.514638 0.197333 0.516179 0.150000 0.519260 0.141333 0.520801 0.124000 0.518490 0.110667 0.514638 0.102000 0.502311 0.096000 0.488444 0.094000
1 0.517720 0.010667 0.501541 0.013333 0.489985 0.018667 0.486133 0.024667 0.483821 0.042000 0.486903 0.066667 0.486133 0.088000 0.490755 0.092667 0.506163 0.094667 0.513097 0.098000 0.522342 0.115333 0.523112 0.138000 0.518490 0.150667 0.516949 0.180667 0.516949 0.261333 0.522342 0.324667 0.525424 0.344000 0.528505 0.353333 0.530046 0.353333 0.539291 0.326667 0.540062 0.318000 0.543914 0.306667 0.555470 0.233333 0.560863 0.121333 0.560863 0.096667 0.558552 0.085333 0.559322 0.066667 0.563945 0.053333 0.570878 0.047333 0.577812 0.045333 0.580894 0.040000 0.577812 0.024000 0.572419 0.017333 0.560863 0.013333 0.548536 0.011333
1 0.637904 0.047333 0.592450 0.046000 0.574730 0.048000 0.570878 0.049333 0.564715 0.054667 0.561633 0.066000 0.560863 0.084667 0.563174 0.095333 0.560092 0.211333 0.553929 0.264667 0.547766 0.291333 0.546225 0.308000 0.539291 0.330667 0.537750 0.342000 0.532357 0.355333 0.530817 0.370667 0.533128 0.394000 0.543143 0.429333 0.549307 0.464667 0.563174 0.518667 0.567797 0.528667 0.569337 0.528667 0.573190 0.522667 0.578582 0.507333 0.587057 0.472667 0.591680 0.462000 0.596302 0.440667 0.615562 0.375333 0.624037 0.334667 0.627119 0.306667 0.631741 0.284000 0.638675 0.179333 0.638675 0.134667 0.635593 0.123333 0.636364 0.110000 0.640986 0.094000 0.649461 0.086000 0.654854 0.084667 0.661787 0.076667 0.661017 0.068000 0.655624 0.054667 0.647149 0.049333
1 0.692604 0.082667 0.665639 0.084000 0.651772 0.087333 0.644068 0.094000 0.640216 0.104667 0.638675 0.118000 0.639445 0.129333 0.641757 0.134667 0.638675 0.252000 0.631741 0.306667 0.616333 0.384000 0.594761 0.455333 0.580894 0.509333 0.578582 0.513333 0.572419 0.545333 0.573960 0.651333 0.570108 0.921333 0.575501 0.930000 0.591680 0.937333 0.628659 0.946000 0.655624 0.948667 0.708012 0.948000 0.724961 0.945333 0.748844 0.939333 0.756549 0.936000 0.765794 0.927333 0.769646 0.921333 0.774268 0.906000 0.780431 0.772667 0.781202 0.696667 0.784284 0.616667 0.781972 0.552000 0.775039 0.506000 0.768875 0.488000 0.751926 0.412667 0.749615 0.388667 0.741911 0.353333 0.734977 0.284000 0.734206 0.235333 0.735747 0.174000 0.738829 0.146667 0.738059 0.141333 0.742681 0.125333 0.742681 0.106000 0.741140 0.095333 0.733436 0.088000 0.715716 0.084000
1 0.720339 0.000000 0.718798 0.002000 0.697227 0.004667 0.689522 0.011333 0.686441 0.028000 0.686441 0.040667 0.688752 0.051333 0.687982 0.074667 0.689522 0.079333 0.693374 0.080667 0.713405 0.081333 0.731125 0.084667 0.740370 0.090000 0.743451 0.096667 0.746533 0.115333 0.741911 0.138667 0.739599 0.164667 0.737288 0.260000 0.738829 0.290667 0.740370 0.296000 0.744222 0.296667 0.748844 0.284667 0.753467 0.253333 0.756549 0.246000 0.759630 0.206667 0.761941 0.198667 0.765794 0.109333 0.765023 0.058000 0.767334 0.046667 0.771957 0.040000 0.780431 0.034667 0.781972 0.025333 0.778891 0.012000 0.775809 0.008667 0.768105 0.005333 0.736518 0.002000 0.734977 0.000000
1 0.831279 0.034000 0.805855 0.033333 0.783513 0.035333 0.772727 0.040667 0.766564 0.056000 0.767334 0.107333 0.764253 0.202000 0.755778 0.264667 0.750385 0.283333 0.746533 0.308000 0.743451 0.314000 0.743451 0.340667 0.751926 0.394667 0.756549 0.410667 0.766564 0.463333 0.773498 0.487333 0.779661 0.497333 0.783513 0.496000 0.788136 0.487333 0.795840 0.465333 0.799692 0.446667 0.804314 0.434667 0.805855 0.422000 0.810478 0.411333 0.824345 0.364000 0.832049 0.326000 0.835131 0.318000 0.842835 0.268667 0.846687 0.162000 0.848228 0.152667 0.848228 0.118000 0.846687 0.114667 0.845917 0.099333 0.852851 0.079333 0.865177 0.065333 0.865177 0.056000 0.862096 0.046000 0.857473 0.040667 0.843606 0.036000
1 0.908320 0.069333 0.892142 0.069333 0.868259 0.072000 0.860555 0.074667 0.855932 0.078667 0.852080 0.086667 0.849769 0.105333 0.851310 0.117333 0.849769 0.204667 0.841294 0.299333 0.825886 0.368667 0.783513 0.512667 0.789676 0.577333 0.789676 0.646667 0.787365 0.744000 0.780431 0.859333 0.781202 0.903333 0.787365 0.908667 0.805855 0.916667 0.826656 0.921333 0.874422 0.926667 0.903698 0.926667 0.933744 0.923333 0.954545 0.918000 0.965331 0.912667 0.974576 0.904000 0.984592 0.885333 0.986903 0.875333 0.988444 0.849333 0.989214 0.774667 0.990755 0.764667 0.990755 0.752000 0.989214 0.748667 0.990755 0.722000 0.989214 0.712667 0.990755 0.702667 0.990755 0.648667 0.992296 0.640000 0.994607 0.559333 0.989214 0.515333 0.971495 0.442000 0.968413 0.419333 0.955316 0.364000 0.947612 0.305333 0.944530 0.254000 0.946841 0.148667 0.949153 0.125333 0.953775 0.114000 0.954545 0.096667 0.952234 0.085333 0.947612 0.078000 0.934515 0.072667
