1 0.947273 0.232727 0.910909 0.230909 0.900000 0.234545 0.896364 0.241818 0.896364 0.276364 0.883636 0.370909 0.852727 0.414545 0.850909 0.474545 0.836364 0.570909 0.832727 0.645455 0.829091 0.656364 0.834545 0.669091 0.903636 0.661818 0.927273 0.656364 0.930909 0.650909 0.952727 0.514545 0.954545 0.481818 0.963636 0.443636 0.961818 0.414545 0.943636 0.383636 0.952727 0.289091 0.960000 0.256364 0.956364 0.236364
1 0.827273 0.201818 0.812727 0.207273 0.810909 0.229091 0.832727 0.234545 0.843636 0.245455 0.829091 0.389091 0.850909 0.414545 0.876364 0.381818 0.874545 0.369091 0.860000 0.350909 0.865455 0.261818 0.872727 0.216364 0.861818 0.203636
1 0.829091 0.234545 0.796364 0.232727 0.781818 0.236364 0.780000 0.285455 0.769091 0.370909 0.763636 0.387273 0.749091 0.400000 0.740000 0.421818 0.736364 0.525455 0.730909 0.558182 0.730909 0.576364 0.734545 0.580000 0.729091 0.596364 0.730909 0.620000 0.727273 0.629091 0.725455 0.685455 0.721818 0.690909 0.752727 0.689091 0.810909 0.676364 0.820000 0.667273 0.823636 0.656364 0.849091 0.441818 0.847273 0.418182 0.827273 0.385455 0.836364 0.276364 0.841818 0.258182 0.840000 0.241818
1 0.710909 0.203636 0.694545 0.212727 0.694545 0.236364 0.718182 0.241818 0.725455 0.249091 0.716364 0.390909 0.727273 0.410909 0.738182 0.416364 0.745455 0.401818 0.761818 0.383636 0.761818 0.372727 0.747273 0.356364 0.743636 0.343636 0.747273 0.252727 0.752727 0.234545 0.752727 0.214545 0.740000 0.205455
1 0.705455 0.240000 0.687273 0.238182 0.665455 0.243636 0.661818 0.252727 0.663636 0.283636 0.654545 0.385455 0.636364 0.407273 0.625455 0.429091 0.620000 0.629091 0.610909 0.681818 0.612727 0.709091 0.618182 0.720000 0.647273 0.707273 0.705455 0.696364 0.712727 0.687273 0.714545 0.618182 0.723636 0.556364 0.727273 0.474545 0.734545 0.427273 0.714545 0.394545 0.721818 0.247273
1 0.976364 0.694545 0.965455 0.672727 0.950909 0.660000 0.927273 0.658182 0.787273 0.690909 0.741818 0.694545 0.647273 0.710909 0.625455 0.720000 0.598182 0.747273 0.461818 0.774545 0.456364 0.789091 0.456364 0.809091 0.461818 0.827273 0.469091 0.834545 0.598182 0.810909 0.621818 0.810909 0.647273 0.823636 0.672727 0.823636 0.961818 0.763636 0.976364 0.747273 0.980000 0.723636
1 0.409091 0.236364 0.381818 0.238182 0.367273 0.247273 0.374545 0.385455 0.350909 0.429091 0.360000 0.514545 0.365455 0.705455 0.369091 0.714545 0.401818 0.700000 0.465455 0.658182 0.461818 0.430909 0.454545 0.410909 0.440000 0.396364 0.432727 0.378182 0.429091 0.247273 0.425455 0.241818
1 0.272727 0.252727 0.250909 0.260000 0.249091 0.265455 0.256364 0.325455 0.258182 0.412727 0.241818 0.432727 0.240000 0.452727 0.256364 0.476364 0.263636 0.509091 0.274545 0.614545 0.272727 0.636364 0.276364 0.649091 0.283636 0.760000 0.290909 0.760000 0.343636 0.732727 0.360000 0.718182 0.358182 0.621818 0.352727 0.563636 0.350909 0.454545 0.343636 0.430909 0.321818 0.405455 0.310909 0.298182 0.312727 0.267273 0.310909 0.260000 0.303636 0.254545
1 0.614545 0.610909 0.601818 0.612727 0.549091 0.645455 0.534545 0.641818 0.500000 0.643636 0.380000 0.716364 0.281818 0.769091 0.250909 0.792727 0.243636 0.814545 0.247273 0.834545 0.258182 0.858182 0.289091 0.889091 0.305455 0.894545 0.321818 0.890909 0.445455 0.809091 0.452727 0.801818 0.456364 0.781818 0.465455 0.770909 0.509091 0.763636 0.534545 0.750909 0.561818 0.729091 0.569091 0.718182 0.574545 0.692727 0.609091 0.667273 0.616364 0.625455
1 0.174545 0.247273 0.147273 0.247273 0.134545 0.250909 0.127273 0.258182 0.141818 0.403636 0.125455 0.425455 0.123636 0.443636 0.134545 0.458182 0.138182 0.470909 0.143636 0.470909 0.156364 0.456364 0.156364 0.429091 0.140000 0.298182 0.147273 0.287273 0.192727 0.278182 0.187273 0.250909
1 0.183636 0.283636 0.149091 0.290909 0.141818 0.300000 0.149091 0.330909 0.158182 0.454545 0.140000 0.478182 0.140000 0.503636 0.150909 0.554545 0.158182 0.636364 0.170909 0.712727 0.176364 0.796364 0.194545 0.812727 0.230909 0.816364 0.241818 0.810909 0.249091 0.790909 0.280000 0.763636 0.274545 0.727273 0.265455 0.567273 0.254545 0.480000 0.227273 0.443636 0.220000 0.416364 0.216364 0.360000 0.210909 0.334545 0.210909 0.296364 0.203636 0.285455
1 0.038182 0.269091 0.021818 0.274545 0.014545 0.283636 0.034545 0.421818 0.034545 0.438182 0.016364 0.469091 0.014545 0.492727 0.061818 0.770909 0.076364 0.790909 0.100000 0.798182 0.132727 0.796364 0.160000 0.783636 0.169091 0.770909 0.169091 0.752727 0.154545 0.681818 0.150909 0.629091 0.136364 0.558182 0.132727 0.509091 0.134545 0.470909 0.130909 0.458182 0.105455 0.430909 0.100000 0.418182 0.081818 0.278182 0.067273 0.269091
