1 0.507018 0.102632 0.501754 0.118421 0.503509 0.292105 0.475439 0.336842 0.464912 0.376316 0.463158 0.881579 0.470175 0.894737 0.484211 0.902632 0.545614 0.907895 0.577193 0.894737 0.582456 0.884211 0.585965 0.857895 0.587719 0.373684 0.578947 0.342105 0.554386 0.305263 0.550877 0.289474 0.549123 0.107895 0.535088 0.100000
1 0.707018 0.121053 0.696491 0.134211 0.696491 0.257895 0.692982 0.300000 0.664912 0.352632 0.657895 0.376316 0.652632 0.818421 0.656140 0.855263 0.666667 0.868421 0.685965 0.876316 0.736842 0.878947 0.763158 0.871053 0.770175 0.847368 0.777193 0.392105 0.770175 0.352632 0.750877 0.321053 0.743860 0.297368 0.742105 0.128947 0.733333 0.121053
1 0.777193 0.144737 0.766667 0.150000 0.764912 0.163158 0.766667 0.255263 0.759649 0.323684 0.773684 0.357895 0.778947 0.389474 0.773684 0.836842 0.775439 0.842105 0.812281 0.842105 0.821053 0.834211 0.822807 0.628947 0.831579 0.352632 0.810526 0.313158 0.807018 0.223684 0.808772 0.152632 0.801754 0.144737
1 0.884211 0.118421 0.871930 0.128947 0.871930 0.207895 0.864912 0.307895 0.836842 0.352632 0.829825 0.384211 0.824561 0.844737 0.826316 0.863158 0.833333 0.873684 0.875439 0.889474 0.926316 0.889474 0.942105 0.878947 0.949123 0.826316 0.956140 0.376316 0.949123 0.350000 0.924561 0.315789 0.921053 0.302632 0.919298 0.126316 0.912281 0.118421
1 0.578947 0.136842 0.563158 0.139474 0.557895 0.150000 0.559649 0.247368 0.556140 0.302632 0.582456 0.347368 0.589474 0.376316 0.587719 0.831579 0.591228 0.844737 0.619298 0.839474 0.628070 0.828947 0.631579 0.376316 0.624561 0.347368 0.608772 0.323684 0.601754 0.300000 0.598246 0.228947 0.600000 0.152632 0.596491 0.142105
1 0.661404 0.155263 0.643860 0.157895 0.640351 0.163158 0.638596 0.292105 0.635088 0.318421 0.626316 0.336842 0.633333 0.392105 0.629825 0.807895 0.635088 0.815789 0.649123 0.815789 0.652632 0.807895 0.656140 0.381579 0.664912 0.352632 0.680702 0.323684 0.678947 0.165789 0.673684 0.157895
1 0.500000 0.157895 0.475439 0.157895 0.470175 0.165789 0.468421 0.300000 0.475439 0.323684 0.487719 0.318421 0.500000 0.289474
1 0.438596 0.131579 0.426316 0.134211 0.421053 0.142105 0.422807 0.239474 0.419298 0.305263 0.414035 0.321053 0.392982 0.352632 0.389474 0.368421 0.389474 0.828947 0.401754 0.847368 0.450877 0.855263 0.459649 0.847368 0.461404 0.834211 0.457895 0.721053 0.461404 0.376316 0.475439 0.328947 0.464912 0.297368 0.464912 0.144737 0.459649 0.134211
1 0.335088 0.152632 0.331579 0.157895 0.335088 0.297368 0.340351 0.315789 0.364912 0.355263 0.370175 0.381579 0.371930 0.807895 0.380702 0.807895 0.384211 0.800000 0.387719 0.747368 0.387719 0.381579 0.382456 0.350000 0.368421 0.328947 0.361404 0.307895 0.357895 0.157895
1 0.289474 0.118421 0.284211 0.128947 0.285965 0.231579 0.282456 0.302632 0.252632 0.355263 0.249123 0.389474 0.256140 0.776316 0.252632 0.850000 0.257895 0.865789 0.270175 0.873684 0.331579 0.876316 0.361404 0.863158 0.366667 0.855263 0.370175 0.828947 0.368421 0.376316 0.359649 0.344737 0.336842 0.310526 0.333333 0.294737 0.329825 0.128947 0.322807 0.118421
1 0.196491 0.134211 0.187719 0.139474 0.184211 0.302632 0.180702 0.315789 0.157895 0.352632 0.156140 0.365789 0.164912 0.831579 0.168421 0.839474 0.182456 0.844737 0.226316 0.844737 0.245614 0.839474 0.250877 0.831579 0.247368 0.384211 0.252632 0.342105 0.236842 0.318421 0.233333 0.305263 0.229825 0.144737 0.222807 0.136842
1 0.075439 0.078947 0.064912 0.094737 0.066667 0.202632 0.061404 0.292105 0.033333 0.342105 0.026316 0.384211 0.033333 0.842105 0.036842 0.873684 0.049123 0.886842 0.110526 0.889474 0.150877 0.873684 0.157895 0.863158 0.161404 0.844737 0.154386 0.360526 0.121053 0.289474 0.115789 0.210526 0.115789 0.094737 0.105263 0.081579
