1 0.493610 0.745803 0.469649 0.764988 0.458466 0.803357 0.458466 0.824940 0.476038 0.870504 0.484026 0.906475 0.498403 0.918465 0.509585 0.918465 0.519169 0.913669 0.528754 0.896882 0.533546 0.858513 0.544728 0.832134 0.541534 0.788969 0.533546 0.776978 0.530351 0.760192 0.514377 0.745803
1 0.429712 0.745803 0.402556 0.750600 0.380192 0.781775 0.359425 0.865707 0.359425 0.889688 0.369010 0.911271 0.380192 0.918465 0.397764 0.916067 0.420128 0.880096 0.432907 0.872902 0.447284 0.848921 0.453674 0.822542 0.452077 0.776978 0.445687 0.762590
1 0.429712 0.613909 0.400958 0.616307 0.378594 0.640288 0.365815 0.678657 0.365815 0.709832 0.375399 0.726619 0.404153 0.743405 0.428115 0.738609 0.445687 0.721823 0.455272 0.690647 0.455272 0.657074 0.444089 0.623501
1 0.372204 0.637890 0.362620 0.623501 0.349840 0.616307 0.313099 0.616307 0.298722 0.625899 0.284345 0.649880 0.266773 0.657074 0.252396 0.673861 0.247604 0.690647 0.249201 0.714628 0.263578 0.733813 0.298722 0.731415 0.308307 0.741007 0.338658 0.738609 0.357827 0.719424
1 0.279553 0.640288 0.260383 0.621103 0.215655 0.630695 0.206070 0.640288 0.175719 0.654676 0.142173 0.657074 0.124601 0.681055 0.124601 0.717026 0.145367 0.745803 0.178914 0.738609 0.188498 0.731415 0.241214 0.724221 0.247604 0.717026 0.247604 0.693046 0.252396 0.673861 0.261981 0.659472 0.276358 0.652278
1 0.188498 0.635492 0.174121 0.625899 0.134185 0.625899 0.097444 0.657074 0.059105 0.669065 0.033546 0.669065 0.017572 0.678657 0.009585 0.690647 0.006390 0.726619 0.014377 0.743405 0.027157 0.750600 0.051118 0.748201 0.062300 0.741007 0.130990 0.738609 0.132588 0.733813 0.124601 0.709832 0.124601 0.690647 0.130990 0.673861 0.143770 0.657074 0.183706 0.647482
1 0.373802 0.769784 0.359425 0.752998 0.343450 0.745803 0.317891 0.748201 0.298722 0.760192 0.290735 0.772182 0.274760 0.815348 0.242812 0.853717 0.238019 0.870504 0.242812 0.901679 0.252396 0.913669 0.273163 0.916067 0.306709 0.882494 0.329073 0.880096 0.346645 0.868106 0.365815 0.832134
1 0.557508 0.757794 0.547923 0.779376 0.546326 0.793765 0.547923 0.834532 0.555911 0.858513 0.568690 0.880096 0.589457 0.892086 0.603834 0.918465 0.618211 0.925659 0.635783 0.918465 0.643770 0.904077 0.645367 0.870504 0.635783 0.844125 0.632588 0.810552 0.624601 0.786571 0.608626 0.762590 0.594249 0.752998 0.567093 0.752998
1 0.984026 0.510791 0.976038 0.494005 0.958466 0.484412 0.920128 0.496403 0.869010 0.498801 0.869010 0.534772 0.862620 0.549161 0.848243 0.561151 0.813099 0.570743 0.790735 0.592326 0.789137 0.601918 0.797125 0.609113 0.861022 0.609113 0.892971 0.577938 0.932907 0.561151 0.969649 0.558753 0.984026 0.539568
1 0.968051 0.345324 0.956869 0.328537 0.936102 0.323741 0.908946 0.345324 0.869010 0.362110 0.859425 0.374101 0.854633 0.388489 0.840256 0.402878 0.827476 0.407674 0.814696 0.419664 0.808307 0.434053 0.800319 0.438849 0.784345 0.467626 0.782748 0.482014 0.829073 0.484412 0.853035 0.479616 0.865815 0.470024 0.880192 0.443645 0.929712 0.402878 0.958466 0.390887 0.969649 0.369305
1 0.948882 0.189448 0.936102 0.175060 0.915335 0.175060 0.891374 0.203837 0.819489 0.256595 0.798722 0.287770 0.795527 0.306954 0.785942 0.323741 0.784345 0.342926 0.803514 0.342926 0.814696 0.328537 0.827476 0.321343 0.841853 0.321343 0.851438 0.328537 0.862620 0.326139 0.888179 0.287770 0.945687 0.232614 0.952077 0.213429
1 0.857827 0.338129 0.843450 0.323741 0.825879 0.323741 0.801917 0.347722 0.750799 0.369305 0.742812 0.390887 0.720447 0.414868 0.718850 0.434053 0.706070 0.460432 0.707668 0.472422 0.768371 0.477218 0.779553 0.470024 0.817891 0.414868 0.849840 0.390887 0.857827 0.378897
1 0.869010 0.503597 0.853035 0.484412 0.830671 0.484412 0.813099 0.494005 0.776358 0.496403 0.761981 0.503597 0.755591 0.510791 0.753994 0.544365 0.747604 0.561151 0.734824 0.570743 0.733227 0.589928 0.753994 0.606715 0.774760 0.606715 0.816294 0.565947 0.856230 0.556355 0.867412 0.541966 0.870607 0.525180
1 0.718850 0.628297 0.720447 0.654676 0.739617 0.657074 0.747604 0.664269 0.763578 0.690647 0.769968 0.721823 0.861022 0.733813 0.870607 0.726619 0.875399 0.714628 0.875399 0.678657 0.857827 0.654676 0.808307 0.645084 0.785942 0.630695 0.779553 0.633094 0.761981 0.623501 0.728435 0.623501
1 0.632588 0.657074 0.643770 0.695444 0.643770 0.721823 0.650160 0.733813 0.667732 0.745803 0.693291 0.748201 0.702875 0.738609 0.746006 0.741007 0.757188 0.731415 0.763578 0.712230 0.761981 0.690647 0.752396 0.671463 0.744409 0.664269 0.720447 0.659472 0.696486 0.625899 0.656550 0.623501 0.648562 0.628297
1 0.755591 0.517986 0.747604 0.498801 0.733227 0.489209 0.707668 0.496403 0.674121 0.494005 0.670927 0.498801 0.648562 0.501199 0.640575 0.513189 0.640575 0.541966 0.626198 0.575540 0.626198 0.594724 0.638978 0.609113 0.690096 0.609113 0.702875 0.594724 0.712460 0.592326 0.720447 0.577938 0.733227 0.573141 0.738019 0.563549 0.746006 0.563549 0.755591 0.541966
1 0.512780 0.318945 0.495208 0.318945 0.484026 0.330935 0.477636 0.345324 0.477636 0.362110 0.461661 0.398082 0.460064 0.424460 0.463259 0.446043 0.471246 0.467626 0.485623 0.479616 0.523962 0.472422 0.530351 0.465228 0.533546 0.446043 0.539936 0.436451 0.543131 0.400480 0.531949 0.381295 0.528754 0.338129
1 0.500000 0.482014 0.477636 0.494005 0.469649 0.505995 0.461661 0.546763 0.468051 0.580336 0.476038 0.594724 0.490415 0.606715 0.507987 0.609113 0.522364 0.601918 0.531949 0.589928 0.531949 0.580336 0.543131 0.556355 0.543131 0.532374 0.531949 0.501199 0.522364 0.486811
1 0.488818 0.616307 0.469649 0.633094 0.461661 0.657074 0.461661 0.702638 0.469649 0.721823 0.487220 0.741007 0.520767 0.738609 0.539936 0.709832 0.543131 0.695444 0.541534 0.654676 0.527157 0.625899 0.511182 0.613909
1 0.555911 0.637890 0.546326 0.664269 0.546326 0.688249 0.551118 0.714628 0.563898 0.736211 0.576677 0.745803 0.599042 0.748201 0.630990 0.738609 0.640575 0.726619 0.643770 0.712230 0.642173 0.688249 0.624601 0.654676 0.624601 0.647482 0.613419 0.637890 0.608626 0.625899 0.579872 0.618705 0.562300 0.628297
1 0.632588 0.496403 0.623003 0.489209 0.594249 0.489209 0.565495 0.498801 0.552716 0.517986 0.547923 0.534772 0.547923 0.577938 0.554313 0.592326 0.567093 0.606715 0.586262 0.611511 0.600639 0.609113 0.616613 0.594724 0.637380 0.551559 0.642173 0.532374 0.640575 0.510791
1 0.629393 0.328537 0.619808 0.323741 0.602236 0.328537 0.581470 0.364508 0.575080 0.362110 0.562300 0.371703 0.546326 0.405276 0.539936 0.462830 0.546326 0.484412 0.567093 0.494005 0.597444 0.482014 0.619808 0.453237 0.627796 0.407674 0.640575 0.381295 0.640575 0.350120
1 0.621406 0.175060 0.613419 0.170264 0.591054 0.175060 0.583067 0.191847 0.576677 0.227818 0.547923 0.268585 0.539936 0.292566 0.535144 0.350120 0.536741 0.369305 0.546326 0.390887 0.552716 0.390887 0.567093 0.369305 0.586262 0.357314 0.597444 0.335731 0.618211 0.311751 0.621406 0.294964 0.618211 0.270983 0.619808 0.251799 0.630990 0.218225 0.630990 0.196643
1 0.730032 0.172662 0.720447 0.165468 0.702875 0.165468 0.696486 0.170264 0.685304 0.199041 0.667732 0.225420 0.643770 0.242206 0.626198 0.275779 0.623003 0.311751 0.642173 0.350120 0.667732 0.357314 0.686901 0.340528 0.718850 0.244604 0.736422 0.213429 0.736422 0.184652
1 0.841853 0.175060 0.827476 0.163070 0.809904 0.165468 0.779553 0.208633 0.752396 0.237410 0.728435 0.244604 0.709265 0.290168 0.707668 0.323741 0.723642 0.323741 0.736422 0.330935 0.750799 0.354916 0.766773 0.347722 0.784345 0.321343 0.806709 0.270983 0.843450 0.215827 0.845048 0.184652
1 0.746006 0.345324 0.731629 0.328537 0.714058 0.326139 0.704473 0.330935 0.685304 0.359712 0.669329 0.362110 0.650160 0.374101 0.632588 0.402878 0.632588 0.453237 0.640575 0.467626 0.658147 0.482014 0.675719 0.482014 0.685304 0.472422 0.691693 0.472422 0.699681 0.450839 0.706070 0.448441 0.718850 0.410072 0.741214 0.390887 0.747604 0.369305
1 0.618211 0.755396 0.619808 0.769784 0.634185 0.800959 0.642173 0.851319 0.656550 0.875300 0.670927 0.884892 0.693291 0.882494 0.702875 0.887290 0.731629 0.920863 0.750799 0.920863 0.763578 0.904077 0.766773 0.889688 0.763578 0.860911 0.753994 0.844125 0.736422 0.832134 0.701278 0.769784 0.678914 0.752998 0.643770 0.743405 0.627796 0.745803
1 0.030351 0.347722 0.028754 0.378897 0.035144 0.393285 0.091054 0.424460 0.135783 0.479616 0.164537 0.479616 0.193291 0.486811 0.207668 0.484412 0.214058 0.477218 0.212460 0.465228 0.183706 0.417266 0.145367 0.388489 0.130990 0.364508 0.089457 0.347722 0.062300 0.328537 0.039936 0.333333
1 0.258786 0.170264 0.252396 0.184652 0.253994 0.213429 0.277955 0.258993 0.293930 0.316547 0.327476 0.350120 0.356230 0.362110 0.370607 0.328537 0.370607 0.299760 0.357827 0.256595 0.348243 0.242206 0.332268 0.235012 0.316294 0.218225 0.293930 0.167866 0.273163 0.160671
1 0.265176 0.326139 0.253994 0.350120 0.255591 0.374101 0.261981 0.388489 0.282748 0.410072 0.297125 0.450839 0.311502 0.472422 0.319489 0.477218 0.343450 0.477218 0.353035 0.472422 0.364217 0.455635 0.370607 0.436451 0.369010 0.417266 0.359425 0.386091 0.343450 0.362110 0.314696 0.352518 0.303514 0.330935 0.290735 0.321343
1 0.369010 0.501199 0.365815 0.515588 0.367412 0.544365 0.376997 0.577938 0.389776 0.594724 0.405751 0.604317 0.426518 0.604317 0.440895 0.597122 0.452077 0.580336 0.455272 0.568345 0.453674 0.522782 0.450479 0.510791 0.436102 0.491607 0.384984 0.484412
1 0.380192 0.321343 0.367412 0.350120 0.367412 0.369305 0.373802 0.386091 0.373802 0.414868 0.380192 0.446043 0.400958 0.474820 0.437700 0.482014 0.456869 0.455635 0.452077 0.390887 0.423323 0.357314 0.413738 0.333333 0.404153 0.321343
1 0.376997 0.167866 0.367412 0.187050 0.367412 0.213429 0.375399 0.237410 0.373802 0.287770 0.378594 0.314149 0.410543 0.328537 0.424920 0.354916 0.444089 0.369305 0.448882 0.378897 0.453674 0.378897 0.452077 0.369305 0.456869 0.357314 0.452077 0.275779 0.421725 0.227818 0.415335 0.187050 0.408946 0.172662 0.392971 0.163070
1 0.511182 0.163070 0.496805 0.160671 0.488818 0.165468 0.480831 0.177458 0.477636 0.191847 0.477636 0.237410 0.460064 0.278177 0.461661 0.326139 0.466454 0.333333 0.466454 0.357314 0.469649 0.364508 0.476038 0.362110 0.484026 0.333333 0.495208 0.321343 0.512780 0.321343 0.528754 0.342926 0.533546 0.330935 0.538339 0.287770 0.523962 0.235012 0.527157 0.208633 0.525559 0.184652
1 0.148562 0.179856 0.145367 0.189448 0.148562 0.220624 0.193291 0.285372 0.202875 0.323741 0.217252 0.347722 0.231629 0.359712 0.249201 0.359712 0.263578 0.328537 0.287540 0.311751 0.282748 0.280576 0.271565 0.261391 0.260383 0.251799 0.260383 0.244604 0.253994 0.239808 0.242812 0.242206 0.218850 0.220624 0.185304 0.170264 0.162939 0.165468
1 0.142173 0.342926 0.138978 0.357314 0.142173 0.381295 0.159744 0.398082 0.169329 0.400480 0.228435 0.477218 0.249201 0.482014 0.260383 0.472422 0.276358 0.472422 0.279553 0.465228 0.281150 0.472422 0.287540 0.472422 0.290735 0.453237 0.285942 0.434053 0.277955 0.424460 0.266773 0.395683 0.252396 0.386091 0.247604 0.376499 0.226837 0.371703 0.170927 0.323741 0.150160 0.328537 0.146965 0.340528
1 0.030351 0.184652 0.027157 0.208633 0.031949 0.227818 0.041534 0.239808 0.067093 0.254197 0.089457 0.278177 0.113419 0.311751 0.118211 0.328537 0.127796 0.342926 0.138978 0.342926 0.142173 0.328537 0.148562 0.328537 0.166134 0.314149 0.178914 0.323741 0.194888 0.311751 0.183706 0.280576 0.158147 0.258993 0.151757 0.247002 0.087859 0.199041 0.083067 0.187050 0.068690 0.172662 0.039936 0.172662
1 0.252396 0.501199 0.249201 0.532374 0.257188 0.551559 0.263578 0.558753 0.282748 0.563549 0.311502 0.601918 0.327476 0.606715 0.351438 0.594724 0.359425 0.585132 0.367412 0.561151 0.359425 0.520384 0.341853 0.494005 0.327476 0.486811 0.297125 0.489209 0.289137 0.484412 0.268371 0.484412
1 0.134185 0.505995 0.134185 0.534772 0.140575 0.549161 0.153355 0.558753 0.185304 0.565947 0.222045 0.604317 0.231629 0.609113 0.268371 0.609113 0.293930 0.599520 0.284345 0.575540 0.268371 0.563549 0.250799 0.539568 0.249201 0.517986 0.244409 0.513189 0.199681 0.505995 0.172524 0.484412 0.146965 0.486811
1 0.015974 0.510791 0.015974 0.546763 0.028754 0.563549 0.063898 0.565947 0.091054 0.575540 0.124601 0.597122 0.134185 0.609113 0.190096 0.609113 0.186901 0.599520 0.201278 0.592326 0.194888 0.575540 0.182109 0.565947 0.146965 0.556355 0.135783 0.532374 0.134185 0.503597 0.084665 0.501199 0.055911 0.489209 0.035144 0.489209
1 0.797125 0.750600 0.808307 0.776978 0.806709 0.786571 0.835463 0.820144 0.864217 0.836930 0.889776 0.875300 0.937700 0.894484 0.971246 0.916067 0.990415 0.913669 1.000000 0.899281 1.000000 0.863309 0.987220 0.839329 0.958466 0.829736 0.923323 0.808153 0.888179 0.779376 0.872204 0.755396 0.856230 0.745803 0.814696 0.743405 0.809904 0.750600
1 0.720447 0.755396 0.718850 0.803357 0.733227 0.827338 0.749201 0.836930 0.766773 0.860911 0.811502 0.884892 0.845048 0.911271 0.859425 0.913669 0.875399 0.904077 0.881789 0.872902 0.873802 0.848921 0.867412 0.844125 0.861022 0.846523 0.859425 0.836930 0.840256 0.829736 0.827476 0.812950 0.814696 0.805755 0.789137 0.779376 0.768371 0.779376 0.753994 0.752998 0.728435 0.750600
1 0.193291 0.762590 0.185304 0.755396 0.156550 0.755396 0.130990 0.762590 0.105431 0.784173 0.095847 0.803357 0.081470 0.817746 0.044728 0.844125 0.009585 0.858513 0.000000 0.870504 0.000000 0.930456 0.009585 0.937650 0.035144 0.935252 0.071885 0.906475 0.110224 0.887290 0.130990 0.846523 0.172524 0.815348 0.185304 0.796163
1 0.263578 0.776978 0.246006 0.752998 0.218850 0.760192 0.175719 0.812950 0.127796 0.848921 0.116613 0.872902 0.118211 0.906475 0.129393 0.920863 0.148562 0.923261 0.190096 0.887290 0.228435 0.868106 0.269968 0.812950
1 0.803514 0.628297 0.808307 0.637890 0.854633 0.654676 0.865815 0.664269 0.875399 0.685851 0.875399 0.709832 0.870607 0.719424 0.872204 0.729017 0.936102 0.724221 0.955272 0.733813 0.976038 0.733813 0.987220 0.724221 0.992013 0.712230 0.992013 0.683453 0.982428 0.664269 0.968051 0.657074 0.923323 0.654676 0.889776 0.642686 0.865815 0.625899 0.817891 0.623501
