2 0.000000 0.078571 0.000000 0.264286 0.017291 0.275000 0.063401 0.275000 0.095101 0.250000 0.118156 0.217857 0.126801 0.185714 0.123919 0.135714 0.112392 0.110714 0.074928 0.075000 0.017291 0.071429
2 0.193084 0.085714 0.155620 0.110714 0.141210 0.135714 0.132565 0.164286 0.132565 0.214286 0.141210 0.242857 0.167147 0.275000 0.201729 0.292857 0.230548 0.292857 0.259366 0.278571 0.288184 0.246429 0.299712 0.214286 0.299712 0.153571 0.288184 0.125000 0.262248 0.096429 0.236311 0.085714
2 0.368876 0.071429 0.334294 0.092857 0.317003 0.117857 0.305476 0.164286 0.308357 0.203571 0.322767 0.239286 0.345821 0.264286 0.371758 0.278571 0.409222 0.278571 0.461095 0.235714 0.475504 0.189286 0.472622 0.142857 0.458213 0.107143 0.423631 0.075000
2 0.561960 0.071429 0.527378 0.092857 0.510086 0.117857 0.498559 0.153571 0.501441 0.214286 0.544669 0.267857 0.567723 0.278571 0.599424 0.278571 0.648415 0.242857 0.665706 0.203571 0.668588 0.150000 0.657061 0.117857 0.631124 0.085714 0.602305 0.071429
2 0.740634 0.075000 0.711816 0.089286 0.688761 0.114286 0.674352 0.153571 0.674352 0.203571 0.688761 0.242857 0.708934 0.264286 0.737752 0.282143 0.775216 0.282143 0.801153 0.267857 0.829971 0.232143 0.841499 0.200000 0.841499 0.150000 0.827089 0.114286 0.804035 0.089286 0.772334 0.075000
2 0.902017 0.075000 0.873199 0.096429 0.853026 0.128571 0.847262 0.153571 0.853026 0.217857 0.870317 0.250000 0.902017 0.275000 0.948127 0.278571 0.968300 0.271429 1.000000 0.228571 1.000000 0.110714 0.956772 0.075000
2 0.000000 0.292857 0.000000 0.482143 0.025937 0.492857 0.063401 0.489286 0.097983 0.464286 0.118156 0.432143 0.123919 0.403571 0.121037 0.350000 0.109510 0.325000 0.077810 0.292857 0.048991 0.285714
2 0.195965 0.300000 0.167147 0.314286 0.146974 0.335714 0.132565 0.371429 0.129683 0.421429 0.141210 0.460714 0.167147 0.492857 0.195965 0.507143 0.227666 0.507143 0.253602 0.496429 0.288184 0.457143 0.296830 0.432143 0.299712 0.385714 0.288184 0.346429 0.273775 0.325000 0.239193 0.303571
2 0.365994 0.289286 0.340058 0.303571 0.314121 0.339286 0.305476 0.367857 0.308357 0.421429 0.319885 0.450000 0.348703 0.482143 0.374640 0.492857 0.414986 0.489286 0.440922 0.471429 0.461095 0.442857 0.472622 0.396429 0.469741 0.353571 0.461095 0.328571 0.429395 0.296429 0.412104 0.289286
2 0.553314 0.289286 0.533141 0.303571 0.507205 0.342857 0.501441 0.360714 0.501441 0.421429 0.521614 0.464286 0.544669 0.485714 0.576369 0.496429 0.608069 0.492857 0.634006 0.475000 0.659942 0.439286 0.668588 0.407143 0.665706 0.350000 0.636888 0.303571 0.613833 0.289286
2 0.740634 0.289286 0.711816 0.303571 0.685879 0.335714 0.674352 0.375000 0.677233 0.428571 0.685879 0.453571 0.714697 0.485714 0.740634 0.500000 0.772334 0.500000 0.809798 0.478571 0.827089 0.457143 0.841499 0.421429 0.844380 0.375000 0.835735 0.342857 0.809798 0.307143 0.783862 0.292857
2 0.902017 0.289286 0.876081 0.307143 0.853026 0.342857 0.853026 0.432143 0.864553 0.457143 0.899135 0.489286 0.930836 0.496429 0.971182 0.485714 1.000000 0.450000 1.000000 0.325000 0.959654 0.289286
2 0.008646 0.500000 0.000000 0.507143 0.000000 0.703571 0.017291 0.710714 0.063401 0.707143 0.092219 0.685714 0.112392 0.657143 0.121037 0.625000 0.121037 0.578571 0.106628 0.539286 0.074928 0.507143 0.060519 0.500000
2 0.195965 0.514286 0.158501 0.535714 0.135447 0.571429 0.129683 0.589286 0.132565 0.660714 0.167147 0.710714 0.193084 0.725000 0.230548 0.725000 0.256484 0.710714 0.288184 0.671429 0.296830 0.650000 0.296830 0.585714 0.282421 0.553571 0.259366 0.528571 0.242075 0.517857
2 0.354467 0.507143 0.317003 0.546429 0.308357 0.567857 0.308357 0.646429 0.328530 0.685714 0.357349 0.707143 0.417867 0.707143 0.435159 0.696429 0.466859 0.650000 0.472622 0.617857 0.466859 0.557143 0.443804 0.521429 0.406340 0.500000
2 0.564841 0.500000 0.530259 0.521429 0.507205 0.553571 0.498559 0.585714 0.498559 0.632143 0.507205 0.660714 0.533141 0.696429 0.570605 0.714286 0.608069 0.710714 0.639769 0.689286 0.657061 0.664286 0.668588 0.625000 0.665706 0.567857 0.648415 0.532143 0.634006 0.517857 0.599424 0.500000
2 0.726225 0.510714 0.703170 0.528571 0.680115 0.564286 0.674352 0.589286 0.677233 0.650000 0.688761 0.675000 0.717579 0.707143 0.740634 0.717857 0.775216 0.717857 0.821326 0.685714 0.835735 0.657143 0.844380 0.625000 0.841499 0.578571 0.829971 0.550000 0.809798 0.525000 0.786744 0.510714
2 0.887608 0.510714 0.861671 0.539286 0.850144 0.564286 0.850144 0.635714 0.861671 0.667857 0.884726 0.696429 0.913545 0.710714 0.951009 0.710714 0.985591 0.696429 1.000000 0.678571 1.000000 0.539286 0.976945 0.514286 0.948127 0.500000 0.910663 0.500000
2 0.000000 0.721429 0.000000 0.925000 0.072046 0.921429 0.103746 0.889286 0.115274 0.864286 0.121037 0.835714 0.115274 0.778571 0.100865 0.750000 0.066282 0.721429
2 0.170029 0.742857 0.141210 0.775000 0.126801 0.810714 0.126801 0.864286 0.138329 0.900000 0.158501 0.925000 0.242075 0.928571 0.276657 0.907143 0.288184 0.892857 0.296830 0.864286 0.296830 0.807143 0.276657 0.764286 0.230548 0.732143 0.193084 0.732143
2 0.357349 0.725000 0.337176 0.739286 0.311239 0.782143 0.305476 0.846429 0.314121 0.878571 0.342939 0.917857 0.357349 0.925000 0.426513 0.921429 0.458213 0.896429 0.469741 0.875000 0.478386 0.835714 0.472622 0.778571 0.458213 0.750000 0.426513 0.725000 0.403458 0.717857
2 0.538905 0.728571 0.510086 0.760714 0.498559 0.792857 0.498559 0.857143 0.507205 0.882143 0.530259 0.914286 0.547550 0.925000 0.616715 0.925000 0.636888 0.914286 0.657061 0.885714 0.668588 0.839286 0.668588 0.803571 0.654179 0.760714 0.628242 0.732143 0.596542 0.717857 0.564841 0.717857
2 0.720461 0.728571 0.688761 0.757143 0.674352 0.792857 0.674352 0.857143 0.682997 0.885714 0.717579 0.925000 0.783862 0.928571 0.806916 0.921429 0.829971 0.896429 0.841499 0.864286 0.844380 0.803571 0.838617 0.782143 0.812680 0.742857 0.772334 0.721429
2 0.890490 0.725000 0.867435 0.746429 0.850144 0.785714 0.850144 0.853571 0.858790 0.882143 0.881844 0.914286 0.899135 0.925000 0.982709 0.921429 1.000000 0.903571 1.000000 0.753571 0.953890 0.717857 0.919308 0.714286
