5 0.000000 0.125000 0.000000 0.665000 0.008596 0.730000 0.012894 0.832500 0.017192 0.847500 0.038682 0.870000 0.050143 0.952500 0.055874 0.960000 0.077364 0.960000 0.091691 0.952500 0.095989 0.942500 0.095989 0.852500 0.116046 0.815000 0.116046 0.792500 0.110315 0.760000 0.108883 0.697500 0.103152 0.645000 0.088825 0.340000 0.074499 0.205000 0.071633 0.142500 0.068768 0.122500 0.064470 0.115000
5 0.067335 0.077500 0.064470 0.080000 0.064470 0.102500 0.074499 0.162500 0.078797 0.227500 0.091691 0.335000 0.101719 0.550000 0.114613 0.700000 0.118911 0.825000 0.123209 0.850000 0.126074 0.910000 0.133238 0.932500 0.140401 0.940000 0.177650 0.937500 0.212034 0.927500 0.223496 0.907500 0.223496 0.752500 0.219198 0.640000 0.210602 0.510000 0.204871 0.472500 0.196275 0.315000 0.189112 0.267500 0.184814 0.202500 0.173352 0.125000 0.167622 0.100000 0.159026 0.087500
5 0.169054 0.075000 0.164756 0.077500 0.164756 0.090000 0.176218 0.130000 0.187679 0.207500 0.210602 0.420000 0.219198 0.605000 0.227794 0.685000 0.229226 0.787500 0.234957 0.800000 0.250716 0.812500 0.257880 0.885000 0.263610 0.897500 0.275072 0.902500 0.296562 0.897500 0.306590 0.882500 0.306590 0.802500 0.326648 0.770000 0.297994 0.317500 0.293696 0.205000 0.293696 0.135000 0.296562 0.110000 0.292264 0.097500 0.285100 0.092500 0.212034 0.077500
5 0.297994 0.177500 0.295129 0.185000 0.296562 0.240000 0.320917 0.640000 0.326648 0.687500 0.328080 0.747500 0.340974 0.775000 0.342407 0.817500 0.348138 0.845000 0.362464 0.857500 0.389685 0.850000 0.398281 0.830000 0.399713 0.807500 0.393983 0.770000 0.405444 0.745000 0.388252 0.200000 0.381089 0.170000
5 0.382521 0.092500 0.381089 0.132500 0.391117 0.212500 0.399713 0.485000 0.408309 0.637500 0.408309 0.727500 0.411175 0.740000 0.424069 0.760000 0.431232 0.835000 0.442693 0.847500 0.464183 0.847500 0.472779 0.842500 0.478510 0.830000 0.479943 0.757500 0.494269 0.727500 0.489971 0.667500 0.485673 0.477500 0.485673 0.175000 0.492837 0.145000 0.492837 0.125000 0.469914 0.110000 0.414040 0.102500
5 0.500000 0.157500 0.488539 0.167500 0.492837 0.660000 0.497135 0.702500 0.495702 0.740000 0.507163 0.767500 0.511461 0.837500 0.527221 0.850000 0.545845 0.850000 0.557307 0.837500 0.561605 0.767500 0.571633 0.747500 0.575931 0.717500 0.575931 0.587500 0.580229 0.502500 0.575931 0.275000 0.568768 0.177500 0.564470 0.160000
5 0.570201 0.115000 0.565903 0.132500 0.577364 0.267500 0.591691 0.690000 0.598854 0.805000 0.606017 0.820000 0.618911 0.827500 0.661891 0.827500 0.677650 0.817500 0.683381 0.805000 0.683381 0.665000 0.671920 0.410000 0.654728 0.177500 0.646132 0.162500
5 0.650430 0.087500 0.647564 0.095000 0.673352 0.380000 0.690544 0.767500 0.694842 0.787500 0.717765 0.815000 0.727794 0.897500 0.742120 0.910000 0.766476 0.907500 0.777937 0.892500 0.777937 0.810000 0.792264 0.795000 0.799427 0.777500 0.796562 0.667500 0.782235 0.450000 0.773639 0.192500 0.767908 0.135000 0.760745 0.122500 0.693410 0.105000
5 0.767908 0.032500 0.763610 0.042500 0.779370 0.267500 0.782235 0.392500 0.795129 0.570000 0.800860 0.737500 0.809456 0.762500 0.825215 0.775000 0.829513 0.840000 0.833811 0.855000 0.842407 0.862500 0.873926 0.860000 0.882521 0.842500 0.883954 0.775000 0.901146 0.760000 0.906877 0.742500 0.902579 0.430000 0.888252 0.082500 0.872493 0.070000 0.830946 0.060000
5 0.895415 0.072500 0.891117 0.075000 0.889685 0.092500 0.896848 0.170000 0.899713 0.312500 0.905444 0.410000 0.909742 0.710000 0.905444 0.772500 0.929799 0.805000 0.936963 0.890000 0.948424 0.900000 0.968481 0.902500 0.984241 0.892500 0.989971 0.817500 0.994269 0.805000 1.000000 0.802500 1.000000 0.100000
