0 0.377083 0.003953 0.375000 0.094862 0.391667 0.169960 0.412500 0.217391 0.450000 0.252964 0.489583 0.264822 0.562500 0.245059 0.583333 0.221344 0.589583 0.225296 0.585417 0.213439 0.608333 0.189723 0.622917 0.154150 0.633333 0.000000
0 0.637500 0.233202 0.600000 0.237154 0.556250 0.276680 0.525000 0.332016 0.508333 0.383399 0.500000 0.434783 0.502083 0.561265 0.520833 0.628458 0.566667 0.707510 0.618750 0.735178 0.679167 0.715415 0.727083 0.664032 0.743750 0.624506 0.760417 0.521739 0.756250 0.399209 0.725000 0.312253 0.708333 0.280632 0.677083 0.249012
0 0.360417 0.861660 0.356250 0.901186 0.358333 0.956522 0.368750 1.000000 0.604167 1.000000 0.608333 0.992095 0.608333 0.932806 0.593750 0.833992 0.554167 0.747036 0.500000 0.703557 0.460417 0.703557 0.408333 0.743083 0.377083 0.798419
0 0.631250 0.857708 0.625000 0.909091 0.625000 0.976285 0.633333 1.000000 0.879167 1.000000 0.881250 0.913043 0.866667 0.826087 0.839583 0.766798 0.787500 0.719368 0.727083 0.711462 0.691667 0.731225 0.656250 0.778656
0 0.089583 0.869565 0.085417 0.956522 0.087500 0.988142 0.093750 1.000000 0.339583 0.996047 0.341667 0.948617 0.329167 0.861660 0.287500 0.762846 0.245833 0.723320 0.193750 0.715415 0.133333 0.754941 0.110417 0.798419
0 0.093750 0.023715 0.095833 0.102767 0.102083 0.146245 0.125000 0.221344 0.152083 0.264822 0.189583 0.288538 0.218750 0.296443 0.250000 0.292490 0.300000 0.249012 0.335417 0.166008 0.350000 0.071146 0.347917 0.000000 0.133333 0.000000 0.129167 0.007905 0.125000 0.000000 0.106250 0.000000 0.095833 0.007905
0 0.875000 0.288538 0.820833 0.339921 0.789583 0.407115 0.772917 0.482213 0.775000 0.573123 0.793750 0.664032 0.812500 0.703557 0.852083 0.758893 0.895833 0.782609 0.943750 0.774704 1.000000 0.727273 1.000000 0.359684 0.968750 0.316206 0.906250 0.284585
0 0.639583 0.154150 0.641667 0.193676 0.650000 0.225296 0.700000 0.256917 0.731250 0.296443 0.795833 0.332016 0.866667 0.268775 0.897917 0.209486 0.914583 0.126482 0.914583 0.027668 0.906250 0.000000 0.656250 0.000000 0.647917 0.039526
0 0.056250 0.268775 0.031250 0.284585 0.000000 0.324111 0.000000 0.687747 0.022917 0.719368 0.054167 0.743083 0.077083 0.750988 0.112500 0.747036 0.158333 0.711462 0.179167 0.679842 0.208333 0.604743 0.216667 0.537549 0.212500 0.446640 0.191667 0.367589 0.158333 0.308300 0.108333 0.268775
0 0.389583 0.245059 0.339583 0.245059 0.297917 0.272727 0.252083 0.359684 0.237500 0.418972 0.235417 0.549407 0.252083 0.636364 0.279167 0.687747 0.331250 0.731225 0.379167 0.731225 0.425000 0.695652 0.462500 0.640316 0.485417 0.561265 0.489583 0.521739 0.485417 0.430830 0.468750 0.351779 0.437500 0.288538
