0 0.112857 0.211429 0.104286 0.220952 0.102857 0.245714 0.105714 0.262857 0.094286 0.300952 0.104286 0.304762 0.110000 0.312381 0.114286 0.354286 0.118571 0.365714 0.150000 0.409524 0.164286 0.436190 0.172857 0.466667 0.178571 0.518095 0.182857 0.523810 0.187143 0.516190 0.188571 0.487619 0.195714 0.460952 0.200000 0.420952 0.194286 0.352381 0.184286 0.321905 0.148571 0.270476 0.142857 0.255238 0.142857 0.217143 0.132857 0.209524
0 0.967143 0.154286 0.952857 0.148571 0.938571 0.150476 0.932857 0.161905 0.931429 0.186667 0.927143 0.196190 0.894286 0.238095 0.888571 0.276190 0.892857 0.295238 0.911429 0.331429 0.924286 0.310476 0.931429 0.306667 0.952857 0.306667 0.977143 0.283810 0.985714 0.270476 0.984286 0.249524 0.967143 0.209524 0.965714 0.196190 0.971429 0.175238 0.971429 0.161905
0 0.950000 0.310476 0.930000 0.308571 0.921429 0.314286 0.915714 0.327619 0.912857 0.356190 0.898571 0.377143 0.858571 0.415238 0.844286 0.445714 0.832857 0.487619 0.827143 0.560000 0.821429 0.584762 0.821429 0.617143 0.844286 0.645714 0.877143 0.670476 0.874286 0.729524 0.880000 0.750476 0.885714 0.756190 0.905714 0.758095 0.920000 0.754286 0.924286 0.725714 0.930000 0.710476 0.948571 0.678095 0.968571 0.653333 0.982857 0.592381 0.992857 0.529524 0.994286 0.495238 0.991429 0.470476 0.985714 0.462857 0.985714 0.445714 0.970000 0.413333 0.958571 0.375238 0.965714 0.342857 0.965714 0.325714 0.960000 0.316190
0 0.882857 0.220952 0.860000 0.219048 0.852857 0.226667 0.848571 0.266667 0.805714 0.316190 0.797143 0.339048 0.792857 0.363810 0.794286 0.382857 0.818571 0.436190 0.830000 0.480000 0.834286 0.476190 0.838571 0.457143 0.858571 0.415238 0.902857 0.371429 0.908571 0.360000 0.910000 0.337143 0.892857 0.299048 0.887143 0.274286 0.892857 0.234286
0 0.774286 0.306667 0.761429 0.306667 0.751429 0.312381 0.747143 0.333333 0.747143 0.356190 0.722857 0.390476 0.697143 0.417143 0.681429 0.453333 0.671429 0.500952 0.671429 0.531429 0.664286 0.577143 0.665714 0.617143 0.682857 0.643810 0.717143 0.670476 0.715714 0.733333 0.731429 0.754286 0.735714 0.752381 0.735714 0.746667 0.741429 0.754286 0.755714 0.754286 0.764286 0.744762 0.767143 0.716190 0.787143 0.676190 0.804286 0.655238 0.810000 0.641905 0.825714 0.544762 0.828571 0.514286 0.825714 0.466667 0.810000 0.419048 0.797143 0.396190 0.790000 0.373333 0.795714 0.325714 0.790000 0.314286
0 0.734286 0.219048 0.715714 0.217143 0.705714 0.224762 0.702857 0.240000 0.704286 0.259048 0.701429 0.266667 0.662857 0.318095 0.641429 0.371429 0.640000 0.403810 0.655714 0.434286 0.668571 0.491429 0.671429 0.491429 0.690000 0.428571 0.735714 0.371429 0.745714 0.352381 0.750000 0.302857 0.740000 0.270476 0.744286 0.251429 0.744286 0.228571
0 0.605714 0.304762 0.595714 0.304762 0.585714 0.312381 0.578571 0.361905 0.531429 0.430476 0.517143 0.481905 0.515714 0.537143 0.512857 0.544762 0.511429 0.615238 0.514286 0.624762 0.528571 0.647619 0.551429 0.668571 0.555714 0.702857 0.558571 0.706667 0.555714 0.737143 0.561429 0.746667 0.560000 0.752381 0.572857 0.742857 0.580000 0.744762 0.587143 0.756190 0.605714 0.750476 0.608571 0.742857 0.607143 0.720000 0.627143 0.670476 0.642857 0.657143 0.651429 0.643810 0.667143 0.514286 0.665714 0.487619 0.660000 0.474286 0.661429 0.466667 0.654286 0.434286 0.625714 0.377143 0.624286 0.360000 0.628571 0.325714 0.622857 0.312381
0 0.085714 0.302857 0.067143 0.314286 0.067143 0.373333 0.032857 0.443810 0.028571 0.466667 0.030000 0.497143 0.024286 0.504762 0.027143 0.510476 0.024286 0.546667 0.028571 0.550476 0.028571 0.611429 0.032857 0.640000 0.040000 0.655238 0.055714 0.668571 0.067143 0.693333 0.077143 0.723810 0.075714 0.752381 0.080000 0.750476 0.092857 0.756190 0.101429 0.754286 0.102857 0.744762 0.115714 0.744762 0.127143 0.737143 0.132857 0.674286 0.137143 0.664762 0.154286 0.653333 0.170000 0.636190 0.175714 0.620952 0.177143 0.594286 0.172857 0.592381 0.171429 0.577143 0.174286 0.556190 0.171429 0.544762 0.174286 0.537143 0.171429 0.470476 0.167143 0.455238 0.160000 0.449524 0.162857 0.438095 0.155714 0.420952 0.114286 0.361905 0.110000 0.312381 0.098571 0.302857
0 0.271429 0.304762 0.252857 0.304762 0.242857 0.310476 0.240000 0.320000 0.242857 0.356190 0.240000 0.369524 0.204286 0.430476 0.190000 0.500952 0.194286 0.630476 0.198571 0.643810 0.224286 0.672381 0.241429 0.725714 0.240000 0.740952 0.244286 0.746667 0.285714 0.740952 0.288571 0.737143 0.290000 0.710476 0.297143 0.674286 0.328571 0.645714 0.337143 0.628571 0.340000 0.609524 0.340000 0.497143 0.337143 0.474286 0.320000 0.419048 0.290000 0.373333 0.284286 0.358095 0.284286 0.318095 0.280000 0.308571
0 0.267143 0.213333 0.260000 0.217143 0.255714 0.226667 0.255714 0.264762 0.222857 0.331429 0.218571 0.371429 0.214286 0.377143 0.212857 0.388571 0.218571 0.398095 0.222857 0.398095 0.232857 0.384762 0.241429 0.360000 0.241429 0.344762 0.238571 0.342857 0.237143 0.346667 0.235714 0.337143 0.240000 0.333333 0.241429 0.314286 0.251429 0.304762 0.272857 0.304762 0.278571 0.308571 0.285714 0.331429 0.284286 0.358095 0.297143 0.386667 0.311429 0.403810 0.327143 0.434286 0.338571 0.481905 0.342857 0.460952 0.342857 0.377143 0.335714 0.342857 0.328571 0.321905 0.297143 0.268571 0.294286 0.259048 0.294286 0.220952 0.284286 0.213333
0 0.431429 0.302857 0.421429 0.304762 0.412857 0.312381 0.411429 0.358095 0.397143 0.386667 0.375714 0.417143 0.360000 0.459048 0.352857 0.520000 0.352857 0.615238 0.362857 0.641905 0.391429 0.670476 0.398571 0.704762 0.398571 0.754286 0.442857 0.760000 0.452857 0.754286 0.450000 0.720000 0.468571 0.666667 0.491429 0.640000 0.497143 0.622857 0.500000 0.481905 0.491429 0.438095 0.454286 0.367619 0.455714 0.325714 0.452857 0.312381 0.448571 0.306667
0 0.434286 0.213333 0.422857 0.211429 0.407143 0.219048 0.405714 0.262857 0.397143 0.281905 0.375714 0.312381 0.360000 0.350476 0.354286 0.405714 0.354286 0.451429 0.357143 0.464762 0.375714 0.417143 0.391429 0.396190 0.410000 0.360000 0.411429 0.325714 0.415714 0.310476 0.420000 0.306667 0.442857 0.304762 0.451429 0.310476 0.454286 0.321905 0.454286 0.367619 0.470000 0.400000 0.477143 0.407619 0.482857 0.407619 0.484286 0.386667 0.480000 0.346667 0.475714 0.331429 0.468571 0.325714 0.467143 0.312381 0.454286 0.293333 0.442857 0.262857 0.445714 0.228571
0 0.592857 0.219048 0.577143 0.213333 0.560000 0.219048 0.555714 0.232381 0.552857 0.270476 0.524286 0.310476 0.502857 0.361905 0.500000 0.379048 0.498571 0.453333 0.504286 0.510476 0.508571 0.521905 0.512857 0.520000 0.518571 0.470476 0.532857 0.426667 0.574286 0.367619 0.585714 0.314286 0.591429 0.306667 0.601429 0.302857 0.594286 0.264762 0.597143 0.230476
