0 0.003077 0.079887 0.000000 0.080827 0.000000 0.221805 0.007692 0.228383 0.016154 0.249060 0.021538 0.255639 0.024615 0.264098 0.028462 0.265038 0.031538 0.271617 0.033846 0.272556 0.055385 0.248120 0.060000 0.239662 0.064615 0.225564 0.064615 0.215226 0.057692 0.201128 0.053077 0.185150 0.047692 0.150376 0.039231 0.133459 0.036923 0.113722 0.031538 0.093045 0.027692 0.086466 0.021538 0.082707
0 0.866154 0.027256 0.860769 0.023496 0.853077 0.021617 0.833077 0.021617 0.822308 0.024436 0.817692 0.030075 0.813846 0.046992 0.813077 0.077068 0.803077 0.093045 0.797692 0.095865 0.770769 0.125000 0.766923 0.126880 0.763846 0.142857 0.767692 0.156015 0.770000 0.157895 0.776154 0.156015 0.783077 0.127820 0.790769 0.120301 0.796154 0.118421 0.820000 0.118421 0.847692 0.125940 0.856154 0.134398 0.859231 0.150376 0.866923 0.147556 0.883077 0.130639 0.884615 0.124060 0.883846 0.118421 0.868462 0.097744 0.862308 0.079887 0.863077 0.072368 0.866154 0.065789 0.869231 0.038534
0 0.520769 0.126880 0.515385 0.134398 0.513077 0.154135 0.510000 0.158835 0.510000 0.178571 0.511538 0.186090 0.506923 0.200188 0.500000 0.203947 0.500769 0.212406 0.534615 0.207707 0.558462 0.212406 0.570000 0.218985 0.574615 0.226504 0.576923 0.239662 0.578462 0.288534 0.577692 0.295113 0.574615 0.298872 0.573846 0.308271 0.578462 0.321429 0.596154 0.342105 0.626923 0.370301 0.630769 0.370301 0.636923 0.358083 0.642308 0.336466 0.643846 0.318609 0.642308 0.298872 0.630769 0.267857 0.626154 0.263158 0.623846 0.257519 0.593846 0.227444 0.579231 0.201128 0.579231 0.187970 0.582308 0.178571 0.583077 0.167293 0.580769 0.143797 0.577692 0.130639 0.573077 0.126880 0.553077 0.124060
0 0.943077 0.065789 0.924615 0.062030 0.908462 0.062030 0.900000 0.064850 0.892308 0.076128 0.889231 0.098684 0.888462 0.120301 0.886154 0.126880 0.870769 0.145677 0.858462 0.156015 0.853077 0.175752 0.853077 0.189850 0.856154 0.193609 0.888462 0.203008 0.896923 0.207707 0.904615 0.217105 0.906154 0.223684 0.906154 0.241541 0.901538 0.278195 0.903077 0.280075 0.905385 0.279135 0.914615 0.262218 0.924615 0.250940 0.946154 0.234962 0.975385 0.218985 0.983077 0.210526 0.983846 0.206767 0.975385 0.187970 0.954615 0.159774 0.948462 0.145677 0.946923 0.126880 0.952308 0.114662 0.956154 0.098684 0.957692 0.078947 0.953846 0.071429
0 0.682308 0.043233 0.652308 0.044173 0.644615 0.046992 0.641538 0.050752 0.639231 0.062970 0.640769 0.099624 0.624615 0.125000 0.609231 0.141917 0.597692 0.164474 0.596923 0.171053 0.598462 0.176692 0.609231 0.189850 0.617692 0.205827 0.622308 0.220865 0.624615 0.248120 0.626923 0.255639 0.631538 0.258459 0.635385 0.222744 0.641538 0.198308 0.660769 0.172932 0.692308 0.144737 0.696923 0.139098 0.700000 0.129699 0.700000 0.123120 0.696923 0.112782 0.688462 0.097744 0.688462 0.086466 0.690769 0.078008 0.688462 0.047932
0 0.753846 0.069549 0.721538 0.067669 0.712308 0.070489 0.707692 0.075188 0.703846 0.085526 0.702308 0.103383 0.703077 0.128759 0.700769 0.135338 0.684615 0.153195 0.675385 0.158835 0.659231 0.173872 0.648462 0.187030 0.640000 0.203947 0.636923 0.222744 0.634615 0.256579 0.638462 0.267857 0.647692 0.312970 0.647692 0.331767 0.646154 0.346805 0.643077 0.357143 0.642308 0.375000 0.645385 0.388158 0.649231 0.392857 0.652308 0.404135 0.656923 0.408835 0.658462 0.434211 0.662308 0.450188 0.664615 0.453008 0.670769 0.450188 0.672308 0.438910 0.678462 0.433271 0.680000 0.423872 0.685385 0.417293 0.686923 0.399436 0.690769 0.389098 0.691538 0.376880 0.688462 0.371241 0.688462 0.314850 0.692308 0.294173 0.703077 0.260338 0.728462 0.234023 0.754615 0.217105 0.770769 0.200188 0.775385 0.190789 0.775385 0.180451 0.773077 0.172932 0.760000 0.146617 0.757692 0.137218 0.764615 0.108083 0.765385 0.078947 0.760000 0.072368
0 0.853846 0.130639 0.839231 0.123120 0.817692 0.118421 0.797692 0.118421 0.790000 0.121241 0.783846 0.127820 0.776154 0.159774 0.778462 0.188910 0.773077 0.199248 0.756923 0.217105 0.751538 0.218985 0.719231 0.243421 0.703077 0.262218 0.693077 0.293233 0.689231 0.324248 0.692308 0.358083 0.698462 0.375940 0.701538 0.376880 0.724615 0.346805 0.745385 0.328947 0.773077 0.315789 0.780000 0.311090 0.793077 0.296992 0.798462 0.285714 0.798462 0.260338 0.803077 0.248120 0.806154 0.228383 0.812308 0.209586 0.823846 0.198308 0.846923 0.193609 0.850769 0.187030 0.856923 0.149436 0.856923 0.140038
0 0.896923 0.209586 0.886923 0.203947 0.855385 0.196429 0.830000 0.197368 0.821538 0.200188 0.815385 0.204887 0.806154 0.229323 0.800000 0.260338 0.801538 0.280075 0.795385 0.295113 0.778462 0.312970 0.751538 0.327068 0.734615 0.339286 0.717692 0.357143 0.703077 0.379699 0.692308 0.411654 0.690000 0.428571 0.690000 0.450188 0.696154 0.484962 0.707692 0.526316 0.709231 0.541353 0.707692 0.548872 0.701538 0.561090 0.680769 0.586466 0.672308 0.605263 0.673077 0.616541 0.680000 0.637218 0.680769 0.647556 0.683077 0.652256 0.686923 0.673872 0.689231 0.677632 0.696923 0.675752 0.700769 0.671053 0.703077 0.649436 0.709231 0.630639 0.711538 0.617481 0.727692 0.581767 0.746154 0.556391 0.755385 0.547932 0.790769 0.523496 0.816154 0.514098 0.845385 0.507519 0.858462 0.498120 0.860769 0.491541 0.859231 0.476504 0.860769 0.465226 0.868462 0.449248 0.876923 0.417293 0.885385 0.395677 0.894615 0.380639 0.918462 0.366541 0.917692 0.361842 0.897692 0.334586 0.890769 0.319549 0.887692 0.306391 0.889231 0.297932 0.898462 0.281015 0.904615 0.242481 0.904615 0.220865
0 1.000000 0.389098 0.979231 0.378759 0.947692 0.371241 0.920769 0.370301 0.909231 0.373120 0.898462 0.378759 0.890769 0.386278 0.877692 0.418233 0.871538 0.444549 0.863077 0.465226 0.863077 0.482143 0.865385 0.490602 0.859231 0.501880 0.847692 0.509398 0.826923 0.515977 0.813846 0.517857 0.790769 0.527256 0.750769 0.555451 0.736154 0.573308 0.712308 0.624060 0.708462 0.645677 0.708462 0.666353 0.706923 0.669173 0.706154 0.682331 0.706923 0.693609 0.709231 0.697368 0.707692 0.709586 0.722308 0.760338 0.725385 0.775376 0.725385 0.790414 0.704615 0.804511 0.683846 0.829887 0.673077 0.857143 0.666154 0.881579 0.662308 0.903195 0.663077 0.912594 0.669231 0.914474 0.962308 0.911654 0.966923 0.904135 0.970000 0.904135 0.973846 0.899436 0.988462 0.895677 0.997692 0.884398 1.000000 0.884398 1.000000 0.558271 0.997692 0.558271 0.993077 0.552632 0.991538 0.543233 0.993846 0.535714 1.000000 0.531955
0 0.543077 0.052632 0.533846 0.048872 0.516923 0.048872 0.513846 0.050752 0.505385 0.050752 0.500769 0.053571 0.496923 0.066729 0.496923 0.078947 0.500769 0.095865 0.500000 0.107143 0.492308 0.121241 0.482308 0.132519 0.478462 0.134398 0.474615 0.140977 0.470000 0.143797 0.466923 0.152256 0.462308 0.156015 0.454615 0.177632 0.453846 0.203947 0.458462 0.220865 0.463846 0.218045 0.468462 0.204887 0.476154 0.191729 0.493077 0.173872 0.500000 0.170113 0.506923 0.159774 0.510769 0.136278 0.516923 0.124060 0.516923 0.100564 0.519231 0.087406 0.527692 0.078947 0.546154 0.075188 0.546923 0.062970
0 0.055385 0.400376 0.046154 0.409774 0.041538 0.418233 0.037692 0.436090 0.040000 0.468045 0.044615 0.491541 0.045385 0.514098 0.048462 0.523496 0.056154 0.533835 0.057692 0.543233 0.052308 0.553571 0.031538 0.574248 0.017692 0.591165 0.000000 0.619361 0.000000 0.804511 0.003077 0.807331 0.004615 0.812970 0.016923 0.830827 0.045385 0.859023 0.058462 0.868421 0.066154 0.871241 0.075385 0.879699 0.086154 0.884398 0.091538 0.890038 0.095385 0.889098 0.107692 0.906015 0.110769 0.906015 0.117692 0.912594 0.143846 0.914474 0.280769 0.914474 0.347692 0.912594 0.354615 0.909774 0.361538 0.897556 0.361538 0.887218 0.355385 0.856203 0.350769 0.841165 0.343846 0.828947 0.340769 0.818609 0.331538 0.806391 0.326154 0.793233 0.314615 0.777256 0.311538 0.768797 0.313077 0.753759 0.323846 0.716165 0.327692 0.692669 0.328462 0.651316 0.326154 0.635338 0.317692 0.609023 0.305385 0.588346 0.293077 0.561090 0.276923 0.542293 0.246923 0.522556 0.218462 0.511278 0.194615 0.506579 0.187692 0.502820 0.183846 0.498120 0.186154 0.484023 0.184615 0.467105 0.165385 0.403195 0.162308 0.396617 0.155385 0.389098 0.134615 0.380639 0.111538 0.378759 0.095385 0.381579 0.080000 0.387218
0 0.470000 0.375940 0.461538 0.384398 0.455385 0.395677 0.451538 0.417293 0.450769 0.483083 0.454615 0.499060 0.457692 0.501880 0.450000 0.515038 0.442308 0.521617 0.423846 0.531015 0.405385 0.545113 0.377692 0.574248 0.362308 0.604323 0.353846 0.626880 0.346154 0.660714 0.344615 0.696429 0.346923 0.717105 0.354615 0.750000 0.364615 0.778195 0.391538 0.824248 0.390000 0.837406 0.376154 0.870301 0.373077 0.884398 0.369231 0.892857 0.369231 0.908835 0.373846 0.913534 0.631538 0.915414 0.653846 0.913534 0.653846 0.901316 0.633846 0.844925 0.632308 0.833647 0.635385 0.825188 0.653846 0.795113 0.661538 0.779135 0.673077 0.748120 0.676923 0.731203 0.680000 0.709586 0.680769 0.674812 0.678462 0.653195 0.670769 0.623120 0.653077 0.584586 0.636923 0.562970 0.608462 0.535714 0.579231 0.515977 0.573846 0.509398 0.572308 0.501880 0.576154 0.498120 0.580000 0.483083 0.580769 0.418233 0.579231 0.403195 0.576154 0.393797 0.570769 0.385338 0.559231 0.375000 0.540000 0.367481 0.521538 0.363722 0.498462 0.364662
0 0.229231 0.207707 0.213846 0.217105 0.209231 0.229323 0.210769 0.278195 0.214615 0.291353 0.220000 0.299812 0.219231 0.312030 0.209231 0.332707 0.189231 0.353383 0.171538 0.376880 0.164615 0.391917 0.166154 0.401316 0.176154 0.429511 0.180000 0.447368 0.187692 0.467105 0.188462 0.498120 0.193077 0.501880 0.213846 0.506579 0.240769 0.515977 0.270000 0.532895 0.293846 0.557331 0.309231 0.583647 0.318462 0.603383 0.327692 0.629699 0.333077 0.663534 0.333077 0.686090 0.331538 0.689850 0.330769 0.707707 0.325385 0.730263 0.321538 0.735902 0.320000 0.748120 0.320769 0.759398 0.330769 0.781955 0.346154 0.803571 0.346154 0.806391 0.353846 0.820489 0.360000 0.825188 0.363077 0.825188 0.370000 0.818609 0.369231 0.810150 0.370769 0.805451 0.363077 0.782895 0.359231 0.778195 0.344615 0.730263 0.341538 0.694549 0.342308 0.671992 0.346154 0.643797 0.354615 0.613722 0.374615 0.568609 0.375385 0.557331 0.373846 0.547932 0.375385 0.545113 0.375385 0.534774 0.396923 0.468045 0.400000 0.435150 0.396154 0.403195 0.383077 0.374060 0.370769 0.355263 0.343077 0.330827 0.322308 0.318609 0.305385 0.299812 0.302308 0.292293 0.304615 0.280075 0.304615 0.261278 0.298462 0.221805 0.293846 0.212406 0.276154 0.202068 0.258462 0.202068
0 0.000000 0.225564 0.000000 0.603383 0.005385 0.603383 0.053846 0.544173 0.053077 0.536654 0.044615 0.521617 0.041538 0.510338 0.042308 0.495301 0.036923 0.462406 0.035385 0.441729 0.036923 0.424812 0.040000 0.415414 0.050000 0.402256 0.065385 0.391917 0.094615 0.379699 0.115385 0.376880 0.117692 0.372180 0.107692 0.358083 0.092308 0.345865 0.046923 0.324248 0.026923 0.306391 0.023846 0.298872 0.024615 0.278195 0.021538 0.266917 0.006154 0.229323
0 0.055385 0.148496 0.050000 0.154135 0.050000 0.166353 0.056154 0.194549 0.066923 0.220865 0.058462 0.247180 0.046923 0.259398 0.031538 0.282895 0.030000 0.303571 0.032308 0.309211 0.049231 0.324248 0.099231 0.348684 0.114615 0.361842 0.123846 0.375000 0.139231 0.377820 0.142308 0.380639 0.153846 0.384398 0.157692 0.388158 0.163846 0.388158 0.183846 0.357143 0.212308 0.326128 0.216923 0.315789 0.216923 0.300752 0.211538 0.292293 0.206923 0.275376 0.203077 0.266917 0.186923 0.250000 0.150000 0.228383 0.134615 0.213346 0.130769 0.199248 0.130769 0.184211 0.123077 0.149436 0.117692 0.141917 0.106923 0.138158 0.092308 0.138158 0.066154 0.142857
0 0.143077 0.086466 0.133846 0.093045 0.131538 0.100564 0.133846 0.123120 0.142308 0.146617 0.140769 0.161654 0.133077 0.179511 0.133846 0.205827 0.142308 0.220865 0.156923 0.232143 0.186923 0.249060 0.206154 0.265977 0.207692 0.264098 0.207692 0.234023 0.211538 0.218045 0.222308 0.208647 0.250000 0.201128 0.253077 0.197368 0.250769 0.188910 0.240769 0.179511 0.206923 0.155075 0.196154 0.140977 0.194615 0.135338 0.195385 0.116541 0.193077 0.098684 0.186154 0.085526 0.178462 0.081767 0.156923 0.081767
0 0.270769 0.130639 0.265385 0.136278 0.263077 0.145677 0.266923 0.186090 0.270769 0.196429 0.290769 0.208647 0.299231 0.222744 0.306154 0.265977 0.304615 0.293233 0.306923 0.299812 0.314615 0.311090 0.329231 0.322368 0.350000 0.334586 0.365385 0.347744 0.375385 0.359023 0.392308 0.389098 0.397692 0.391917 0.405385 0.371241 0.412308 0.343985 0.413846 0.329887 0.412308 0.295113 0.403846 0.266917 0.393077 0.250000 0.364615 0.222744 0.355385 0.217105 0.340000 0.197368 0.336923 0.189850 0.337692 0.166353 0.334615 0.139098 0.328462 0.127820 0.319231 0.124060 0.295385 0.123120 0.283077 0.125000
0 0.352308 0.075188 0.343846 0.080827 0.340769 0.096805 0.340000 0.123120 0.341538 0.127820 0.340000 0.130639 0.340769 0.134398 0.337692 0.140038 0.339231 0.188910 0.343077 0.199248 0.363077 0.218985 0.375385 0.234023 0.393846 0.250000 0.403077 0.264098 0.409231 0.280075 0.415385 0.307331 0.416154 0.341165 0.414615 0.343985 0.414615 0.365602 0.417692 0.376880 0.415385 0.380639 0.419231 0.383459 0.421538 0.375000 0.428462 0.374060 0.435385 0.366541 0.438462 0.350564 0.436154 0.326128 0.436923 0.313910 0.439231 0.311090 0.440000 0.299812 0.443077 0.294173 0.453846 0.249060 0.453846 0.226504 0.451538 0.211466 0.444615 0.195489 0.426923 0.172932 0.410000 0.158835 0.400000 0.143797 0.397692 0.137218 0.399231 0.124060 0.398462 0.088346 0.394615 0.079887 0.376923 0.075188
0 0.041538 0.046053 0.039231 0.050752 0.039231 0.060150 0.043077 0.077068 0.050000 0.094925 0.046154 0.113722 0.041538 0.123120 0.043077 0.135338 0.047692 0.145677 0.053077 0.148496 0.073077 0.140038 0.106923 0.137218 0.119231 0.141917 0.125385 0.150376 0.126923 0.164474 0.129231 0.167293 0.134615 0.165414 0.138462 0.158835 0.138462 0.148496 0.133846 0.126880 0.122308 0.110902 0.112308 0.106203 0.096154 0.088346 0.093077 0.058271 0.089231 0.045113 0.084615 0.039474 0.069231 0.037594 0.050769 0.040414
0 0.110000 0.007519 0.102308 0.011278 0.098462 0.017857 0.099231 0.030075 0.103077 0.045113 0.106923 0.048872 0.107692 0.056391 0.106154 0.065789 0.097692 0.079887 0.097692 0.085526 0.100769 0.093045 0.110000 0.102444 0.125385 0.112782 0.130769 0.112782 0.130769 0.098684 0.134615 0.092105 0.146154 0.083647 0.168462 0.078008 0.169231 0.075188 0.158462 0.066729 0.148462 0.054511 0.145385 0.045113 0.146923 0.034774 0.143846 0.018797 0.138462 0.007519 0.133846 0.005639
0 0.509231 0.211466 0.498462 0.219925 0.493846 0.220865 0.489231 0.226504 0.485385 0.236842 0.485385 0.287594 0.490000 0.298872 0.490000 0.312030 0.474615 0.337406 0.461538 0.346805 0.458462 0.351504 0.453846 0.353383 0.430769 0.379699 0.423077 0.392857 0.420769 0.403195 0.414615 0.410714 0.407692 0.438910 0.407692 0.467105 0.416154 0.504699 0.423077 0.521617 0.426923 0.525376 0.436923 0.522556 0.446923 0.515038 0.453077 0.506579 0.452308 0.493421 0.446923 0.481203 0.448462 0.425752 0.455385 0.393797 0.466154 0.377820 0.486923 0.367481 0.503846 0.362782 0.518462 0.361842 0.536154 0.363722 0.552308 0.369361 0.566923 0.377820 0.576154 0.389098 0.578462 0.396617 0.582308 0.420113 0.580769 0.450188 0.581538 0.466165 0.583846 0.473684 0.583846 0.483083 0.580769 0.486842 0.576923 0.500940 0.578462 0.512218 0.590000 0.518797 0.603077 0.530075 0.606923 0.531015 0.618462 0.542293 0.627692 0.546053 0.640769 0.523496 0.647692 0.506579 0.655385 0.473684 0.655385 0.439850 0.648462 0.407895 0.631538 0.376880 0.590000 0.336466 0.573846 0.312970 0.573077 0.305451 0.578462 0.289474 0.576923 0.233083 0.573846 0.222744 0.561538 0.213346 0.545385 0.208647 0.530769 0.207707
0 0.520769 0.086466 0.517692 0.101504 0.517692 0.120301 0.520000 0.125000 0.543077 0.123120 0.574615 0.124060 0.576154 0.122180 0.576923 0.092105 0.576154 0.087406 0.571538 0.080827 0.550769 0.077068 0.533077 0.078008 0.524615 0.081767
0 0.959231 0.000000 0.913077 0.000000 0.909231 0.016917 0.909231 0.031015 0.906154 0.039474 0.896154 0.050752 0.877692 0.064850 0.866923 0.078947 0.866923 0.088346 0.871538 0.097744 0.879231 0.107143 0.884615 0.107143 0.888462 0.096805 0.892308 0.073308 0.902308 0.062970 0.913077 0.061090 0.940769 0.063910 0.951538 0.067669 0.958462 0.078008 0.960000 0.083647 0.959231 0.088346 0.964615 0.087406 0.968462 0.081767 0.968462 0.071429 0.960769 0.060150 0.955385 0.044173 0.953846 0.033835 0.958462 0.018797
0 1.000000 0.016917 0.993846 0.016917 0.986923 0.024436 0.980769 0.047932 0.981538 0.064850 0.980000 0.069549 0.957692 0.103383 0.950000 0.134398 0.950769 0.147556 0.953077 0.155075 0.956923 0.158835 0.962308 0.170113 0.965385 0.171053 0.973077 0.184211 0.979231 0.190789 0.986154 0.204887 0.992308 0.203008 1.000000 0.193609
0 0.236154 0.008459 0.233846 0.015038 0.235385 0.034774 0.240000 0.048872 0.239231 0.084586 0.242308 0.093045 0.250769 0.102444 0.276154 0.122180 0.286154 0.123120 0.302308 0.119361 0.315385 0.120301 0.321538 0.115602 0.322308 0.106203 0.318462 0.090226 0.305385 0.076128 0.293846 0.068609 0.277692 0.044173 0.278462 0.020677 0.276154 0.009398 0.272308 0.004699 0.266154 0.002820 0.244615 0.003759
0 0.820000 0.000000 0.776154 0.000000 0.774615 0.004699 0.773077 0.033835 0.755385 0.062030 0.756154 0.067669 0.764615 0.075188 0.766923 0.081767 0.766154 0.117481 0.767692 0.119361 0.772308 0.119361 0.786923 0.107143 0.790000 0.102444 0.803077 0.092105 0.811538 0.078947 0.813077 0.036654 0.819231 0.023496
0 0.373077 0.000000 0.370769 0.008459 0.370769 0.025376 0.372308 0.030075 0.391538 0.032895 0.396154 0.035714 0.401538 0.044173 0.403846 0.067669 0.402308 0.080827 0.407692 0.096805 0.434615 0.123120 0.440000 0.132519 0.442308 0.134398 0.449231 0.133459 0.453077 0.124060 0.453846 0.116541 0.452308 0.094925 0.443077 0.079887 0.422308 0.062030 0.408462 0.043233 0.413077 0.031015 0.413077 0.006579 0.410769 0.000000
0 0.355385 0.035714 0.351538 0.043233 0.352308 0.071429 0.356923 0.074248 0.373077 0.074248 0.393077 0.078008 0.399231 0.084586 0.400000 0.140038 0.411538 0.159774 0.428462 0.174812 0.440000 0.189850 0.446923 0.192669 0.450000 0.185150 0.450769 0.171053 0.448462 0.151316 0.436154 0.127820 0.414615 0.106203 0.406154 0.095865 0.400000 0.080827 0.401538 0.065789 0.400769 0.046053 0.397692 0.037594 0.394615 0.034774 0.384615 0.031955 0.366154 0.031955
0 0.188462 0.042293 0.186154 0.046992 0.188462 0.078008 0.193846 0.094925 0.196154 0.115602 0.196154 0.135338 0.199231 0.143797 0.206923 0.154135 0.220000 0.165414 0.246923 0.183271 0.259231 0.195489 0.263846 0.194549 0.264615 0.179511 0.263846 0.166353 0.260769 0.157895 0.261538 0.146617 0.263846 0.138158 0.273846 0.126880 0.273846 0.124060 0.241538 0.092105 0.236923 0.080827 0.237692 0.064850 0.233077 0.041353 0.221538 0.036654 0.200769 0.036654
