0 0.800654 0.017354 0.787582 0.026030 0.781046 0.054230 0.777778 0.112798 0.784314 0.130152 0.777778 0.186551 0.767974 0.210412 0.767974 0.219089 0.826797 0.323210 0.839869 0.375271 0.841503 0.418655 0.848039 0.422993 0.866013 0.405640 0.874183 0.390456 0.875817 0.362256 0.880719 0.357918 0.890523 0.321041 0.905229 0.286334 0.906863 0.262473 0.897059 0.206074 0.877451 0.158351 0.852941 0.119306 0.852941 0.104121 0.862745 0.080260 0.869281 0.032538 0.857843 0.019523 0.843137 0.015184
0 0.173203 0.433839 0.150327 0.455531 0.140523 0.472885 0.137255 0.490239 0.147059 0.570499 0.160131 0.622560 0.117647 0.698482 0.094771 0.752711 0.084967 0.793926 0.080065 0.839479 0.083333 0.928416 0.086601 0.945770 0.091503 0.952278 0.111111 0.960954 0.112745 0.976139 0.106209 0.986985 0.106209 0.997831 0.415033 1.000000 0.468954 0.928416 0.477124 0.906725 0.483660 0.865510 0.483660 0.776573 0.480392 0.754881 0.468954 0.735358 0.436275 0.652928 0.424837 0.637744 0.397059 0.611714 0.326797 0.566161 0.321895 0.555315 0.320261 0.527115 0.308824 0.472885 0.297386 0.438178 0.279412 0.420824 0.258170 0.414317 0.217320 0.414317
0 0.117647 0.093275 0.086601 0.104121 0.073529 0.121475 0.078431 0.171367 0.084967 0.190889 0.093137 0.199566 0.094771 0.214751 0.091503 0.227766 0.063725 0.275488 0.045752 0.338395 0.042484 0.390456 0.049020 0.409978 0.084967 0.429501 0.133987 0.466377 0.140523 0.466377 0.171569 0.431670 0.205882 0.414317 0.215686 0.403471 0.241830 0.347072 0.264706 0.310195 0.266340 0.292842 0.256536 0.268980 0.243464 0.251627 0.191176 0.203905 0.179739 0.188720 0.173203 0.134490 0.165033 0.106291 0.147059 0.093275
0 0.269608 0.177874 0.256536 0.190889 0.254902 0.232104 0.258170 0.258134 0.271242 0.299349 0.227124 0.379610 0.218954 0.399132 0.218954 0.407809 0.269608 0.414317 0.290850 0.427332 0.300654 0.442516 0.308824 0.466377 0.328431 0.559653 0.401961 0.609544 0.423203 0.633406 0.429739 0.635575 0.434641 0.624729 0.436275 0.585683 0.447712 0.540130 0.480392 0.470716 0.477124 0.438178 0.462418 0.401302 0.439542 0.360087 0.406863 0.321041 0.367647 0.284165 0.370915 0.264642 0.369281 0.229935 0.362745 0.193059 0.354575 0.177874 0.326797 0.167028 0.305556 0.167028
0 0.645425 0.262473 0.624183 0.258134 0.578431 0.262473 0.557190 0.279826 0.547386 0.314534 0.544118 0.364425 0.547386 0.401302 0.501634 0.449024 0.470588 0.494577 0.454248 0.531453 0.441176 0.581345 0.437908 0.611714 0.439542 0.644252 0.485294 0.748373 0.493464 0.802603 0.495098 0.865510 0.509804 0.882863 0.521242 0.882863 0.529412 0.865510 0.531046 0.845987 0.540850 0.826464 0.565359 0.798265 0.589869 0.780911 0.629085 0.767896 0.648693 0.767896 0.686275 0.780911 0.704248 0.780911 0.718954 0.763557 0.720588 0.739696 0.717320 0.733189 0.674837 0.733189 0.671569 0.728850 0.614379 0.731020 0.594771 0.726681 0.589869 0.720174 0.589869 0.618221 0.594771 0.605206 0.764706 0.600868 0.761438 0.568330 0.741830 0.516269 0.702614 0.446855 0.673203 0.405640 0.679739 0.373102 0.678105 0.292842 0.666667 0.275488
0 0.467320 0.054230 0.442810 0.060738 0.434641 0.069414 0.431373 0.078091 0.431373 0.104121 0.439542 0.149675 0.437908 0.160521 0.413399 0.197397 0.377451 0.266811 0.375817 0.288503 0.426471 0.340564 0.449346 0.370933 0.475490 0.422993 0.485294 0.457701 0.488562 0.457701 0.540850 0.405640 0.540850 0.360087 0.549020 0.292842 0.576797 0.253796 0.562092 0.221258 0.516340 0.160521 0.517974 0.080260 0.514706 0.069414 0.498366 0.056399
0 0.269608 0.013015 0.263072 0.023861 0.261438 0.043384 0.264706 0.071584 0.272876 0.099783 0.251634 0.160521 0.241830 0.169197 0.227124 0.212581 0.228758 0.229935 0.245098 0.249458 0.250000 0.249458 0.251634 0.203905 0.259804 0.184382 0.289216 0.169197 0.321895 0.164859 0.348039 0.171367 0.359477 0.184382 0.367647 0.210412 0.372549 0.245119 0.375817 0.251627 0.382353 0.251627 0.405229 0.208243 0.405229 0.182213 0.388889 0.151844 0.343137 0.095445 0.339869 0.080260 0.339869 0.041215 0.334967 0.019523 0.326797 0.010846 0.287582 0.006508
0 0.109477 0.000000 0.109477 0.028200 0.127451 0.071584 0.124183 0.086768 0.153595 0.093275 0.165033 0.106291 0.176471 0.143167 0.181373 0.186551 0.204248 0.214751 0.222222 0.221258 0.235294 0.177874 0.250000 0.147505 0.241830 0.121475 0.189542 0.062907 0.184641 0.049892 0.184641 0.023861 0.179739 0.000000
0 0.552288 0.000000 0.550654 0.045553 0.555556 0.065076 0.552288 0.075922 0.526144 0.114967 0.517974 0.143167 0.519608 0.158351 0.563725 0.221258 0.581699 0.255965 0.633987 0.255965 0.645425 0.249458 0.673203 0.216920 0.674837 0.203905 0.669935 0.164859 0.648693 0.121475 0.622549 0.082430 0.617647 0.067245 0.624183 0.036876 0.622549 0.000000
0 0.704248 0.104121 0.687908 0.112798 0.681373 0.123644 0.676471 0.164859 0.678105 0.214751 0.643791 0.251627 0.642157 0.258134 0.668301 0.275488 0.678105 0.290672 0.681373 0.305857 0.681373 0.386117 0.678105 0.401302 0.681373 0.412148 0.700980 0.436009 0.750000 0.524946 0.769608 0.590022 0.781046 0.594360 0.787582 0.592191 0.785948 0.585683 0.790850 0.585683 0.794118 0.579176 0.790850 0.572668 0.795752 0.568330 0.802288 0.544469 0.805556 0.509761 0.836601 0.438178 0.839869 0.392625 0.834967 0.355748 0.813725 0.297180 0.766340 0.219089 0.777778 0.184382 0.782680 0.147505 0.781046 0.121475 0.772876 0.110629 0.736928 0.101952
0 1.000000 0.446855 0.968954 0.457701 0.954248 0.479393 0.923203 0.561822 0.923203 0.579176 0.918301 0.594360 0.874183 0.607375 0.854575 0.607375 0.836601 0.616052 0.803922 0.642082 0.772876 0.674620 0.771242 0.698482 0.764706 0.711497 0.743464 0.728850 0.728758 0.757050 0.720588 0.785249 0.720588 0.800434 0.756536 0.841649 0.777778 0.887202 0.785948 0.939262 0.785948 0.995662 0.792484 1.000000 1.000000 1.000000
0 0.779412 0.919740 0.772876 0.889371 0.758170 0.852495 0.740196 0.826464 0.712418 0.798265 0.658497 0.774403 0.609477 0.776573 0.588235 0.785249 0.563725 0.804772 0.537582 0.845987 0.522876 0.906725 0.517974 0.913232 0.498366 0.915401 0.470588 0.937093 0.429739 0.986985 0.424837 1.000000 0.774510 1.000000 0.781046 0.960954
0 0.000000 0.334056 0.000000 0.937093 0.014706 0.937093 0.019608 0.941432 0.024510 0.937093 0.044118 0.937093 0.047386 0.941432 0.044118 0.947939 0.049020 0.952278 0.057190 0.945770 0.066993 0.952278 0.075163 0.943601 0.076797 0.932755 0.071895 0.924078 0.073529 0.911063 0.068627 0.865510 0.071895 0.830803 0.076797 0.815618 0.076797 0.793926 0.112745 0.698482 0.153595 0.624729 0.153595 0.613883 0.142157 0.572668 0.138889 0.533623 0.132353 0.509761 0.132353 0.472885 0.107843 0.446855 0.068627 0.422993 0.017974 0.401302 0.014706 0.396963 0.014706 0.360087 0.004902 0.336226
0 0.952614 0.000000 0.879085 0.000000 0.875817 0.034707 0.867647 0.054230 0.857843 0.123644 0.880719 0.160521 0.898693 0.208243 0.903595 0.245119 0.911765 0.268980 0.919935 0.266811 0.985294 0.201735 0.985294 0.167028 0.977124 0.130152 0.944444 0.058568 0.942810 0.043384 0.950980 0.023861
0 1.000000 0.232104 0.993464 0.238612 0.983660 0.266811 0.980392 0.286334 0.982026 0.316703 0.978758 0.323210 0.883987 0.388286 0.830065 0.455531 0.812092 0.505423 0.802288 0.570499 0.803922 0.600868 0.870915 0.603037 0.915033 0.592191 0.919935 0.585683 0.921569 0.561822 0.959150 0.468547 0.975490 0.449024 1.000000 0.440347
