0 0.767974 0.004348 0.730392 0.000000 0.714052 0.004348 0.702614 0.015217 0.702614 0.091304 0.671569 0.128261 0.656863 0.156522 0.650327 0.178261 0.666667 0.221739 0.676471 0.265217 0.694444 0.250000 0.702614 0.236957 0.702614 0.156522 0.718954 0.136957 0.736928 0.130435 0.763072 0.130435 0.779412 0.134783 0.794118 0.145652 0.797386 0.152174 0.799020 0.219565 0.803922 0.219565 0.823529 0.193478 0.823529 0.173913 0.815359 0.165217 0.810458 0.141304 0.772876 0.089130 0.779412 0.063043 0.779412 0.021739 0.776144 0.010870
0 0.550654 0.063043 0.539216 0.078261 0.539216 0.128261 0.544118 0.150000 0.514706 0.189130 0.514706 0.197826 0.555556 0.193478 0.580065 0.204348 0.591503 0.228261 0.591503 0.300000 0.594771 0.308696 0.633987 0.356522 0.643791 0.358696 0.655229 0.300000 0.669935 0.267391 0.669935 0.252174 0.655229 0.197826 0.617647 0.152174 0.620915 0.134783 0.619281 0.078261 0.612745 0.065217 0.604575 0.060870 0.570261 0.058696
0 0.223856 0.063043 0.183007 0.065217 0.163399 0.078261 0.163399 0.126087 0.171569 0.158696 0.142157 0.197826 0.127451 0.236957 0.130719 0.256522 0.160131 0.282609 0.181373 0.313043 0.186275 0.313043 0.187908 0.254348 0.202614 0.236957 0.227124 0.228261 0.263072 0.230435 0.276144 0.236957 0.287582 0.254348 0.289216 0.265217 0.295752 0.263043 0.305556 0.250000 0.305556 0.234783 0.295752 0.208696 0.272876 0.173913 0.243464 0.145652 0.245098 0.108696 0.241830 0.078261 0.235294 0.067391
0 0.416667 0.121739 0.374183 0.119565 0.356209 0.123913 0.344771 0.139130 0.344771 0.182609 0.352941 0.221739 0.320261 0.265217 0.297386 0.323913 0.299020 0.341304 0.323529 0.365217 0.349673 0.402174 0.352941 0.400000 0.354575 0.350000 0.369281 0.328261 0.390523 0.317391 0.419935 0.315217 0.450980 0.326087 0.465686 0.341304 0.483660 0.321739 0.486928 0.310870 0.483660 0.280435 0.478758 0.269565 0.431373 0.213043 0.434641 0.195652 0.431373 0.143478 0.428105 0.132609
0 0.230392 0.000000 0.232026 0.039130 0.245098 0.095652 0.246732 0.145652 0.251634 0.154348 0.271242 0.169565 0.307190 0.223913 0.315359 0.226087 0.318627 0.221739 0.325163 0.167391 0.348039 0.123913 0.346405 0.104348 0.334967 0.084783 0.303922 0.054348 0.305556 0.026087 0.302288 0.000000
0 0.361111 0.026087 0.357843 0.032609 0.357843 0.084783 0.362745 0.106522 0.356209 0.123913 0.400327 0.117391 0.424837 0.128261 0.433007 0.154348 0.436275 0.217391 0.472222 0.258696 0.480392 0.260870 0.488562 0.234783 0.483660 0.169565 0.467320 0.134783 0.436275 0.102174 0.437908 0.076087 0.433007 0.028261 0.418301 0.015217 0.388889 0.015217
0 0.591503 0.000000 0.519608 0.000000 0.517974 0.015217 0.522876 0.047826 0.491830 0.093478 0.483660 0.115217 0.483660 0.154348 0.496732 0.200000 0.501634 0.191304 0.514706 0.186957 0.540850 0.154348 0.539216 0.078261 0.550654 0.063043 0.588235 0.054348 0.588235 0.043478 0.593137 0.032609
0 0.000000 0.000000 0.000000 0.078261 0.019608 0.084783 0.029412 0.097826 0.040850 0.156522 0.099673 0.154348 0.116013 0.163043 0.120915 0.171739 0.117647 0.130435 0.109477 0.106522 0.060458 0.047826 0.062092 0.013043 0.058824 0.000000
0 0.511438 0.576087 0.477124 0.560870 0.437908 0.560870 0.406863 0.576087 0.392157 0.595652 0.388889 0.615217 0.388889 0.715217 0.344771 0.773913 0.330065 0.804348 0.313725 0.847826 0.303922 0.891304 0.300654 0.919565 0.300654 0.984783 0.303922 1.000000 0.580065 1.000000 0.593137 0.973913 0.632353 0.926087 0.632353 0.891304 0.609477 0.808696 0.578431 0.756522 0.529412 0.704348 0.524510 0.610870 0.521242 0.591304
0 0.214052 0.232609 0.197712 0.241304 0.187908 0.256522 0.189542 0.310870 0.197712 0.343478 0.173203 0.376087 0.156863 0.406522 0.142157 0.447826 0.140523 0.467391 0.183007 0.452174 0.217320 0.452174 0.238562 0.463043 0.248366 0.478261 0.254902 0.504348 0.264706 0.580435 0.287582 0.595652 0.299020 0.569565 0.315359 0.504348 0.344771 0.456522 0.351307 0.452174 0.354575 0.436957 0.351307 0.415217 0.339869 0.389130 0.318627 0.360870 0.287582 0.332609 0.289216 0.291304 0.281046 0.243478 0.258170 0.230435
0 0.034314 0.165217 0.024510 0.180435 0.024510 0.206522 0.032680 0.263043 0.021242 0.289130 0.000000 0.321739 0.000000 0.339130 0.047386 0.336957 0.065359 0.345652 0.076797 0.365217 0.091503 0.454348 0.127451 0.482609 0.135621 0.469565 0.155229 0.406522 0.184641 0.358696 0.187908 0.347826 0.186275 0.330435 0.155229 0.280435 0.120915 0.250000 0.116013 0.180435 0.109477 0.163043 0.098039 0.156522 0.060458 0.156522
0 0.433007 0.319565 0.395425 0.317391 0.375817 0.323913 0.359477 0.339130 0.354575 0.373913 0.356209 0.415217 0.361111 0.441304 0.326797 0.486957 0.315359 0.508696 0.297386 0.589130 0.300654 0.608696 0.334967 0.658696 0.359477 0.739130 0.372549 0.734783 0.383987 0.717391 0.388889 0.604348 0.393791 0.591304 0.411765 0.571739 0.442810 0.558696 0.483660 0.560870 0.506536 0.571739 0.522876 0.593478 0.529412 0.643478 0.537582 0.636957 0.549020 0.606522 0.547386 0.576087 0.529412 0.521739 0.498366 0.471739 0.464052 0.430435 0.460784 0.343478 0.450980 0.328261
0 0.583333 0.997826 0.882353 1.000000 0.870915 0.976087 0.828431 0.923913 0.825163 0.821739 0.818627 0.793478 0.797386 0.765217 0.758170 0.745652 0.705882 0.750000 0.687908 0.760870 0.673203 0.778261 0.666667 0.808696 0.665033 0.856522 0.656863 0.884783 0.655229 0.908696 0.619281 0.941304 0.594771 0.973913
0 0.906863 0.543478 0.892157 0.552174 0.880719 0.569565 0.880719 0.597826 0.874183 0.613043 0.867647 0.647826 0.866013 0.682609 0.825163 0.719565 0.799020 0.758696 0.818627 0.789130 0.826797 0.813043 0.830065 0.921739 0.888889 1.000000 1.000000 1.000000 1.000000 0.558696 0.964052 0.543478 0.939542 0.539130
0 0.673203 0.400000 0.633987 0.406522 0.616013 0.423913 0.611111 0.436957 0.611111 0.473913 0.606209 0.510870 0.609477 0.534783 0.581699 0.563043 0.557190 0.597826 0.532680 0.665217 0.532680 0.704348 0.568627 0.741304 0.606209 0.797826 0.633987 0.873913 0.640523 0.913043 0.648693 0.908696 0.655229 0.873913 0.661765 0.860870 0.666667 0.789130 0.683007 0.760870 0.697712 0.750000 0.725490 0.739130 0.756536 0.739130 0.782680 0.752174 0.794118 0.752174 0.810458 0.732609 0.813725 0.721739 0.812092 0.686957 0.795752 0.626087 0.766340 0.576087 0.730392 0.534783 0.732026 0.456522 0.725490 0.426087 0.709150 0.408696
0 0.772876 0.260870 0.753268 0.271739 0.746732 0.284783 0.741830 0.334783 0.743464 0.373913 0.718954 0.402174 0.717320 0.413043 0.725490 0.423913 0.732026 0.443478 0.733660 0.536957 0.795752 0.613043 0.813725 0.671739 0.816993 0.702174 0.825163 0.713043 0.841503 0.702174 0.861111 0.680435 0.869281 0.613043 0.877451 0.593478 0.880719 0.565217 0.893791 0.550000 0.918301 0.539130 0.921569 0.526087 0.901961 0.458696 0.885621 0.428261 0.849673 0.382609 0.852941 0.373913 0.848039 0.280435 0.841503 0.271739 0.818627 0.260870
0 0.883987 0.060870 0.874183 0.065217 0.864379 0.078261 0.861111 0.115217 0.864379 0.147826 0.861111 0.156522 0.810458 0.223913 0.803922 0.250000 0.808824 0.256522 0.839869 0.269565 0.849673 0.282609 0.861111 0.389130 0.905229 0.463043 0.923203 0.528261 0.934641 0.530435 0.965686 0.500000 0.977124 0.482609 0.977124 0.463043 0.983660 0.445652 0.996732 0.343478 0.998366 0.300000 0.995098 0.254348 0.982026 0.213043 0.946078 0.158696 0.949346 0.132609 0.947712 0.076087 0.928105 0.060870
0 0.000000 0.343478 0.000000 0.954348 0.068627 0.954348 0.075163 0.939130 0.062092 0.839130 0.062092 0.776087 0.078431 0.702174 0.088235 0.676087 0.130719 0.600000 0.125817 0.543478 0.125817 0.491304 0.084967 0.452174 0.076797 0.369565 0.068627 0.350000 0.047386 0.339130
0 0.158497 0.460870 0.142157 0.471739 0.132353 0.484783 0.127451 0.500000 0.130719 0.560870 0.138889 0.597826 0.107843 0.643478 0.089869 0.678261 0.078431 0.708696 0.073529 0.745652 0.065359 0.765217 0.063725 0.834783 0.071895 0.878261 0.078431 0.947826 0.086601 0.978261 0.084967 0.997826 0.299020 1.000000 0.297386 0.945652 0.300654 0.897826 0.318627 0.828261 0.348039 0.763043 0.339869 0.682609 0.328431 0.652174 0.303922 0.617391 0.259804 0.578261 0.251634 0.497826 0.241830 0.467391 0.218954 0.454348 0.181373 0.454348
0 0.789216 0.141304 0.769608 0.132609 0.746732 0.130435 0.718954 0.136957 0.705882 0.150000 0.704248 0.236957 0.669935 0.276087 0.656863 0.304348 0.653595 0.330435 0.655229 0.393478 0.715686 0.404348 0.740196 0.378261 0.738562 0.354348 0.743464 0.302174 0.750000 0.276087 0.769608 0.260870 0.795752 0.256522 0.795752 0.243478 0.790850 0.234783 0.795752 0.219565 0.795752 0.154348
0 0.532680 0.195652 0.508170 0.204348 0.496732 0.221739 0.495098 0.256522 0.500000 0.304348 0.465686 0.352174 0.465686 0.413043 0.470588 0.436957 0.524510 0.504348 0.547386 0.563043 0.552288 0.584783 0.558824 0.591304 0.573529 0.569565 0.604575 0.539130 0.611111 0.432609 0.620915 0.415217 0.640523 0.402174 0.643791 0.389130 0.633987 0.358696 0.588235 0.300000 0.591503 0.286957 0.591503 0.236957 0.584967 0.210870 0.566993 0.197826
