0 1.000000 0.680488 0.941176 0.617073 0.919935 0.602439 0.911765 0.590244 0.901961 0.587805 0.895425 0.575610 0.890523 0.575610 0.892157 0.580488 0.888889 0.585366 0.885621 0.582927 0.885621 0.573171 0.877451 0.565854 0.874183 0.568293 0.862745 0.551220 0.854575 0.551220 0.854575 0.543902 0.849673 0.543902 0.846405 0.536585 0.843137 0.541463 0.820261 0.526829 0.771242 0.526829 0.730392 0.539024 0.712418 0.556098 0.702614 0.575610 0.702614 0.587805 0.692810 0.617073 0.697712 0.648780 0.691176 0.660976 0.678105 0.665854 0.673203 0.682927 0.668301 0.680488 0.668301 0.690244 0.674837 0.687805 0.678105 0.692683 0.674837 0.707317 0.668301 0.700000 0.665033 0.712195 0.655229 0.717073 0.648693 0.712195 0.630719 0.712195 0.622549 0.726829 0.614379 0.726829 0.598039 0.741463 0.591503 0.741463 0.581699 0.760976 0.550654 0.778049 0.557190 0.785366 0.552288 0.792683 0.542484 0.792683 0.547386 0.800000 0.535948 0.809756 0.542484 0.814634 0.535948 0.821951 0.524510 0.824390 0.527778 0.831707 0.519608 0.839024 0.521242 0.846341 0.517974 0.853659 0.513072 0.848780 0.504902 0.856098 0.511438 0.863415 0.508170 0.870732 0.503268 0.870732 0.511438 0.878049 0.504902 0.887805 0.509804 0.895122 0.504902 0.902439 0.508170 0.909756 0.503268 0.934146 0.504902 0.973171 0.514706 0.995122 0.517974 0.958537 0.519608 0.987805 0.524510 0.987805 0.532680 1.000000 0.571895 1.000000 0.573529 0.995122 0.581699 1.000000 0.588235 0.992683 0.599673 1.000000 0.604575 0.990244 0.611111 1.000000 0.617647 0.997561 0.619281 0.990244 0.625817 1.000000 0.996732 1.000000 1.000000 0.992683 0.995098 0.990244 0.996732 0.980488 0.991830 0.973171 0.996732 0.963415 0.990196 0.958537 0.996732 0.948780 0.993464 0.931707 0.988562 0.926829 0.990196 0.919512 0.949346 0.841463 0.952614 0.831707 0.965686 0.821951 1.000000 0.807317 1.000000 0.775610 0.983660 0.773171 0.973856 0.780488 0.970588 0.778049 0.965686 0.785366 0.928105 0.804878 0.897059 0.756098 0.895425 0.739024 0.908497 0.734146 0.905229 0.726829 0.900327 0.731707 0.897059 0.724390 0.913399 0.714634 0.916667 0.702439 0.921569 0.719512 0.936275 0.719512 0.936275 0.734146 0.944444 0.734146 0.942810 0.721951 0.946078 0.717073 0.947712 0.687805 0.954248 0.697561 0.952614 0.734146 0.959150 0.734146 0.957516 0.702439 0.967320 0.707317 0.968954 0.734146 0.973856 0.734146 0.977124 0.719512 0.996732 0.734146 1.000000 0.731707
0 0.624183 0.290244 0.593137 0.292683 0.573529 0.273171 0.549020 0.263415 0.508170 0.263415 0.483660 0.275610 0.468954 0.295122 0.467320 0.353659 0.454248 0.387805 0.452614 0.402439 0.392157 0.468293 0.374183 0.500000 0.370915 0.519512 0.370915 0.602439 0.374183 0.619512 0.380719 0.629268 0.379085 0.636585 0.387255 0.658537 0.395425 0.663415 0.403595 0.685366 0.401961 0.692683 0.410131 0.697561 0.411765 0.717073 0.418301 0.729268 0.418301 0.741463 0.426471 0.765854 0.434641 0.775610 0.442810 0.775610 0.441176 0.785366 0.446078 0.790244 0.441176 0.797561 0.444444 0.802439 0.441176 0.812195 0.447712 0.812195 0.454248 0.824390 0.452614 0.829268 0.441176 0.829268 0.446078 0.836585 0.441176 0.839024 0.442810 0.846341 0.446078 0.836585 0.455882 0.829268 0.472222 0.829268 0.480392 0.836585 0.486928 0.821951 0.498366 0.821951 0.511438 0.790244 0.516340 0.790244 0.545752 0.760976 0.586601 0.739024 0.589869 0.709756 0.589869 0.614634 0.598039 0.597561 0.668301 0.592683 0.681373 0.585366 0.681373 0.568293 0.674837 0.548780 0.661765 0.524390 0.648693 0.478049 0.635621 0.451220 0.651961 0.443902 0.686275 0.443902 0.697712 0.431707 0.702614 0.402439 0.653595 0.324390
0 0.099673 0.202439 0.084967 0.197561 0.040850 0.200000 0.000000 0.219512 0.000000 0.656098 0.006536 0.656098 0.031046 0.604878 0.062092 0.570732 0.071895 0.541463 0.076797 0.539024 0.078431 0.507317 0.071895 0.453659 0.081699 0.424390 0.107843 0.397561 0.116013 0.382927 0.129085 0.382927 0.151961 0.373171 0.189542 0.373171 0.187908 0.358537 0.158497 0.324390 0.160131 0.312195 0.155229 0.302439 0.125817 0.280488 0.114379 0.226829 0.107843 0.209756
0 0.328431 0.400000 0.307190 0.400000 0.292484 0.414634 0.246732 0.431707 0.238562 0.409756 0.223856 0.390244 0.197712 0.378049 0.168301 0.375610 0.114379 0.392683 0.093137 0.409756 0.076797 0.434146 0.073529 0.453659 0.083333 0.524390 0.071895 0.568293 0.031046 0.619512 0.014706 0.651220 0.014706 0.665854 0.006536 0.675610 0.000000 0.700000 0.000000 0.721951 0.006536 0.743902 0.000000 0.765854 0.000000 0.841463 0.019608 0.900000 0.021242 0.924390 0.027778 0.931707 0.034314 0.953659 0.065359 0.960976 0.086601 0.960976 0.098039 0.953659 0.106209 0.965854 0.099673 0.975610 0.081699 0.970732 0.060458 0.975610 0.057190 0.982927 0.052288 0.980488 0.045752 0.985366 0.050654 1.000000 0.138889 1.000000 0.148693 0.956098 0.161765 0.921951 0.163399 0.897561 0.178105 0.890244 0.199346 0.860976 0.245098 0.824390 0.289216 0.807317 0.349673 0.812195 0.375817 0.826829 0.383987 0.826829 0.388889 0.819512 0.387255 0.809756 0.401961 0.787805 0.403595 0.753659 0.393791 0.741463 0.387255 0.721951 0.375817 0.709756 0.372549 0.692683 0.361111 0.680488 0.344771 0.641463 0.331699 0.624390 0.351307 0.609756 0.362745 0.575610 0.361111 0.526829 0.344771 0.419512
0 1.000000 0.136585 0.993464 0.141463 0.983660 0.185366 0.978758 0.192683 0.952614 0.200000 0.947712 0.209756 0.944444 0.236585 0.915033 0.258537 0.906863 0.270732 0.906863 0.282927 0.915033 0.295122 0.968954 0.336585 0.968954 0.356098 0.964052 0.370732 0.939542 0.382927 0.937908 0.400000 0.944444 0.419512 0.950980 0.426829 0.967320 0.490244 0.968954 0.514634 0.972222 0.517073 1.000000 0.512195
0 0.993464 0.000000 0.916667 0.000000 0.911765 0.029268 0.898693 0.046341 0.900327 0.063415 0.890523 0.073171 0.890523 0.082927 0.905229 0.095122 0.903595 0.112195 0.888889 0.124390 0.859477 0.129268 0.861111 0.143902 0.883987 0.175610 0.892157 0.200000 0.908497 0.221951 0.906863 0.243902 0.910131 0.251220 0.919935 0.251220 0.928105 0.241463 0.944444 0.234146 0.944444 0.207317 0.947712 0.202439 0.977124 0.192683 0.983660 0.182927 0.993464 0.139024 1.000000 0.134146 1.000000 0.065854 0.995098 0.065854 0.988562 0.053659 0.995098 0.043902 1.000000 0.046341 1.000000 0.024390 0.995098 0.017073
0 0.230392 0.000000 0.161765 0.000000 0.165033 0.036585 0.156863 0.051220 0.147059 0.051220 0.153595 0.063415 0.153595 0.073171 0.133987 0.112195 0.133987 0.126829 0.129085 0.141463 0.129085 0.180488 0.140523 0.248780 0.150327 0.263415 0.156863 0.263415 0.181373 0.178049 0.207516 0.124390 0.209150 0.095122 0.205882 0.065854 0.209150 0.056098 0.217320 0.046341 0.245098 0.036585 0.232026 0.014634
0 0.450980 0.000000 0.423203 0.014634 0.415033 0.024390 0.413399 0.085366 0.418301 0.095122 0.403595 0.117073 0.403595 0.126829 0.411765 0.139024 0.416667 0.192683 0.423203 0.207317 0.441176 0.231707 0.442810 0.246341 0.468954 0.280488 0.475490 0.280488 0.495098 0.263415 0.522876 0.212195 0.544118 0.185366 0.544118 0.175610 0.514706 0.168293 0.506536 0.156098 0.508170 0.136585 0.522876 0.117073 0.514706 0.095122 0.521242 0.082927 0.522876 0.014634 0.501634 0.009756 0.490196 0.000000
0 0.901961 0.095122 0.849673 0.073171 0.844771 0.065854 0.843137 0.041463 0.833333 0.031707 0.807190 0.026829 0.777778 0.029268 0.764706 0.043902 0.763072 0.078049 0.751634 0.097561 0.751634 0.114634 0.712418 0.158537 0.696078 0.182927 0.691176 0.200000 0.710784 0.229268 0.732026 0.278049 0.741830 0.282927 0.761438 0.248780 0.767974 0.200000 0.785948 0.175610 0.802288 0.170732 0.834967 0.173171 0.864379 0.182927 0.882353 0.195122 0.882353 0.182927 0.851307 0.131707 0.870915 0.117073 0.897059 0.114634 0.903595 0.104878
0 0.508170 0.136585 0.506536 0.156098 0.509804 0.163415 0.547386 0.170732 0.552288 0.180488 0.508170 0.239024 0.500000 0.260976 0.544118 0.260976 0.566993 0.268293 0.593137 0.287805 0.619281 0.287805 0.630719 0.295122 0.671569 0.346341 0.678105 0.346341 0.699346 0.321951 0.715686 0.312195 0.728758 0.287805 0.722222 0.260976 0.702614 0.219512 0.669935 0.173171 0.669935 0.153659 0.665033 0.134146 0.666667 0.085366 0.661765 0.075610 0.632353 0.063415 0.599673 0.063415 0.578431 0.080488 0.555556 0.085366
0 0.779412 0.180488 0.767974 0.202439 0.761438 0.251220 0.743464 0.285366 0.730392 0.295122 0.722222 0.309756 0.696078 0.329268 0.679739 0.353659 0.681373 0.365854 0.700980 0.392683 0.704248 0.419512 0.700980 0.434146 0.691176 0.446341 0.656863 0.453659 0.653595 0.470732 0.658497 0.485366 0.674837 0.509756 0.684641 0.536585 0.691176 0.541463 0.689542 0.551220 0.697712 0.570732 0.723856 0.541463 0.738562 0.531707 0.797386 0.524390 0.810458 0.514634 0.841503 0.517073 0.898693 0.570732 0.910131 0.568293 0.934641 0.551220 0.954248 0.529268 0.960784 0.514634 0.960784 0.502439 0.955882 0.495122 0.952614 0.453659 0.921569 0.378049 0.960784 0.368293 0.967320 0.358537 0.967320 0.336585 0.928105 0.309756 0.882353 0.265854 0.888889 0.214634 0.885621 0.202439 0.875817 0.190244 0.831699 0.173171 0.794118 0.173171
0 0.277778 0.041463 0.236928 0.039024 0.220588 0.043902 0.209150 0.053659 0.205882 0.065854 0.209150 0.117073 0.181373 0.182927 0.165033 0.258537 0.165033 0.282927 0.171569 0.307317 0.181373 0.314634 0.192810 0.341463 0.204248 0.348780 0.212418 0.363415 0.228758 0.363415 0.232026 0.356098 0.238562 0.360976 0.258170 0.314634 0.274510 0.287805 0.269608 0.278049 0.253268 0.273171 0.246732 0.263415 0.245098 0.246341 0.251634 0.236585 0.264706 0.234146 0.313725 0.204878 0.318627 0.195122 0.312092 0.156098 0.316993 0.141463 0.330065 0.126829 0.354575 0.114634 0.352941 0.107317 0.295752 0.097561 0.290850 0.085366 0.289216 0.056098
0 0.357843 0.117073 0.320261 0.134146 0.315359 0.146341 0.318627 0.200000 0.267974 0.234146 0.250000 0.239024 0.246732 0.243902 0.246732 0.258537 0.253268 0.270732 0.272876 0.275610 0.281046 0.282927 0.266340 0.309756 0.261438 0.341463 0.263072 0.353659 0.259804 0.365854 0.267974 0.409756 0.287582 0.409756 0.299020 0.397561 0.325163 0.395122 0.343137 0.412195 0.361111 0.470732 0.379085 0.473171 0.449346 0.400000 0.464052 0.353659 0.468954 0.285366 0.441176 0.246341 0.439542 0.226829 0.429739 0.219512 0.416667 0.197561 0.413399 0.151220 0.408497 0.131707 0.397059 0.121951
