0 0.485961 0.039286 0.462203 0.050000 0.453564 0.067857 0.453564 0.125000 0.460043 0.164286 0.397408 0.271429 0.388769 0.310714 0.388769 0.364286 0.406048 0.428571 0.449244 0.475000 0.475162 0.521429 0.492441 0.592857 0.501080 0.607143 0.501080 0.664286 0.507559 0.671429 0.524838 0.657143 0.522678 0.650000 0.529158 0.646429 0.524838 0.635714 0.533477 0.621429 0.552916 0.639286 0.555076 0.621429 0.550756 0.617857 0.555076 0.603571 0.570194 0.600000 0.552916 0.592857 0.557235 0.585714 0.572354 0.585714 0.574514 0.560714 0.580994 0.564286 0.587473 0.496429 0.606911 0.428571 0.611231 0.378571 0.617711 0.357143 0.617711 0.310714 0.602592 0.250000 0.576674 0.207143 0.539957 0.164286 0.544276 0.110714 0.539957 0.057143 0.516199 0.039286
0 0.585313 0.000000 0.585313 0.046429 0.546436 0.100000 0.542117 0.164286 0.574514 0.203571 0.617711 0.275000 0.622030 0.317857 0.626350 0.314286 0.630670 0.328571 0.639309 0.332143 0.704104 0.221429 0.704104 0.160714 0.693305 0.121429 0.650108 0.050000 0.656587 0.000000
0 0.822894 0.000000 0.820734 0.053571 0.812095 0.075000 0.825054 0.085714 0.835853 0.110714 0.835853 0.153571 0.825054 0.225000 0.885529 0.314286 0.907127 0.378571 0.913607 0.435714 0.920086 0.439286 0.952484 0.289286 0.954644 0.203571 0.950324 0.182143 0.928726 0.128571 0.896328 0.075000 0.907127 0.000000
0 0.066955 0.000000 0.062635 0.032143 0.077754 0.100000 0.073434 0.125000 0.049676 0.164286 0.047516 0.182143 0.099352 0.178571 0.110151 0.185714 0.138229 0.278571 0.136069 0.303571 0.174946 0.335714 0.192225 0.339286 0.198704 0.325000 0.198704 0.239286 0.222462 0.171429 0.222462 0.157143 0.194384 0.117857 0.142549 0.071429 0.142549 0.039286 0.133909 0.000000
0 0.300216 0.000000 0.257019 0.003571 0.239741 0.014286 0.235421 0.025000 0.237581 0.060714 0.250540 0.121429 0.211663 0.196429 0.198704 0.253571 0.203024 0.314286 0.228942 0.375000 0.248380 0.375000 0.248380 0.310714 0.267819 0.275000 0.295896 0.260714 0.341253 0.260714 0.356371 0.267857 0.373650 0.310714 0.386609 0.303571 0.399568 0.257143 0.397408 0.203571 0.375810 0.164286 0.347732 0.135714 0.321814 0.092857 0.317495 0.021429
0 0.740821 0.085714 0.727862 0.100000 0.723542 0.117857 0.717063 0.196429 0.719222 0.228571 0.671706 0.282143 0.641469 0.335714 0.628510 0.378571 0.624190 0.421429 0.630670 0.450000 0.630670 0.500000 0.639309 0.535714 0.654428 0.542857 0.678186 0.528571 0.678186 0.514286 0.688985 0.485714 0.699784 0.392857 0.714903 0.360714 0.740821 0.346429 0.794816 0.350000 0.831533 0.371429 0.848812 0.396429 0.853132 0.421429 0.840173 0.514286 0.840173 0.567857 0.879050 0.628571 0.889849 0.632143 0.892009 0.571429 0.898488 0.560714 0.907127 0.460714 0.907127 0.392857 0.883369 0.310714 0.820734 0.217857 0.833693 0.167857 0.833693 0.100000 0.812095 0.078571 0.758099 0.078571
0 0.714903 0.360714 0.701944 0.382143 0.691145 0.475000 0.684665 0.496429 0.684665 0.525000 0.619870 0.582143 0.580994 0.642857 0.559395 0.710714 0.559395 0.775000 0.563715 0.782143 0.626350 0.778571 0.684665 0.807143 0.727862 0.860714 0.751620 0.925000 0.922246 0.925000 0.935205 0.857143 0.928726 0.767857 0.913607 0.707143 0.892009 0.653571 0.835853 0.567857 0.833693 0.542857 0.850972 0.439286 0.848812 0.396429 0.822894 0.364286 0.790497 0.350000 0.747300 0.346429
0 0.267819 0.275000 0.254860 0.289286 0.250540 0.307143 0.257019 0.382143 0.254860 0.407143 0.263499 0.439286 0.220302 0.500000 0.194384 0.567857 0.187905 0.600000 0.187905 0.660714 0.198704 0.703571 0.215983 0.728571 0.269978 0.757143 0.300216 0.789286 0.334773 0.850000 0.352052 0.914286 0.358531 0.921429 0.410367 0.917857 0.457883 0.839286 0.462203 0.792857 0.483801 0.689286 0.485961 0.607143 0.481641 0.557143 0.466523 0.510714 0.449244 0.478571 0.419006 0.442857 0.375810 0.410714 0.377970 0.378571 0.369330 0.303571 0.358531 0.271429 0.336933 0.260714 0.304536 0.260714
0 0.019438 0.203571 0.015119 0.210714 0.015119 0.250000 0.036717 0.335714 0.000000 0.407143 0.000000 0.571429 0.064795 0.546429 0.105832 0.546429 0.133909 0.560714 0.157667 0.585714 0.157667 0.607143 0.172786 0.632143 0.172786 0.660714 0.177106 0.671429 0.185745 0.575000 0.235421 0.457143 0.237581 0.421429 0.233261 0.403571 0.218143 0.375000 0.131749 0.303571 0.133909 0.271429 0.112311 0.185714 0.049676 0.185714
0 0.000000 0.582143 0.000000 0.928571 0.323974 0.928571 0.339093 0.921429 0.336933 0.871429 0.319654 0.825000 0.300216 0.792857 0.252700 0.750000 0.190065 0.725000 0.179266 0.707143 0.157667 0.607143 0.138229 0.567857 0.116631 0.553571 0.062635 0.550000
