0 0.446154 0.907143 0.446154 0.928571 0.841026 0.925000 0.789744 0.850000 0.748718 0.821429 0.666667 0.792857 0.569231 0.792857 0.533333 0.807143 0.476923 0.853571
0 0.369231 0.510714 0.328205 0.535714 0.323077 0.567857 0.287179 0.592857 0.256410 0.632143 0.251282 0.685714 0.276923 0.728571 0.312821 0.753571 0.379487 0.771429 0.446154 0.771429 0.502564 0.757143 0.553846 0.725000 0.584615 0.678571 0.584615 0.635714 0.553846 0.589286 0.512821 0.564286 0.482051 0.557143 0.441026 0.514286
0 0.000000 0.078571 0.000000 0.264286 0.051282 0.271429 0.061538 0.246429 0.046154 0.228571 0.041026 0.196429 0.056410 0.182143 0.097436 0.171429 0.128205 0.178571 0.158974 0.207143 0.164103 0.225000 0.174359 0.221429 0.174359 0.203571 0.076923 0.135714 0.051282 0.085714
0 0.964103 0.010714 0.923077 0.021429 0.882051 0.071429 0.882051 0.082143 0.928205 0.100000 0.912821 0.139286 0.912821 0.167857 0.928205 0.192857 0.979487 0.178571 0.994872 0.160714 0.984615 0.064286 1.000000 0.032143 0.984615 0.014286
0 0.723077 0.007143 0.676923 0.014286 0.666667 0.060714 0.635897 0.092857 0.630769 0.139286 0.687179 0.232143 0.702564 0.228571 0.717949 0.196429 0.774359 0.160714 0.774359 0.132143 0.738462 0.071429 0.748718 0.017857
0 0.441026 0.007143 0.415385 0.021429 0.420513 0.053571 0.374359 0.121429 0.369231 0.157143 0.400000 0.178571 0.492308 0.185714 0.528205 0.160714 0.538462 0.121429 0.492308 0.060714 0.487179 0.014286
0 0.184615 0.007143 0.164103 0.014286 0.169231 0.096429 0.143590 0.121429 0.138462 0.153571 0.169231 0.185714 0.200000 0.196429 0.189744 0.203571 0.225641 0.203571 0.266667 0.150000 0.256410 0.117857 0.266667 0.075000 0.251282 0.060714 0.235897 0.010714
0 0.276923 0.082143 0.256410 0.100000 0.266667 0.153571 0.225641 0.214286 0.225641 0.257143 0.276923 0.292857 0.292308 0.314286 0.317949 0.314286 0.384615 0.253571 0.394872 0.178571 0.348718 0.135714 0.343590 0.089286 0.328205 0.082143
0 0.600000 0.078571 0.564103 0.082143 0.548718 0.092857 0.543590 0.142857 0.487179 0.200000 0.492308 0.250000 0.569231 0.317857 0.600000 0.310714 0.676923 0.257143 0.682051 0.239286 0.671795 0.203571 0.630769 0.146429 0.630769 0.089286
0 0.902564 0.085714 0.856410 0.085714 0.810256 0.150000 0.774359 0.175000 0.820513 0.196429 0.825641 0.217857 0.810256 0.242857 0.810256 0.271429 0.851282 0.321429 0.866667 0.303571 0.907692 0.292857 0.938462 0.239286 0.912821 0.171429 0.928205 0.100000
0 0.779487 0.178571 0.733333 0.185714 0.707692 0.242857 0.615385 0.303571 0.615385 0.310714 0.651282 0.314286 0.676923 0.328571 0.687179 0.342857 0.682051 0.396429 0.733333 0.442857 0.774359 0.439286 0.810256 0.425000 0.830769 0.400000 0.846154 0.353571 0.846154 0.325000 0.805128 0.260714 0.820513 0.235714 0.820513 0.196429 0.810256 0.185714
0 0.420513 0.178571 0.389744 0.192857 0.389744 0.250000 0.328205 0.314286 0.323077 0.367857 0.415385 0.439286 0.461538 0.439286 0.543590 0.382143 0.564103 0.317857 0.487179 0.246429 0.487179 0.200000 0.476923 0.185714
0 0.082051 0.175000 0.041026 0.196429 0.066667 0.264286 0.041026 0.307143 0.035897 0.346429 0.066667 0.382143 0.112821 0.410714 0.112821 0.421429 0.133333 0.421429 0.164103 0.407143 0.158974 0.339286 0.169231 0.325000 0.220513 0.307143 0.276923 0.321429 0.276923 0.307143 0.256410 0.282143 0.174359 0.242857 0.153846 0.200000 0.128205 0.178571
0 0.200000 0.310714 0.158974 0.335714 0.164103 0.375000 0.179487 0.396429 0.133333 0.446429 0.128205 0.496429 0.158974 0.546429 0.215385 0.585714 0.282051 0.592857 0.312821 0.571429 0.328205 0.535714 0.358974 0.514286 0.425641 0.503571 0.420513 0.464286 0.400000 0.425000 0.358974 0.396429 0.297436 0.371429 0.276923 0.325000 0.246154 0.310714
0 0.651282 0.314286 0.579487 0.321429 0.564103 0.342857 0.558974 0.378571 0.476923 0.425000 0.446154 0.482143 0.446154 0.514286 0.471795 0.542857 0.584615 0.596429 0.646154 0.592857 0.707692 0.560714 0.738462 0.500000 0.728205 0.439286 0.676923 0.392857 0.682051 0.335714
0 0.958974 0.517857 0.917949 0.507143 0.876923 0.510714 0.810256 0.557143 0.774359 0.550000 0.733333 0.553571 0.661538 0.600000 0.625641 0.650000 0.625641 0.685714 0.646154 0.721429 0.717949 0.778571 0.774359 0.792857 0.882051 0.796429 0.943590 0.764286 0.989744 0.696429 0.989744 0.650000 0.969231 0.607143 0.994872 0.571429 0.994872 0.550000
0 0.000000 0.839286 0.000000 0.928571 0.353846 0.928571 0.338462 0.853571 0.312821 0.821429 0.251282 0.785714 0.220513 0.778571 0.138462 0.782143 0.066667 0.803571 0.025641 0.832143
