0 0.700000 0.382143 0.658974 0.375000 0.643590 0.385714 0.643590 0.446429 0.610256 0.510714 0.592308 0.571429 0.594872 0.621429 0.602564 0.642857 0.607692 0.642857 0.610256 0.614286 0.656410 0.525000 0.664103 0.500000 0.666667 0.446429 0.676923 0.435714 0.702564 0.428571
0 0.728205 0.500000 0.676923 0.496429 0.664103 0.507143 0.664103 0.575000 0.633333 0.628571 0.602564 0.714286 0.594872 0.792857 0.597436 0.914286 0.607692 0.914286 0.610256 0.853571 0.625641 0.789286 0.648718 0.725000 0.689744 0.653571 0.689744 0.585714 0.700000 0.571429 0.730769 0.560714 0.733333 0.517857
0 0.700000 0.571429 0.689744 0.585714 0.692308 0.653571 0.653846 0.714286 0.625641 0.796429 0.615385 0.846429 0.612821 0.925000 0.807692 0.928571 0.812821 0.917857 0.812821 0.789286 0.766667 0.664286 0.766667 0.589286 0.741026 0.567857
0 0.482051 0.317857 0.474359 0.371429 0.512821 0.371429 0.528205 0.385714 0.530769 0.428571 0.553846 0.446429 0.553846 0.503571 0.569231 0.546429 0.576923 0.553571 0.584615 0.496429 0.566667 0.392857 0.533333 0.371429 0.538462 0.328571 0.530769 0.317857
0 0.523077 0.375000 0.476923 0.371429 0.469231 0.378571 0.464103 0.446429 0.451282 0.482143 0.438462 0.489286 0.430769 0.521429 0.425641 0.600000 0.433333 0.621429 0.451282 0.589286 0.456410 0.528571 0.487179 0.500000 0.489744 0.442857 0.528205 0.428571 0.528205 0.382143
0 0.500000 0.432143 0.487179 0.446429 0.489744 0.510714 0.510256 0.514286 0.523077 0.528571 0.525641 0.585714 0.564103 0.650000 0.576923 0.685714 0.584615 0.760714 0.592308 0.771429 0.597436 0.671429 0.579487 0.578571 0.553846 0.521429 0.553846 0.450000 0.538462 0.432143
0 0.469231 0.514286 0.456410 0.528571 0.458974 0.575000 0.438462 0.625000 0.428205 0.696429 0.433333 0.782143 0.430769 0.921429 0.438462 0.928571 0.569231 0.928571 0.576923 0.921429 0.579487 0.732143 0.571795 0.675000 0.556410 0.635714 0.520513 0.575000 0.525641 0.553571 0.523077 0.525000 0.510256 0.514286
0 0.351282 0.239286 0.346154 0.271429 0.364103 0.300000 0.361538 0.325000 0.382051 0.342857 0.382051 0.364286 0.402564 0.403571 0.415385 0.453571 0.428205 0.478571 0.433333 0.460714 0.433333 0.385714 0.400000 0.292857 0.400000 0.250000 0.392308 0.239286 0.376923 0.235714
0 0.358974 0.285714 0.320513 0.282143 0.310256 0.289286 0.310256 0.339286 0.289744 0.375000 0.274359 0.432143 0.276923 0.482143 0.287179 0.475000 0.307692 0.421429 0.310256 0.392857 0.323077 0.375000 0.323077 0.342857 0.335897 0.328571 0.361538 0.321429
0 0.328205 0.332143 0.323077 0.342857 0.325641 0.378571 0.356410 0.382143 0.369231 0.392857 0.371795 0.432143 0.382051 0.442857 0.410256 0.532143 0.420513 0.542857 0.425641 0.507143 0.420513 0.467857 0.397436 0.392857 0.382051 0.367857 0.379487 0.335714 0.369231 0.328571
0 0.315385 0.385714 0.300000 0.450000 0.330769 0.442857 0.346154 0.446429 0.358974 0.460714 0.356410 0.507143 0.402564 0.600000 0.405128 0.635714 0.417949 0.639286 0.417949 0.589286 0.407692 0.528571 0.384615 0.450000 0.369231 0.425000 0.369231 0.392857 0.353846 0.382143
0 0.297436 0.453571 0.289744 0.507143 0.335897 0.510714 0.348718 0.532143 0.346154 0.571429 0.371795 0.578571 0.387179 0.592857 0.392308 0.585714 0.389744 0.571429 0.356410 0.503571 0.358974 0.457143 0.346154 0.446429 0.307692 0.446429
0 0.341026 0.514286 0.328205 0.507143 0.294872 0.507143 0.282051 0.514286 0.276923 0.532143 0.276923 0.578571 0.246154 0.642857 0.230769 0.703571 0.238462 0.782143 0.243590 0.753571 0.310256 0.653571 0.315385 0.589286 0.343590 0.567857 0.348718 0.535714
0 0.379487 0.585714 0.351282 0.575000 0.330769 0.575000 0.315385 0.585714 0.315385 0.642857 0.251282 0.753571 0.241026 0.825000 0.241026 0.928571 0.423077 0.925000 0.428205 0.889286 0.425641 0.764286 0.412821 0.714286 0.384615 0.660714 0.384615 0.592857
0 0.194872 0.242857 0.189744 0.250000 0.192308 0.285714 0.207692 0.289286 0.217949 0.303571 0.217949 0.346429 0.251282 0.400000 0.269231 0.446429 0.284615 0.382143 0.274359 0.339286 0.241026 0.278571 0.241026 0.246429 0.230769 0.239286
0 0.215385 0.296429 0.202564 0.289286 0.164103 0.296429 0.164103 0.339286 0.141026 0.378571 0.128205 0.417857 0.123077 0.482143 0.130769 0.482143 0.141026 0.464286 0.143590 0.425000 0.153846 0.410714 0.171795 0.403571 0.171795 0.364286 0.187179 0.350000 0.215385 0.346429
0 0.174359 0.357143 0.174359 0.407143 0.189744 0.407143 0.205128 0.421429 0.212821 0.475000 0.238462 0.510714 0.261538 0.560714 0.274359 0.500000 0.258974 0.457143 0.228205 0.400000 0.225641 0.360714 0.215385 0.350000
0 0.148718 0.414286 0.138462 0.475000 0.184615 0.475000 0.197436 0.496429 0.200000 0.539286 0.228205 0.582143 0.235897 0.607143 0.246154 0.614286 0.256410 0.564286 0.251282 0.560714 0.243590 0.521429 0.205128 0.460714 0.202564 0.414286 0.184615 0.407143
0 0.143590 0.475000 0.130769 0.492857 0.130769 0.542857 0.153846 0.546429 0.166667 0.560714 0.171795 0.610714 0.217949 0.689286 0.220513 0.703571 0.225641 0.703571 0.241026 0.628571 0.225641 0.582143 0.197436 0.535714 0.194872 0.485714 0.169231 0.471429
0 0.112821 0.550000 0.100000 0.564286 0.100000 0.614286 0.069231 0.667857 0.048718 0.732143 0.064103 0.925000 0.220513 0.928571 0.228205 0.907143 0.233333 0.782143 0.217949 0.700000 0.169231 0.610714 0.164103 0.557143 0.148718 0.546429
0 1.000000 0.382143 0.982051 0.382143 0.971795 0.392857 0.969231 0.439286 0.925641 0.510714 0.928205 0.560714 0.938462 0.578571 0.961538 0.585714 1.000000 0.528571
0 0.748718 0.228571 0.733333 0.239286 0.730769 0.282143 0.697436 0.346429 0.697436 0.367857 0.717949 0.421429 0.725641 0.417857 0.735897 0.389286 0.771795 0.332143 0.771795 0.300000 0.784615 0.257143 0.782051 0.235714
0 0.984615 0.335714 0.974359 0.328571 0.941026 0.328571 0.933333 0.335714 0.930769 0.382143 0.897436 0.439286 0.900000 0.500000 0.912821 0.507143 0.928205 0.503571 0.969231 0.435714 0.969231 0.396429 0.987179 0.367857
0 0.820513 0.275000 0.789744 0.271429 0.774359 0.282143 0.766667 0.339286 0.728205 0.407143 0.725641 0.435714 0.730769 0.442857 0.738462 0.442857 0.774359 0.375000 0.774359 0.328571 0.787179 0.321429 0.825641 0.321429 0.828205 0.289286
0 0.825641 0.325000 0.787179 0.321429 0.774359 0.332143 0.776923 0.371429 0.743590 0.425000 0.733333 0.453571 0.730769 0.500000 0.738462 0.532143 0.748718 0.532143 0.758974 0.503571 0.802564 0.439286 0.805128 0.385714 0.825641 0.375000 0.830769 0.360714
0 0.856410 0.382143 0.812821 0.378571 0.805128 0.385714 0.805128 0.435714 0.766667 0.492857 0.748718 0.532143 0.751282 0.567857 0.771795 0.592857 0.792308 0.571429 0.833333 0.500000 0.838462 0.446429 0.864103 0.432143 0.864103 0.400000
0 0.889744 0.442857 0.843590 0.439286 0.838462 0.446429 0.835897 0.496429 0.774359 0.607143 0.774359 0.639286 0.782051 0.664286 0.794872 0.667857 0.853846 0.575000 0.858974 0.517857 0.871795 0.503571 0.894872 0.500000 0.897436 0.453571
0 0.917949 0.510714 0.874359 0.503571 0.858974 0.514286 0.858974 0.567857 0.805128 0.650000 0.789744 0.696429 0.797436 0.735714 0.812821 0.757143 0.825641 0.746429 0.838462 0.714286 0.874359 0.667857 0.882051 0.642857 0.884615 0.592857 0.894872 0.582143 0.920513 0.575000 0.923077 0.521429
0 0.892308 0.582143 0.884615 0.592857 0.882051 0.653571 0.843590 0.707143 0.815385 0.775000 0.823077 0.914286 0.833333 0.928571 0.997436 0.925000 1.000000 0.807143 0.989744 0.764286 0.997436 0.746429 0.956410 0.646429 0.953846 0.596429 0.928205 0.578571
0 0.643590 0.221429 0.605128 0.217857 0.592308 0.232143 0.594872 0.282143 0.564103 0.360714 0.569231 0.400000 0.582051 0.432143 0.592308 0.428571 0.597436 0.403571 0.625641 0.346429 0.630769 0.282143 0.646154 0.260714
0 0.684615 0.325000 0.648718 0.317857 0.630769 0.328571 0.630769 0.375000 0.592308 0.475000 0.589744 0.560714 0.597436 0.553571 0.612821 0.503571 0.641026 0.450000 0.643590 0.385714 0.661538 0.375000 0.687179 0.375000
0 0.723077 0.439286 0.705128 0.432143 0.669231 0.439286 0.664103 0.464286 0.666667 0.496429 0.617949 0.600000 0.607692 0.650000 0.610256 0.671429 0.623077 0.657143 0.628205 0.635714 0.664103 0.571429 0.664103 0.510714 0.682051 0.496429 0.725641 0.496429 0.730769 0.453571
