0 0.478758 0.097826 0.472222 0.117391 0.475490 0.193478 0.483660 0.226087 0.483660 0.269565 0.478758 0.295652 0.485294 0.313043 0.503268 0.336957 0.534314 0.360870 0.575163 0.347826 0.591503 0.336957 0.607843 0.310870 0.607843 0.289130 0.601307 0.265217 0.593137 0.252174 0.575163 0.234783 0.545752 0.191304 0.542484 0.180435 0.549020 0.152174 0.545752 0.104348 0.532680 0.095652 0.519608 0.093478
0 0.580065 0.050000 0.570261 0.069565 0.571895 0.113043 0.568627 0.130435 0.555556 0.147826 0.547386 0.169565 0.549020 0.195652 0.607843 0.273913 0.616013 0.273913 0.622549 0.282609 0.645425 0.280435 0.661765 0.265217 0.679739 0.239130 0.681373 0.219565 0.678105 0.202174 0.665033 0.178261 0.642157 0.152174 0.632353 0.130435 0.632353 0.056522 0.616013 0.047826
0 0.777778 0.080435 0.767974 0.086957 0.761438 0.121739 0.763072 0.141304 0.776144 0.152174 0.782680 0.167391 0.781046 0.215217 0.774510 0.239130 0.774510 0.256522 0.784314 0.280435 0.816993 0.317391 0.828431 0.339130 0.844771 0.393478 0.849673 0.393478 0.859477 0.378261 0.870915 0.334783 0.872549 0.306522 0.879085 0.286957 0.877451 0.254348 0.864379 0.221739 0.836601 0.186957 0.828431 0.169565 0.826797 0.158696 0.838235 0.123913 0.838235 0.091304 0.813725 0.078261
0 0.818627 0.032609 0.812092 0.041304 0.810458 0.076087 0.826797 0.082609 0.839869 0.095652 0.836601 0.136957 0.828431 0.152174 0.828431 0.167391 0.836601 0.186957 0.875817 0.239130 0.882353 0.265217 0.895425 0.265217 0.897059 0.252174 0.900327 0.250000 0.898693 0.243478 0.905229 0.232609 0.908497 0.186957 0.898693 0.158696 0.862745 0.102174 0.870915 0.082609 0.874183 0.045652 0.869281 0.036957 0.856209 0.030435 0.834967 0.028261
0 0.395425 0.019565 0.390523 0.030435 0.395425 0.082609 0.383987 0.108696 0.359477 0.134783 0.356209 0.147826 0.361111 0.165217 0.383987 0.195652 0.421569 0.182609 0.467320 0.184783 0.470588 0.178261 0.468954 0.147826 0.447712 0.086957 0.450980 0.063043 0.449346 0.026087 0.444444 0.019565 0.426471 0.015217
0 0.287582 0.000000 0.230392 0.000000 0.228758 0.032609 0.233660 0.050000 0.232026 0.060870 0.197712 0.121739 0.204248 0.130435 0.225490 0.132609 0.241830 0.147826 0.250000 0.189130 0.263072 0.180435 0.284314 0.145652 0.277778 0.104348 0.277778 0.080435 0.287582 0.052174
0 0.642157 0.010870 0.633987 0.023913 0.638889 0.139130 0.658497 0.169565 0.679739 0.195652 0.686275 0.197826 0.696078 0.156522 0.717320 0.139130 0.715686 0.128261 0.692810 0.097826 0.687908 0.084783 0.686275 0.067391 0.691176 0.045652 0.691176 0.021739 0.676471 0.010870
0 0.480392 0.000000 0.482026 0.047826 0.454248 0.084783 0.454248 0.100000 0.460784 0.108696 0.470588 0.108696 0.478758 0.095652 0.529412 0.093478 0.550654 0.102174 0.550654 0.091304 0.531046 0.045652 0.534314 0.000000
0 0.687908 0.260870 0.679739 0.269565 0.673203 0.286957 0.668301 0.323913 0.669935 0.378261 0.663399 0.393478 0.653595 0.406522 0.609477 0.439130 0.598039 0.454348 0.601307 0.550000 0.598039 0.593478 0.625817 0.615217 0.645425 0.623913 0.697712 0.634783 0.723856 0.645652 0.759804 0.647826 0.816993 0.628261 0.844771 0.600000 0.851307 0.582609 0.852941 0.558696 0.849673 0.532609 0.834967 0.491304 0.782680 0.426087 0.772876 0.402174 0.771242 0.384783 0.779412 0.365217 0.785948 0.321739 0.785948 0.289130 0.777778 0.271739 0.763072 0.260870 0.736928 0.254348 0.704248 0.254348
0 0.464052 0.189130 0.416667 0.184783 0.397059 0.191304 0.388889 0.200000 0.383987 0.215217 0.383987 0.265217 0.388889 0.302174 0.369281 0.334783 0.344771 0.356522 0.321895 0.386957 0.310458 0.419565 0.312092 0.452174 0.331699 0.497826 0.339869 0.504348 0.364379 0.550000 0.374183 0.593478 0.387255 0.621739 0.387255 0.630435 0.400327 0.628261 0.442810 0.593478 0.437908 0.552174 0.444444 0.526087 0.447712 0.456522 0.454248 0.441304 0.470588 0.423913 0.493464 0.413043 0.553922 0.408696 0.539216 0.373913 0.519608 0.350000 0.501634 0.336957 0.480392 0.306522 0.477124 0.282609 0.482026 0.267391 0.482026 0.221739 0.477124 0.200000
0 0.158497 0.141304 0.151961 0.158696 0.151961 0.178261 0.163399 0.226087 0.161765 0.247826 0.147059 0.273913 0.114379 0.313043 0.101307 0.336957 0.096405 0.358696 0.099673 0.386957 0.112745 0.404348 0.119281 0.404348 0.119281 0.330435 0.137255 0.308696 0.165033 0.293478 0.210784 0.295652 0.232026 0.304348 0.240196 0.313043 0.248366 0.330435 0.251634 0.373913 0.259804 0.400000 0.258170 0.404348 0.266340 0.415217 0.312092 0.386957 0.326797 0.365217 0.326797 0.328261 0.308824 0.297826 0.250000 0.245652 0.241830 0.226087 0.245098 0.171739 0.241830 0.150000 0.236928 0.141304 0.225490 0.134783 0.197712 0.130435 0.176471 0.132609
0 0.000000 0.095652 0.000000 0.373913 0.022876 0.382609 0.047386 0.404348 0.058824 0.408696 0.065359 0.419565 0.084967 0.423913 0.089869 0.413043 0.096405 0.413043 0.093137 0.347826 0.116013 0.306522 0.119281 0.282609 0.099673 0.250000 0.063725 0.226087 0.032680 0.191304 0.026144 0.165217 0.022876 0.126087 0.016340 0.108696
0 0.478758 0.421739 0.465686 0.430435 0.454248 0.445652 0.449346 0.463043 0.447712 0.530435 0.442810 0.550000 0.442810 0.563043 0.450980 0.586957 0.449346 0.595652 0.382353 0.652174 0.366013 0.671739 0.343137 0.717391 0.336601 0.747826 0.336601 0.817391 0.330065 0.852174 0.330065 0.871739 0.343137 0.923913 0.359477 0.965217 0.382353 1.000000 0.687908 1.000000 0.696078 0.991304 0.687908 0.982609 0.687908 0.971739 0.700980 0.967391 0.700980 0.956522 0.691176 0.954348 0.687908 0.941304 0.700980 0.936957 0.702614 0.928261 0.699346 0.917391 0.700980 0.871739 0.697712 0.858696 0.709150 0.810870 0.700980 0.747826 0.679739 0.715217 0.678105 0.706522 0.666667 0.700000 0.651961 0.700000 0.651961 0.686957 0.658497 0.695652 0.665033 0.691304 0.656863 0.689130 0.648693 0.676087 0.620915 0.669565 0.614379 0.673913 0.606209 0.671739 0.594771 0.660870 0.591503 0.639130 0.591503 0.580435 0.596405 0.547826 0.596405 0.476087 0.589869 0.443478 0.576797 0.428261 0.547386 0.415217 0.511438 0.413043
0 0.163399 0.297826 0.132353 0.313043 0.119281 0.332609 0.119281 0.389130 0.122549 0.393478 0.125817 0.432609 0.135621 0.447826 0.132353 0.465217 0.114379 0.493478 0.076797 0.532609 0.045752 0.591304 0.042484 0.623913 0.045752 0.726087 0.052288 0.747826 0.070261 0.778261 0.119281 0.841304 0.137255 0.854348 0.179739 0.871739 0.241830 0.876087 0.289216 0.850000 0.321895 0.810870 0.328431 0.756522 0.343137 0.700000 0.362745 0.660870 0.370915 0.654348 0.372549 0.636957 0.366013 0.604348 0.366013 0.571739 0.356209 0.541304 0.326797 0.500000 0.277778 0.467391 0.251634 0.436957 0.250000 0.426087 0.254902 0.402174 0.248366 0.339130 0.241830 0.317391 0.233660 0.306522 0.214052 0.297826
0 1.000000 0.560870 0.986928 0.565217 0.970588 0.586957 0.952614 0.654348 0.950980 0.689130 0.939542 0.734783 0.887255 0.741304 0.862745 0.752174 0.820261 0.780435 0.782680 0.821739 0.767974 0.858696 0.761438 0.893478 0.764706 0.952174 0.781046 1.000000 1.000000 1.000000
0 0.995098 0.197826 0.985294 0.215217 0.983660 0.247826 0.978758 0.252174 0.980392 0.276087 0.975490 0.293478 0.892157 0.354348 0.875817 0.373913 0.866013 0.395652 0.856209 0.473913 0.861111 0.591304 0.877451 0.600000 0.887255 0.597826 0.908497 0.558696 0.937908 0.523913 0.957516 0.508696 1.000000 0.491304 1.000000 0.217391 0.991830 0.215217 0.993464 0.210870 1.000000 0.210870 1.000000 0.202174
0 0.777778 0.154348 0.761438 0.145652 0.722222 0.141304 0.704248 0.147826 0.696078 0.158696 0.691176 0.195652 0.692810 0.236957 0.678105 0.267391 0.673203 0.267391 0.637255 0.297826 0.624183 0.313043 0.609477 0.341304 0.609477 0.369565 0.624183 0.395652 0.638889 0.406522 0.650327 0.406522 0.663399 0.391304 0.668301 0.373913 0.668301 0.315217 0.674837 0.280435 0.681373 0.265217 0.702614 0.254348 0.741830 0.254348 0.774510 0.265217 0.771242 0.252174 0.779412 0.221739 0.782680 0.186957
0 0.289216 0.058696 0.282680 0.063043 0.279412 0.078261 0.279412 0.102174 0.285948 0.143478 0.279412 0.160870 0.250000 0.197826 0.250000 0.243478 0.267974 0.263043 0.313725 0.297826 0.348039 0.300000 0.374183 0.289130 0.380719 0.276087 0.380719 0.213043 0.354575 0.160870 0.348039 0.136957 0.351307 0.117391 0.349673 0.073913 0.346405 0.065217 0.334967 0.058696
0 0.102941 0.032609 0.094771 0.039130 0.093137 0.047826 0.099673 0.097826 0.098039 0.117391 0.083333 0.152174 0.055556 0.195652 0.053922 0.210870 0.063725 0.223913 0.104575 0.252174 0.122549 0.276087 0.130719 0.278261 0.148693 0.265217 0.158497 0.250000 0.161765 0.226087 0.150327 0.176087 0.151961 0.156522 0.158497 0.141304 0.171569 0.132609 0.173203 0.123913 0.165033 0.102174 0.165033 0.056522 0.155229 0.036957 0.147059 0.032609
