0 0.756536 0.217391 0.727124 0.208696 0.687908 0.208696 0.671569 0.219565 0.665033 0.243478 0.665033 0.295652 0.668301 0.304348 0.665033 0.323913 0.645425 0.352174 0.602941 0.389130 0.586601 0.413043 0.580065 0.430435 0.578431 0.456522 0.583333 0.476087 0.607843 0.510870 0.624183 0.543478 0.625817 0.593478 0.629085 0.602174 0.643791 0.602174 0.686275 0.576087 0.704248 0.552174 0.705882 0.532609 0.699346 0.513043 0.707516 0.486957 0.707516 0.460870 0.714052 0.426087 0.727124 0.404348 0.746732 0.395652 0.797386 0.393478 0.774510 0.363043 0.758170 0.332609 0.756536 0.313043 0.763072 0.289130 0.764706 0.232609
0 0.594771 0.126087 0.571895 0.123913 0.544118 0.128261 0.531046 0.145652 0.532680 0.219565 0.516340 0.254348 0.509804 0.280435 0.531046 0.304348 0.535948 0.334783 0.532680 0.389130 0.542484 0.402174 0.573529 0.400000 0.584967 0.404348 0.638889 0.356522 0.656863 0.334783 0.661765 0.319565 0.661765 0.306522 0.655229 0.289130 0.612745 0.239130 0.604575 0.217391 0.609477 0.193478 0.611111 0.150000 0.609477 0.139130
0 0.403595 0.184783 0.357843 0.182609 0.338235 0.186957 0.328431 0.195652 0.323529 0.217391 0.330065 0.276087 0.326797 0.300000 0.308824 0.328261 0.264706 0.380435 0.253268 0.410870 0.256536 0.447826 0.253268 0.500000 0.259804 0.530435 0.281046 0.576087 0.307190 0.600000 0.312092 0.595652 0.313725 0.573913 0.336601 0.539130 0.359477 0.493478 0.401961 0.454348 0.416667 0.434783 0.426471 0.410870 0.419935 0.373913 0.419935 0.300000 0.411765 0.278261 0.415033 0.206522 0.410131 0.191304
0 0.263072 0.123913 0.210784 0.123913 0.199346 0.130435 0.196078 0.139130 0.196078 0.176087 0.204248 0.200000 0.204248 0.215217 0.194444 0.239130 0.156863 0.284783 0.148693 0.302174 0.143791 0.326087 0.145425 0.341304 0.156863 0.358696 0.209150 0.380435 0.256536 0.378261 0.272876 0.367391 0.320261 0.310870 0.325163 0.297826 0.325163 0.273913 0.318627 0.260870 0.294118 0.239130 0.276144 0.215217 0.274510 0.139130
0 0.091503 0.034783 0.050654 0.034783 0.039216 0.047826 0.039216 0.069565 0.045752 0.095652 0.044118 0.110870 0.026144 0.150000 0.026144 0.158696 0.035948 0.180435 0.039216 0.226087 0.044118 0.234783 0.062092 0.230435 0.096405 0.184783 0.109477 0.156522 0.109477 0.134783 0.102941 0.102174 0.101307 0.045652
0 0.009804 0.156522 0.000000 0.158696 0.000000 0.421739 0.004902 0.421739 0.031046 0.389130 0.042484 0.363043 0.040850 0.341304 0.032680 0.317391 0.031046 0.252174 0.037582 0.217391 0.035948 0.186957 0.026144 0.160870
0 0.918301 0.004348 0.910131 0.000000 0.875817 0.000000 0.864379 0.008696 0.861111 0.019565 0.861111 0.063043 0.830065 0.108696 0.826797 0.123913 0.826797 0.147826 0.839869 0.176087 0.848039 0.171739 0.854575 0.152174 0.875817 0.123913 0.883987 0.073913 0.895425 0.060870 0.911765 0.058696 0.918301 0.052174 0.921569 0.028261
0 0.890523 0.063043 0.882353 0.076087 0.879085 0.119565 0.852941 0.156522 0.851307 0.169565 0.836601 0.195652 0.821895 0.213043 0.821895 0.232609 0.838235 0.265217 0.848039 0.265217 0.857843 0.250000 0.857843 0.191304 0.862745 0.167391 0.875817 0.154348 0.901961 0.152174 0.929739 0.156522 0.942810 0.163043 0.950980 0.178261 0.942810 0.265217 0.947712 0.280435 0.965686 0.280435 0.968954 0.269565 0.983660 0.256522 0.985294 0.245652 0.991830 0.239130 0.991830 0.221739 0.970588 0.193478 0.960784 0.171739 0.957516 0.147826 0.949346 0.128261 0.950980 0.076087 0.947712 0.067391 0.936275 0.060870 0.910131 0.058696
0 0.738562 0.023913 0.732026 0.034783 0.728758 0.060870 0.720588 0.073913 0.717320 0.089130 0.736928 0.084783 0.759804 0.086957 0.776144 0.093478 0.781046 0.100000 0.784314 0.121739 0.779412 0.176087 0.790850 0.202174 0.810458 0.221739 0.815359 0.210870 0.826797 0.202174 0.833333 0.186957 0.833333 0.173913 0.825163 0.152174 0.790850 0.095652 0.790850 0.032609 0.781046 0.023913
0 0.617647 0.000000 0.617647 0.045652 0.629085 0.052174 0.637255 0.067391 0.642157 0.126087 0.665033 0.169565 0.676471 0.171739 0.702614 0.130435 0.702614 0.117391 0.673203 0.076087 0.668301 0.063043 0.669935 0.004348 0.668301 0.000000
0 0.578431 0.054348 0.571895 0.071739 0.575163 0.115217 0.580065 0.123913 0.598039 0.126087 0.607843 0.134783 0.611111 0.143478 0.607843 0.221739 0.617647 0.245652 0.629085 0.258696 0.638889 0.263043 0.678105 0.210870 0.679739 0.197826 0.635621 0.126087 0.635621 0.065217 0.632353 0.056522 0.624183 0.052174
0 0.465686 0.021739 0.459150 0.032609 0.459150 0.058696 0.467320 0.100000 0.467320 0.169565 0.488562 0.202174 0.498366 0.206522 0.504902 0.217391 0.514706 0.219565 0.516340 0.206522 0.524510 0.200000 0.527778 0.189130 0.529412 0.147826 0.537582 0.128261 0.516340 0.086957 0.517974 0.032609 0.511438 0.021739 0.501634 0.019565
0 0.720588 0.091304 0.709150 0.106522 0.709150 0.169565 0.704248 0.173913 0.696078 0.204348 0.743464 0.210870 0.758170 0.219565 0.764706 0.230435 0.764706 0.304348 0.761438 0.326087 0.766340 0.341304 0.772876 0.343478 0.789216 0.319565 0.834967 0.280435 0.834967 0.267391 0.830065 0.263043 0.826797 0.250000 0.799020 0.215217 0.781046 0.184783 0.776144 0.167391 0.784314 0.117391 0.781046 0.097826 0.766340 0.089130 0.748366 0.086957
0 0.403595 0.089130 0.398693 0.095652 0.395425 0.121739 0.400327 0.152174 0.398693 0.180435 0.413399 0.195652 0.415033 0.284783 0.421569 0.293478 0.446078 0.282609 0.504902 0.273913 0.514706 0.250000 0.514706 0.234783 0.468954 0.178261 0.464052 0.165217 0.464052 0.093478 0.449346 0.084783 0.413399 0.084783
0 0.354575 0.047826 0.312092 0.047826 0.302288 0.052174 0.299020 0.058696 0.302288 0.126087 0.294118 0.150000 0.281046 0.171739 0.277778 0.210870 0.290850 0.232609 0.316993 0.254348 0.323529 0.247826 0.321895 0.219565 0.326797 0.197826 0.339869 0.184783 0.370915 0.180435 0.375817 0.176087 0.375817 0.169565 0.369281 0.160870 0.372549 0.152174 0.366013 0.147826 0.361111 0.126087 0.361111 0.056522
0 0.210784 0.015217 0.205882 0.023913 0.207516 0.071739 0.200980 0.089130 0.189542 0.104348 0.187908 0.128261 0.191176 0.143478 0.205882 0.123913 0.258170 0.121739 0.272876 0.132609 0.279412 0.152174 0.285948 0.150000 0.295752 0.136957 0.297386 0.117391 0.264706 0.067391 0.261438 0.017391 0.250000 0.008696 0.227124 0.008696
0 0.124183 0.073913 0.109477 0.080435 0.106209 0.091304 0.114379 0.152174 0.102941 0.178261 0.078431 0.210870 0.073529 0.226087 0.129085 0.234783 0.138889 0.247826 0.142157 0.282609 0.151961 0.286957 0.194444 0.234783 0.200980 0.217391 0.200980 0.200000 0.176471 0.145652 0.178105 0.095652 0.173203 0.078261 0.155229 0.071739
0 0.334967 0.547826 0.318627 0.576087 0.315359 0.606522 0.318627 0.686957 0.325163 0.706522 0.326797 0.730435 0.307190 0.758696 0.281046 0.776087 0.251634 0.806522 0.217320 0.860870 0.204248 0.897826 0.194444 0.941304 0.199346 1.000000 0.616013 1.000000 0.614379 0.908696 0.602941 0.863043 0.591503 0.836957 0.545752 0.780435 0.514706 0.756522 0.496732 0.750000 0.478758 0.726087 0.490196 0.691304 0.490196 0.678261 0.483660 0.650000 0.482026 0.582609 0.470588 0.552174 0.457516 0.541304 0.431373 0.530435 0.382353 0.530435
0 0.132353 0.365217 0.091503 0.373913 0.071895 0.391304 0.065359 0.432609 0.070261 0.497826 0.078431 0.513043 0.080065 0.528261 0.068627 0.556522 0.031046 0.595652 0.000000 0.643478 0.000000 0.936957 0.008170 0.943478 0.004902 0.947826 0.008170 0.943478 0.019608 0.950000 0.037582 0.950000 0.040850 0.945652 0.047386 0.952174 0.091503 0.950000 0.109477 0.954348 0.114379 0.965217 0.112745 0.997826 0.181373 1.000000 0.184641 0.991304 0.181373 0.978261 0.187908 0.930435 0.202614 0.878261 0.220588 0.839130 0.258170 0.789130 0.300654 0.750000 0.305556 0.750000 0.318627 0.723913 0.312092 0.682609 0.312092 0.623913 0.305556 0.608696 0.284314 0.591304 0.277778 0.580435 0.223856 0.541304 0.202614 0.508696 0.205882 0.436957 0.204248 0.410870 0.197712 0.389130 0.189542 0.378261 0.173203 0.369565
0 0.127451 0.234783 0.102941 0.230435 0.068627 0.232609 0.050654 0.239130 0.034314 0.252174 0.032680 0.291304 0.039216 0.328261 0.045752 0.341304 0.045752 0.360870 0.031046 0.391304 0.000000 0.428261 0.000000 0.597826 0.008170 0.602174 0.000000 0.602174 0.003268 0.606522 0.000000 0.608696 0.003268 0.615217 0.000000 0.617391 0.001634 0.626087 0.006536 0.623913 0.008170 0.615217 0.013072 0.615217 0.014706 0.600000 0.019608 0.593478 0.029412 0.593478 0.034314 0.584783 0.039216 0.584783 0.062092 0.563043 0.076797 0.532609 0.076797 0.517391 0.066993 0.489130 0.063725 0.432609 0.065359 0.410870 0.071895 0.389130 0.101307 0.369565 0.147059 0.363043 0.147059 0.354348 0.140523 0.341304 0.142157 0.282609 0.138889 0.252174
0 0.447712 0.284783 0.429739 0.293478 0.421569 0.308696 0.421569 0.376087 0.429739 0.402174 0.424837 0.419565 0.408497 0.447826 0.369281 0.484783 0.351307 0.508696 0.343137 0.534783 0.349673 0.536957 0.392157 0.526087 0.424837 0.526087 0.442810 0.530435 0.465686 0.543478 0.477124 0.558696 0.485294 0.591304 0.486928 0.656522 0.493464 0.676087 0.493464 0.695652 0.485294 0.726087 0.500000 0.743478 0.526144 0.756522 0.552288 0.780435 0.560458 0.780435 0.563725 0.745652 0.584967 0.689130 0.591503 0.641304 0.616013 0.606522 0.622549 0.589130 0.622549 0.552174 0.616013 0.528261 0.593137 0.491304 0.544118 0.443478 0.529412 0.417391 0.532680 0.313043 0.526144 0.295652 0.496732 0.280435
0 0.831699 0.408696 0.790850 0.395652 0.746732 0.397826 0.727124 0.406522 0.718954 0.417391 0.712418 0.439130 0.705882 0.500000 0.710784 0.530435 0.709150 0.550000 0.686275 0.580435 0.656863 0.597826 0.622549 0.626087 0.609477 0.641304 0.593137 0.671739 0.578431 0.732609 0.571895 0.745652 0.571895 0.756522 0.583333 0.813043 0.607843 0.854348 0.624183 0.919565 0.625817 1.000000 0.869281 1.000000 0.911765 0.943478 0.936275 0.895652 0.947712 0.832609 0.944444 0.760870 0.928105 0.706522 0.913399 0.676087 0.849673 0.597826 0.836601 0.567391 0.836601 0.545652 0.841503 0.536957 0.851307 0.491304 0.851307 0.439130 0.846405 0.423913
0 0.995098 0.291304 0.962418 0.295652 0.952614 0.306522 0.944444 0.356522 0.944444 0.415217 0.918301 0.450000 0.859477 0.495652 0.852941 0.504348 0.843137 0.539130 0.841503 0.565217 0.844771 0.582609 0.852941 0.595652 0.885621 0.626087 0.892157 0.641304 0.918301 0.676087 0.939542 0.730435 0.949346 0.741304 1.000000 0.736957 1.000000 0.293478
0 0.934641 0.158696 0.916667 0.154348 0.877451 0.154348 0.869281 0.158696 0.861111 0.171739 0.859477 0.247826 0.856209 0.256522 0.830065 0.289130 0.797386 0.315217 0.781046 0.336957 0.777778 0.347826 0.781046 0.367391 0.792484 0.376087 0.805556 0.395652 0.839869 0.413043 0.851307 0.428261 0.857843 0.456522 0.854575 0.482609 0.859477 0.489130 0.921569 0.445652 0.936275 0.428261 0.942810 0.410870 0.939542 0.380435 0.946078 0.323913 0.952614 0.304348 0.952614 0.291304 0.941176 0.263043 0.949346 0.178261 0.947712 0.169565
