1 0.743750 0.203960 0.735000 0.207921 0.730000 0.221782 0.732500 0.233663 0.732500 0.304950 0.728750 0.336634 0.723750 0.451485 0.716250 0.495050 0.716250 0.508911 0.732500 0.582178 0.733750 0.944554 0.737500 0.952475 0.805000 0.950495 0.812500 0.946535 0.816250 0.936634 0.820000 0.615842 0.811250 0.536634 0.798750 0.500990 0.792500 0.439604 0.791250 0.376238 0.783750 0.293069 0.788750 0.215842 0.780000 0.205941
1 0.156250 0.170297 0.148750 0.176238 0.146250 0.188119 0.147500 0.259406 0.137500 0.445545 0.133750 0.467327 0.118750 0.506931 0.115000 0.536634 0.110000 0.704950 0.111250 0.932673 0.116250 0.942574 0.127500 0.946535 0.191250 0.946535 0.197500 0.934653 0.197500 0.869307 0.201250 0.849505 0.203750 0.803960 0.200000 0.607921 0.202500 0.522772 0.206250 0.497030 0.215000 0.471287 0.202500 0.261386 0.205000 0.223762 0.203750 0.182178 0.201250 0.174257 0.192500 0.170297
1 0.127500 0.215842 0.088750 0.217822 0.080000 0.243564 0.078750 0.259406 0.083750 0.275248 0.085000 0.295050 0.083750 0.336634 0.077500 0.386139 0.075000 0.469307 0.068750 0.497030 0.055000 0.524752 0.051250 0.550495 0.050000 0.904950 0.055000 0.932673 0.063750 0.940594 0.101250 0.940594 0.108750 0.934653 0.110000 0.924752 0.107500 0.792079 0.112500 0.540594 0.117500 0.504950 0.133750 0.453465 0.138750 0.370297 0.135000 0.279208 0.137500 0.227723 0.135000 0.219802
1 0.657500 0.200000 0.648750 0.203960 0.645000 0.211881 0.645000 0.257426 0.647500 0.275248 0.636250 0.409901 0.636250 0.475248 0.641250 0.506931 0.655000 0.554455 0.661250 0.613861 0.657500 0.766337 0.657500 0.950495 0.662500 0.956436 0.671250 0.958416 0.722500 0.956436 0.730000 0.944554 0.732500 0.873267 0.730000 0.845545 0.731250 0.764356 0.727500 0.712871 0.728750 0.619802 0.726250 0.574257 0.717500 0.534653 0.712500 0.524752 0.707500 0.479208 0.705000 0.362376 0.697500 0.281188 0.701250 0.257426 0.700000 0.229703 0.702500 0.211881 0.693750 0.201980
1 0.820000 0.231683 0.806250 0.239604 0.803750 0.251485 0.806250 0.300990 0.797500 0.421782 0.801250 0.487129 0.817500 0.550495 0.822500 0.615842 0.820000 0.697030 0.821250 0.926733 0.826250 0.942574 0.880000 0.944554 0.887500 0.934653 0.890000 0.883168 0.892500 0.683168 0.888750 0.598020 0.883750 0.558416 0.870000 0.502970 0.863750 0.435644 0.862500 0.326733 0.857500 0.287129 0.858750 0.243564 0.855000 0.235644 0.846250 0.231683
1 0.571250 0.132673 0.563750 0.150495 0.567500 0.190099 0.556250 0.344554 0.557500 0.415842 0.565000 0.477228 0.565000 0.950495 0.567500 0.960396 0.645000 0.962376 0.650000 0.960396 0.655000 0.946535 0.658750 0.613861 0.653750 0.558416 0.636250 0.502970 0.631250 0.463366 0.630000 0.328713 0.621250 0.186139 0.625000 0.146535 0.623750 0.138614 0.616250 0.132673
1 0.868750 0.241584 0.863750 0.245545 0.861250 0.259406 0.865000 0.425743 0.872500 0.502970 0.886250 0.554455 0.891250 0.586139 0.892500 0.659406 0.895000 0.675248 0.896250 0.754455 0.892500 0.790099 0.891250 0.926733 0.893750 0.936634 0.927500 0.942574 0.935000 0.940594 0.938750 0.934653 0.945000 0.906931 0.943750 0.596040 0.936250 0.540594 0.921250 0.491089 0.916250 0.461386 0.910000 0.312871 0.912500 0.251485 0.903750 0.241584
1 0.481250 0.051485 0.467500 0.055446 0.460000 0.067327 0.462500 0.124752 0.442500 0.376238 0.425000 0.431683 0.418750 0.469307 0.422500 0.950495 0.427500 0.962376 0.442500 0.966337 0.546250 0.970297 0.556250 0.968317 0.561250 0.960396 0.563750 0.936634 0.563750 0.847525 0.561250 0.823762 0.562500 0.471287 0.557500 0.435644 0.541250 0.392079 0.536250 0.358416 0.518750 0.130693 0.518750 0.100990 0.522500 0.069307 0.518750 0.059406 0.511250 0.053465
1 0.360000 0.087129 0.347500 0.093069 0.343750 0.104950 0.347500 0.134653 0.337500 0.243564 0.332500 0.352475 0.326250 0.390099 0.305000 0.451485 0.298750 0.493069 0.295000 0.720792 0.297500 0.916832 0.301250 0.944554 0.310000 0.954455 0.412500 0.960396 0.418750 0.946535 0.415000 0.576238 0.416250 0.471287 0.423750 0.419802 0.412500 0.376238 0.401250 0.154455 0.401250 0.124752 0.405000 0.102970 0.400000 0.093069 0.392500 0.089109
1 0.247500 0.176238 0.240000 0.188119 0.231250 0.425743 0.226250 0.449505 0.210000 0.493069 0.203750 0.532673 0.202500 0.635644 0.206250 0.805941 0.200000 0.869307 0.200000 0.916832 0.202500 0.940594 0.208750 0.950495 0.270000 0.954455 0.291250 0.948515 0.295000 0.930693 0.292500 0.762376 0.297500 0.487129 0.303750 0.453465 0.300000 0.263366 0.301250 0.200000 0.298750 0.184158 0.292500 0.178218
