1 0.524510 0.176471 0.504902 0.202614 0.504902 0.228758 0.512255 0.245098 0.544118 0.233660 0.566176 0.232026 0.615196 0.238562 0.625000 0.243464 0.637255 0.240196 0.644608 0.225490 0.644608 0.199346 0.639706 0.187908 0.622549 0.173203 0.590686 0.158497 0.563725 0.158497
1 0.450980 0.859477 0.392157 0.862745 0.375000 0.870915 0.360294 0.887255 0.360294 0.924837 0.382353 0.944444 0.387255 0.962418 0.406863 0.972222 0.433824 0.968954 0.453431 0.952614 0.465686 0.949346 0.487745 0.934641 0.500000 0.919935 0.497549 0.885621 0.480392 0.870915
1 0.544118 0.859477 0.524510 0.866013 0.509804 0.882353 0.504902 0.900327 0.507353 0.921569 0.519608 0.936275 0.541667 0.949346 0.553922 0.967320 0.568627 0.972222 0.588235 0.972222 0.602941 0.967320 0.612745 0.950980 0.642157 0.926471 0.647059 0.918301 0.642157 0.883987 0.632353 0.869281 0.612745 0.861111
1 0.676471 0.861111 0.661765 0.869281 0.654412 0.883987 0.656863 0.919935 0.681373 0.939542 0.708333 0.952614 0.713235 0.964052 0.723039 0.970588 0.752451 0.973856 0.767157 0.967320 0.772059 0.960784 0.772059 0.942810 0.794118 0.919935 0.796569 0.887255 0.789216 0.877451 0.774510 0.869281 0.720588 0.870915 0.688725 0.861111
1 0.845588 0.856209 0.813725 0.870915 0.803922 0.883987 0.803922 0.919935 0.816176 0.934641 0.840686 0.950980 0.870098 0.955882 0.887255 0.968954 0.904412 0.972222 0.921569 0.970588 0.936275 0.960784 0.936275 0.939542 0.948529 0.921569 0.946078 0.893791 0.936275 0.880719 0.901961 0.862745
1 0.455882 0.758170 0.399510 0.763072 0.379902 0.774510 0.367647 0.789216 0.362745 0.802288 0.365196 0.825163 0.377451 0.843137 0.399510 0.857843 0.431373 0.859477 0.463235 0.856209 0.500000 0.831699 0.504902 0.820261 0.500000 0.782680 0.480392 0.767974
1 0.622549 0.767974 0.612745 0.766340 0.571078 0.776144 0.524510 0.774510 0.517157 0.781046 0.512255 0.794118 0.517157 0.833333 0.558824 0.857843 0.602941 0.859477 0.639706 0.841503 0.651961 0.818627 0.651961 0.797386 0.642157 0.781046
1 0.683824 0.756536 0.671569 0.763072 0.674020 0.766340 0.659314 0.777778 0.656863 0.828431 0.664216 0.839869 0.703431 0.866013 0.742647 0.869281 0.772059 0.864379 0.789216 0.854575 0.806373 0.830065 0.808824 0.800654 0.796569 0.782680 0.764706 0.758170 0.747549 0.753268 0.710784 0.751634
1 0.799020 0.743464 0.784314 0.763072 0.808824 0.789216 0.816176 0.826797 0.828431 0.841503 0.860294 0.854575 0.894608 0.857843 0.906863 0.862745 0.936275 0.857843 0.950980 0.821895 0.950980 0.802288 0.933824 0.776144 0.906863 0.761438 0.845588 0.753268 0.825980 0.740196 0.813725 0.738562
1 0.610294 0.668301 0.573529 0.665033 0.558824 0.669935 0.541667 0.669935 0.524510 0.676471 0.492647 0.714052 0.492647 0.741830 0.512255 0.764706 0.536765 0.772876 0.571078 0.774510 0.615196 0.764706 0.637255 0.748366 0.647059 0.709150 0.634804 0.689542 0.620098 0.684641 0.622549 0.679739
1 0.698529 0.653595 0.671569 0.666667 0.664216 0.674837 0.656863 0.700980 0.661765 0.723856 0.683824 0.741830 0.698529 0.746732 0.757353 0.746732 0.784314 0.732026 0.796569 0.718954 0.794118 0.678105 0.776961 0.663399 0.752451 0.653595
1 0.843137 0.661765 0.823529 0.681373 0.813725 0.699346 0.811275 0.720588 0.821078 0.735294 0.840686 0.748366 0.875000 0.756536 0.911765 0.756536 0.941176 0.750000 0.953431 0.735294 0.958333 0.709150 0.950980 0.687908 0.931373 0.671569 0.899510 0.658497 0.860294 0.656863
1 0.379902 0.671569 0.360294 0.692810 0.360294 0.727124 0.387255 0.750000 0.411765 0.756536 0.450980 0.754902 0.473039 0.750000 0.487745 0.735294 0.490196 0.687908 0.482843 0.671569 0.458333 0.665033 0.436275 0.668301 0.401961 0.665033
1 0.379902 0.344771 0.357843 0.357843 0.345588 0.374183 0.345588 0.395425 0.357843 0.421569 0.389706 0.444444 0.416667 0.455882 0.455882 0.457516 0.468137 0.454248 0.495098 0.437908 0.502451 0.423203 0.500000 0.382353 0.492647 0.369281 0.465686 0.348039 0.448529 0.343137 0.414216 0.339869
1 0.252451 0.362745 0.220588 0.383987 0.220588 0.421569 0.232843 0.436275 0.323529 0.459150 0.352941 0.459150 0.372549 0.444444 0.372549 0.437908 0.352941 0.418301 0.338235 0.372549 0.311275 0.359477 0.279412 0.357843
1 0.071078 0.374183 0.063725 0.383987 0.066176 0.401961 0.088235 0.431373 0.110294 0.446078 0.132353 0.452614 0.186275 0.454248 0.203431 0.450980 0.218137 0.441176 0.215686 0.398693 0.193627 0.369281 0.149510 0.356209 0.125000 0.357843 0.102941 0.367647
1 0.933824 0.264706 0.921569 0.259804 0.870098 0.259804 0.843137 0.263072 0.828431 0.269608 0.811275 0.287582 0.796569 0.328431 0.786765 0.339869 0.789216 0.352941 0.803922 0.366013 0.818627 0.367647 0.852941 0.354575 0.892157 0.354575 0.894608 0.351307 0.911765 0.349673 0.936275 0.336601 0.953431 0.312092 0.953431 0.299020 0.943627 0.274510
1 0.764706 0.259804 0.745098 0.256536 0.688725 0.263072 0.671569 0.272876 0.656863 0.292484 0.656863 0.344771 0.671569 0.359477 0.681373 0.361111 0.700980 0.354575 0.750000 0.354575 0.767157 0.351307 0.786765 0.336601 0.799020 0.316993 0.801471 0.299020 0.796569 0.284314
1 0.539216 0.236928 0.509804 0.251634 0.500000 0.271242 0.502451 0.302288 0.524510 0.341503 0.541667 0.349673 0.610294 0.356209 0.639706 0.343137 0.649510 0.326797 0.651961 0.294118 0.647059 0.266340 0.632353 0.250000 0.590686 0.235294
1 0.387255 0.272876 0.367647 0.290850 0.362745 0.303922 0.362745 0.320261 0.375000 0.343137 0.409314 0.339869 0.448529 0.343137 0.473039 0.351307 0.492647 0.366013 0.500000 0.366013 0.512255 0.339869 0.500000 0.297386 0.487745 0.279412 0.470588 0.269608 0.424020 0.266340 0.421569 0.263072
1 0.235294 0.261438 0.210784 0.295752 0.210784 0.312092 0.220588 0.333333 0.250000 0.351307 0.343137 0.362745 0.360294 0.344771 0.357843 0.302288 0.340686 0.276144 0.321078 0.263072 0.303922 0.258170 0.242647 0.258170
1 0.063725 0.267974 0.061275 0.292484 0.080882 0.331699 0.102941 0.348039 0.132353 0.356209 0.174020 0.359477 0.203431 0.374183 0.218137 0.374183 0.227941 0.369281 0.242647 0.352941 0.215686 0.330065 0.208333 0.295752 0.198529 0.279412 0.166667 0.263072 0.144608 0.259804 0.085784 0.259804
1 0.926471 0.156863 0.901961 0.151961 0.840686 0.165033 0.821078 0.176471 0.806373 0.192810 0.796569 0.220588 0.774510 0.253268 0.801471 0.281046 0.816176 0.282680 0.821078 0.274510 0.843137 0.261438 0.897059 0.254902 0.933824 0.232026 0.943627 0.204248 0.933824 0.184641 0.936275 0.168301
1 0.745098 0.127451 0.705882 0.127451 0.688725 0.132353 0.671569 0.142157 0.649510 0.169935 0.649510 0.230392 0.659314 0.248366 0.683824 0.259804 0.767157 0.253268 0.796569 0.210784 0.801471 0.171569 0.794118 0.153595 0.772059 0.135621
1 0.397059 0.160131 0.360294 0.194444 0.360294 0.228758 0.367647 0.241830 0.382353 0.256536 0.399510 0.261438 0.465686 0.263072 0.470588 0.266340 0.487745 0.263072 0.500000 0.238562 0.500000 0.205882 0.490196 0.187908 0.473039 0.174837 0.450980 0.169935 0.428922 0.158497
1 0.242647 0.148693 0.227941 0.160131 0.225490 0.176471 0.218137 0.186275 0.215686 0.204248 0.220588 0.225490 0.252451 0.253268 0.313725 0.258170 0.325980 0.261438 0.345588 0.276144 0.352941 0.274510 0.367647 0.264706 0.370098 0.251634 0.357843 0.232026 0.355392 0.191176 0.343137 0.176471 0.306373 0.158497 0.291667 0.158497 0.269608 0.148693
1 0.073529 0.156863 0.063725 0.165033 0.063725 0.184641 0.071078 0.194444 0.071078 0.214052 0.078431 0.230392 0.107843 0.251634 0.132353 0.258170 0.159314 0.259804 0.208333 0.279412 0.225490 0.264706 0.232843 0.246732 0.218137 0.232026 0.210784 0.204248 0.198529 0.184641 0.154412 0.163399 0.102941 0.153595
1 0.931373 0.040850 0.906863 0.037582 0.889706 0.042484 0.870098 0.058824 0.838235 0.066993 0.816176 0.083333 0.806373 0.098039 0.799020 0.132353 0.799020 0.150327 0.813725 0.171569 0.840686 0.161765 0.914216 0.148693 0.936275 0.135621 0.950980 0.114379 0.950980 0.091503 0.941176 0.078431 0.943627 0.053922
1 0.764706 0.040850 0.727941 0.040850 0.718137 0.047386 0.710784 0.060458 0.688725 0.068627 0.671569 0.081699 0.656863 0.102941 0.656863 0.148693 0.691176 0.130719 0.720588 0.124183 0.762255 0.129085 0.781863 0.140523 0.794118 0.138889 0.801471 0.117647 0.801471 0.096405 0.779412 0.071895 0.776961 0.050654
1 0.571078 0.047386 0.526961 0.083333 0.512255 0.101307 0.519608 0.163399 0.524510 0.169935 0.536765 0.169935 0.556373 0.160131 0.583333 0.156863 0.634804 0.174837 0.651961 0.140523 0.654412 0.099673 0.639706 0.081699 0.617647 0.066993 0.607843 0.050654 0.588235 0.045752
1 0.406863 0.049020 0.392157 0.055556 0.384804 0.081699 0.365196 0.101307 0.365196 0.127451 0.379902 0.155229 0.387255 0.160131 0.401961 0.156863 0.428922 0.158497 0.470588 0.171569 0.492647 0.186275 0.500000 0.186275 0.509804 0.173203 0.507353 0.124183 0.500000 0.098039 0.475490 0.078431 0.450980 0.066993 0.443627 0.055556 0.428922 0.049020
1 0.245098 0.040850 0.232843 0.047386 0.227941 0.055556 0.230392 0.081699 0.218137 0.096405 0.218137 0.114379 0.232843 0.140523 0.242647 0.145425 0.269608 0.147059 0.318627 0.160131 0.343137 0.174837 0.352941 0.186275 0.360294 0.186275 0.375000 0.174837 0.379902 0.158497 0.362745 0.130719 0.362745 0.104575 0.355392 0.089869 0.325980 0.066993 0.296569 0.060458 0.276961 0.042484 0.264706 0.039216
1 0.078431 0.047386 0.068627 0.055556 0.066176 0.070261 0.078431 0.088235 0.078431 0.124183 0.085784 0.135621 0.117647 0.155229 0.161765 0.163399 0.200980 0.183007 0.208333 0.183007 0.218137 0.174837 0.225490 0.155229 0.225490 0.135621 0.208333 0.093137 0.183824 0.075163 0.166667 0.068627 0.139706 0.065359 0.115196 0.047386
1 0.232843 0.648693 0.210784 0.638889 0.196078 0.638889 0.166667 0.651961 0.120098 0.651961 0.102941 0.656863 0.080882 0.671569 0.068627 0.687908 0.058824 0.710784 0.063725 0.732026 0.075980 0.738562 0.125000 0.750000 0.161765 0.750000 0.178922 0.745098 0.203431 0.725490 0.210784 0.683007 0.237745 0.663399
1 0.252451 0.658497 0.220588 0.678105 0.213235 0.689542 0.210784 0.710784 0.218137 0.728758 0.227941 0.740196 0.247549 0.750000 0.274510 0.754902 0.311275 0.753268 0.335784 0.740196 0.350490 0.723856 0.355392 0.707516 0.350490 0.681373 0.335784 0.668301 0.308824 0.656863
1 0.205882 0.733660 0.196078 0.733660 0.169118 0.750000 0.125000 0.751634 0.085784 0.772876 0.071078 0.790850 0.063725 0.820261 0.063725 0.839869 0.075980 0.849673 0.093137 0.852941 0.174020 0.851307 0.196078 0.841503 0.210784 0.816993 0.218137 0.784314 0.235294 0.766340 0.235294 0.753268
1 0.176471 0.857843 0.156863 0.852941 0.127451 0.852941 0.093137 0.862745 0.071078 0.879085 0.061275 0.898693 0.063725 0.921569 0.053922 0.934641 0.053922 0.952614 0.061275 0.960784 0.090686 0.965686 0.120098 0.949346 0.137255 0.950980 0.154412 0.947712 0.191176 0.926471 0.203431 0.910131 0.203431 0.883987 0.193627 0.869281
1 0.325980 0.761438 0.311275 0.756536 0.259804 0.759804 0.242647 0.766340 0.220588 0.784314 0.215686 0.815359 0.227941 0.843137 0.242647 0.857843 0.311275 0.854575 0.335784 0.843137 0.355392 0.826797 0.357843 0.789216 0.348039 0.774510
1 0.313725 0.857843 0.274510 0.856209 0.240196 0.861111 0.220588 0.874183 0.208333 0.892157 0.205882 0.910131 0.220588 0.934641 0.220588 0.955882 0.230392 0.965686 0.269608 0.965686 0.286765 0.950980 0.311275 0.947712 0.343137 0.926471 0.350490 0.915033 0.350490 0.885621 0.335784 0.869281
1 0.843137 0.557190 0.811275 0.575163 0.801471 0.586601 0.803922 0.624183 0.838235 0.645425 0.848039 0.645425 0.862745 0.651961 0.897059 0.651961 0.919118 0.643791 0.938725 0.630719 0.948529 0.616013 0.948529 0.594771 0.936275 0.578431 0.914216 0.563725 0.889706 0.557190
1 0.703431 0.553922 0.681373 0.562092 0.651961 0.588235 0.656863 0.620915 0.671569 0.635621 0.688725 0.643791 0.718137 0.648693 0.752451 0.647059 0.772059 0.640523 0.794118 0.620915 0.796569 0.589869 0.779412 0.566993 0.754902 0.557190
1 0.544118 0.563725 0.522059 0.575163 0.507353 0.593137 0.507353 0.620915 0.517157 0.633987 0.529412 0.640523 0.588235 0.653595 0.620098 0.647059 0.637255 0.635621 0.649510 0.614379 0.647059 0.594771 0.637255 0.578431 0.622549 0.566993 0.598039 0.558824 0.563725 0.558824
1 0.389706 0.563725 0.357843 0.578431 0.345588 0.594771 0.343137 0.633987 0.355392 0.648693 0.384804 0.661765 0.433824 0.660131 0.441176 0.653595 0.458333 0.648693 0.475490 0.648693 0.487745 0.640523 0.500000 0.622549 0.500000 0.593137 0.470588 0.570261 0.441176 0.562092
1 0.267157 0.557190 0.242647 0.565359 0.220588 0.583333 0.218137 0.619281 0.225490 0.632353 0.252451 0.648693 0.272059 0.653595 0.306373 0.653595 0.338235 0.638889 0.348039 0.581699 0.343137 0.573529 0.316176 0.558824 0.294118 0.555556
1 0.125000 0.555556 0.085784 0.575163 0.066176 0.598039 0.063725 0.619281 0.115196 0.648693 0.164216 0.650327 0.186275 0.642157 0.208333 0.622549 0.213235 0.607843 0.210784 0.586601 0.186275 0.562092 0.166667 0.555556
1 0.845588 0.455882 0.816176 0.468954 0.803922 0.482026 0.799020 0.534314 0.808824 0.542484 0.838235 0.550654 0.894608 0.550654 0.914216 0.544118 0.943627 0.522876 0.950980 0.508170 0.946078 0.483660 0.931373 0.468954 0.899510 0.454248
1 0.764706 0.457516 0.745098 0.452614 0.700980 0.454248 0.681373 0.460784 0.664216 0.473856 0.656863 0.485294 0.656863 0.524510 0.681373 0.544118 0.698529 0.549020 0.740196 0.549020 0.764706 0.542484 0.789216 0.527778 0.799020 0.508170 0.796569 0.480392
1 0.588235 0.457516 0.563725 0.459150 0.539216 0.465686 0.524510 0.475490 0.512255 0.493464 0.512255 0.522876 0.517157 0.531046 0.539216 0.547386 0.573529 0.555556 0.605392 0.553922 0.622549 0.547386 0.639706 0.535948 0.651961 0.516340 0.651961 0.493464 0.639706 0.477124 0.607843 0.460784
1 0.414216 0.464052 0.389706 0.470588 0.367647 0.488562 0.360294 0.511438 0.362745 0.524510 0.375000 0.540850 0.399510 0.553922 0.421569 0.558824 0.453431 0.558824 0.485294 0.545752 0.500000 0.532680 0.504902 0.501634 0.497549 0.486928 0.475490 0.470588 0.450980 0.464052
1 0.200980 0.462418 0.186275 0.477124 0.186275 0.514706 0.196078 0.529412 0.218137 0.544118 0.247549 0.550654 0.311275 0.549020 0.328431 0.544118 0.348039 0.529412 0.355392 0.516340 0.355392 0.495098 0.338235 0.473856 0.311275 0.457516 0.264706 0.447712 0.242647 0.447712 0.215686 0.454248
1 0.071078 0.478758 0.061275 0.490196 0.061275 0.504902 0.100490 0.539216 0.127451 0.549020 0.164216 0.549020 0.188725 0.542484 0.193627 0.527778 0.181373 0.501634 0.183824 0.468954 0.174020 0.459150 0.149510 0.455882 0.117647 0.457516 0.098039 0.470588
1 0.931373 0.374183 0.892157 0.359477 0.850490 0.357843 0.830882 0.362745 0.813725 0.374183 0.799020 0.395425 0.796569 0.413399 0.786765 0.429739 0.786765 0.439542 0.796569 0.452614 0.813725 0.460784 0.825980 0.460784 0.845588 0.454248 0.889706 0.452614 0.911765 0.444444 0.936275 0.426471 0.943627 0.413399 0.943627 0.392157
1 0.696078 0.357843 0.678922 0.364379 0.656863 0.382353 0.649510 0.436275 0.664216 0.449346 0.681373 0.454248 0.750000 0.450980 0.779412 0.436275 0.794118 0.408497 0.794118 0.387255 0.779412 0.369281 0.752451 0.357843
1 0.549020 0.361111 0.519608 0.375817 0.507353 0.393791 0.507353 0.421569 0.514706 0.437908 0.541667 0.457516 0.612745 0.455882 0.632353 0.444444 0.647059 0.419935 0.649510 0.403595 0.642157 0.382353 0.634804 0.374183 0.605392 0.361111
