2 0.032698 0.025000 0.013624 0.046429 0.000000 0.082143 0.000000 0.107143 0.016349 0.160714 0.032698 0.185714 0.059946 0.200000 0.108992 0.196429 0.138965 0.153571 0.138965 0.067857 0.114441 0.032143 0.095368 0.021429 0.046322 0.017857
2 0.027248 0.217857 0.016349 0.228571 0.000000 0.278571 0.013624 0.342857 0.029973 0.367857 0.054496 0.382143 0.106267 0.378571 0.133515 0.346429 0.138965 0.253571 0.111717 0.217857 0.081744 0.203571 0.057221 0.203571
2 0.032698 0.400000 0.000000 0.450000 0.005450 0.514286 0.027248 0.546429 0.054496 0.564286 0.095368 0.564286 0.114441 0.553571 0.133515 0.525000 0.138965 0.421429 0.092643 0.389286 0.054496 0.389286
2 0.040872 0.578571 0.008174 0.625000 0.000000 0.660714 0.008174 0.703571 0.027248 0.728571 0.054496 0.746429 0.095368 0.746429 0.114441 0.735714 0.136240 0.692857 0.141689 0.600000 0.125341 0.582143 0.100817 0.571429 0.054496 0.571429
2 0.188011 0.385714 0.171662 0.396429 0.144414 0.442857 0.141689 0.489286 0.147139 0.510714 0.166213 0.546429 0.188011 0.560714 0.220708 0.564286 0.250681 0.553571 0.275204 0.510714 0.277929 0.435714 0.256131 0.403571 0.231608 0.385714
2 0.185286 0.203571 0.166213 0.217857 0.147139 0.250000 0.141689 0.275000 0.147139 0.321429 0.155313 0.346429 0.182561 0.375000 0.242507 0.378571 0.275204 0.335714 0.280654 0.257143 0.256131 0.217857 0.237057 0.203571
2 0.185286 0.014286 0.168937 0.025000 0.147139 0.064286 0.147139 0.135714 0.158038 0.164286 0.179837 0.189286 0.204360 0.196429 0.245232 0.192857 0.275204 0.157143 0.280654 0.075000 0.267030 0.046429 0.237057 0.017857
2 0.335150 0.014286 0.297003 0.046429 0.283379 0.085714 0.283379 0.128571 0.291553 0.157143 0.313351 0.189286 0.376022 0.200000 0.414169 0.164286 0.422343 0.121429 0.419619 0.082143 0.405995 0.046429 0.373297 0.017857
2 0.046322 0.757143 0.021798 0.782143 0.005450 0.821429 0.002725 0.860714 0.008174 0.885714 0.024523 0.910714 0.046322 0.925000 0.106267 0.921429 0.122616 0.907143 0.136240 0.878571 0.144414 0.792857 0.138965 0.778571 0.111717 0.753571 0.068120 0.750000
2 0.196185 0.750000 0.155313 0.785714 0.144414 0.821429 0.147139 0.875000 0.179837 0.917857 0.231608 0.925000 0.250681 0.914286 0.269755 0.885714 0.277929 0.857143 0.280654 0.800000 0.272480 0.778571 0.245232 0.750000
2 0.185286 0.571429 0.166213 0.585714 0.147139 0.617857 0.141689 0.642857 0.144414 0.685714 0.168937 0.728571 0.190736 0.742857 0.217984 0.746429 0.242507 0.739286 0.267030 0.710714 0.275204 0.689286 0.280654 0.610714 0.247956 0.571429
2 0.326975 0.207143 0.310627 0.217857 0.288828 0.257143 0.283379 0.285714 0.288828 0.332143 0.313351 0.371429 0.335150 0.382143 0.381471 0.382143 0.408719 0.360714 0.422343 0.321429 0.422343 0.267857 0.416894 0.250000 0.392371 0.214286 0.376022 0.203571
2 0.326975 0.389286 0.310627 0.400000 0.288828 0.432143 0.283379 0.453571 0.286104 0.507143 0.313351 0.553571 0.332425 0.564286 0.373297 0.564286 0.389646 0.553571 0.414169 0.517857 0.419619 0.500000 0.419619 0.450000 0.392371 0.400000 0.365123 0.385714
2 0.321526 0.575000 0.288828 0.617857 0.283379 0.646429 0.288828 0.696429 0.307902 0.728571 0.329700 0.742857 0.376022 0.742857 0.397820 0.725000 0.414169 0.696429 0.422343 0.657143 0.419619 0.621429 0.405995 0.592857 0.381471 0.571429 0.346049 0.567857
2 0.384196 0.746429 0.324251 0.753571 0.288828 0.796429 0.283379 0.825000 0.286104 0.864286 0.297003 0.892857 0.316076 0.914286 0.340599 0.925000 0.367847 0.925000 0.389646 0.914286 0.411444 0.878571 0.419619 0.850000 0.419619 0.796429 0.403270 0.760714
2 0.523161 0.746429 0.482289 0.750000 0.460490 0.760714 0.433243 0.810714 0.430518 0.839286 0.441417 0.885714 0.460490 0.910714 0.479564 0.921429 0.525886 0.921429 0.553134 0.892857 0.564033 0.867857 0.566757 0.817857 0.561308 0.789286 0.544959 0.760714
2 0.474114 0.571429 0.455041 0.585714 0.435967 0.617857 0.430518 0.639286 0.435967 0.696429 0.452316 0.725000 0.476839 0.742857 0.523161 0.742857 0.544959 0.725000 0.564033 0.689286 0.566757 0.635714 0.561308 0.610714 0.528610 0.571429
2 0.485014 0.385714 0.460490 0.400000 0.441417 0.425000 0.433243 0.450000 0.433243 0.500000 0.444142 0.532143 0.468665 0.557143 0.512262 0.564286 0.531335 0.557143 0.561308 0.521429 0.569482 0.453571 0.558583 0.417857 0.544959 0.400000 0.523161 0.385714
2 0.479564 0.203571 0.460490 0.217857 0.438692 0.257143 0.438692 0.328571 0.446866 0.350000 0.468665 0.375000 0.501362 0.382143 0.531335 0.378571 0.564033 0.335714 0.572207 0.296429 0.569482 0.260714 0.555858 0.228571 0.534060 0.207143 0.517711 0.200000
2 0.476839 0.017857 0.438692 0.067857 0.433243 0.125000 0.441417 0.160714 0.468665 0.196429 0.542234 0.196429 0.555858 0.178571 0.569482 0.139286 0.569482 0.071429 0.547684 0.032143 0.523161 0.014286
2 0.632153 0.017857 0.602180 0.035714 0.580381 0.071429 0.574932 0.103571 0.577657 0.153571 0.585831 0.175000 0.613079 0.200000 0.670300 0.200000 0.702997 0.160714 0.711172 0.135714 0.711172 0.082143 0.683924 0.028571 0.667575 0.017857
2 0.673025 0.210714 0.651226 0.203571 0.626703 0.207143 0.602180 0.221429 0.583106 0.250000 0.577657 0.267857 0.577657 0.335714 0.585831 0.360714 0.599455 0.375000 0.623978 0.385714 0.662125 0.385714 0.681199 0.375000 0.702997 0.346429 0.713896 0.300000 0.711172 0.264286 0.694823 0.228571
2 0.618529 0.392857 0.602180 0.403571 0.577657 0.442857 0.577657 0.521429 0.594005 0.550000 0.613079 0.564286 0.667575 0.564286 0.702997 0.521429 0.708447 0.500000 0.702997 0.432143 0.686649 0.407143 0.667575 0.392857
2 0.615804 0.578571 0.596730 0.592857 0.574932 0.632143 0.572207 0.675000 0.577657 0.703571 0.594005 0.732143 0.618529 0.750000 0.662125 0.750000 0.686649 0.732143 0.702997 0.703571 0.708447 0.675000 0.702997 0.617857 0.686649 0.592857 0.667575 0.578571
2 0.607629 0.764286 0.580381 0.792857 0.572207 0.817857 0.572207 0.875000 0.580381 0.896429 0.599455 0.921429 0.615804 0.928571 0.662125 0.928571 0.675749 0.921429 0.702997 0.878571 0.702997 0.807143 0.667575 0.760714 0.632153 0.757143
2 0.811989 0.000000 0.757493 0.007143 0.735695 0.025000 0.719346 0.053571 0.716621 0.132143 0.735695 0.171429 0.749319 0.182143 0.809264 0.182143 0.844687 0.135714 0.852861 0.100000 0.850136 0.053571 0.841962 0.028571
2 0.811989 0.192857 0.782016 0.189286 0.749319 0.200000 0.719346 0.242857 0.719346 0.328571 0.741144 0.360714 0.757493 0.367857 0.803815 0.367857 0.828338 0.350000 0.844687 0.325000 0.852861 0.292857 0.852861 0.250000 0.841962 0.217857
2 0.768392 0.375000 0.749319 0.382143 0.722071 0.414286 0.713896 0.439286 0.716621 0.503571 0.724796 0.525000 0.746594 0.546429 0.795640 0.553571 0.828338 0.532143 0.841962 0.510714 0.850136 0.482143 0.850136 0.439286 0.839237 0.407143 0.820163 0.385714 0.798365 0.375000
2 0.757493 0.564286 0.730245 0.585714 0.713896 0.617857 0.713896 0.685714 0.722071 0.707143 0.752044 0.735714 0.795640 0.739286 0.811989 0.732143 0.844687 0.685714 0.844687 0.614286 0.809264 0.567857 0.790191 0.560714
2 0.741144 0.753571 0.711172 0.796429 0.711172 0.864286 0.719346 0.885714 0.735695 0.907143 0.765668 0.921429 0.795640 0.921429 0.825613 0.900000 0.844687 0.850000 0.841962 0.800000 0.828338 0.771429 0.795640 0.746429
2 0.882834 0.750000 0.866485 0.764286 0.850136 0.796429 0.847411 0.842857 0.855586 0.882143 0.882834 0.914286 0.901907 0.921429 0.934605 0.921429 0.961853 0.907143 0.986376 0.864286 0.989101 0.828571 0.980926 0.792857 0.948229 0.750000
2 0.885559 0.571429 0.866485 0.589286 0.852861 0.617857 0.852861 0.689286 0.858311 0.707143 0.882834 0.732143 0.901907 0.739286 0.937330 0.739286 0.970027 0.717857 0.980926 0.703571 0.994550 0.657143 0.991826 0.625000 0.975477 0.592857 0.940054 0.564286
2 0.901907 0.382143 0.874659 0.400000 0.858311 0.425000 0.852861 0.507143 0.877384 0.550000 0.940054 0.557143 0.967302 0.539286 0.986376 0.507143 0.994550 0.467857 0.991826 0.432143 0.959128 0.389286 0.945504 0.382143
2 0.907357 0.196429 0.882834 0.210714 0.861035 0.242857 0.855586 0.321429 0.866485 0.346429 0.893733 0.371429 0.945504 0.371429 0.975477 0.346429 0.997275 0.296429 0.997275 0.250000 0.983651 0.217857 0.950954 0.196429
2 0.967302 0.014286 0.940054 0.003571 0.904632 0.010714 0.882834 0.025000 0.855586 0.071429 0.855586 0.135714 0.866485 0.164286 0.896458 0.189286 0.937330 0.189286 0.961853 0.175000 0.980926 0.150000 0.994550 0.110714 0.997275 0.075000 0.991826 0.046429
