5 0.632000 0.190000 0.618000 0.204000 0.618000 0.236000 0.610000 0.266000 0.608000 0.466000 0.602000 0.500000 0.610000 0.504000 0.656000 0.504000 0.666000 0.494000 0.668000 0.256000 0.660000 0.238000 0.660000 0.204000 0.656000 0.194000
5 0.070000 0.184000 0.062000 0.190000 0.056000 0.412000 0.048000 0.500000 0.052000 0.504000 0.090000 0.506000 0.110000 0.500000 0.118000 0.460000 0.122000 0.398000 0.118000 0.262000 0.108000 0.230000 0.108000 0.200000 0.104000 0.190000 0.092000 0.184000
5 0.158000 0.184000 0.148000 0.184000 0.138000 0.190000 0.134000 0.238000 0.128000 0.256000 0.124000 0.448000 0.114000 0.492000 0.118000 0.504000 0.168000 0.502000 0.182000 0.452000 0.190000 0.342000 0.188000 0.252000 0.180000 0.236000 0.180000 0.196000 0.176000 0.190000
5 0.240000 0.188000 0.214000 0.188000 0.208000 0.196000 0.198000 0.270000 0.194000 0.366000 0.186000 0.436000 0.174000 0.486000 0.174000 0.498000 0.178000 0.502000 0.248000 0.502000 0.254000 0.496000 0.260000 0.280000 0.258000 0.252000 0.252000 0.242000 0.250000 0.198000
5 0.290000 0.186000 0.280000 0.192000 0.276000 0.238000 0.270000 0.254000 0.270000 0.358000 0.260000 0.500000 0.272000 0.504000 0.320000 0.504000 0.328000 0.496000 0.330000 0.270000 0.322000 0.236000 0.320000 0.196000 0.316000 0.190000
5 0.358000 0.184000 0.348000 0.192000 0.342000 0.278000 0.344000 0.362000 0.336000 0.496000 0.348000 0.502000 0.380000 0.504000 0.392000 0.498000 0.398000 0.460000 0.400000 0.256000 0.392000 0.236000 0.388000 0.190000 0.378000 0.184000
5 0.428000 0.188000 0.418000 0.198000 0.412000 0.252000 0.410000 0.358000 0.398000 0.500000 0.410000 0.504000 0.468000 0.504000 0.472000 0.500000 0.468000 0.256000 0.462000 0.240000 0.462000 0.206000 0.454000 0.190000
5 0.566000 0.190000 0.558000 0.192000 0.550000 0.202000 0.548000 0.238000 0.540000 0.266000 0.538000 0.496000 0.552000 0.502000 0.592000 0.500000 0.596000 0.444000 0.600000 0.266000 0.592000 0.232000 0.590000 0.196000 0.586000 0.192000
5 0.698000 0.190000 0.688000 0.200000 0.688000 0.230000 0.680000 0.254000 0.678000 0.414000 0.672000 0.500000 0.676000 0.504000 0.726000 0.506000 0.734000 0.502000 0.736000 0.254000 0.726000 0.194000 0.722000 0.190000
5 0.786000 0.184000 0.768000 0.186000 0.758000 0.194000 0.752000 0.244000 0.752000 0.494000 0.756000 0.500000 0.768000 0.504000 0.796000 0.500000 0.806000 0.444000 0.810000 0.254000 0.802000 0.228000 0.798000 0.190000
5 0.836000 0.192000 0.826000 0.202000 0.826000 0.232000 0.816000 0.268000 0.816000 0.374000 0.806000 0.500000 0.812000 0.504000 0.876000 0.504000 0.884000 0.498000 0.876000 0.386000 0.876000 0.252000 0.868000 0.232000 0.864000 0.196000
5 0.900000 0.192000 0.896000 0.198000 0.890000 0.244000 0.890000 0.500000 0.896000 0.504000 0.938000 0.504000 0.944000 0.492000 0.948000 0.274000 0.936000 0.194000 0.928000 0.188000
5 0.096000 0.522000 0.076000 0.522000 0.064000 0.532000 0.062000 0.574000 0.056000 0.596000 0.054000 0.774000 0.046000 0.820000 0.048000 0.842000 0.092000 0.838000 0.100000 0.828000 0.116000 0.706000 0.120000 0.604000 0.110000 0.528000
5 0.176000 0.520000 0.146000 0.518000 0.140000 0.520000 0.126000 0.590000 0.118000 0.714000 0.108000 0.800000 0.100000 0.834000 0.102000 0.844000 0.164000 0.842000 0.178000 0.832000 0.188000 0.678000 0.188000 0.578000 0.184000 0.566000 0.184000 0.532000
5 0.246000 0.520000 0.214000 0.520000 0.208000 0.526000 0.198000 0.598000 0.196000 0.702000 0.188000 0.802000 0.182000 0.830000 0.184000 0.844000 0.246000 0.840000 0.256000 0.834000 0.262000 0.582000 0.254000 0.560000 0.252000 0.526000
5 0.312000 0.520000 0.286000 0.522000 0.280000 0.532000 0.280000 0.558000 0.274000 0.586000 0.272000 0.746000 0.264000 0.844000 0.314000 0.840000 0.324000 0.828000 0.332000 0.742000 0.332000 0.582000 0.326000 0.564000 0.324000 0.530000 0.320000 0.522000
5 0.358000 0.526000 0.352000 0.532000 0.352000 0.554000 0.342000 0.598000 0.342000 0.714000 0.338000 0.720000 0.328000 0.842000 0.404000 0.842000 0.408000 0.838000 0.402000 0.590000 0.394000 0.562000 0.392000 0.530000 0.388000 0.526000
5 0.454000 0.520000 0.432000 0.520000 0.420000 0.528000 0.414000 0.582000 0.414000 0.840000 0.464000 0.834000 0.478000 0.828000 0.482000 0.820000 0.472000 0.582000 0.464000 0.558000 0.462000 0.526000
5 0.584000 0.522000 0.556000 0.524000 0.544000 0.588000 0.544000 0.752000 0.540000 0.838000 0.544000 0.840000 0.580000 0.836000 0.594000 0.822000 0.602000 0.584000 0.594000 0.528000
5 0.648000 0.522000 0.624000 0.526000 0.614000 0.588000 0.614000 0.696000 0.608000 0.792000 0.600000 0.820000 0.600000 0.836000 0.606000 0.840000 0.662000 0.838000 0.670000 0.832000 0.672000 0.586000 0.664000 0.556000 0.664000 0.530000
5 0.722000 0.522000 0.700000 0.522000 0.692000 0.526000 0.684000 0.580000 0.682000 0.838000 0.686000 0.842000 0.712000 0.842000 0.728000 0.836000 0.736000 0.814000 0.742000 0.594000 0.734000 0.568000 0.732000 0.530000
5 0.796000 0.524000 0.766000 0.524000 0.760000 0.530000 0.760000 0.560000 0.752000 0.582000 0.750000 0.834000 0.754000 0.840000 0.786000 0.836000 0.796000 0.822000 0.800000 0.802000 0.810000 0.592000
5 0.838000 0.522000 0.830000 0.528000 0.828000 0.564000 0.820000 0.584000 0.818000 0.774000 0.812000 0.828000 0.816000 0.838000 0.842000 0.838000 0.864000 0.832000 0.870000 0.824000 0.876000 0.798000 0.882000 0.588000 0.874000 0.564000 0.872000 0.532000 0.866000 0.524000
5 0.934000 0.524000 0.906000 0.524000 0.900000 0.530000 0.900000 0.558000 0.892000 0.588000 0.898000 0.838000 0.936000 0.832000 0.944000 0.822000 0.948000 0.806000 0.952000 0.596000 0.942000 0.556000 0.942000 0.534000
