0 0.942617 0.029592 0.908187 0.029592 0.899005 0.032653 0.891354 0.039796 0.885233 0.065306 0.882173 0.112245 0.879112 0.125510 0.879878 0.130612 0.892119 0.144898 0.895945 0.153061 0.897475 0.162245 0.896710 0.190816 0.890589 0.215306 0.889059 0.235714 0.878347 0.266327 0.879112 0.290816 0.885233 0.324490 0.899770 0.365306 0.912012 0.385714 0.915838 0.384694 0.927314 0.370408 0.937261 0.345918 0.956389 0.321429 0.979342 0.298980 0.985463 0.286735 0.983933 0.270408 0.977047 0.253061 0.973986 0.236735 0.963275 0.204082 0.957154 0.171429 0.957154 0.151020 0.954093 0.125510 0.961744 0.108163 0.968630 0.063265 0.967865 0.045918 0.958684 0.034694
0 0.087988 0.439796 0.078806 0.452041 0.071155 0.469388 0.071155 0.497959 0.074216 0.514286 0.076511 0.518367 0.079572 0.542857 0.087223 0.572449 0.087223 0.593878 0.090283 0.608163 0.100230 0.625510 0.115532 0.639796 0.117062 0.642857 0.117062 0.653061 0.114002 0.681633 0.107881 0.710204 0.094109 0.750000 0.081102 0.778571 0.060444 0.855102 0.054323 0.890816 0.049732 0.934694 0.049732 0.973469 0.052028 0.977551 0.051262 0.988776 0.052793 0.993878 0.058914 1.000000 0.061974 1.000000 0.063504 0.996939 0.066565 1.000000 0.439174 1.000000 0.442999 0.995918 0.451415 0.968367 0.452181 0.950000 0.449885 0.939796 0.452181 0.928571 0.451415 0.902041 0.449120 0.879592 0.443764 0.861224 0.438409 0.852041 0.435348 0.833673 0.416985 0.797959 0.403213 0.752041 0.382555 0.717347 0.352716 0.681633 0.300689 0.636735 0.289212 0.622449 0.275440 0.600000 0.270084 0.586735 0.273145 0.565306 0.275440 0.561224 0.274675 0.557143 0.276970 0.546939 0.276205 0.535714 0.266259 0.509184 0.250956 0.438776 0.246366 0.424490 0.232594 0.409184 0.217292 0.402041 0.201224 0.398980 0.179801 0.398980 0.163734 0.401020 0.154552 0.405102 0.133894 0.409184 0.110941 0.421429
0 0.742923 0.368367 0.730681 0.360204 0.702372 0.350000 0.666412 0.346939 0.641928 0.351020 0.626626 0.358163 0.611324 0.368367 0.605203 0.377551 0.600612 0.389796 0.596021 0.411224 0.592196 0.467347 0.588370 0.492857 0.589901 0.513265 0.593726 0.529592 0.597552 0.536735 0.596787 0.548980 0.583780 0.586735 0.570773 0.610204 0.524101 0.668367 0.507269 0.695918 0.501913 0.708163 0.498087 0.724490 0.485080 0.752041 0.475899 0.790816 0.472839 0.815306 0.461362 0.860204 0.459067 0.878571 0.460597 0.919388 0.463657 0.931633 0.464422 0.943878 0.463657 0.956122 0.465953 0.963265 0.466718 0.982653 0.469778 0.988776 0.469778 0.994898 0.472839 1.000000 0.830910 1.000000 0.833971 0.985714 0.833971 0.963265 0.837031 0.943878 0.837031 0.924490 0.838562 0.921429 0.838562 0.911224 0.837031 0.908163 0.838562 0.905102 0.837031 0.893878 0.837796 0.848980 0.835501 0.827551 0.829380 0.794898 0.813313 0.743878 0.790360 0.690816 0.762816 0.642857 0.752869 0.615306 0.747513 0.591837 0.743688 0.562245 0.754399 0.546939 0.762050 0.526531 0.761285 0.494898 0.765111 0.436735 0.765111 0.411224 0.762816 0.396939 0.757460 0.384694
0 0.161438 0.217347 0.154552 0.224490 0.149197 0.236735 0.149962 0.264286 0.156848 0.303061 0.157613 0.323469 0.165264 0.341837 0.159908 0.378571 0.161438 0.394898 0.163734 0.396939 0.197399 0.395918 0.215761 0.398980 0.229533 0.405102 0.242540 0.416327 0.250191 0.430612 0.266259 0.502041 0.279265 0.536735 0.278500 0.560204 0.276205 0.564286 0.273910 0.577551 0.276205 0.595918 0.282326 0.608163 0.300689 0.633673 0.314461 0.646939 0.351186 0.675510 0.371844 0.697959 0.376435 0.701020 0.379495 0.700000 0.397093 0.673469 0.398623 0.665306 0.407039 0.643878 0.407804 0.615306 0.404744 0.581633 0.401683 0.566327 0.397093 0.555102 0.397093 0.551020 0.390207 0.540816 0.388676 0.530612 0.381790 0.517347 0.381790 0.513265 0.371079 0.482653 0.360367 0.461224 0.340474 0.433673 0.317521 0.407143 0.311400 0.395918 0.293037 0.372449 0.283091 0.352041 0.274675 0.328571 0.273910 0.314286 0.276205 0.304082 0.275440 0.277551 0.268554 0.232653 0.264728 0.221429 0.246366 0.206122 0.214231 0.202041 0.196634 0.202041 0.181331 0.207143
0 0.574598 0.162245 0.557001 0.159184 0.530222 0.160204 0.509564 0.165306 0.500383 0.170408 0.494262 0.185714 0.491966 0.197959 0.491201 0.250000 0.493497 0.269388 0.498087 0.281633 0.498087 0.298980 0.495792 0.314286 0.489671 0.336735 0.478194 0.365306 0.446825 0.422449 0.432288 0.454082 0.420811 0.493878 0.417751 0.523469 0.412395 0.546939 0.410865 0.560204 0.412395 0.598980 0.415455 0.623469 0.421576 0.638776 0.433818 0.657143 0.452181 0.676531 0.469778 0.689796 0.480490 0.692857 0.497322 0.702041 0.507269 0.691837 0.508799 0.685714 0.524866 0.662245 0.569243 0.608163 0.582249 0.584694 0.593726 0.548980 0.592961 0.532653 0.588370 0.522449 0.586075 0.511224 0.586075 0.492857 0.590666 0.460204 0.596021 0.398980 0.600612 0.383673 0.609793 0.364286 0.609793 0.358163 0.599082 0.321429 0.593726 0.286735 0.593726 0.279592 0.600612 0.257143 0.599847 0.186735 0.596787 0.177551 0.591431 0.170408
0 0.000000 0.063265 0.000000 0.202041 0.006886 0.208163 0.006886 0.214286 0.008416 0.216327 0.006886 0.223469 0.009946 0.240816 0.048967 0.298980 0.058148 0.309184 0.068095 0.315306 0.108646 0.364286 0.123183 0.393878 0.130069 0.394898 0.141546 0.388776 0.144606 0.384694 0.146136 0.377551 0.154552 0.373469 0.156083 0.340816 0.152257 0.322449 0.150727 0.292857 0.146901 0.267347 0.143076 0.261224 0.136190 0.241837 0.131599 0.218367 0.112471 0.201020 0.098699 0.196939 0.088753 0.185714 0.081867 0.181633 0.071920 0.167347 0.058914 0.128571 0.058914 0.120408 0.049732 0.072449 0.044376 0.064286 0.036725 0.060204
0 0.032135 0.020408 0.031370 0.036735 0.033665 0.050000 0.036725 0.057143 0.044376 0.062245 0.050497 0.070408 0.052793 0.076531 0.053558 0.088776 0.061974 0.131633 0.078806 0.163265 0.090283 0.171429 0.094109 0.176531 0.104820 0.180612 0.110941 0.186735 0.123183 0.193878 0.130069 0.202041 0.136190 0.205102 0.140015 0.213265 0.146136 0.219388 0.154552 0.218367 0.179801 0.202041 0.177506 0.188776 0.163734 0.165306 0.139250 0.139796 0.118592 0.106122 0.117062 0.095918 0.113236 0.090816 0.110176 0.076531 0.102525 0.058163 0.100230 0.042857 0.100230 0.020408 0.092578 0.009184 0.085692 0.007143 0.061209 0.008163 0.040551 0.013265
0 0.186687 0.109184 0.182096 0.119388 0.182096 0.136735 0.186687 0.179592 0.190513 0.192857 0.193573 0.196939 0.201224 0.200000 0.245601 0.202041 0.258607 0.210204 0.265493 0.218367 0.269319 0.231633 0.277735 0.287755 0.277735 0.332653 0.286151 0.357143 0.295333 0.373469 0.328998 0.420408 0.342770 0.433673 0.361897 0.458163 0.369549 0.459184 0.372609 0.455102 0.371079 0.403061 0.358837 0.342857 0.342770 0.309184 0.323642 0.282653 0.307575 0.255102 0.298393 0.244898 0.296863 0.231633 0.284621 0.213265 0.275440 0.180612 0.273145 0.137755 0.270849 0.119388 0.267024 0.105102 0.263963 0.101020 0.248661 0.095918 0.227238 0.095918 0.212701 0.097959
0 0.495792 0.075510 0.480490 0.072449 0.462892 0.074490 0.446060 0.079592 0.439174 0.087755 0.439939 0.124490 0.444529 0.165306 0.443764 0.188776 0.421576 0.243878 0.416220 0.253061 0.390972 0.329592 0.383321 0.390816 0.384086 0.435714 0.389441 0.466327 0.387911 0.471429 0.389441 0.475510 0.391737 0.510204 0.399388 0.536735 0.403213 0.541837 0.406274 0.538776 0.411630 0.523469 0.414690 0.502041 0.420811 0.487755 0.422341 0.476531 0.429992 0.454082 0.446825 0.418367 0.476664 0.366327 0.487376 0.338776 0.492731 0.317347 0.495027 0.282653 0.488906 0.255102 0.491201 0.196939 0.494262 0.181633 0.498852 0.170408 0.502678 0.165306 0.513389 0.160204 0.516450 0.156122 0.518745 0.139796 0.517980 0.095918 0.511094 0.084694
0 1.000000 0.328571 0.996940 0.329592 0.993114 0.338776 0.985463 0.369388 0.983933 0.388776 0.987758 0.408163 0.985463 0.419388 0.976282 0.441837 0.960979 0.466327 0.942617 0.490816 0.925784 0.507143 0.884468 0.539796 0.860750 0.564286 0.842387 0.587755 0.828615 0.609184 0.819434 0.633673 0.814843 0.640816 0.806427 0.667347 0.805662 0.682653 0.804132 0.684694 0.806427 0.706122 0.809487 0.717347 0.812548 0.721429 0.814843 0.736735 0.822494 0.757143 0.825555 0.761224 0.830145 0.785714 0.835501 0.800000 0.837031 0.812245 0.843152 0.831633 0.845448 0.874490 0.849273 0.884694 0.848508 0.888776 0.857689 0.896939 0.862280 0.904082 0.884468 0.923469 0.896710 0.930612 0.901301 0.936735 0.919663 0.945918 0.931140 0.955102 0.951033 0.962245 0.957154 0.967347 0.993114 0.977551 1.000000 0.977551
0 0.869931 0.130612 0.850803 0.126531 0.817904 0.126531 0.806427 0.129592 0.798011 0.134694 0.790360 0.145918 0.783474 0.181633 0.781943 0.198980 0.781943 0.218367 0.785769 0.231633 0.779648 0.256122 0.775057 0.266327 0.762816 0.308163 0.750574 0.336735 0.748279 0.350000 0.742923 0.360204 0.757460 0.380612 0.763581 0.392857 0.766641 0.405102 0.766641 0.444898 0.764346 0.469388 0.765111 0.529592 0.756695 0.551020 0.750574 0.557143 0.748279 0.566327 0.751339 0.593878 0.758990 0.622449 0.768171 0.635714 0.798776 0.641837 0.807192 0.639796 0.830145 0.597959 0.853864 0.565306 0.885998 0.532653 0.912777 0.513265 0.925019 0.498980 0.928080 0.490816 0.929610 0.472449 0.921194 0.429592 0.915073 0.408163 0.885998 0.333673 0.876817 0.285714 0.876052 0.259184 0.880643 0.243878 0.885998 0.233673 0.895945 0.185714 0.895945 0.158163 0.888294 0.141837
0 0.745218 0.062245 0.732211 0.057143 0.687070 0.058163 0.680184 0.061224 0.672533 0.071429 0.668707 0.135714 0.661821 0.172449 0.655700 0.194898 0.646519 0.217347 0.640398 0.227551 0.634277 0.247959 0.617445 0.266327 0.609793 0.283673 0.607498 0.301020 0.608263 0.321429 0.612854 0.337755 0.612089 0.342857 0.616679 0.351020 0.631217 0.352041 0.635807 0.347959 0.670237 0.342857 0.709258 0.346939 0.719204 0.352041 0.727621 0.352041 0.734507 0.347959 0.737567 0.340816 0.749809 0.326531 0.752869 0.315306 0.759755 0.304082 0.770467 0.266327 0.757460 0.220408 0.752104 0.210204 0.748279 0.189796 0.748279 0.177551 0.744453 0.164286 0.743688 0.140816 0.746748 0.129592 0.751339 0.093878 0.751339 0.074490 0.749044 0.066327
0 0.666412 0.005102 0.639633 0.004082 0.619740 0.006122 0.612089 0.010204 0.609028 0.016327 0.607498 0.031633 0.607498 0.055102 0.609028 0.064286 0.605203 0.094898 0.599847 0.115306 0.583780 0.159184 0.597552 0.174490 0.601377 0.184694 0.602907 0.198980 0.602907 0.251020 0.604438 0.262245 0.607498 0.267347 0.615914 0.264286 0.631217 0.245918 0.636572 0.229592 0.647284 0.210204 0.655700 0.185714 0.656465 0.174490 0.667177 0.123469 0.672533 0.015306 0.670237 0.008163
0 0.220352 0.033673 0.212701 0.040816 0.208875 0.048980 0.212701 0.074490 0.218057 0.093878 0.252487 0.095918 0.263198 0.100000 0.267024 0.105102 0.270849 0.116327 0.274675 0.155102 0.277735 0.169388 0.276970 0.174490 0.282326 0.201020 0.286917 0.207143 0.289212 0.216327 0.304514 0.240816 0.306809 0.247959 0.328998 0.287755 0.343535 0.304082 0.345065 0.311224 0.357307 0.322449 0.361897 0.304082 0.359602 0.292857 0.360367 0.278571 0.357307 0.253061 0.349656 0.229592 0.340474 0.210204 0.334353 0.201020 0.322112 0.188776 0.302984 0.158163 0.302984 0.153061 0.299923 0.146939 0.294568 0.142857 0.295333 0.136735 0.292272 0.122449 0.289212 0.119388 0.288447 0.107143 0.282326 0.095918 0.281561 0.050000 0.278500 0.037755 0.271614 0.032653 0.259373 0.030612 0.239480 0.030612
0 0.472839 0.021429 0.465187 0.018367 0.437643 0.016327 0.422341 0.023469 0.418516 0.031633 0.422341 0.078571 0.420046 0.122449 0.417751 0.131633 0.407804 0.153061 0.402448 0.172449 0.390207 0.196939 0.384086 0.218367 0.381790 0.247959 0.377965 0.260204 0.376435 0.272449 0.376435 0.295918 0.381790 0.318367 0.381790 0.325510 0.384851 0.331633 0.389441 0.328571 0.392502 0.307143 0.397093 0.304082 0.397093 0.300000 0.400918 0.294898 0.402448 0.286735 0.404744 0.283673 0.408569 0.260204 0.420811 0.241837 0.423871 0.229592 0.430757 0.217347 0.432288 0.206122 0.436113 0.202041 0.440704 0.189796 0.442234 0.165306 0.439939 0.147959 0.437643 0.088776 0.447590 0.078571 0.462892 0.073469 0.478194 0.071429 0.482020 0.066327 0.479725 0.029592
