0 0.720588 0.075922 0.702614 0.062907 0.671569 0.054230 0.656863 0.056399 0.642157 0.071584 0.617647 0.130152 0.601307 0.182213 0.578431 0.203905 0.563725 0.236443 0.563725 0.251627 0.575163 0.303688 0.588235 0.340564 0.602941 0.310195 0.630719 0.295011 0.630719 0.281996 0.619281 0.264642 0.619281 0.255965 0.625817 0.245119 0.643791 0.238612 0.705882 0.240781 0.717320 0.195228 0.727124 0.132321 0.727124 0.088937
0 0.485294 0.054230 0.472222 0.067245 0.460784 0.099783 0.441176 0.193059 0.423203 0.223427 0.413399 0.251627 0.406863 0.281996 0.406863 0.301518 0.411765 0.321041 0.457516 0.329718 0.490196 0.349241 0.513072 0.379610 0.511438 0.429501 0.522876 0.466377 0.529412 0.466377 0.571895 0.436009 0.578431 0.427332 0.586601 0.399132 0.586601 0.353579 0.566993 0.268980 0.558824 0.247289 0.558824 0.206074 0.563725 0.171367 0.563725 0.091106 0.555556 0.073753 0.537582 0.060738
0 1.000000 0.203905 0.972222 0.208243 0.962418 0.221258 0.950980 0.273319 0.952614 0.308026 0.933007 0.383948 0.933007 0.412148 0.964052 0.477223 0.980392 0.533623 0.993464 0.611714 0.983660 0.639913 0.937908 0.704989 0.919935 0.744035 0.919935 0.767896 0.897059 0.882863 0.880719 0.950108 0.875817 0.956616 0.877451 0.973970 0.890523 0.995662 0.897059 0.995662 0.898693 0.991323 0.897059 0.978308 0.903595 0.958785 0.905229 0.911063 0.916667 0.865510 0.924837 0.848156 0.942810 0.822126 0.973856 0.802603 1.000000 0.796095
0 0.000000 0.557484 0.000000 1.000000 0.274510 1.000000 0.266340 0.956616 0.254902 0.921909 0.209150 0.843818 0.163399 0.809111 0.132353 0.798265 0.112745 0.798265 0.109477 0.793926 0.099673 0.720174 0.091503 0.694143 0.066993 0.665944 0.037582 0.646421 0.044118 0.618221 0.039216 0.585683 0.022876 0.566161
0 0.934641 0.221258 0.923203 0.219089 0.919935 0.229935 0.916667 0.223427 0.908497 0.223427 0.905229 0.229935 0.906863 0.245119 0.901961 0.249458 0.869281 0.234273 0.854575 0.251627 0.830065 0.258134 0.821895 0.273319 0.803922 0.360087 0.746732 0.394794 0.736928 0.418655 0.732026 0.455531 0.733660 0.488069 0.756536 0.533623 0.781046 0.598698 0.782680 0.620390 0.794118 0.652928 0.797386 0.698482 0.805556 0.713666 0.807190 0.726681 0.794118 0.767896 0.751634 0.839479 0.735294 0.971800 0.735294 1.000000 0.862745 1.000000 0.905229 0.830803 0.915033 0.778742 0.916667 0.737527 0.937908 0.696312 0.970588 0.655098 0.985294 0.622560 0.985294 0.572668 0.977124 0.529284 0.957516 0.466377 0.929739 0.412148 0.928105 0.390456 0.950980 0.308026 0.950980 0.290672 0.946078 0.281996 0.921569 0.260304 0.921569 0.249458 0.928105 0.249458 0.926471 0.245119 0.936275 0.236443
0 0.638889 0.240781 0.627451 0.245119 0.619281 0.258134 0.622549 0.271150 0.633987 0.286334 0.632353 0.295011 0.602941 0.310195 0.594771 0.323210 0.589869 0.390456 0.581699 0.433839 0.532680 0.468547 0.522876 0.483731 0.516340 0.522777 0.516340 0.613883 0.560458 0.676790 0.593137 0.735358 0.616013 0.787419 0.629085 0.835141 0.630719 0.902386 0.622549 0.956616 0.616013 0.976139 0.604575 0.993492 0.604575 1.000000 0.730392 1.000000 0.750000 0.839479 0.789216 0.774403 0.803922 0.731020 0.799020 0.711497 0.790850 0.698482 0.787582 0.652928 0.774510 0.618221 0.772876 0.605206 0.776144 0.594360 0.748366 0.518438 0.728758 0.483731 0.728758 0.455531 0.751634 0.312364 0.750000 0.290672 0.732026 0.279826 0.727124 0.258134 0.715686 0.249458 0.673203 0.238612
0 0.361111 0.340564 0.352941 0.351410 0.351307 0.370933 0.367647 0.401302 0.343137 0.418655 0.328431 0.442516 0.326797 0.546638 0.320261 0.570499 0.313725 0.579176 0.307190 0.577007 0.274510 0.598698 0.245098 0.626898 0.227124 0.657267 0.214052 0.689805 0.204248 0.754881 0.207516 0.802603 0.217320 0.843818 0.256536 0.915401 0.272876 0.963124 0.281046 1.000000 0.593137 1.000000 0.614379 0.965293 0.622549 0.928416 0.622549 0.826464 0.616013 0.796095 0.589869 0.737527 0.511438 0.613883 0.511438 0.550976 0.519608 0.462039 0.508170 0.427332 0.509804 0.377440 0.490196 0.351410 0.442810 0.327549 0.406863 0.325380
0 0.307190 0.060738 0.282680 0.071584 0.274510 0.091106 0.256536 0.173536 0.251634 0.229935 0.233660 0.260304 0.225490 0.288503 0.222222 0.347072 0.241830 0.403471 0.266340 0.449024 0.289216 0.503254 0.307190 0.557484 0.316993 0.561822 0.323529 0.544469 0.323529 0.466377 0.326797 0.442516 0.339869 0.420824 0.361111 0.403471 0.361111 0.392625 0.351307 0.377440 0.349673 0.357918 0.357843 0.342733 0.372549 0.331887 0.405229 0.323210 0.406863 0.310195 0.388889 0.251627 0.390523 0.154013 0.387255 0.112798 0.380719 0.093275 0.359477 0.073753 0.331699 0.062907
0 0.060458 0.106291 0.049020 0.117137 0.040850 0.147505 0.032680 0.227766 0.032680 0.299349 0.029412 0.314534 0.016340 0.334056 0.000000 0.394794 0.000000 0.431670 0.008170 0.466377 0.039216 0.548807 0.063725 0.655098 0.086601 0.681128 0.101307 0.713666 0.107843 0.741866 0.111111 0.783080 0.127451 0.793926 0.165033 0.804772 0.196078 0.826464 0.204248 0.826464 0.202614 0.728850 0.212418 0.685466 0.235294 0.635575 0.261438 0.603037 0.302288 0.570499 0.302288 0.555315 0.279412 0.483731 0.238562 0.401302 0.225490 0.362256 0.207516 0.329718 0.202614 0.253796 0.186275 0.154013 0.179739 0.132321 0.158497 0.112798 0.133987 0.104121 0.086601 0.099783
0 0.797386 0.023861 0.790850 0.032538 0.790850 0.039046 0.810458 0.062907 0.812092 0.091106 0.802288 0.145336 0.789216 0.186551 0.787582 0.219089 0.797386 0.275488 0.810458 0.308026 0.823529 0.264642 0.839869 0.242950 0.833333 0.164859 0.851307 0.093275 0.854575 0.052061 0.839869 0.032538 0.815359 0.023861
0 0.919935 0.032538 0.887255 0.019523 0.870915 0.019523 0.856209 0.039046 0.852941 0.091106 0.834967 0.160521 0.836601 0.203905 0.846405 0.242950 0.857843 0.240781 0.857843 0.227766 0.851307 0.214751 0.856209 0.201735 0.872549 0.195228 0.906863 0.195228 0.901961 0.151844 0.926471 0.056399 0.926471 0.045553
0 0.148693 0.015184 0.142157 0.019523 0.133987 0.052061 0.130719 0.099783 0.156863 0.110629 0.179739 0.132321 0.196078 0.203905 0.209150 0.314534 0.217320 0.325380 0.228758 0.268980 0.248366 0.232104 0.251634 0.210412 0.251634 0.180043 0.243464 0.149675 0.240196 0.088937 0.233660 0.049892 0.227124 0.028200 0.204248 0.010846
0 0.014706 0.000000 0.000000 0.004338 0.000000 0.360087 0.004902 0.357918 0.008170 0.340564 0.029412 0.303688 0.032680 0.214751 0.039216 0.149675 0.044118 0.125813 0.055556 0.104121 0.053922 0.069414 0.042484 0.017354 0.029412 0.002169 0.016340 0.004338
0 0.321895 0.000000 0.256536 0.000000 0.243464 0.086768 0.246732 0.151844 0.251634 0.171367 0.256536 0.171367 0.264706 0.119306 0.281046 0.073753 0.294118 0.062907 0.320261 0.054230 0.325163 0.030369
0 0.594771 0.004338 0.573529 0.008677 0.563725 0.021692 0.560458 0.043384 0.555556 0.047722 0.552288 0.060738 0.565359 0.095445 0.566993 0.160521 0.562092 0.201735 0.563725 0.225597 0.601307 0.177874 0.629085 0.093275 0.633987 0.032538 0.622549 0.015184
0 0.764706 0.032538 0.743464 0.034707 0.725490 0.065076 0.723856 0.080260 0.728758 0.099783 0.727124 0.138829 0.718954 0.193059 0.709150 0.227766 0.709150 0.242950 0.723856 0.251627 0.730392 0.260304 0.735294 0.279826 0.746732 0.284165 0.753268 0.299349 0.743464 0.375271 0.746732 0.381779 0.771242 0.375271 0.795752 0.360087 0.807190 0.325380 0.807190 0.310195 0.787582 0.245119 0.785948 0.197397 0.807190 0.121475 0.812092 0.075922 0.805556 0.058568 0.795752 0.047722
