0 0.462418 0.289760 0.452614 0.298475 0.444444 0.320261 0.446078 0.407407 0.442810 0.413943 0.423203 0.424837 0.410131 0.442266 0.387255 0.492375 0.383987 0.531590 0.395425 0.625272 0.405229 0.566449 0.421569 0.542484 0.442810 0.527233 0.464052 0.520697 0.483660 0.520697 0.509804 0.529412 0.531046 0.549020 0.545752 0.588235 0.547386 0.638344 0.565359 0.655773 0.581699 0.660131 0.586601 0.655773 0.589869 0.607843 0.596405 0.601307 0.607843 0.599129 0.614379 0.577342 0.607843 0.479303 0.586601 0.437908 0.550654 0.407407 0.549020 0.322440 0.545752 0.309368 0.535948 0.294118 0.517974 0.283224 0.503268 0.281046 0.477124 0.283224
0 0.733660 0.015251 0.697712 0.008715 0.684641 0.010893 0.674837 0.019608 0.668301 0.052288 0.668301 0.095861 0.633987 0.130719 0.617647 0.163399 0.609477 0.189542 0.607843 0.239651 0.611111 0.261438 0.617647 0.267974 0.619281 0.281046 0.630719 0.272331 0.660131 0.235294 0.686275 0.215686 0.689542 0.152505 0.694444 0.130719 0.712418 0.113290 0.730392 0.108932 0.736928 0.093682 0.745098 0.032680
0 0.475490 0.132898 0.468954 0.139434 0.464052 0.156863 0.468954 0.230937 0.436275 0.265795 0.423203 0.289760 0.415033 0.320261 0.413399 0.361656 0.421569 0.411765 0.429739 0.413943 0.439542 0.407407 0.442810 0.394336 0.442810 0.324619 0.452614 0.298475 0.480392 0.281046 0.511438 0.281046 0.535948 0.294118 0.545752 0.307190 0.550654 0.342048 0.552288 0.403050 0.594771 0.446623 0.599673 0.446623 0.604575 0.405229 0.602941 0.313725 0.586601 0.278867 0.545752 0.233115 0.549020 0.209150 0.549020 0.150327 0.545752 0.141612 0.534314 0.130719 0.521242 0.126362 0.493464 0.126362
0 0.490196 0.021786 0.480392 0.041394 0.483660 0.106754 0.457516 0.141612 0.437908 0.189542 0.434641 0.209150 0.436275 0.254902 0.442810 0.257081 0.467320 0.226580 0.462418 0.183007 0.462418 0.159041 0.467320 0.141612 0.490196 0.126362 0.514706 0.124183 0.534314 0.130719 0.547386 0.143791 0.550654 0.159041 0.547386 0.233115 0.588235 0.278867 0.596405 0.276688 0.596405 0.222222 0.591503 0.185185 0.576797 0.141612 0.549020 0.102397 0.552288 0.080610 0.550654 0.030501 0.532680 0.017429 0.498366 0.017429
0 0.248366 0.119826 0.235294 0.137255 0.235294 0.159041 0.246732 0.222222 0.225490 0.259259 0.246732 0.267974 0.259804 0.283224 0.281046 0.368192 0.334967 0.407407 0.374183 0.461874 0.375817 0.472767 0.383987 0.474946 0.403595 0.444444 0.406863 0.409586 0.410131 0.405229 0.406863 0.311547 0.401961 0.296296 0.374183 0.250545 0.326797 0.206972 0.320261 0.132898 0.310458 0.115468 0.300654 0.111111 0.272876 0.111111
0 0.299020 0.013072 0.290850 0.026144 0.295752 0.091503 0.300654 0.106754 0.312092 0.115468 0.320261 0.130719 0.331699 0.211329 0.366013 0.237473 0.406863 0.296296 0.413399 0.296296 0.419935 0.283224 0.423203 0.263617 0.424837 0.189542 0.401961 0.135076 0.367647 0.093682 0.364379 0.032680 0.359477 0.017429 0.354575 0.010893 0.341503 0.006536
0 0.441176 0.531590 0.433007 0.546841 0.423203 0.544662 0.419935 0.549020 0.421569 0.557734 0.406863 0.568627 0.403595 0.596950 0.403595 0.675381 0.392157 0.688453 0.387255 0.686275 0.379085 0.694989 0.366013 0.721133 0.336601 0.755991 0.325163 0.777778 0.318627 0.882353 0.320261 0.895425 0.325163 0.901961 0.321895 0.908497 0.326797 0.919390 0.325163 0.928105 0.331699 0.930283 0.333333 0.949891 0.346405 0.965142 0.339869 0.973856 0.346405 0.973856 0.351307 0.982571 0.349673 0.986928 0.362745 1.000000 0.601307 1.000000 0.611111 0.991285 0.619281 0.956427 0.627451 0.945534 0.635621 0.882353 0.632353 0.832244 0.620915 0.771242 0.612745 0.760349 0.612745 0.753813 0.606209 0.758170 0.591503 0.732026 0.578431 0.697168 0.544118 0.664488 0.540850 0.596950 0.537582 0.577342 0.532680 0.575163 0.534314 0.564270 0.524510 0.546841 0.517974 0.546841 0.513072 0.535948 0.500000 0.529412
0 0.111111 0.010893 0.102941 0.021786 0.102941 0.045752 0.119281 0.098039 0.117647 0.108932 0.106209 0.128540 0.106209 0.145969 0.114379 0.185185 0.119281 0.193900 0.176471 0.235294 0.199346 0.261438 0.214052 0.259259 0.227124 0.250545 0.243464 0.217865 0.227124 0.122004 0.217320 0.108932 0.187908 0.087146 0.178105 0.026144 0.168301 0.006536 0.143791 0.002179
0 0.967320 0.115468 0.944444 0.115468 0.929739 0.124183 0.918301 0.154684 0.911765 0.206972 0.854575 0.246187 0.833333 0.281046 0.844771 0.307190 0.844771 0.326797 0.833333 0.383442 0.833333 0.405229 0.861111 0.453159 0.872549 0.464052 0.916667 0.398693 0.939542 0.383442 0.983660 0.370370 0.991830 0.363834 0.993464 0.348584 1.000000 0.342048 1.000000 0.246187 0.995098 0.237473 1.000000 0.217865 1.000000 0.126362
0 0.933007 0.028322 0.900327 0.015251 0.879085 0.015251 0.864379 0.026144 0.849673 0.100218 0.810458 0.137255 0.795752 0.161220 0.777778 0.204793 0.777778 0.228758 0.790850 0.257081 0.813725 0.272331 0.830065 0.276688 0.854575 0.244009 0.895425 0.217865 0.908497 0.204793 0.921569 0.139434 0.923203 0.104575 0.937908 0.054466 0.937908 0.037037
0 0.906863 0.531590 0.879085 0.514161 0.836601 0.511983 0.812092 0.516340 0.797386 0.531590 0.795752 0.544662 0.790850 0.546841 0.782680 0.570806 0.781046 0.592593 0.774510 0.605664 0.689542 0.614379 0.689542 0.623094 0.704248 0.627451 0.704248 0.657952 0.699346 0.671024 0.686275 0.679739 0.687908 0.714597 0.658497 0.723312 0.661765 0.727669 0.647059 0.738562 0.642157 0.753813 0.642157 0.812636 0.647059 0.877996 0.655229 0.925926 0.665033 0.949891 0.661765 0.954248 0.666667 0.952070 0.669935 0.962963 0.684641 0.980392 0.683007 0.986928 0.691176 0.995643 0.700980 1.000000 0.929739 1.000000 0.937908 0.986928 0.946078 0.956427 0.967320 0.906318 0.972222 0.851852 0.967320 0.803922 0.959150 0.775599 0.939542 0.742919 0.936275 0.745098 0.929739 0.732026 0.915033 0.718954 0.916667 0.688453 0.936275 0.623094 0.937908 0.592593 0.928105 0.557734
0 0.828431 0.283224 0.794118 0.265795 0.764706 0.265795 0.740196 0.281046 0.732026 0.302832 0.718954 0.376906 0.665033 0.420479 0.633987 0.468410 0.620915 0.498911 0.625817 0.570806 0.635621 0.599129 0.771242 0.603486 0.781046 0.588235 0.790850 0.542484 0.810458 0.516340 0.831699 0.507625 0.874183 0.507625 0.867647 0.470588 0.830065 0.409586 0.828431 0.394336 0.841503 0.335512 0.843137 0.311547 0.838235 0.296296
0 0.771242 0.126362 0.740196 0.113290 0.717320 0.113290 0.697712 0.124183 0.689542 0.159041 0.687908 0.215686 0.660131 0.235294 0.619281 0.294118 0.609477 0.335512 0.609477 0.464052 0.616013 0.481481 0.622549 0.481481 0.633987 0.457516 0.676471 0.400871 0.707516 0.383442 0.717320 0.370370 0.733660 0.294118 0.743464 0.276688 0.759804 0.265795 0.787582 0.261438 0.781046 0.244009 0.766340 0.224401 0.779412 0.165577 0.779412 0.139434
0 0.179739 0.274510 0.169935 0.281046 0.155229 0.305011 0.155229 0.328976 0.165033 0.368192 0.169935 0.407407 0.138889 0.457516 0.127451 0.501089 0.127451 0.514161 0.156863 0.546841 0.181373 0.623094 0.210784 0.627451 0.254902 0.651416 0.289216 0.690632 0.321895 0.747277 0.331699 0.747277 0.343137 0.736383 0.352941 0.714597 0.361111 0.705882 0.374183 0.668845 0.379085 0.623094 0.375817 0.603486 0.377451 0.485839 0.362745 0.450980 0.333333 0.409586 0.276144 0.370370 0.264706 0.298475 0.250000 0.272331 0.230392 0.263617 0.210784 0.263617
0 0.031046 0.108932 0.017974 0.117647 0.011438 0.130719 0.016340 0.169935 0.032680 0.211329 0.031046 0.230937 0.011438 0.270153 0.004902 0.294118 0.004902 0.311547 0.017974 0.348584 0.031046 0.359477 0.060458 0.370370 0.125817 0.431373 0.135621 0.431373 0.153595 0.420479 0.165033 0.396514 0.163399 0.370370 0.151961 0.320261 0.153595 0.305011 0.168301 0.281046 0.187908 0.267974 0.189542 0.259259 0.186275 0.248366 0.155229 0.220044 0.112745 0.193900 0.102941 0.130719 0.091503 0.106754 0.063725 0.100218
0 0.016340 0.568627 0.008170 0.590414 0.008170 0.623094 0.031046 0.690632 0.034314 0.721133 0.009804 0.771242 0.000000 0.819172 0.000000 0.925926 0.022876 1.000000 0.349673 1.000000 0.352941 0.989107 0.348039 0.984749 0.348039 0.965142 0.343137 0.965142 0.343137 0.982571 0.338235 0.980392 0.339869 0.954248 0.333333 0.947712 0.331699 0.919390 0.325163 0.917211 0.320261 0.882353 0.320261 0.847495 0.323529 0.843137 0.323529 0.814815 0.326797 0.810458 0.325163 0.766885 0.315359 0.760349 0.316993 0.745098 0.287582 0.692810 0.251634 0.653595 0.210784 0.631808 0.179739 0.633987 0.174837 0.627451 0.169935 0.590414 0.155229 0.546841 0.142157 0.529412 0.129085 0.520697 0.089869 0.518519 0.071895 0.522876 0.039216 0.542484
