2 0.883750 0.491667 0.872500 0.506667 0.865000 0.523333 0.870000 0.565000 0.865000 0.890000 0.868750 0.898333 0.886250 0.913333 0.916250 0.923333 0.936250 0.936667 0.976250 0.943333 1.000000 0.941667 1.000000 0.490000 0.927500 0.491667 0.916250 0.486667 0.912500 0.490000
2 1.000000 0.015000 0.971250 0.016667 0.916250 0.035000 0.893750 0.048333 0.881250 0.063333 0.876250 0.075000 0.872500 0.126667 0.871250 0.458333 0.895000 0.475000 0.907500 0.478333 0.920000 0.476667 0.923750 0.480000 0.943750 0.476667 1.000000 0.476667
2 0.696250 0.490000 0.683750 0.525000 0.680000 0.553333 0.678750 0.738333 0.676250 0.778333 0.676250 0.843333 0.680000 0.890000 0.687500 0.901667 0.707500 0.920000 0.736250 0.938333 0.773750 0.946667 0.813750 0.943333 0.847500 0.921667 0.857500 0.908333 0.860000 0.900000 0.866250 0.580000 0.861250 0.533333 0.842500 0.490000
2 0.841250 0.023333 0.825000 0.016667 0.766250 0.016667 0.736250 0.025000 0.732500 0.030000 0.721250 0.033333 0.705000 0.046667 0.700000 0.056667 0.695000 0.085000 0.688750 0.096667 0.680000 0.126667 0.676250 0.323333 0.676250 0.428333 0.678750 0.455000 0.682500 0.468333 0.690000 0.471667 0.697500 0.481667 0.723750 0.481667 0.732500 0.478333 0.733750 0.481667 0.741250 0.483333 0.753750 0.476667 0.765000 0.476667 0.768750 0.480000 0.783750 0.475000 0.843750 0.476667 0.850000 0.475000 0.866250 0.458333 0.871250 0.231667 0.868750 0.126667 0.871250 0.106667 0.868750 0.090000 0.855000 0.060000 0.851250 0.033333
1 0.172500 0.165000 0.170000 0.180000 0.176250 0.273333 0.186250 0.360000 0.192500 0.381667 0.195000 0.406667 0.198750 0.410000 0.210000 0.390000 0.220000 0.315000 0.221250 0.215000 0.218750 0.181667 0.213750 0.173333 0.198750 0.165000
1 0.587500 0.048333 0.572500 0.056667 0.563750 0.068333 0.563750 0.150000 0.560000 0.220000 0.546250 0.360000 0.537500 0.398333 0.522500 0.433333 0.517500 0.453333 0.516250 0.540000 0.518750 0.553333 0.512500 0.866667 0.515000 0.896667 0.540000 0.935000 0.575000 0.948333 0.622500 0.950000 0.648750 0.940000 0.660000 0.926667 0.670000 0.883333 0.671250 0.816667 0.668750 0.791667 0.672500 0.771667 0.675000 0.678333 0.675000 0.500000 0.671250 0.455000 0.666250 0.433333 0.655000 0.408333 0.653750 0.395000 0.647500 0.376667 0.648750 0.371667 0.643750 0.343333 0.635000 0.136667 0.638750 0.066667 0.635000 0.061667 0.627500 0.060000 0.626250 0.053333 0.621250 0.048333
1 0.421250 0.055000 0.400000 0.063333 0.392500 0.080000 0.396250 0.145000 0.386250 0.320000 0.380000 0.381667 0.367500 0.418333 0.358750 0.458333 0.352500 0.601667 0.352500 0.750000 0.357500 0.800000 0.356250 0.858333 0.358750 0.871667 0.356250 0.878333 0.365000 0.925000 0.371250 0.933333 0.387500 0.941667 0.402500 0.945000 0.443750 0.945000 0.466250 0.940000 0.482500 0.930000 0.490000 0.918333 0.491250 0.910000 0.503750 0.896667 0.506250 0.888333 0.506250 0.621667 0.502500 0.606667 0.505000 0.590000 0.501250 0.541667 0.507500 0.521667 0.508750 0.466667 0.503750 0.435000 0.482500 0.381667 0.475000 0.321667 0.467500 0.211667 0.467500 0.073333 0.460000 0.063333 0.448750 0.058333
1 0.278750 0.056667 0.251250 0.058333 0.242500 0.063333 0.236250 0.076667 0.238750 0.148333 0.236250 0.198333 0.231250 0.233333 0.231250 0.261667 0.215000 0.388333 0.208750 0.408333 0.202500 0.418333 0.195000 0.450000 0.193750 0.495000 0.187500 0.521667 0.185000 0.583333 0.186250 0.796667 0.193750 0.853333 0.195000 0.920000 0.202500 0.931667 0.211250 0.936667 0.255000 0.945000 0.296250 0.938333 0.313750 0.928333 0.327500 0.908333 0.333750 0.906667 0.342500 0.896667 0.346250 0.876667 0.347500 0.810000 0.343750 0.760000 0.345000 0.715000 0.342500 0.705000 0.345000 0.703333 0.343750 0.650000 0.347500 0.581667 0.345000 0.543333 0.347500 0.451667 0.342500 0.428333 0.325000 0.390000 0.320000 0.353333 0.312500 0.228333 0.312500 0.081667 0.303750 0.066667
1 0.143750 0.125000 0.142500 0.156667 0.146250 0.235000 0.160000 0.368333 0.166250 0.400000 0.180000 0.426667 0.187500 0.431667 0.192500 0.410000 0.173750 0.261667 0.172500 0.215000 0.168750 0.185000 0.170000 0.140000 0.158750 0.126667
1 0.096250 0.051667 0.070000 0.053333 0.062500 0.060000 0.058750 0.071667 0.061250 0.106667 0.063750 0.111667 0.060000 0.240000 0.048750 0.325000 0.047500 0.361667 0.043750 0.381667 0.021250 0.435000 0.015000 0.490000 0.016250 0.896667 0.022500 0.926667 0.028750 0.935000 0.045000 0.941667 0.073750 0.945000 0.116250 0.940000 0.161250 0.918333 0.180000 0.903333 0.183750 0.881667 0.178750 0.603333 0.185000 0.521667 0.185000 0.486667 0.182500 0.476667 0.185000 0.458333 0.178750 0.433333 0.165000 0.405000 0.160000 0.385000 0.156250 0.335000 0.150000 0.305000 0.143750 0.238333 0.140000 0.146667 0.143750 0.103333 0.142500 0.081667 0.140000 0.073333 0.130000 0.063333
