0 0.063725 0.986985 0.063725 1.000000 0.566993 1.000000 0.553922 0.956616 0.529412 0.906725 0.483660 0.841649 0.431373 0.783080 0.428105 0.759219 0.431373 0.718004 0.428105 0.672451 0.419935 0.646421 0.395425 0.613883 0.392157 0.579176 0.380719 0.546638 0.370915 0.533623 0.356209 0.524946 0.287582 0.514100 0.258170 0.514100 0.235294 0.522777 0.204248 0.544469 0.181373 0.574837 0.176471 0.592191 0.176471 0.624729 0.181373 0.644252 0.163399 0.681128 0.155229 0.709328 0.156863 0.772234 0.124183 0.813449 0.104575 0.845987 0.080065 0.906725 0.071895 0.943601 0.073529 0.954447 0.109477 0.956616 0.112745 0.960954 0.112745 0.978308 0.106209 0.986985
0 0.640523 0.344902 0.627451 0.364425 0.627451 0.379610 0.637255 0.403471 0.609477 0.420824 0.593137 0.444685 0.581699 0.529284 0.508170 0.557484 0.478758 0.579176 0.454248 0.613883 0.444444 0.639913 0.436275 0.691974 0.441176 0.778742 0.454248 0.804772 0.514706 0.878525 0.555556 0.945770 0.571895 0.986985 0.581699 0.997831 0.841503 1.000000 0.864379 0.976139 0.882353 0.945770 0.890523 0.908894 0.890523 0.865510 0.880719 0.813449 0.851307 0.739696 0.830065 0.704989 0.816993 0.696312 0.805556 0.659436 0.779412 0.616052 0.766340 0.605206 0.767974 0.583514 0.785948 0.503254 0.782680 0.475054 0.771242 0.451193 0.777778 0.405640 0.776144 0.386117 0.764706 0.370933 0.717320 0.342733 0.661765 0.338395
0 0.540850 0.097614 0.516340 0.097614 0.498366 0.104121 0.496732 0.117137 0.504902 0.132321 0.504902 0.143167 0.498366 0.154013 0.483660 0.160521 0.477124 0.173536 0.473856 0.247289 0.428105 0.281996 0.406863 0.312364 0.408497 0.347072 0.488562 0.472885 0.498366 0.498915 0.509804 0.550976 0.575163 0.529284 0.581699 0.518438 0.593137 0.440347 0.602941 0.425163 0.630719 0.403471 0.624183 0.373102 0.630719 0.342733 0.584967 0.258134 0.593137 0.164859 0.591503 0.145336 0.580065 0.132321 0.573529 0.110629 0.560458 0.101952
0 0.336601 0.000000 0.334967 0.013015 0.326797 0.017354 0.325163 0.108460 0.295752 0.147505 0.352941 0.149675 0.367647 0.156182 0.380719 0.177874 0.369281 0.208243 0.374183 0.219089 0.387255 0.225597 0.400327 0.240781 0.403595 0.249458 0.405229 0.299349 0.410131 0.303688 0.441176 0.266811 0.468954 0.249458 0.468954 0.216920 0.450980 0.180043 0.415033 0.125813 0.415033 0.058568 0.411765 0.049892 0.398693 0.041215 0.393791 0.032538 0.393791 0.021692 0.403595 0.002169
0 0.661765 0.000000 0.594771 0.000000 0.588235 0.021692 0.584967 0.058568 0.571895 0.071584 0.565359 0.086768 0.565359 0.099783 0.578431 0.112798 0.583333 0.130152 0.593137 0.140998 0.596405 0.173536 0.609477 0.195228 0.640523 0.173536 0.650327 0.119306 0.666667 0.099783 0.656863 0.073753
0 1.000000 0.253796 0.967320 0.249458 0.952614 0.251627 0.939542 0.262473 0.936275 0.277657 0.915033 0.295011 0.890523 0.351410 0.880719 0.396963 0.870915 0.414317 0.823529 0.425163 0.777778 0.446855 0.777778 0.459870 0.787582 0.485900 0.787582 0.511931 0.774510 0.563991 0.771242 0.598698 0.782680 0.607375 0.787582 0.622560 0.812092 0.659436 0.820261 0.678959 0.836601 0.685466 0.897059 0.683297 0.913399 0.691974 0.911765 0.702820 0.839869 0.702820 0.846405 0.726681 0.857843 0.746204 0.880719 0.804772 0.890523 0.843818 0.893791 0.876356 0.888889 0.934924 0.875817 0.965293 0.856209 0.993492 0.857843 1.000000 0.965686 1.000000 0.968954 0.993492 0.970588 0.963124 0.975490 0.954447 0.983660 0.911063 0.982026 0.887202 1.000000 0.867679
0 0.284314 0.156182 0.274510 0.164859 0.271242 0.184382 0.287582 0.201735 0.289216 0.214751 0.266340 0.234273 0.258170 0.251627 0.264706 0.329718 0.263072 0.344902 0.235294 0.366594 0.196078 0.425163 0.186275 0.466377 0.187908 0.514100 0.199346 0.540130 0.209150 0.540130 0.248366 0.514100 0.274510 0.509761 0.348039 0.518438 0.362745 0.524946 0.388889 0.557484 0.400327 0.618221 0.433007 0.663774 0.455882 0.603037 0.478758 0.572668 0.500000 0.559653 0.501634 0.531453 0.498366 0.505423 0.468954 0.440347 0.405229 0.347072 0.401961 0.249458 0.395425 0.234273 0.367647 0.214751 0.367647 0.203905 0.377451 0.184382 0.374183 0.164859 0.366013 0.156182 0.346405 0.149675 0.303922 0.149675
0 0.196078 0.019523 0.150327 0.023861 0.135621 0.043384 0.133987 0.082430 0.130719 0.091106 0.135621 0.171367 0.098039 0.240781 0.086601 0.290672 0.089869 0.321041 0.107843 0.368764 0.104575 0.420824 0.109477 0.433839 0.148693 0.468547 0.179739 0.507592 0.183007 0.507592 0.186275 0.449024 0.197712 0.418655 0.233660 0.366594 0.254902 0.349241 0.261438 0.338395 0.258170 0.249458 0.277778 0.223427 0.274510 0.206074 0.251634 0.169197 0.246732 0.095445 0.241830 0.086768 0.222222 0.075922 0.217320 0.067245 0.217320 0.056399 0.225490 0.045553 0.227124 0.030369
0 0.000000 0.219089 0.000000 0.945770 0.017974 0.952278 0.062092 0.952278 0.070261 0.937093 0.078431 0.902386 0.096405 0.854664 0.112745 0.822126 0.147059 0.780911 0.151961 0.767896 0.151961 0.711497 0.176471 0.646421 0.173203 0.592191 0.192810 0.546638 0.186275 0.527115 0.168301 0.501085 0.084967 0.414317 0.062092 0.308026 0.044118 0.292842 0.016340 0.284165 0.011438 0.275488 0.013072 0.268980 0.029412 0.245119 0.019608 0.225597
0 0.678105 0.058568 0.673203 0.062907 0.678105 0.091106 0.671569 0.101952 0.656863 0.108460 0.650327 0.119306 0.642157 0.175705 0.637255 0.184382 0.614379 0.197397 0.594771 0.219089 0.589869 0.260304 0.633987 0.340564 0.665033 0.334056 0.709150 0.336226 0.754902 0.360087 0.784314 0.388286 0.795752 0.364425 0.795752 0.318872 0.771242 0.258134 0.738562 0.206074 0.750000 0.132321 0.751634 0.093275 0.728758 0.062907
0 0.779412 0.021692 0.771242 0.030369 0.771242 0.056399 0.756536 0.065076 0.750000 0.075922 0.753268 0.106291 0.740196 0.201735 0.777778 0.268980 0.795752 0.316703 0.797386 0.357918 0.794118 0.375271 0.782680 0.396963 0.779412 0.436009 0.785948 0.438178 0.820261 0.420824 0.821895 0.392625 0.830065 0.368764 0.875817 0.288503 0.877451 0.253796 0.859477 0.208243 0.823529 0.154013 0.838235 0.075922 0.836601 0.049892 0.823529 0.030369
0 0.919935 0.013015 0.880719 0.008677 0.864379 0.021692 0.857843 0.034707 0.848039 0.091106 0.833333 0.112798 0.826797 0.132321 0.826797 0.154013 0.867647 0.223427 0.879085 0.262473 0.874183 0.295011 0.851307 0.329718 0.828431 0.375271 0.825163 0.409978 0.830065 0.418655 0.872549 0.405640 0.874183 0.394794 0.880719 0.388286 0.888889 0.349241 0.908497 0.303688 0.918301 0.290672 0.929739 0.284165 0.944444 0.255965 0.960784 0.249458 0.968954 0.240781 0.968954 0.221258 0.959150 0.188720 0.921569 0.123644 0.931373 0.078091 0.929739 0.019523
0 0.955882 0.000000 0.939542 0.015184 0.936275 0.026030 0.924837 0.125813 0.959150 0.188720 0.967320 0.212581 0.970588 0.245119 1.000000 0.251627 1.000000 0.117137 0.991830 0.104121 1.000000 0.082430 1.000000 0.039046 0.995098 0.032538 0.996732 0.013015 0.988562 0.000000
0 0.560458 0.000000 0.509804 0.000000 0.508170 0.013015 0.486928 0.034707 0.483660 0.088937 0.437908 0.140998 0.437908 0.158351 0.470588 0.214751 0.473856 0.214751 0.477124 0.171367 0.503268 0.145336 0.501634 0.125813 0.493464 0.114967 0.498366 0.101952 0.513072 0.097614 0.562092 0.099783 0.568627 0.019523
