0 0.112745 0.355748 0.106209 0.364425 0.104575 0.375271 0.120915 0.392625 0.124183 0.414317 0.096405 0.438178 0.093137 0.464208 0.104575 0.540130 0.122549 0.572668 0.132353 0.646421 0.140523 0.672451 0.282680 0.759219 0.310458 0.767896 0.320261 0.737527 0.336601 0.711497 0.382353 0.655098 0.382353 0.626898 0.349673 0.592191 0.254902 0.524946 0.245098 0.405640 0.238562 0.373102 0.217320 0.364425 0.207516 0.351410 0.191176 0.347072 0.135621 0.347072
0 0.000000 0.459870 0.000000 0.657267 0.022876 0.663774 0.039216 0.683297 0.049020 0.713666 0.044118 0.750542 0.076797 0.774403 0.096405 0.802603 0.122549 0.926247 0.140523 0.941432 0.240196 0.997831 0.300654 1.000000 0.307190 0.950108 0.330065 0.843818 0.326797 0.811280 0.320261 0.796095 0.310458 0.783080 0.266340 0.750542 0.158497 0.685466 0.138889 0.678959 0.116013 0.561822 0.098039 0.542299 0.070261 0.535792 0.062092 0.527115 0.062092 0.518438 0.080065 0.498915 0.076797 0.472885 0.062092 0.462039 0.035948 0.457701
0 0.000000 0.663774 0.000000 1.000000 0.222222 1.000000 0.222222 0.993492 0.194444 0.980477 0.168301 0.960954 0.122549 0.937093 0.101307 0.824295 0.093137 0.798265 0.083333 0.783080 0.045752 0.759219 0.040850 0.750542 0.045752 0.707158 0.037582 0.685466 0.019608 0.668113
0 0.117647 0.314534 0.112745 0.327549 0.114379 0.349241 0.117647 0.351410 0.140523 0.344902 0.189542 0.344902 0.207516 0.349241 0.230392 0.366594 0.240196 0.379610 0.246732 0.403471 0.251634 0.490239 0.258170 0.516269 0.287582 0.546638 0.349673 0.587852 0.357843 0.579176 0.361111 0.566161 0.369281 0.557484 0.367647 0.542299 0.359477 0.524946 0.282680 0.459870 0.256536 0.429501 0.248366 0.403471 0.248366 0.379610 0.243464 0.355748 0.217320 0.338395 0.218954 0.288503 0.194444 0.281996 0.156863 0.284165 0.140523 0.290672
0 0.214052 0.242950 0.212418 0.255965 0.218954 0.266811 0.218954 0.288503 0.222222 0.295011 0.217320 0.312364 0.217320 0.336226 0.241830 0.353579 0.250000 0.390456 0.251634 0.420824 0.261438 0.440347 0.356209 0.518438 0.367647 0.537961 0.367647 0.544469 0.374183 0.544469 0.383987 0.529284 0.397059 0.472885 0.397059 0.462039 0.390523 0.444685 0.372549 0.422993 0.305556 0.366594 0.297386 0.279826 0.285948 0.251627 0.269608 0.242950 0.245098 0.238612
0 0.000000 0.238612 0.000000 0.455531 0.053922 0.457701 0.075163 0.468547 0.084967 0.490239 0.065359 0.527115 0.099673 0.537961 0.101307 0.518438 0.093137 0.481562 0.093137 0.444685 0.101307 0.429501 0.116013 0.418655 0.119281 0.405640 0.107843 0.388286 0.049020 0.347072 0.045752 0.316703 0.031046 0.264642 0.021242 0.249458 0.006536 0.238612
0 0.032680 0.199566 0.024510 0.208243 0.024510 0.234273 0.039216 0.279826 0.050654 0.338395 0.063725 0.353579 0.098039 0.373102 0.109477 0.355748 0.114379 0.318872 0.106209 0.255965 0.099673 0.242950 0.081699 0.227766 0.073529 0.203905
0 0.130719 0.132321 0.124183 0.140998 0.122549 0.182213 0.138889 0.236443 0.176471 0.279826 0.215686 0.279826 0.215686 0.268980 0.207516 0.253796 0.207516 0.234273 0.189542 0.210412 0.186275 0.173536 0.168301 0.151844 0.169935 0.136659 0.163399 0.130152
0 0.228758 0.203905 0.227124 0.214751 0.233660 0.221258 0.236928 0.236443 0.274510 0.245119 0.287582 0.253796 0.297386 0.275488 0.303922 0.351410 0.310458 0.368764 0.357843 0.405640 0.367647 0.418655 0.375817 0.422993 0.385621 0.420824 0.390523 0.399132 0.388889 0.383948 0.370915 0.362256 0.310458 0.310195 0.300654 0.221258 0.279412 0.201735 0.241830 0.199566
0 0.307190 0.140998 0.310458 0.164859 0.297386 0.182213 0.297386 0.206074 0.305556 0.240781 0.307190 0.297180 0.315359 0.314534 0.383987 0.373102 0.388889 0.373102 0.397059 0.357918 0.406863 0.316703 0.416667 0.301518 0.416667 0.284165 0.403595 0.262473 0.362745 0.221258 0.359477 0.169197 0.352941 0.149675 0.339869 0.138829
0 0.733660 0.483731 0.707516 0.468547 0.653595 0.462039 0.616013 0.470716 0.599673 0.485900 0.594771 0.511931 0.580065 0.535792 0.570261 0.566161 0.563725 0.622560 0.560458 0.726681 0.555556 0.731020 0.557190 0.737527 0.549020 0.752711 0.472222 0.822126 0.416667 0.863341 0.392157 0.895879 0.388889 0.913232 0.382353 0.924078 0.380719 0.954447 0.393791 1.000000 0.570261 1.000000 0.578431 0.934924 0.594771 0.898048 0.629085 0.859002 0.632353 0.850325 0.632353 0.813449 0.647059 0.776573 0.669935 0.752711 0.687908 0.750542 0.699346 0.741866 0.704248 0.748373 0.710784 0.748373 0.732026 0.737527 0.748366 0.735358 0.751634 0.711497 0.750000 0.691974 0.758170 0.657267 0.758170 0.596529 0.743464 0.572668 0.722222 0.557484 0.717320 0.548807 0.723856 0.535792 0.738562 0.529284 0.746732 0.514100 0.745098 0.498915
0 0.560458 0.360087 0.513072 0.360087 0.493464 0.366594 0.488562 0.379610 0.491830 0.386117 0.482026 0.394794 0.486928 0.403471 0.482026 0.407809 0.482026 0.416486 0.452614 0.449024 0.446078 0.557484 0.450980 0.574837 0.418301 0.620390 0.334967 0.718004 0.318627 0.754881 0.316993 0.780911 0.334967 0.815618 0.359477 0.904555 0.372549 0.926247 0.380719 0.924078 0.395425 0.887202 0.415033 0.861171 0.455882 0.830803 0.480392 0.804772 0.537582 0.757050 0.550654 0.735358 0.555556 0.720174 0.562092 0.663774 0.566993 0.550976 0.581699 0.514100 0.594771 0.498915 0.598039 0.483731 0.594771 0.451193 0.583333 0.436009 0.571895 0.431670 0.566993 0.420824 0.566993 0.401302 0.576797 0.388286 0.576797 0.377440 0.568627 0.373102
0 0.913399 0.405640 0.906863 0.409978 0.897059 0.483731 0.882353 0.540130 0.882353 0.577007 0.862745 0.600868 0.794118 0.657267 0.781046 0.676790 0.784314 0.700651 0.774510 0.702820 0.761438 0.720174 0.764706 0.739696 0.807190 0.757050 0.839869 0.778742 0.882353 0.826464 0.895425 0.850325 0.903595 0.882863 0.903595 0.902386 0.898693 0.908894 0.900327 0.926247 0.921569 0.919740 0.959150 0.893709 1.000000 0.878525 1.000000 0.425163 0.962418 0.418655 0.952614 0.407809
0 0.887255 0.281996 0.848039 0.275488 0.821895 0.277657 0.810458 0.297180 0.789216 0.318872 0.779412 0.347072 0.774510 0.396963 0.748366 0.420824 0.702614 0.444685 0.689542 0.457701 0.728758 0.477223 0.746732 0.498915 0.746732 0.518438 0.738562 0.531453 0.723856 0.540130 0.720588 0.553145 0.745098 0.570499 0.767974 0.598698 0.848039 0.600868 0.862745 0.594360 0.877451 0.574837 0.877451 0.550976 0.888889 0.509761 0.897059 0.457701 0.897059 0.438178 0.879085 0.412148 0.893791 0.297180
0 0.782680 0.223427 0.751634 0.219089 0.740196 0.251627 0.722222 0.279826 0.715686 0.331887 0.709150 0.347072 0.633987 0.420824 0.633987 0.431670 0.651961 0.453362 0.686275 0.457701 0.712418 0.438178 0.746732 0.420824 0.771242 0.396963 0.784314 0.327549 0.803922 0.295011 0.805556 0.271150 0.789216 0.253796 0.785948 0.245119 0.787582 0.229935
0 0.743464 0.229935 0.732026 0.225597 0.704248 0.229935 0.696078 0.249458 0.687908 0.288503 0.673203 0.308026 0.645425 0.334056 0.627451 0.344902 0.616013 0.360087 0.616013 0.390456 0.633987 0.414317 0.643791 0.409978 0.686275 0.373102 0.712418 0.342733 0.722222 0.279826 0.741830 0.247289
0 0.699346 0.203905 0.674837 0.197397 0.653595 0.203905 0.648693 0.223427 0.647059 0.262473 0.594771 0.321041 0.594771 0.340564 0.598039 0.347072 0.611111 0.357918 0.655229 0.323210 0.684641 0.288503 0.696078 0.242950
0 0.687908 0.145336 0.671569 0.140998 0.651961 0.145336 0.651961 0.160521 0.640523 0.173536 0.637255 0.186551 0.637255 0.232104 0.588235 0.288503 0.594771 0.314534 0.616013 0.299349 0.643791 0.266811 0.650327 0.210412 0.661765 0.188720 0.673203 0.186551 0.686275 0.193059 0.689542 0.186551 0.696078 0.190889 0.702614 0.186551 0.704248 0.167028
0 1.000000 0.247289 0.968954 0.253796 0.959150 0.275488 0.950980 0.323210 0.929739 0.349241 0.906863 0.362256 0.888889 0.379610 0.883987 0.407809 0.892157 0.425163 0.897059 0.427332 0.910131 0.403471 0.929739 0.396963 0.936275 0.379610 0.946078 0.370933 0.965686 0.366594 1.000000 0.368764
