0 0.000000 0.353579 0.000000 1.000000 0.210784 1.000000 0.233660 0.900217 0.294118 0.763557 0.289216 0.674620 0.259804 0.642082 0.205882 0.607375 0.199346 0.598698 0.196078 0.557484 0.184641 0.496746 0.169935 0.472885 0.148693 0.451193 0.133987 0.388286 0.124183 0.366594 0.107843 0.353579 0.080065 0.344902 0.034314 0.344902
0 0.490196 0.449024 0.473856 0.438178 0.446078 0.429501 0.398693 0.429501 0.359477 0.442516 0.339869 0.455531 0.320261 0.481562 0.313725 0.511931 0.315359 0.572668 0.295752 0.616052 0.292484 0.637744 0.300654 0.770065 0.282680 0.798265 0.281046 0.811280 0.267974 0.830803 0.266340 0.841649 0.259804 0.848156 0.241830 0.891540 0.232026 0.932755 0.227124 0.939262 0.225490 0.960954 0.220588 0.969631 0.220588 1.000000 0.570261 1.000000 0.604575 0.880694 0.609477 0.826464 0.607843 0.776573 0.591503 0.739696 0.576797 0.720174 0.552288 0.702820 0.549020 0.689805 0.545752 0.607375 0.535948 0.581345 0.517974 0.555315 0.511438 0.483731 0.503268 0.464208
0 0.078431 0.112798 0.063725 0.123644 0.060458 0.132321 0.065359 0.201735 0.055556 0.223427 0.055556 0.240781 0.068627 0.301518 0.094771 0.344902 0.114379 0.355748 0.130719 0.375271 0.151961 0.453362 0.184641 0.492408 0.199346 0.563991 0.204248 0.566161 0.214052 0.542299 0.218954 0.481562 0.227124 0.446855 0.243464 0.405640 0.267974 0.364425 0.259804 0.316703 0.222222 0.281996 0.220588 0.253796 0.212418 0.214751 0.204248 0.195228 0.189542 0.175705 0.179739 0.132321 0.169935 0.112798 0.143791 0.104121 0.107843 0.104121
0 0.362745 0.140998 0.305556 0.140998 0.284314 0.149675 0.274510 0.162690 0.271242 0.177874 0.274510 0.229935 0.259804 0.262473 0.261438 0.316703 0.272876 0.360087 0.236928 0.422993 0.227124 0.451193 0.218954 0.492408 0.218954 0.607375 0.282680 0.659436 0.289216 0.655098 0.295752 0.609544 0.312092 0.579176 0.313725 0.494577 0.321895 0.475054 0.334967 0.457701 0.354575 0.442516 0.390523 0.427332 0.441176 0.425163 0.465686 0.429501 0.467320 0.425163 0.465686 0.403471 0.454248 0.370933 0.436275 0.347072 0.416667 0.331887 0.416667 0.255965 0.397059 0.221258 0.392157 0.169197 0.387255 0.156182
0 0.570261 0.177874 0.540850 0.188720 0.529412 0.206074 0.524510 0.271150 0.506536 0.321041 0.504902 0.357918 0.509804 0.394794 0.491830 0.429501 0.490196 0.444685 0.513072 0.481562 0.519608 0.550976 0.539216 0.583514 0.547386 0.605206 0.552288 0.687636 0.555556 0.696312 0.586601 0.722343 0.609477 0.767896 0.614379 0.770065 0.624183 0.731020 0.619281 0.720174 0.612745 0.720174 0.604575 0.711497 0.599673 0.713666 0.589869 0.700651 0.591503 0.609544 0.596405 0.603037 0.669935 0.603037 0.676471 0.598698 0.686275 0.568330 0.692810 0.509761 0.702614 0.466377 0.699346 0.440347 0.691176 0.418655 0.665033 0.386117 0.666667 0.301518 0.651961 0.268980 0.651961 0.214751 0.648693 0.201735 0.640523 0.190889 0.617647 0.180043
0 0.968954 0.624729 0.941176 0.587852 0.903595 0.561822 0.869281 0.546638 0.805556 0.540130 0.774510 0.546638 0.745098 0.566161 0.733660 0.585683 0.732026 0.607375 0.720588 0.624729 0.722222 0.648590 0.705882 0.676790 0.694444 0.678959 0.686275 0.689805 0.684641 0.704989 0.669935 0.735358 0.655229 0.806941 0.611111 0.880694 0.586601 0.956616 0.580065 1.000000 0.965686 1.000000 0.962418 0.956616 0.980392 0.891540 0.986928 0.850325 0.983660 0.796095 0.968954 0.757050 0.980392 0.689805 0.980392 0.659436
0 0.936275 0.240781 0.906863 0.223427 0.872549 0.214751 0.825163 0.219089 0.803922 0.236443 0.787582 0.284165 0.771242 0.308026 0.766340 0.305857 0.764706 0.312364 0.769608 0.314534 0.758170 0.325380 0.753268 0.340564 0.748366 0.431670 0.720588 0.468547 0.704248 0.503254 0.687908 0.566161 0.687908 0.603037 0.723856 0.600868 0.743464 0.566161 0.754902 0.555315 0.800654 0.537961 0.841503 0.537961 0.870915 0.544469 0.903595 0.559653 0.936275 0.583514 0.944444 0.583514 0.946078 0.533623 0.934641 0.472885 0.934641 0.455531 0.950980 0.370933 0.939542 0.338395 0.947712 0.262473
0 0.503268 0.028200 0.470588 0.034707 0.462418 0.045553 0.459150 0.091106 0.449346 0.112798 0.446078 0.158351 0.454248 0.180043 0.454248 0.195228 0.436275 0.219089 0.419935 0.255965 0.421569 0.325380 0.452614 0.364425 0.467320 0.396963 0.473856 0.427332 0.478758 0.431670 0.493464 0.420824 0.503268 0.401302 0.503268 0.325380 0.522876 0.268980 0.527778 0.206074 0.552288 0.175705 0.555556 0.164859 0.555556 0.117137 0.544118 0.088937 0.544118 0.045553 0.529412 0.032538
0 0.179739 0.000000 0.173203 0.010846 0.174837 0.054230 0.166667 0.073753 0.168301 0.104121 0.184641 0.140998 0.187908 0.169197 0.214052 0.214751 0.225490 0.284165 0.250000 0.303688 0.256536 0.303688 0.259804 0.253796 0.271242 0.234273 0.269608 0.171367 0.277778 0.149675 0.269608 0.132321 0.274510 0.117137 0.271242 0.078091 0.256536 0.049892 0.248366 0.002169
0 0.315359 0.023861 0.312092 0.032538 0.313725 0.073753 0.302288 0.099783 0.300654 0.136659 0.354575 0.138829 0.370915 0.143167 0.382353 0.151844 0.392157 0.167028 0.398693 0.223427 0.418301 0.249458 0.436275 0.216920 0.436275 0.199566 0.408497 0.160521 0.410131 0.108460 0.393791 0.065076 0.390523 0.028200 0.383987 0.019523 0.334967 0.017354
0 0.674837 0.073753 0.656863 0.082430 0.647059 0.132321 0.633987 0.158351 0.632353 0.175705 0.635621 0.186551 0.651961 0.208243 0.653595 0.271150 0.665033 0.290672 0.669935 0.308026 0.668301 0.383948 0.694444 0.422993 0.699346 0.440347 0.707516 0.446855 0.730392 0.396963 0.740196 0.360087 0.741830 0.338395 0.748366 0.323210 0.748366 0.271150 0.738562 0.236443 0.743464 0.167028 0.736928 0.140998 0.738562 0.093275 0.732026 0.082430 0.722222 0.078091
0 0.558824 0.000000 0.553922 0.030369 0.547386 0.039046 0.545752 0.088937 0.558824 0.114967 0.557190 0.175705 0.620915 0.175705 0.625817 0.167028 0.624183 0.110629 0.630719 0.078091 0.630719 0.047722 0.624183 0.034707 0.624183 0.000000
0 0.714052 0.000000 0.707516 0.015184 0.702614 0.052061 0.696078 0.069414 0.727124 0.078091 0.738562 0.091106 0.738562 0.143167 0.746732 0.175705 0.741830 0.234273 0.746732 0.249458 0.753268 0.249458 0.754902 0.268980 0.761438 0.275488 0.779412 0.247289 0.787582 0.201735 0.787582 0.162690 0.781046 0.143167 0.782680 0.138829 0.774510 0.125813 0.782680 0.093275 0.782680 0.071584 0.776144 0.041215 0.777778 0.017354 0.771242 0.006508 0.756536 0.000000
0 0.924837 0.112798 0.913399 0.101952 0.883987 0.093275 0.846405 0.093275 0.838235 0.099783 0.830065 0.114967 0.826797 0.136659 0.794118 0.190889 0.782680 0.260304 0.766340 0.288503 0.758170 0.325380 0.772876 0.316703 0.772876 0.308026 0.785948 0.295011 0.782680 0.290672 0.790850 0.279826 0.797386 0.247289 0.818627 0.221258 0.838235 0.214751 0.879085 0.214751 0.924837 0.227766 0.928105 0.216920 0.928105 0.188720 0.921569 0.169197 0.926471 0.125813
