1 0.219146 0.103597 0.185698 0.111511 0.176471 0.120863 0.174164 0.138849 0.178777 0.158993 0.177624 0.187050 0.179931 0.188489 0.220300 0.187050 0.237601 0.189209 0.259516 0.195683 0.271050 0.206475 0.275663 0.228058 0.274510 0.241007 0.272203 0.243885 0.274510 0.262590 0.289504 0.316547 0.289504 0.325180 0.292964 0.330216 0.294118 0.341727 0.297578 0.348201 0.296424 0.354676 0.297578 0.358273 0.307958 0.366187 0.309112 0.371942 0.311419 0.371942 0.321799 0.357554 0.321799 0.352518 0.325260 0.350360 0.326413 0.332374 0.321799 0.325899 0.325260 0.309353 0.322953 0.307194 0.324106 0.301439 0.316032 0.282734 0.312572 0.267626 0.313725 0.262590 0.309112 0.251799 0.306805 0.223022 0.289504 0.166187 0.286044 0.123741 0.280277 0.115108 0.261822 0.107194 0.234141 0.103597
1 0.000000 0.000000 0.000000 0.033094 0.019608 0.038129 0.031142 0.045324 0.033449 0.056835 0.038062 0.064748 0.038062 0.092086 0.042676 0.098561 0.062284 0.167626 0.084198 0.220144 0.094579 0.233813 0.107266 0.244604 0.117647 0.250360 0.122261 0.258273 0.126874 0.258993 0.131488 0.256835 0.140715 0.242446 0.143022 0.233813 0.141869 0.215827 0.132641 0.189928 0.119954 0.172662 0.096886 0.154676 0.089965 0.141727 0.062284 0.060432 0.057670 0.038849 0.049596 0.020863 0.048443 0.000000
1 0.153403 0.407194 0.133795 0.413669 0.117647 0.424460 0.115340 0.431655 0.116494 0.461871 0.114187 0.476259 0.115340 0.517986 0.110727 0.569065 0.107266 0.574820 0.108420 0.580576 0.106113 0.582734 0.107266 0.587770 0.103806 0.602878 0.100346 0.606475 0.102653 0.611511 0.088812 0.622302 0.081892 0.631655 0.072664 0.635971 0.072664 0.642446 0.069204 0.643885 0.063437 0.652518 0.064591 0.658273 0.059977 0.659712 0.058824 0.679137 0.061130 0.689209 0.064591 0.689209 0.066897 0.707914 0.066897 0.761871 0.069204 0.779856 0.074971 0.797842 0.086505 0.875540 0.091119 0.891367 0.102653 0.907194 0.121107 0.923022 0.139562 0.931655 0.153403 0.933094 0.241061 0.933094 0.267589 0.931655 0.281430 0.928058 0.296424 0.921583 0.313725 0.909353 0.329873 0.887050 0.335640 0.872662 0.333333 0.835971 0.335640 0.827338 0.336794 0.755396 0.335640 0.729496 0.331027 0.713669 0.334487 0.702158 0.334487 0.658993 0.328720 0.643165 0.319493 0.633813 0.318339 0.629496 0.297578 0.615108 0.288351 0.603597 0.286044 0.590647 0.277970 0.572662 0.279123 0.567626 0.273356 0.556835 0.266436 0.528777 0.262976 0.526619 0.262976 0.518705 0.259516 0.510791 0.256055 0.456835 0.249135 0.423741 0.231834 0.412950 0.217993 0.407914 0.190311 0.405036
1 0.996540 0.120863 0.968858 0.121583 0.956171 0.126619 0.945790 0.133813 0.943483 0.146763 0.937716 0.156835 0.935409 0.174820 0.922722 0.198561 0.920415 0.207914 0.907728 0.228777 0.899654 0.248201 0.890427 0.259712 0.881200 0.280576 0.868512 0.298561 0.851211 0.330935 0.850058 0.343165 0.843137 0.353237 0.837370 0.389928 0.840830 0.393525 0.840830 0.401439 0.845444 0.405036 0.870819 0.407914 0.876586 0.410791 0.889273 0.402878 0.900807 0.376978 0.913495 0.358273 0.918108 0.346043 0.928489 0.330935 0.966551 0.261151 0.967705 0.241727 0.975779 0.220863 0.983852 0.212950 1.000000 0.205755 1.000000 0.121583
1 0.522491 0.192086 0.504037 0.188489 0.465975 0.188489 0.446367 0.192086 0.430219 0.201439 0.426759 0.212230 0.418685 0.278417 0.415225 0.282734 0.409458 0.308633 0.410611 0.318705 0.408304 0.320863 0.408304 0.334532 0.403691 0.353957 0.399077 0.358993 0.397924 0.367626 0.392157 0.379137 0.387543 0.384173 0.372549 0.392806 0.361015 0.404317 0.357555 0.411511 0.357555 0.418705 0.351788 0.422302 0.349481 0.435252 0.350634 0.446763 0.348328 0.458993 0.344867 0.461871 0.342561 0.482734 0.334487 0.486331 0.334487 0.491367 0.329873 0.492086 0.329873 0.510791 0.340254 0.517986 0.347174 0.513669 0.362168 0.490647 0.380623 0.474820 0.380623 0.471223 0.386390 0.466906 0.389850 0.456115 0.397924 0.443885 0.405998 0.407194 0.414072 0.389928 0.420992 0.358993 0.422145 0.322302 0.432526 0.294964 0.449827 0.284173 0.464821 0.280576 0.486736 0.279137 0.501730 0.275540 0.516724 0.281295 0.542099 0.287770 0.544406 0.281295 0.543253 0.243165 0.545559 0.240288 0.545559 0.210072 0.539792 0.200719
1 0.489043 0.032374 0.449827 0.031655 0.438293 0.033094 0.423299 0.038129 0.415225 0.046043 0.414072 0.087050 0.407151 0.110791 0.405998 0.128777 0.399077 0.149640 0.396770 0.169784 0.393310 0.174101 0.389850 0.202158 0.380623 0.228777 0.370242 0.239568 0.366782 0.247482 0.354095 0.252518 0.351788 0.261151 0.351788 0.280576 0.357555 0.282734 0.357555 0.294964 0.352941 0.294964 0.350634 0.298561 0.355248 0.323022 0.365629 0.338849 0.367935 0.349640 0.373702 0.354676 0.373702 0.357554 0.367935 0.361151 0.369089 0.365468 0.373702 0.365468 0.377163 0.358993 0.381776 0.361151 0.388697 0.360432 0.393310 0.357554 0.404844 0.328777 0.408304 0.284173 0.412918 0.281295 0.420992 0.238129 0.422145 0.217266 0.432526 0.161871 0.431373 0.135252 0.435986 0.118705 0.446367 0.110072 0.459054 0.106475 0.474048 0.104317 0.507497 0.104317 0.512111 0.100719 0.513264 0.047482 0.507497 0.040288
1 0.993080 0.207914 0.986159 0.210791 0.976932 0.219424 0.968858 0.239568 0.970012 0.256835 0.967705 0.263309 0.945790 0.297842 0.936563 0.318705 0.923875 0.338129 0.911188 0.364748 0.907728 0.367626 0.885813 0.411511 0.888120 0.420863 0.897347 0.438129 0.896194 0.461871 0.888120 0.478417 0.884660 0.499281 0.885813 0.506475 0.892734 0.505755 0.901961 0.500000 0.907728 0.498561 0.921569 0.489928 0.927336 0.483453 0.974625 0.410791 0.986159 0.388489 0.993080 0.381295 0.993080 0.376259 1.000000 0.368345 1.000000 0.208633
1 0.713956 0.000000 0.626298 0.000000 0.606690 0.084173 0.590542 0.133813 0.579008 0.154676 0.555940 0.174101 0.547866 0.188489 0.549020 0.233813 0.559400 0.258993 0.562860 0.252518 0.596309 0.225180 0.608997 0.202878 0.633218 0.139568 0.641292 0.104317 0.648212 0.087050 0.647059 0.075540 0.652826 0.052518 0.658593 0.046043 0.666667 0.041727 0.689735 0.037410 0.703576 0.037410 0.710496 0.035252 0.715110 0.015827
1 0.726644 0.041007 0.707036 0.040288 0.705882 0.042446 0.701269 0.038849 0.675894 0.041007 0.664360 0.043885 0.656286 0.048921 0.652826 0.055396 0.648212 0.092806 0.642445 0.103597 0.636678 0.130216 0.608997 0.207194 0.592849 0.231655 0.572088 0.246043 0.561707 0.261151 0.557093 0.287770 0.559400 0.294964 0.566321 0.302878 0.564014 0.304317 0.564014 0.312950 0.570934 0.315108 0.570934 0.320144 0.568627 0.321583 0.564014 0.320144 0.564014 0.327338 0.575548 0.327338 0.582468 0.330216 0.577855 0.346763 0.572088 0.346043 0.562860 0.349640 0.561707 0.356835 0.564014 0.359712 0.575548 0.357554 0.574394 0.353237 0.580161 0.349640 0.580161 0.345324 0.588235 0.341007 0.591696 0.336691 0.594002 0.329496 0.603230 0.316547 0.619377 0.302878 0.632065 0.287770 0.647059 0.261151 0.670127 0.207914 0.670127 0.200719 0.679354 0.185612 0.681661 0.145324 0.685121 0.138849 0.686275 0.128058 0.697809 0.119424 0.709343 0.115827 0.735871 0.112230 0.742791 0.107194 0.742791 0.087770 0.748558 0.078417 0.750865 0.056835 0.748558 0.051079 0.743945 0.047482
1 0.752018 0.113669 0.720877 0.115108 0.700115 0.119424 0.688581 0.127338 0.678201 0.193525 0.672434 0.202158 0.668973 0.215827 0.664360 0.220863 0.662053 0.231655 0.634371 0.287050 0.622837 0.302878 0.618224 0.305036 0.600923 0.323022 0.590542 0.346043 0.590542 0.355396 0.587082 0.360432 0.588235 0.370504 0.584775 0.396403 0.587082 0.436691 0.591696 0.439568 0.589389 0.444604 0.592849 0.451079 0.597463 0.450360 0.599769 0.438849 0.607843 0.435252 0.608997 0.423741 0.613610 0.419424 0.617070 0.408633 0.623991 0.404317 0.630911 0.392806 0.643599 0.383453 0.652826 0.370504 0.665513 0.343165 0.667820 0.333094 0.692042 0.284173 0.702422 0.248921 0.703576 0.230216 0.711649 0.210791 0.720877 0.203597 0.731257 0.200000 0.753172 0.196403 0.778547 0.196403 0.782007 0.194245 0.784314 0.169065 0.791234 0.158993 0.790081 0.145324 0.794694 0.139568 0.794694 0.133813 0.790081 0.127338 0.776240 0.119424
1 0.779700 0.197842 0.749712 0.197122 0.734717 0.199281 0.720877 0.203597 0.710496 0.212230 0.708189 0.224460 0.704729 0.228777 0.704729 0.246043 0.698962 0.268345 0.686275 0.302878 0.674740 0.322302 0.655133 0.373381 0.649366 0.376978 0.647059 0.383453 0.628604 0.402158 0.623991 0.411511 0.623991 0.420144 0.617070 0.423741 0.594002 0.464748 0.589389 0.508633 0.596309 0.532374 0.603230 0.532374 0.606690 0.530216 0.612457 0.516547 0.623991 0.506475 0.625144 0.502158 0.647059 0.488489 0.660900 0.474101 0.667820 0.455396 0.679354 0.435971 0.681661 0.425899 0.686275 0.420863 0.711649 0.351079 0.712803 0.333813 0.716263 0.329496 0.722030 0.306475 0.732411 0.297842 0.755479 0.292086 0.768166 0.290647 0.787774 0.290647 0.798155 0.292806 0.810842 0.292086 0.813149 0.259712 0.823529 0.245324 0.826990 0.219424 0.822376 0.213669 0.810842 0.206475
1 0.156863 0.289928 0.139562 0.299281 0.133795 0.305755 0.131488 0.314388 0.133795 0.366187 0.132641 0.387770 0.130334 0.396403 0.126874 0.399281 0.126874 0.407914 0.129181 0.411511 0.134948 0.412230 0.144175 0.407914 0.158016 0.405036 0.206459 0.404317 0.231834 0.410791 0.250288 0.423022 0.258362 0.443165 0.267589 0.512230 0.273356 0.520144 0.274510 0.533094 0.282584 0.552518 0.284890 0.574101 0.292964 0.601439 0.302191 0.611511 0.326413 0.627338 0.329873 0.617266 0.329873 0.595683 0.334487 0.592086 0.333333 0.556115 0.331027 0.550360 0.333333 0.546763 0.333333 0.532374 0.328720 0.525899 0.327566 0.517266 0.318339 0.505755 0.303345 0.494245 0.294118 0.479137 0.280277 0.412950 0.275663 0.402158 0.274510 0.385612 0.267589 0.356835 0.267589 0.330216 0.261822 0.306475 0.251442 0.295683 0.231834 0.288489 0.204152 0.284892 0.181084 0.285612
1 0.502884 0.272662 0.494810 0.273381 0.487889 0.279856 0.452134 0.283453 0.438293 0.289928 0.431373 0.298561 0.425606 0.321583 0.426759 0.339568 0.420992 0.379856 0.415225 0.392086 0.410611 0.412230 0.407151 0.416547 0.404844 0.435252 0.400231 0.442446 0.399077 0.451079 0.387543 0.474101 0.374856 0.487050 0.361015 0.497122 0.343714 0.524460 0.341407 0.546043 0.341407 0.623022 0.336794 0.626619 0.337947 0.633813 0.343714 0.638129 0.349481 0.635252 0.361015 0.620144 0.376009 0.606475 0.389850 0.596403 0.396770 0.585612 0.412918 0.534532 0.425606 0.473381 0.427912 0.434532 0.430219 0.423022 0.437140 0.409353 0.442907 0.405755 0.452134 0.404317 0.463668 0.397122 0.490196 0.392806 0.498270 0.393525 0.505190 0.392086 0.538639 0.398561 0.546713 0.397842 0.546713 0.361151 0.549020 0.344604 0.554787 0.333813 0.555940 0.305755 0.552480 0.297842 0.534025 0.283453 0.529412 0.284892 0.508651 0.280576 0.506344 0.278417 0.507497 0.274820
1 0.807382 0.294245 0.768166 0.291367 0.763552 0.292806 0.750865 0.292086 0.747405 0.294245 0.743945 0.293525 0.733564 0.297122 0.727797 0.300719 0.720877 0.309353 0.718570 0.327338 0.713956 0.337410 0.713956 0.348201 0.709343 0.364748 0.704729 0.371223 0.702422 0.389209 0.694348 0.412230 0.673587 0.446763 0.671280 0.458993 0.659746 0.480576 0.651672 0.489928 0.643599 0.494245 0.642445 0.497842 0.633218 0.503597 0.627451 0.512950 0.628604 0.517266 0.619377 0.520863 0.615917 0.533813 0.606690 0.551799 0.602076 0.583453 0.608997 0.605036 0.611303 0.622302 0.617070 0.638129 0.623991 0.646763 0.629758 0.645324 0.657439 0.617266 0.671280 0.609353 0.686275 0.594245 0.725490 0.513669 0.741638 0.471223 0.743945 0.452518 0.752018 0.430935 0.760092 0.419424 0.769319 0.412950 0.784314 0.407194 0.808535 0.404317 0.830450 0.404317 0.836217 0.353957 0.841984 0.348921 0.845444 0.317266 0.841984 0.310072 0.830450 0.302158
1 0.838524 0.407194 0.810842 0.406475 0.783160 0.409353 0.768166 0.415108 0.758939 0.422302 0.746251 0.452518 0.745098 0.467626 0.734717 0.492086 0.733564 0.502158 0.692042 0.592806 0.680507 0.607914 0.672434 0.626619 0.662053 0.638129 0.663206 0.642446 0.656286 0.650360 0.649366 0.653237 0.650519 0.657554 0.647059 0.661151 0.647059 0.665468 0.642445 0.669784 0.640138 0.668345 0.636678 0.669784 0.637832 0.674101 0.635525 0.674820 0.632065 0.684892 0.634371 0.691367 0.629758 0.715108 0.630911 0.721583 0.618224 0.741007 0.614764 0.775540 0.611303 0.782014 0.606690 0.810791 0.607843 0.815108 0.602076 0.830216 0.598616 0.875540 0.604383 0.889209 0.621684 0.908633 0.647059 0.925899 0.665513 0.932374 0.688581 0.933813 0.756632 0.933813 0.780854 0.932374 0.794694 0.928058 0.805075 0.922302 0.820069 0.910072 0.835063 0.891367 0.850058 0.857554 0.859285 0.820863 0.865052 0.810791 0.867359 0.797842 0.881200 0.761871 0.889273 0.720144 0.893887 0.705755 0.897347 0.702158 0.896194 0.697122 0.898501 0.694245 0.897347 0.689928 0.900807 0.687050 0.901961 0.673381 0.895040 0.643165 0.880046 0.635252 0.874279 0.612230 0.882353 0.477698 0.889273 0.468345 0.892734 0.441007 0.889273 0.430935 0.882353 0.423022 0.866205 0.414388
1 0.504037 0.393525 0.485582 0.394245 0.454441 0.400719 0.438293 0.411511 0.431373 0.448921 0.430219 0.472662 0.426759 0.482014 0.427912 0.487050 0.399077 0.590647 0.392157 0.600000 0.367935 0.617986 0.356401 0.634532 0.349481 0.651079 0.346021 0.815827 0.351788 0.875540 0.364475 0.894964 0.388697 0.913669 0.418685 0.924460 0.449827 0.928777 0.498270 0.927338 0.528258 0.920144 0.549020 0.910072 0.560554 0.902158 0.580161 0.879856 0.585928 0.866187 0.594002 0.789928 0.599769 0.764748 0.598616 0.759712 0.600923 0.756835 0.596309 0.720863 0.599769 0.717266 0.599769 0.704317 0.607843 0.687770 0.610150 0.671223 0.607843 0.666187 0.610150 0.659712 0.606690 0.658273 0.608997 0.654676 0.605536 0.651079 0.605536 0.646763 0.598616 0.642446 0.600923 0.638129 0.591696 0.634532 0.592849 0.630216 0.588235 0.626619 0.592849 0.622302 0.582468 0.612230 0.576701 0.596403 0.575548 0.567626 0.566321 0.493525 0.568627 0.420144 0.561707 0.410791 0.547866 0.402158 0.519031 0.394245
1 0.491349 0.000000 0.399077 0.000000 0.399077 0.030216 0.389850 0.084173 0.374856 0.146043 0.370242 0.153237 0.349481 0.173381 0.341407 0.192086 0.347174 0.223022 0.346021 0.239568 0.349481 0.249640 0.359862 0.246043 0.377163 0.232374 0.384083 0.219424 0.386390 0.205755 0.389850 0.201439 0.405998 0.126619 0.409458 0.099281 0.412918 0.091367 0.412918 0.060432 0.416378 0.043885 0.427912 0.035252 0.434833 0.033094 0.461361 0.030216 0.487889 0.032374 0.492503 0.007194
1 0.182238 0.189928 0.174164 0.191367 0.158016 0.200000 0.152249 0.208633 0.152249 0.214388 0.154556 0.216547 0.151096 0.217986 0.149942 0.226619 0.151096 0.261151 0.147636 0.285612 0.151096 0.288489 0.189158 0.284173 0.205306 0.284173 0.222607 0.286331 0.245675 0.293525 0.256055 0.299281 0.261822 0.306475 0.266436 0.321583 0.269896 0.348201 0.268743 0.356115 0.272203 0.361151 0.273356 0.372662 0.279123 0.387050 0.283737 0.431655 0.288351 0.439568 0.290657 0.456115 0.296424 0.466906 0.298731 0.483453 0.306805 0.494245 0.311419 0.495683 0.314879 0.478417 0.321799 0.474820 0.318339 0.470504 0.325260 0.467626 0.322953 0.462590 0.325260 0.460432 0.324106 0.454676 0.327566 0.451799 0.325260 0.427338 0.318339 0.423741 0.324106 0.420863 0.322953 0.417266 0.317186 0.415827 0.321799 0.415108 0.322953 0.411511 0.317186 0.408633 0.309112 0.388489 0.298731 0.385612 0.302191 0.380576 0.297578 0.377698 0.280277 0.287050 0.275663 0.276978 0.269896 0.244604 0.274510 0.233094 0.271050 0.210791 0.265283 0.200719 0.258362 0.196403 0.238754 0.190647 0.226067 0.188489
1 0.940023 0.043885 0.900807 0.048201 0.892734 0.051079 0.886967 0.056115 0.880046 0.073381 0.880046 0.101439 0.861592 0.134532 0.848904 0.169065 0.844291 0.174101 0.830450 0.207194 0.829296 0.230935 0.825836 0.246763 0.817762 0.259712 0.815456 0.288489 0.822376 0.295683 0.837370 0.300719 0.852364 0.316547 0.854671 0.316547 0.855825 0.313669 0.862745 0.309353 0.912341 0.221583 0.933103 0.174820 0.935409 0.156835 0.943483 0.135252 0.956171 0.125899 0.967705 0.120863 0.970012 0.116547 0.972318 0.095683 0.976932 0.089209 0.982699 0.069784 0.982699 0.061871 0.972318 0.051799
