0 0.000000 0.459459 0.000000 1.000000 0.102941 1.000000 0.086601 0.831081 0.086601 0.772523 0.093137 0.738739 0.117647 0.682432 0.117647 0.662162 0.102941 0.628378 0.086601 0.605856 0.071895 0.596847 0.057190 0.578829 0.050654 0.513514 0.039216 0.475225 0.027778 0.463964
0 0.156863 0.520270 0.137255 0.533784 0.124183 0.551802 0.120915 0.563063 0.125817 0.673423 0.096405 0.734234 0.088235 0.781532 0.093137 0.882883 0.107843 1.000000 0.279412 1.000000 0.274510 0.914414 0.276144 0.844595 0.290850 0.792793 0.313725 0.756757 0.313725 0.731982 0.294118 0.689189 0.259804 0.646396 0.254902 0.567568 0.245098 0.531532 0.232026 0.520270 0.214052 0.513514 0.178105 0.513514
0 0.336601 0.603604 0.325163 0.617117 0.316993 0.641892 0.321895 0.747748 0.295752 0.788288 0.279412 0.837838 0.276144 0.889640 0.282680 1.000000 0.529412 1.000000 0.529412 0.952703 0.521242 0.840090 0.516340 0.817568 0.501634 0.781532 0.464052 0.734234 0.460784 0.720721 0.459150 0.648649 0.449346 0.610360 0.436275 0.596847 0.403595 0.585586 0.369281 0.587838
0 0.483660 0.441441 0.454248 0.454955 0.437908 0.477477 0.434641 0.506757 0.442810 0.596847 0.450980 0.608108 0.459150 0.635135 0.465686 0.725225 0.504902 0.786036 0.521242 0.831081 0.529412 0.894144 0.535948 0.995495 0.545752 0.995495 0.544118 0.918919 0.547386 0.885135 0.565359 0.826577 0.596405 0.774775 0.598039 0.752252 0.589869 0.725225 0.588235 0.617117 0.586601 0.603604 0.568627 0.581081 0.565359 0.569820 0.565359 0.506757 0.558824 0.463964 0.550654 0.452703 0.527778 0.441441
0 0.289216 0.369369 0.264706 0.378378 0.243464 0.400901 0.240196 0.439189 0.263072 0.641892 0.299020 0.693694 0.312092 0.720721 0.316993 0.722973 0.315359 0.639640 0.320261 0.623874 0.334967 0.603604 0.349673 0.592342 0.375817 0.583333 0.416667 0.583333 0.416667 0.572072 0.398693 0.531532 0.380719 0.509009 0.362745 0.495495 0.362745 0.427928 0.354575 0.389640 0.346405 0.378378 0.333333 0.371622
0 0.129085 0.331081 0.078431 0.346847 0.065359 0.355856 0.055556 0.376126 0.057190 0.412162 0.066993 0.463964 0.066993 0.477477 0.053922 0.504505 0.060458 0.565315 0.071895 0.585586 0.093137 0.608108 0.116013 0.646396 0.122549 0.644144 0.119281 0.565315 0.125817 0.547297 0.148693 0.522523 0.168301 0.511261 0.191176 0.506757 0.197712 0.500000 0.183007 0.477477 0.174837 0.454955 0.173203 0.385135 0.166667 0.351351 0.153595 0.337838
0 0.104575 0.207207 0.049020 0.213964 0.035948 0.220721 0.024510 0.238739 0.024510 0.270270 0.031046 0.301802 0.032680 0.335586 0.016340 0.364865 0.013072 0.416667 0.016340 0.436937 0.024510 0.452703 0.050654 0.488739 0.063725 0.472973 0.055556 0.412162 0.057190 0.369369 0.068627 0.351351 0.094771 0.335586 0.124183 0.326577 0.127451 0.315315 0.129085 0.277027 0.125817 0.231982 0.119281 0.216216
0 0.261438 0.234234 0.230392 0.234234 0.196078 0.247748 0.186275 0.259009 0.179739 0.281532 0.184641 0.353604 0.176471 0.364865 0.176471 0.405405 0.181373 0.439189 0.196078 0.468468 0.196078 0.475225 0.205882 0.484234 0.209150 0.500000 0.220588 0.511261 0.241830 0.515766 0.243464 0.509009 0.238562 0.436937 0.240196 0.407658 0.250000 0.389640 0.277778 0.367117 0.289216 0.344595 0.290850 0.324324 0.285948 0.259009 0.279412 0.245495
0 0.602941 0.630631 0.599673 0.653153 0.602941 0.657658 0.598039 0.675676 0.602941 0.727477 0.601307 0.768018 0.598039 0.781532 0.573529 0.813063 0.563725 0.833333 0.550654 0.878378 0.547386 0.900901 0.550654 1.000000 0.805556 1.000000 0.805556 0.909910 0.797386 0.858108 0.779412 0.813063 0.751634 0.777027 0.746732 0.736486 0.735294 0.727477 0.730392 0.713964 0.732026 0.707207 0.717320 0.704955 0.712418 0.695946 0.714052 0.689189 0.728758 0.677928 0.728758 0.668919 0.723856 0.666667 0.722222 0.657658 0.728758 0.653153 0.722222 0.644144 0.717320 0.646396 0.705882 0.621622 0.683007 0.612613 0.650327 0.612613 0.645425 0.619369 0.630719 0.623874 0.614379 0.621622 0.616013 0.628378
0 0.419935 0.261261 0.393791 0.265766 0.367647 0.279279 0.359477 0.290541 0.356209 0.326577 0.369281 0.488739 0.403595 0.536036 0.423203 0.583333 0.434641 0.585586 0.436275 0.538288 0.433007 0.490991 0.436275 0.477477 0.449346 0.457207 0.467320 0.445946 0.473856 0.436937 0.473856 0.425676 0.467320 0.405405 0.468954 0.317568 0.465686 0.288288 0.449346 0.268018
0 0.557190 0.310811 0.547386 0.326577 0.545752 0.364865 0.552288 0.445946 0.562092 0.466216 0.565359 0.484234 0.568627 0.567568 0.571895 0.578829 0.589869 0.599099 0.671569 0.596847 0.678105 0.572072 0.678105 0.504505 0.694444 0.463964 0.692810 0.454955 0.661765 0.418919 0.661765 0.328829 0.656863 0.313063 0.637255 0.297297 0.614379 0.292793 0.589869 0.295045
0 0.700980 0.470721 0.686275 0.486486 0.681373 0.500000 0.679739 0.576577 0.683007 0.599099 0.710784 0.605856 0.692810 0.612613 0.699346 0.623874 0.710784 0.628378 0.718954 0.653153 0.714052 0.657658 0.718954 0.671171 0.707516 0.684685 0.710784 0.689189 0.710784 0.707207 0.732026 0.711712 0.748366 0.729730 0.751634 0.772523 0.772876 0.801802 0.795752 0.851351 0.805556 0.900901 0.808824 1.000000 0.843137 1.000000 0.844771 0.885135 0.854575 0.736486 0.849673 0.729730 0.854575 0.704955 0.849673 0.673423 0.830065 0.628378 0.831699 0.621622 0.805556 0.603604 0.810458 0.592342 0.813725 0.551802 0.810458 0.495495 0.795752 0.472973 0.766340 0.459459 0.733660 0.459459
0 1.000000 0.502252 0.970588 0.500000 0.947712 0.504505 0.929739 0.515766 0.916667 0.536036 0.916667 0.608108 0.911765 0.635135 0.893791 0.677928 0.885621 0.684685 0.882353 0.698198 0.875817 0.704955 0.874183 0.727477 0.862745 0.738739 0.859477 0.750000 0.851307 0.840090 0.848039 1.000000 1.000000 1.000000
0 0.789216 0.331081 0.767974 0.342342 0.756536 0.360360 0.753268 0.400901 0.756536 0.448198 0.764706 0.457207 0.794118 0.470721 0.808824 0.488739 0.813725 0.509009 0.812092 0.596847 0.815359 0.601351 0.834967 0.603604 0.839869 0.610360 0.841503 0.621622 0.836601 0.630631 0.854575 0.680180 0.859477 0.722973 0.864379 0.725225 0.897059 0.639640 0.900327 0.608108 0.911765 0.592342 0.911765 0.540541 0.898693 0.502252 0.874183 0.463964 0.875817 0.378378 0.869281 0.353604 0.856209 0.340090 0.833333 0.331081
0 0.601307 0.204955 0.593137 0.222973 0.598039 0.279279 0.602941 0.290541 0.638889 0.297297 0.660131 0.317568 0.663399 0.328829 0.663399 0.394144 0.669935 0.421171 0.704248 0.461712 0.746732 0.450450 0.750000 0.441441 0.748366 0.373874 0.735294 0.337838 0.704248 0.299550 0.700980 0.231982 0.696078 0.209459 0.687908 0.198198 0.666667 0.186937 0.632353 0.189189
0 0.813725 0.229730 0.799020 0.245495 0.795752 0.261261 0.800654 0.324324 0.849673 0.335586 0.872549 0.358108 0.877451 0.378378 0.875817 0.454955 0.908497 0.522523 0.916667 0.524775 0.936275 0.506757 0.946078 0.468468 0.947712 0.432432 0.937908 0.391892 0.928105 0.371622 0.906863 0.344595 0.905229 0.247748 0.895425 0.234234 0.872549 0.222973 0.833333 0.220721
0 0.826797 0.101351 0.807190 0.094595 0.772876 0.094595 0.753268 0.103604 0.741830 0.123874 0.741830 0.207207 0.714052 0.250000 0.709150 0.281532 0.715686 0.301802 0.748366 0.360360 0.753268 0.360360 0.772876 0.335586 0.795752 0.324324 0.795752 0.250000 0.805556 0.231982 0.834967 0.216216 0.838235 0.207207 0.841503 0.128378 0.836601 0.112613
0 0.653595 0.000000 0.648693 0.009009 0.648693 0.033784 0.665033 0.128378 0.666667 0.175676 0.671569 0.186937 0.686275 0.193694 0.700980 0.211712 0.704248 0.243243 0.710784 0.250000 0.736928 0.209459 0.740196 0.123874 0.745098 0.110360 0.759804 0.096847 0.759804 0.090090 0.750000 0.072072 0.748366 0.006757 0.745098 0.000000
0 0.986928 0.141892 0.944444 0.144144 0.929739 0.155405 0.921569 0.184685 0.921569 0.252252 0.918301 0.274775 0.911765 0.290541 0.910131 0.326577 0.933007 0.369369 0.949346 0.421171 0.954248 0.425676 0.988562 0.364865 0.991830 0.346847 0.991830 0.286036 1.000000 0.272523 1.000000 0.146396
0 0.843137 0.027027 0.830065 0.049550 0.831699 0.094595 0.843137 0.123874 0.843137 0.211712 0.887255 0.225225 0.898693 0.234234 0.908497 0.250000 0.916667 0.250000 0.923203 0.168919 0.941176 0.144144 0.929739 0.110360 0.929739 0.042793 0.921569 0.027027 0.893791 0.015766 0.867647 0.018018
0 0.426471 0.175676 0.418301 0.193694 0.421569 0.252252 0.424837 0.259009 0.450980 0.268018 0.467320 0.290541 0.473856 0.407658 0.486928 0.432432 0.537582 0.434685 0.544118 0.405405 0.542484 0.342342 0.545752 0.308559 0.540850 0.292793 0.524510 0.268018 0.519608 0.207207 0.513072 0.175676 0.493464 0.162162 0.462418 0.162162
0 0.279412 0.144144 0.266340 0.153153 0.258170 0.166667 0.256536 0.204955 0.263072 0.229730 0.287582 0.256757 0.294118 0.349099 0.303922 0.360360 0.351307 0.369369 0.354575 0.299550 0.366013 0.272523 0.364379 0.256757 0.357843 0.243243 0.354575 0.162162 0.344771 0.144144 0.334967 0.139640 0.313725 0.137387
0 0.107843 0.128378 0.091503 0.148649 0.094771 0.200450 0.114379 0.209459 0.125817 0.227477 0.130719 0.252252 0.133987 0.319820 0.151961 0.331081 0.174837 0.335586 0.179739 0.326577 0.178105 0.283784 0.183007 0.261261 0.189542 0.250000 0.215686 0.229730 0.189542 0.211712 0.184641 0.144144 0.178105 0.126126 0.160131 0.117117 0.140523 0.117117
0 0.656863 0.110360 0.638889 0.101351 0.602941 0.101351 0.583333 0.110360 0.570261 0.123874 0.566993 0.148649 0.571895 0.213964 0.550654 0.252252 0.545752 0.272523 0.545752 0.286036 0.553922 0.301802 0.562092 0.304054 0.596405 0.288288 0.591503 0.222973 0.602941 0.202703 0.629085 0.189189 0.663399 0.182432 0.663399 0.130631
0 0.588235 0.006757 0.553922 0.006757 0.516340 0.020270 0.504902 0.038288 0.508170 0.081081 0.519608 0.117117 0.513072 0.141892 0.514706 0.173423 0.522876 0.207207 0.526144 0.252252 0.532680 0.268018 0.539216 0.268018 0.565359 0.222973 0.568627 0.209459 0.565359 0.155405 0.568627 0.123874 0.578431 0.110360 0.602941 0.094595 0.601307 0.031532 0.596405 0.015766
0 0.148693 0.054054 0.140523 0.063063 0.138889 0.076577 0.142157 0.110360 0.169935 0.119369 0.183007 0.132883 0.187908 0.189189 0.196078 0.209459 0.227124 0.225225 0.236928 0.220721 0.248366 0.193694 0.245098 0.162162 0.232026 0.141892 0.228758 0.128378 0.223856 0.049550 0.214052 0.036036 0.194444 0.036036
