0 0.000000 0.519608 0.000000 1.000000 0.147059 1.000000 0.145425 0.980392 0.132353 0.948529 0.135621 0.904412 0.124183 0.845588 0.109477 0.725490 0.096405 0.686275 0.066993 0.642157 0.068627 0.605392 0.060458 0.539216 0.053922 0.526961 0.042484 0.522059
0 0.040850 0.321078 0.032680 0.325980 0.027778 0.338235 0.027778 0.375000 0.035948 0.436275 0.016340 0.485294 0.011438 0.509804 0.016340 0.517157 0.045752 0.519608 0.058824 0.531863 0.068627 0.588235 0.068627 0.634804 0.071895 0.647059 0.099673 0.683824 0.112745 0.686275 0.114379 0.637255 0.125817 0.578431 0.120915 0.458333 0.127451 0.431373 0.125817 0.416667 0.130719 0.382353 0.129085 0.335784 0.124183 0.323529 0.111111 0.318627
0 0.148693 0.419118 0.127451 0.441176 0.122549 0.463235 0.129085 0.571078 0.117647 0.627451 0.117647 0.676471 0.133987 0.801471 0.145425 0.850490 0.147059 0.882353 0.156863 0.936275 0.168301 0.970588 0.171569 1.000000 0.274510 1.000000 0.290850 0.968137 0.289216 0.938725 0.294118 0.909314 0.294118 0.848039 0.287582 0.813725 0.287582 0.769608 0.279412 0.713235 0.272876 0.612745 0.263072 0.580882 0.240196 0.544118 0.235294 0.455882 0.228758 0.433824 0.222222 0.424020 0.199346 0.411765 0.171569 0.411765
0 0.083333 0.139706 0.076797 0.149510 0.076797 0.198529 0.081699 0.250000 0.063725 0.289216 0.058824 0.316176 0.116013 0.318627 0.124183 0.323529 0.129085 0.333333 0.130719 0.370098 0.135621 0.382353 0.151961 0.362745 0.147059 0.257353 0.168301 0.215686 0.168301 0.149510 0.160131 0.139706
0 0.287582 0.397059 0.241830 0.446078 0.238562 0.458333 0.240196 0.500000 0.256536 0.546569 0.271242 0.566176 0.279412 0.664216 0.289216 0.696078 0.315359 0.757353 0.333333 0.813725 0.352941 0.840686 0.361111 0.884804 0.380719 0.921569 0.388889 0.924020 0.392157 0.825980 0.400327 0.784314 0.419935 0.732843 0.416667 0.700980 0.419935 0.578431 0.405229 0.539216 0.351307 0.487745 0.349673 0.460784 0.326797 0.401961 0.315359 0.392157
0 0.428105 0.593137 0.419935 0.610294 0.418301 0.678922 0.423203 0.735294 0.405229 0.779412 0.395425 0.823529 0.395425 1.000000 0.562092 1.000000 0.562092 0.818627 0.555556 0.781863 0.531046 0.727941 0.535948 0.688725 0.535948 0.627451 0.532680 0.610294 0.522876 0.593137 0.501634 0.580882 0.457516 0.578431
0 0.158497 0.235294 0.147059 0.259804 0.148693 0.303922 0.158497 0.362745 0.148693 0.406863 0.150327 0.414216 0.178105 0.406863 0.207516 0.409314 0.227124 0.424020 0.235294 0.441176 0.241830 0.441176 0.279412 0.401961 0.279412 0.379902 0.253268 0.335784 0.254902 0.291667 0.246732 0.237745 0.238562 0.225490 0.223856 0.218137 0.194444 0.218137
0 0.282680 0.000000 0.191176 0.000000 0.189542 0.063725 0.165033 0.102941 0.158497 0.129902 0.169935 0.151961 0.173203 0.218137 0.233660 0.215686 0.259804 0.178922 0.261438 0.166667 0.258170 0.151961 0.266340 0.098039 0.277778 0.058824
0 0.312092 0.063725 0.290850 0.063725 0.274510 0.075980 0.266340 0.102941 0.261438 0.147059 0.263072 0.176471 0.250000 0.188725 0.236928 0.215686 0.251634 0.254902 0.258170 0.338235 0.277778 0.370098 0.287582 0.362745 0.292484 0.338235 0.292484 0.323529 0.276144 0.252451 0.277778 0.227941 0.284314 0.215686 0.303922 0.200980 0.351307 0.188725 0.361111 0.139706 0.362745 0.110294 0.359477 0.095588 0.336601 0.073529
0 0.299020 0.203431 0.284314 0.215686 0.277778 0.230392 0.281046 0.276961 0.295752 0.323529 0.285948 0.389706 0.316993 0.389706 0.325163 0.397059 0.341503 0.431373 0.359477 0.492647 0.375817 0.507353 0.383987 0.507353 0.390523 0.490196 0.398693 0.482843 0.397059 0.453431 0.393791 0.450980 0.395425 0.421569 0.410131 0.379902 0.410131 0.367647 0.398693 0.328431 0.380719 0.296569 0.380719 0.254902 0.374183 0.213235 0.369281 0.200980 0.357843 0.191176 0.334967 0.191176
0 0.437908 0.357843 0.416667 0.377451 0.397059 0.416667 0.397059 0.438725 0.405229 0.470588 0.433007 0.529412 0.434641 0.580882 0.483660 0.573529 0.504902 0.578431 0.519608 0.588235 0.539216 0.620098 0.542484 0.664216 0.555556 0.639706 0.563725 0.593137 0.565359 0.529412 0.562092 0.502451 0.550654 0.485294 0.521242 0.463235 0.513072 0.450980 0.506536 0.404412 0.495098 0.365196 0.488562 0.355392 0.452614 0.350490
0 0.596405 0.475490 0.576797 0.485294 0.568627 0.497549 0.568627 0.571078 0.576797 0.607843 0.549020 0.681373 0.547386 0.757353 0.560458 0.791667 0.565359 0.875000 0.575163 0.909314 0.596405 0.933824 0.633987 0.931373 0.653595 0.936275 0.673203 0.924020 0.679739 0.911765 0.692810 0.901961 0.699346 0.882353 0.700980 0.742647 0.691176 0.737745 0.699346 0.732843 0.697712 0.720588 0.694444 0.730392 0.684641 0.715686 0.684641 0.688725 0.691176 0.678922 0.686275 0.669118 0.691176 0.664216 0.694444 0.649510 0.687908 0.634804 0.689542 0.629902 0.684641 0.629902 0.683007 0.622549 0.678105 0.625000 0.676471 0.612745 0.660131 0.602941 0.676471 0.585784 0.676471 0.500000 0.669935 0.487745 0.656863 0.477941 0.635621 0.473039
0 0.843137 0.737745 0.836601 0.750000 0.828431 0.811275 0.803922 0.843137 0.790850 0.879902 0.782680 0.928922 0.777778 1.000000 0.950980 1.000000 0.962418 0.946078 0.962418 0.911765 0.949346 0.862745 0.949346 0.845588 0.962418 0.774510 0.962418 0.745098 0.957516 0.740196
0 0.436275 0.000000 0.359477 0.000000 0.352941 0.029412 0.348039 0.078431 0.361111 0.098039 0.364379 0.112745 0.356209 0.183824 0.372549 0.205882 0.382353 0.264706 0.387255 0.274510 0.405229 0.264706 0.411765 0.254902 0.429739 0.191176 0.433007 0.169118 0.429739 0.112745 0.447712 0.046569 0.446078 0.014706
0 0.568627 0.007353 0.560458 0.000000 0.498366 0.000000 0.495098 0.004902 0.478758 0.075980 0.452614 0.105392 0.437908 0.147059 0.421569 0.237745 0.421569 0.269608 0.433007 0.294118 0.444444 0.281863 0.460784 0.250000 0.480392 0.230392 0.495098 0.178922 0.511438 0.151961 0.524510 0.144608 0.562092 0.149510 0.562092 0.122549 0.575163 0.090686 0.581699 0.061275 0.580065 0.029412
0 0.529412 0.144608 0.516340 0.149510 0.500000 0.166667 0.482026 0.230392 0.457516 0.254902 0.449346 0.269608 0.437908 0.306373 0.439542 0.340686 0.447712 0.348039 0.480392 0.348039 0.498366 0.355392 0.526144 0.352941 0.552288 0.382353 0.575163 0.345588 0.576797 0.318627 0.573529 0.291667 0.588235 0.245098 0.591503 0.205882 0.584967 0.183824 0.565359 0.156863
0 0.679739 0.257353 0.660131 0.242647 0.633987 0.237745 0.617647 0.242647 0.601307 0.259804 0.581699 0.338235 0.553922 0.404412 0.544118 0.455882 0.544118 0.470588 0.550654 0.482843 0.565359 0.495098 0.589869 0.475490 0.633987 0.470588 0.678105 0.485294 0.687908 0.450980 0.687908 0.409314 0.683007 0.384804 0.697712 0.318627 0.694444 0.284314
0 0.699346 0.000000 0.624183 0.002451 0.612745 0.051471 0.611111 0.078431 0.578431 0.122549 0.571895 0.144608 0.571895 0.161765 0.586601 0.186275 0.593137 0.210784 0.591503 0.237745 0.578431 0.289216 0.580065 0.311275 0.583333 0.311275 0.594771 0.269608 0.604575 0.252451 0.625817 0.237745 0.651961 0.237745 0.671569 0.250000 0.683007 0.245098 0.696078 0.188725 0.696078 0.156863 0.689542 0.134804 0.689542 0.112745 0.702614 0.085784 0.714052 0.029412 0.712418 0.017157
0 0.857843 0.034314 0.830065 0.000000 0.779412 0.000000 0.766340 0.029412 0.754902 0.078431 0.746732 0.090686 0.723856 0.107843 0.712418 0.129902 0.704248 0.156863 0.702614 0.186275 0.696078 0.205882 0.692810 0.237745 0.700980 0.240196 0.702614 0.220588 0.718954 0.171569 0.728758 0.156863 0.743464 0.147059 0.772876 0.149510 0.802288 0.171569 0.810458 0.186275 0.813725 0.235294 0.818627 0.237745 0.825163 0.227941 0.831699 0.203431 0.834967 0.176471 0.831699 0.139706 0.859477 0.063725
0 0.784314 0.156863 0.746732 0.149510 0.728758 0.159314 0.720588 0.169118 0.712418 0.193627 0.700980 0.245098 0.687908 0.259804 0.699346 0.303922 0.697712 0.325980 0.686275 0.372549 0.689542 0.414216 0.687908 0.470588 0.692810 0.477941 0.725490 0.487745 0.764706 0.414216 0.789216 0.394608 0.797386 0.382353 0.802288 0.352941 0.799020 0.284314 0.812092 0.235294 0.812092 0.203431 0.800654 0.171569
0 0.980392 0.024510 0.949346 0.000000 0.901961 0.000000 0.887255 0.056373 0.888889 0.078431 0.857843 0.107843 0.844771 0.127451 0.838235 0.149510 0.834967 0.193627 0.825163 0.235294 0.828431 0.259804 0.836601 0.264706 0.857843 0.245098 0.869281 0.174020 0.875817 0.151961 0.887255 0.137255 0.916667 0.132353 0.950980 0.149510 0.957516 0.147059 0.959150 0.127451 0.968954 0.112745 0.986928 0.053922 0.985294 0.031863
0 0.888889 0.137255 0.875817 0.151961 0.861111 0.213235 0.859477 0.245098 0.830065 0.279412 0.823529 0.321078 0.831699 0.321078 0.838235 0.311275 0.854575 0.303922 0.880719 0.311275 0.915033 0.345588 0.921569 0.360294 0.926471 0.389706 0.933007 0.397059 0.946078 0.387255 0.959150 0.345588 0.959150 0.325980 0.950980 0.284314 0.967320 0.218137 0.970588 0.183824 0.955882 0.154412 0.942810 0.144608 0.916667 0.134804
0 0.903595 0.333333 0.869281 0.308824 0.843137 0.311275 0.821895 0.335784 0.795752 0.394608 0.782680 0.399510 0.759804 0.421569 0.732026 0.487745 0.733660 0.526961 0.743464 0.561275 0.754902 0.575980 0.764706 0.573529 0.782680 0.465686 0.802288 0.443627 0.838235 0.443627 0.864379 0.455882 0.883987 0.475490 0.890523 0.475490 0.915033 0.433824 0.924837 0.404412 0.921569 0.370098
0 0.882353 0.470588 0.861111 0.453431 0.823529 0.441176 0.799020 0.446078 0.782680 0.465686 0.774510 0.504902 0.771242 0.563725 0.766340 0.588235 0.745098 0.610294 0.728758 0.659314 0.723856 0.691176 0.725490 0.725490 0.710784 0.806373 0.712418 0.833333 0.717320 0.848039 0.754902 0.852941 0.789216 0.865196 0.826797 0.811275 0.830065 0.776961 0.838235 0.742647 0.846405 0.732843 0.877451 0.732843 0.880719 0.727941 0.885621 0.649510 0.877451 0.627451 0.874183 0.600490 0.882353 0.583333 0.892157 0.500000 0.888889 0.480392
0 0.964052 0.460784 0.950980 0.468137 0.944444 0.477941 0.931373 0.526961 0.928105 0.558824 0.929739 0.593137 0.924837 0.600490 0.901961 0.605392 0.905229 0.612745 0.892157 0.666667 0.893791 0.732843 0.926471 0.737745 0.954248 0.735294 0.964052 0.745098 0.952614 0.865196 0.968954 0.928922 1.000000 0.916667 1.000000 0.463235
0 1.000000 0.311275 0.985294 0.313725 0.967320 0.333333 0.944444 0.411765 0.908497 0.446078 0.893791 0.475490 0.887255 0.566176 0.890523 0.593137 0.923203 0.593137 0.926471 0.588235 0.936275 0.502451 0.942810 0.480392 0.950980 0.468137 0.967320 0.458333 1.000000 0.460784
