1 0.243333 0.496821 0.240000 0.499546 0.228000 0.502271 0.220000 0.507720 0.204000 0.525886 0.196000 0.554042 0.196000 0.587648 0.204000 0.613987 0.212000 0.625795 0.218667 0.632153 0.232000 0.641235 0.250000 0.646685 0.259333 0.646685 0.276000 0.639419 0.288000 0.626703 0.296667 0.613987 0.303333 0.594914 0.305333 0.569482 0.304667 0.557675 0.302667 0.546776 0.296000 0.527702 0.281333 0.509537 0.268667 0.500454 0.261333 0.500454 0.252667 0.504087 0.248667 0.497729
1 0.834000 0.146231 0.824667 0.140781 0.812000 0.140781 0.799333 0.146231 0.794667 0.152589 0.787333 0.154405 0.782000 0.152589 0.780000 0.157130 0.775333 0.154405 0.768000 0.145322 0.764000 0.148047 0.758667 0.146231 0.755333 0.149864 0.745333 0.154405 0.749333 0.158038 0.748000 0.161671 0.735333 0.177112 0.734000 0.181653 0.733333 0.203451 0.728000 0.217075 0.728000 0.231608 0.730667 0.247956 0.734667 0.252498 0.742000 0.267938 0.751333 0.280654 0.760000 0.288828 0.766667 0.292461 0.776667 0.295186 0.788000 0.295186 0.810000 0.289737 0.818000 0.283379 0.828667 0.270663 0.835333 0.257947 0.836667 0.251589 0.840000 0.247956 0.843333 0.233424 0.843333 0.207084 0.842000 0.200727 0.844667 0.188011 0.844667 0.168029 0.842000 0.156222
1 0.678000 0.135332 0.673333 0.133515 0.658667 0.134423 0.648667 0.140781 0.646000 0.144414 0.634667 0.147139 0.626667 0.152589 0.602000 0.180745 0.592667 0.204360 0.592667 0.219800 0.595333 0.229791 0.594667 0.237965 0.597333 0.247956 0.602667 0.260672 0.610000 0.271571 0.626667 0.287920 0.638000 0.290645 0.656000 0.290645 0.670667 0.287012 0.674000 0.282470 0.678000 0.281562 0.686667 0.273388 0.690000 0.267938 0.694000 0.267030 0.702667 0.253406 0.702667 0.250681 0.700000 0.247956 0.705333 0.239782 0.706000 0.235241 0.702000 0.220708 0.702667 0.206176 0.700667 0.195277 0.696000 0.184378 0.695333 0.158946 0.687333 0.142598
1 0.510000 0.142598 0.501333 0.145322 0.494667 0.149864 0.485333 0.160763 0.480667 0.162579 0.469333 0.176203 0.468000 0.182561 0.458667 0.198910 0.457333 0.227975 0.462000 0.257039 0.468000 0.266122 0.469333 0.271571 0.476667 0.280654 0.482000 0.282470 0.486000 0.288828 0.495333 0.295186 0.508000 0.297003 0.526000 0.296094 0.544667 0.280654 0.546667 0.275204 0.554000 0.267938 0.555333 0.261580 0.561333 0.252498 0.563333 0.220708 0.564667 0.217984 0.564000 0.206176 0.562000 0.196185 0.557333 0.188919 0.557333 0.185286 0.546000 0.169846 0.542000 0.170754 0.538000 0.161671 0.530000 0.149864 0.521333 0.144414
1 0.345333 0.140781 0.336000 0.154405 0.333333 0.164396 0.329333 0.168937 0.322000 0.200727 0.322667 0.230699 0.328667 0.258856 0.345333 0.279746 0.360667 0.289737 0.382000 0.291553 0.400000 0.287012 0.414000 0.273388 0.420667 0.263397 0.430000 0.240690 0.430667 0.207084 0.429333 0.197094 0.425333 0.185286 0.416667 0.168937 0.397333 0.149864 0.386000 0.148047 0.379333 0.140781 0.366000 0.134423 0.356000 0.135332
1 0.198000 0.146231 0.188000 0.164396 0.186667 0.179837 0.187333 0.193460 0.182667 0.207993 0.182667 0.217984 0.184000 0.219800 0.185333 0.233424 0.187333 0.237057 0.188000 0.247956 0.193333 0.253406 0.195333 0.262489 0.213333 0.287012 0.234667 0.292461 0.256667 0.292461 0.272000 0.286104 0.288667 0.263397 0.298000 0.239782 0.299333 0.211626 0.296000 0.194369 0.290667 0.185286 0.286667 0.172570 0.274667 0.157130 0.254000 0.145322 0.231333 0.145322 0.224000 0.141689 0.211333 0.140781 0.205333 0.141689
1 0.794667 0.321526 0.784667 0.321526 0.774000 0.325159 0.767333 0.329700 0.762667 0.328792 0.748000 0.342416 0.743333 0.348774 0.738667 0.362398 0.736000 0.365123 0.736667 0.368756 0.734667 0.371480 0.731333 0.386013 0.730000 0.409628 0.734000 0.416894 0.734000 0.420527 0.739333 0.428701 0.739333 0.432334 0.750667 0.448683 0.750667 0.452316 0.753333 0.453224 0.758667 0.460490 0.772000 0.465032 0.774667 0.467757 0.800000 0.466848 0.822667 0.451408 0.830667 0.439600 0.836667 0.426885 0.838667 0.415985 0.842667 0.408719 0.842000 0.400545 0.847333 0.381471 0.847333 0.365123 0.840667 0.346957 0.826000 0.336058 0.811333 0.335150 0.805333 0.326975
1 0.663333 0.320618 0.642667 0.321526 0.626000 0.332425 0.622000 0.340599 0.618667 0.341508 0.610000 0.349682 0.602000 0.368756 0.598667 0.382380 0.596667 0.407811 0.604000 0.432334 0.618000 0.453224 0.632667 0.467757 0.646000 0.471390 0.654000 0.471390 0.673333 0.465940 0.683333 0.459582 0.696000 0.445958 0.702000 0.436876 0.706667 0.423252 0.710000 0.400545 0.710000 0.387829 0.708000 0.376930 0.708667 0.370572 0.702000 0.351499 0.693333 0.338783 0.683333 0.334242 0.669333 0.322434
1 0.494000 0.325159 0.478667 0.337875 0.468667 0.353315 0.460667 0.382380 0.460667 0.405995 0.462000 0.414169 0.470000 0.435967 0.476000 0.445958 0.493333 0.465940 0.496667 0.467757 0.505333 0.465940 0.509333 0.468665 0.519333 0.469573 0.530667 0.468665 0.544667 0.459582 0.552000 0.452316 0.563333 0.436876 0.564000 0.432334 0.567333 0.427793 0.572000 0.405086 0.572000 0.389646 0.569333 0.367847 0.564000 0.357856 0.561333 0.347866 0.544667 0.329700 0.536667 0.326975 0.530000 0.321526 0.510667 0.319709
1 0.361333 0.328792 0.352667 0.334242 0.340667 0.348774 0.328667 0.376022 0.327333 0.397820 0.328667 0.405995 0.334667 0.412352 0.336000 0.419619 0.334667 0.434151 0.345333 0.453224 0.363333 0.468665 0.379333 0.474114 0.398000 0.472298 0.405333 0.469573 0.422667 0.452316 0.437333 0.422343 0.438667 0.391462 0.435333 0.368756 0.429333 0.355132 0.420667 0.342416 0.412000 0.333333 0.400667 0.326067 0.376000 0.323342 0.372667 0.326067
1 0.188667 0.340599 0.180667 0.351499 0.177333 0.366031 0.178667 0.405086 0.186000 0.432334 0.198000 0.451408 0.208667 0.461399 0.220000 0.467757 0.252000 0.468665 0.264667 0.462307 0.280000 0.441417 0.290667 0.410536 0.291333 0.390554 0.288000 0.371480 0.281333 0.352407 0.272667 0.339691 0.255333 0.326975 0.228000 0.324251 0.219333 0.327884 0.216000 0.335150 0.202000 0.334242 0.193333 0.336966
1 0.767333 0.497729 0.751333 0.508629 0.736667 0.527702 0.727333 0.554042 0.726000 0.565849 0.727333 0.585831 0.736667 0.607629 0.743333 0.619437 0.750000 0.626703 0.752667 0.633061 0.766667 0.640327 0.778000 0.642144 0.796667 0.641235 0.804000 0.638510 0.818667 0.627611 0.830000 0.611262 0.830667 0.605813 0.828667 0.599455 0.836000 0.592189 0.843333 0.578565 0.845333 0.561308 0.843333 0.545867 0.835333 0.532243 0.826667 0.525886 0.816667 0.522252 0.814000 0.517711 0.815333 0.513170 0.810000 0.504087 0.792667 0.495913 0.776667 0.495005
1 0.640000 0.494096 0.626000 0.499546 0.618667 0.504995 0.603333 0.524977 0.593333 0.549500 0.591333 0.562216 0.592000 0.576748 0.594000 0.588556 0.602000 0.608538 0.619333 0.632153 0.633333 0.640327 0.660667 0.641235 0.676667 0.633061 0.686000 0.624886 0.695333 0.609446 0.699333 0.599455 0.703333 0.581290 0.704000 0.558583 0.702667 0.544051 0.694667 0.524977 0.688000 0.516803 0.684667 0.509537 0.672000 0.499546 0.658667 0.495913 0.655333 0.493188
1 0.502667 0.498638 0.486000 0.506812 0.470000 0.524977 0.462000 0.544959 0.458000 0.564033 0.458000 0.574024 0.461333 0.597639 0.468667 0.615804 0.486000 0.636694 0.498667 0.646685 0.512667 0.648501 0.526667 0.646685 0.542000 0.638510 0.561333 0.615804 0.569333 0.587648 0.568667 0.553134 0.564667 0.544051 0.562000 0.531335 0.546000 0.510445 0.529333 0.499546 0.522000 0.497729
1 0.351333 0.500454 0.345333 0.504995 0.328667 0.526794 0.324667 0.544051 0.322000 0.547684 0.320667 0.562216 0.322000 0.590372 0.332000 0.615804 0.345333 0.631244 0.353333 0.636694 0.372667 0.642144 0.398667 0.638510 0.405333 0.632153 0.408000 0.626703 0.414000 0.622162 0.422000 0.608538 0.423333 0.602180 0.428667 0.592189 0.432000 0.569482 0.431333 0.555858 0.428667 0.544051 0.417333 0.518619 0.400000 0.500454 0.382000 0.494096 0.367333 0.495005
1 0.787333 0.653951 0.778000 0.657584 0.775333 0.663034 0.744000 0.676658 0.736000 0.683924 0.728000 0.693915 0.719333 0.712988 0.718667 0.724796 0.712667 0.736603 0.712667 0.748411 0.717333 0.759310 0.717333 0.763851 0.720667 0.768392 0.720667 0.772025 0.727333 0.781108 0.756667 0.803815 0.760000 0.811081 0.764667 0.812897 0.768000 0.817439 0.774667 0.819255 0.785333 0.818347 0.792667 0.814714 0.806000 0.811989 0.810000 0.807448 0.816000 0.804723 0.824667 0.793824 0.831333 0.789282 0.836667 0.777475 0.837333 0.767484 0.842000 0.760218 0.840667 0.754768 0.843333 0.749319 0.842000 0.732062 0.838000 0.720254 0.838667 0.716621 0.835333 0.711172 0.834667 0.704814 0.829333 0.698456 0.826667 0.688465 0.818667 0.678474 0.806000 0.671208 0.800667 0.665758 0.794000 0.663034 0.790667 0.655767
1 0.636667 0.672116 0.626000 0.678474 0.622000 0.684832 0.616667 0.687557 0.609333 0.696639 0.608667 0.700272 0.601333 0.712080 0.596000 0.727520 0.593333 0.743869 0.592667 0.768392 0.594667 0.779292 0.601333 0.792916 0.613333 0.808356 0.628667 0.817439 0.646000 0.820163 0.663333 0.820163 0.677333 0.814714 0.693333 0.797457 0.706000 0.769301 0.704000 0.762943 0.705333 0.729337 0.702667 0.711172 0.691333 0.692098 0.677333 0.679382 0.658000 0.671208
1 0.494000 0.672116 0.477333 0.686649 0.469333 0.697548 0.468667 0.701181 0.462000 0.712080 0.458000 0.738420 0.461333 0.774750 0.467333 0.783833 0.470000 0.792916 0.474667 0.799273 0.491333 0.811989 0.514667 0.816530 0.524667 0.816530 0.544667 0.810173 0.560000 0.794732 0.566000 0.775658 0.565333 0.768392 0.568667 0.756585 0.570000 0.739328 0.567333 0.728429 0.568000 0.724796 0.563333 0.711172 0.562667 0.704814 0.558667 0.696639 0.546667 0.681199 0.535333 0.673025 0.522000 0.667575 0.508000 0.667575
1 0.392000 0.671208 0.368000 0.672116 0.346000 0.687557 0.335333 0.702997 0.328000 0.720254 0.325333 0.752952 0.328667 0.776567 0.337333 0.794732 0.341333 0.797457 0.345333 0.804723 0.354667 0.811989 0.374000 0.818347 0.387333 0.818347 0.404000 0.814714 0.418000 0.802906 0.429333 0.787466 0.436667 0.771117 0.438000 0.749319 0.434000 0.720254 0.429333 0.705722 0.418667 0.689373 0.404000 0.676658
1 0.280667 0.684832 0.268667 0.675749 0.256667 0.672116 0.239333 0.673025 0.228000 0.676658 0.212000 0.690282 0.196000 0.714805 0.191333 0.734787 0.191333 0.768392 0.194000 0.776567 0.194000 0.783833 0.198000 0.787466 0.200000 0.798365 0.204000 0.801090 0.208000 0.810173 0.208000 0.814714 0.212000 0.820163 0.217333 0.822888 0.221333 0.814714 0.233333 0.820163 0.247333 0.821980 0.263333 0.818347 0.271333 0.812897 0.276667 0.803815 0.300000 0.780200 0.304667 0.772025 0.307333 0.753860 0.304667 0.743869 0.306000 0.739328 0.304667 0.737511 0.303333 0.719346 0.300000 0.717530 0.296000 0.704814 0.292667 0.702997
