0 0.003876 0.348718 0.000000 0.743590 0.019380 0.753846 0.050388 0.805128 0.058140 0.917949 0.236434 0.923077 0.244186 0.907692 0.244186 0.794872 0.232558 0.702564 0.205426 0.605128 0.147287 0.497436 0.131783 0.374359 0.093023 0.338462 0.027132 0.338462
0 0.069767 0.112821 0.034884 0.153846 0.034884 0.210256 0.046512 0.266667 0.031008 0.333333 0.089147 0.333333 0.131783 0.369231 0.147287 0.415385 0.151163 0.492308 0.201550 0.589744 0.248062 0.748718 0.275194 0.610256 0.271318 0.497436 0.236434 0.348718 0.189922 0.246154 0.186047 0.153846 0.170543 0.123077 0.151163 0.112821
0 0.089147 0.000000 0.096899 0.056410 0.089147 0.102564 0.143411 0.107692 0.182171 0.143590 0.193798 0.251282 0.236434 0.343590 0.275194 0.487179 0.294574 0.374359 0.290698 0.292308 0.275194 0.200000 0.220930 0.056410 0.217054 0.000000
0 0.344961 0.369231 0.317829 0.410256 0.317829 0.512821 0.286822 0.584615 0.255814 0.723077 0.255814 0.907692 0.263566 0.897436 0.263566 0.835897 0.279070 0.784615 0.310078 0.748718 0.364341 0.733333 0.418605 0.738462 0.449612 0.758974 0.484496 0.815385 0.484496 0.856410 0.496124 0.866667 0.484496 0.887179 0.500000 0.897436 0.488372 0.912821 0.500000 0.923077 0.523256 0.917949 0.534884 0.866667 0.534884 0.728205 0.515504 0.620513 0.476744 0.523077 0.484496 0.420513 0.465116 0.379487 0.430233 0.358974 0.368217 0.358974
0 0.379845 0.128205 0.344961 0.169231 0.348837 0.261538 0.302326 0.384615 0.282946 0.492308 0.282946 0.584615 0.310078 0.528205 0.310078 0.435897 0.325581 0.389744 0.364341 0.358974 0.418605 0.353846 0.465116 0.379487 0.484496 0.415385 0.480620 0.523077 0.527132 0.646154 0.534884 0.553846 0.531008 0.451282 0.519380 0.379487 0.488372 0.282051 0.492248 0.174359 0.480620 0.148718 0.445736 0.128205
0 0.352713 0.000000 0.352713 0.076923 0.321705 0.153846 0.298450 0.297436 0.302326 0.364103 0.344961 0.266667 0.341085 0.194872 0.352713 0.153846 0.379845 0.128205 0.403101 0.123077 0.445736 0.128205 0.484496 0.158974 0.492248 0.179487 0.488372 0.282051 0.507752 0.338462 0.519380 0.343590 0.519380 0.251282 0.507752 0.169231 0.476744 0.071795 0.484496 0.000000
0 0.825581 0.415385 0.782946 0.394872 0.728682 0.394872 0.693798 0.420513 0.682171 0.461538 0.678295 0.538462 0.616279 0.651282 0.577519 0.779487 0.573643 0.851282 0.585271 0.923077 0.848837 0.928205 0.860465 0.917949 0.868217 0.876923 0.868217 0.733333 0.841085 0.589744 0.852713 0.461538
0 0.763566 0.169231 0.693798 0.164103 0.666667 0.179487 0.655039 0.200000 0.651163 0.292308 0.612403 0.364103 0.562016 0.528205 0.554264 0.641026 0.573643 0.758974 0.585271 0.748718 0.631783 0.615385 0.678295 0.528205 0.686047 0.435897 0.724806 0.394872 0.806202 0.394872 0.790698 0.333333 0.802326 0.220513
0 0.748062 0.000000 0.627907 0.000000 0.627907 0.097436 0.589147 0.174359 0.550388 0.333333 0.550388 0.471795 0.558140 0.502564 0.569767 0.497436 0.604651 0.379487 0.647287 0.297436 0.655039 0.200000 0.686047 0.164103 0.751938 0.164103 0.755814 0.015385
0 1.000000 0.005128 0.891473 0.000000 0.883721 0.015385 0.879845 0.092308 0.841085 0.158974 0.798450 0.287179 0.798450 0.348718 0.813953 0.405128 0.844961 0.435897 0.852713 0.435897 0.883721 0.364103 0.922481 0.312821 0.949612 0.189744 1.000000 0.123077
0 1.000000 0.164103 0.968992 0.169231 0.945736 0.194872 0.937984 0.220513 0.937984 0.287179 0.883721 0.369231 0.852713 0.441026 0.856589 0.507692 0.844961 0.594872 0.875969 0.748718 0.945736 0.605128 1.000000 0.548718
