1 1.000000 0.015723 0.993846 0.015723 0.989231 0.020964 0.976923 0.027254 0.965385 0.042977 0.960000 0.045073 0.958462 0.049266 0.953846 0.047170 0.943846 0.052411 0.931538 0.050314 0.920000 0.058700 0.911538 0.059748 0.896154 0.071279 0.892308 0.071279 0.889231 0.075472 0.876154 0.082809 0.860769 0.102725 0.850000 0.128931 0.846154 0.134172 0.839231 0.154088 0.833846 0.184486 0.830769 0.224319 0.829231 0.227463 0.830000 0.262055 0.833077 0.275681 0.833077 0.287212 0.843846 0.299790 0.844615 0.311321 0.846154 0.313417 0.853846 0.311321 0.854615 0.307128 0.858462 0.302935 0.858462 0.298742 0.861538 0.295597 0.868462 0.293501 0.876923 0.294549 0.889231 0.311321 0.891538 0.325996 0.890769 0.332285 0.893846 0.336478 0.904615 0.336478 0.908462 0.340671 0.918462 0.339623 0.925385 0.342767 0.945385 0.342767 0.947692 0.340671 0.957692 0.340671 0.966923 0.328092 0.989231 0.312369 1.000000 0.298742
1 0.000000 0.365828 0.000000 0.500000 0.003846 0.502096 0.006923 0.528302 0.010000 0.533543 0.013077 0.546122 0.019231 0.560797 0.030769 0.578616 0.056154 0.600629 0.073846 0.607966 0.086923 0.617400 0.108462 0.622642 0.131538 0.622642 0.135385 0.619497 0.146154 0.620545 0.174615 0.606918 0.190000 0.591195 0.196923 0.577568 0.202308 0.560797 0.206923 0.520964 0.205385 0.483229 0.195385 0.439203 0.183077 0.415094 0.183077 0.411950 0.161538 0.380503 0.129231 0.357442 0.103077 0.353249 0.077692 0.356394 0.071538 0.359539 0.067692 0.365828 0.061538 0.365828 0.041538 0.355346 0.022308 0.354298 0.007692 0.359539 0.002308 0.365828
1 0.250769 0.372117 0.243077 0.378407 0.233077 0.392034 0.227692 0.403564 0.223846 0.420335 0.223077 0.446541 0.213846 0.473795 0.213846 0.501048 0.219231 0.529350 0.218462 0.533543 0.224615 0.559748 0.233846 0.579665 0.258462 0.606918 0.274615 0.621593 0.302308 0.634172 0.333077 0.634172 0.357692 0.627883 0.376154 0.617400 0.389231 0.602725 0.392308 0.601677 0.403846 0.583857 0.406923 0.575472 0.413077 0.520964 0.410769 0.481132 0.406154 0.450734 0.398462 0.428721 0.390769 0.416143 0.388462 0.408805 0.366154 0.380503 0.345385 0.367925 0.339231 0.361635 0.332308 0.359539 0.306154 0.357442 0.294615 0.360587 0.289231 0.364780 0.266154 0.365828
1 0.257692 0.023061 0.246154 0.034591 0.233846 0.055556 0.230000 0.074423 0.233077 0.113208 0.222308 0.137317 0.222308 0.144654 0.217692 0.164570 0.220000 0.229560 0.235385 0.278826 0.241538 0.288260 0.255385 0.298742 0.259231 0.305031 0.276154 0.320755 0.283846 0.324948 0.290769 0.336478 0.300769 0.344864 0.313846 0.348008 0.336154 0.349057 0.361538 0.343816 0.372308 0.337526 0.381538 0.335430 0.384615 0.328092 0.397692 0.311321 0.404615 0.295597 0.406154 0.276730 0.409231 0.268344 0.408462 0.261006 0.412308 0.248428 0.411538 0.212788 0.413077 0.209644 0.413846 0.169811 0.410769 0.153040 0.397692 0.116352 0.388462 0.100629 0.377692 0.090147 0.373077 0.082809 0.347692 0.067086 0.333846 0.066038 0.332308 0.059748 0.316154 0.037736 0.305385 0.027254 0.286923 0.018868 0.270769 0.018868
1 0.000000 0.709644 0.000000 0.845912 0.009231 0.854298 0.016154 0.873166 0.031538 0.893082 0.040000 0.900419 0.053846 0.905660 0.131538 0.905660 0.160769 0.903564 0.170769 0.898323 0.194615 0.873166 0.197692 0.862683 0.197692 0.846960 0.200769 0.842767 0.203077 0.815514 0.204615 0.812369 0.203846 0.783019 0.205385 0.778826 0.202308 0.768344 0.203846 0.762055 0.177692 0.698113 0.155385 0.667715 0.134615 0.656184 0.110000 0.650943 0.085385 0.651992 0.057692 0.657233 0.040769 0.667715 0.023846 0.688679 0.023077 0.693920 0.016923 0.700210 0.014615 0.706499
1 0.263077 0.664570 0.240000 0.688679 0.227692 0.706499 0.220000 0.727463 0.211538 0.763103 0.210769 0.812369 0.226923 0.864780 0.253846 0.898323 0.266154 0.905660 0.346923 0.906709 0.356923 0.904612 0.365385 0.898323 0.391538 0.865828 0.409231 0.827044 0.413077 0.811321 0.411538 0.771488 0.403077 0.734801 0.396154 0.714885 0.383846 0.690776 0.372308 0.676101 0.356154 0.663522 0.345385 0.658281 0.323846 0.651992 0.302308 0.650943 0.275385 0.657233
1 0.501538 0.024109 0.486154 0.036688 0.476923 0.049266 0.468462 0.077568 0.455385 0.087002 0.451538 0.093291 0.442308 0.101677 0.437692 0.110063 0.435385 0.121593 0.430769 0.126834 0.426154 0.161426 0.425385 0.231656 0.426923 0.246331 0.432308 0.264151 0.444615 0.281971 0.471538 0.306080 0.481538 0.317610 0.493846 0.325996 0.502308 0.339623 0.511538 0.342767 0.527692 0.343816 0.566923 0.338574 0.574615 0.335430 0.583846 0.327044 0.600769 0.301887 0.607692 0.283019 0.616154 0.249476 0.620000 0.204403 0.620000 0.181342 0.616154 0.153040 0.609231 0.135220 0.606923 0.120545 0.595385 0.103774 0.592308 0.092243 0.580769 0.081761 0.573846 0.080713 0.568462 0.073375 0.553846 0.039832 0.541538 0.028302 0.530000 0.023061 0.510000 0.022013
1 0.770000 0.016771 0.750000 0.015723 0.744615 0.017820 0.728462 0.030398 0.708462 0.059748 0.703846 0.058700 0.690000 0.063941 0.664615 0.080713 0.657692 0.088050 0.643846 0.111111 0.640000 0.122642 0.635385 0.129979 0.630769 0.145702 0.627692 0.165618 0.627692 0.198113 0.630000 0.227463 0.633077 0.246331 0.636923 0.253669 0.639231 0.269392 0.642308 0.273585 0.644615 0.286164 0.650000 0.295597 0.650000 0.299790 0.656154 0.309224 0.671538 0.325996 0.669231 0.331237 0.674615 0.331237 0.680000 0.337526 0.696154 0.345912 0.748462 0.352201 0.753077 0.346960 0.759231 0.346960 0.770000 0.341719 0.779231 0.331237 0.803846 0.288260 0.810000 0.270440 0.813846 0.248428 0.819231 0.237945 0.824615 0.216981 0.826154 0.176101 0.822308 0.151992 0.819231 0.144654 0.810769 0.134172 0.809231 0.112159 0.810769 0.082809 0.807692 0.062893 0.803846 0.051363 0.792308 0.031447
1 0.009231 0.032495 0.000000 0.044025 0.000000 0.135220 0.007692 0.145702 0.013077 0.164570 0.013077 0.201258 0.016923 0.231656 0.020769 0.237945 0.030769 0.266247 0.039231 0.281971 0.055385 0.299790 0.075385 0.315514 0.096923 0.339623 0.122308 0.344864 0.127692 0.341719 0.138462 0.346960 0.158462 0.346960 0.181538 0.341719 0.195385 0.341719 0.198462 0.338574 0.200769 0.331237 0.199231 0.322851 0.203077 0.295597 0.208462 0.280922 0.210000 0.257862 0.212308 0.248428 0.213077 0.211740 0.209231 0.154088 0.206154 0.148847 0.202308 0.129979 0.194615 0.115304 0.188462 0.107966 0.184615 0.099581 0.177692 0.092243 0.175385 0.092243 0.170000 0.083857 0.153846 0.073375 0.116923 0.060797 0.096923 0.060797 0.087692 0.056604 0.080000 0.050314 0.076923 0.044025 0.056154 0.026205 0.044615 0.023061 0.024615 0.024109
1 0.800000 0.376310 0.790000 0.367925 0.776154 0.361635 0.755385 0.360587 0.740769 0.365828 0.732308 0.362683 0.704615 0.361635 0.675385 0.383648 0.649231 0.422432 0.641538 0.440252 0.633846 0.469602 0.630000 0.493711 0.629231 0.531447 0.635385 0.563941 0.646154 0.585954 0.661538 0.607966 0.676923 0.620545 0.693077 0.626834 0.711538 0.628931 0.745385 0.626834 0.778462 0.609015 0.796154 0.592243 0.809231 0.576520 0.815385 0.563941 0.822308 0.535639 0.827692 0.520964 0.830000 0.488470 0.826154 0.451782 0.818462 0.432914 0.814615 0.407757 0.807692 0.388889
1 0.689231 0.660377 0.672308 0.674004 0.658462 0.690776 0.642308 0.722222 0.636154 0.740042 0.630769 0.776730 0.630769 0.812369 0.632308 0.825996 0.638462 0.846960 0.650000 0.866876 0.659231 0.875262 0.676923 0.898323 0.686154 0.904612 0.758462 0.906709 0.775385 0.905660 0.787692 0.898323 0.813077 0.867925 0.816923 0.854298 0.820000 0.850105 0.830000 0.812369 0.831538 0.779874 0.830000 0.754717 0.826923 0.741090 0.812308 0.705451 0.811538 0.698113 0.801538 0.683438 0.779231 0.662474 0.762308 0.655136 0.741538 0.650943 0.719231 0.650943
1 0.846923 0.716981 0.847692 0.720126 0.845385 0.721174 0.840769 0.730608 0.840769 0.736897 0.837692 0.742138 0.836923 0.823899 0.841538 0.842767 0.850769 0.853249 0.852308 0.863732 0.855385 0.871069 0.869231 0.893082 0.876923 0.901468 0.887692 0.905660 1.000000 0.905660 1.000000 0.674004 0.993077 0.666667 0.983077 0.661426 0.964615 0.657233 0.936154 0.656184 0.908462 0.662474 0.897692 0.667715 0.885385 0.679245 0.863846 0.710692 0.857692 0.712788 0.853846 0.710692
1 1.000000 0.357442 0.976923 0.363732 0.972308 0.355346 0.963846 0.351153 0.915385 0.353249 0.876154 0.381551 0.860769 0.401468 0.846923 0.432914 0.836154 0.483229 0.835385 0.518868 0.837692 0.536688 0.848462 0.548218 0.849231 0.552411 0.855385 0.560797 0.860000 0.563941 0.875385 0.582809 0.883077 0.595388 0.900769 0.611111 0.903077 0.615304 0.925385 0.622642 0.956923 0.618449 0.978462 0.609015 1.000000 0.591195
1 0.476923 0.664570 0.463077 0.676101 0.446154 0.696017 0.438462 0.711740 0.428462 0.741090 0.425385 0.762055 0.425385 0.797694 0.426923 0.827044 0.431538 0.846960 0.446923 0.874214 0.466154 0.897275 0.476154 0.904612 0.542308 0.906709 0.568462 0.905660 0.576154 0.901468 0.602308 0.871069 0.610000 0.857442 0.617692 0.834382 0.622308 0.805031 0.622308 0.770440 0.616923 0.738994 0.611538 0.721174 0.601538 0.701258 0.590000 0.685535 0.560769 0.660377 0.541538 0.654088 0.520769 0.651992 0.493846 0.657233
1 0.516154 0.356394 0.508462 0.358491 0.506154 0.361635 0.497692 0.361635 0.477692 0.368973 0.460769 0.380503 0.441538 0.403564 0.429231 0.430818 0.424615 0.448637 0.420000 0.477987 0.420000 0.500000 0.423846 0.527254 0.431538 0.558700 0.444615 0.582809 0.461538 0.605870 0.474615 0.616352 0.496154 0.626834 0.513077 0.629979 0.529231 0.629979 0.553077 0.622642 0.570000 0.611111 0.585385 0.594340 0.592308 0.580713 0.601538 0.568134 0.610000 0.547170 0.616923 0.498952 0.616923 0.483229 0.608462 0.433962 0.592308 0.400419 0.576923 0.381551 0.554615 0.366876 0.530000 0.360587 0.527692 0.357442
