1 0.722222 0.019608 0.694444 0.031863 0.679739 0.044118 0.651961 0.083333 0.633987 0.127451 0.627451 0.159314 0.625817 0.215686 0.632353 0.250000 0.656863 0.308824 0.673203 0.328431 0.712418 0.357843 0.766340 0.360294 0.805556 0.335784 0.830065 0.301471 0.843137 0.272059 0.856209 0.215686 0.856209 0.164216 0.841503 0.102941 0.830065 0.078431 0.807190 0.046569 0.789216 0.031863 0.761438 0.019608
1 0.725490 0.629902 0.702614 0.639706 0.694444 0.661765 0.669935 0.666667 0.656863 0.681373 0.653595 0.700980 0.640523 0.720588 0.633987 0.740196 0.625817 0.789216 0.627451 0.823529 0.642157 0.875000 0.665033 0.916667 0.686275 0.943627 0.720588 0.965686 0.764706 0.968137 0.797386 0.950980 0.825163 0.921569 0.843137 0.889706 0.857843 0.828431 0.857843 0.776961 0.841503 0.713235 0.807190 0.654412 0.794118 0.642157 0.772876 0.632353
1 0.653595 0.328431 0.633987 0.323529 0.607843 0.325980 0.563725 0.348039 0.532680 0.394608 0.517974 0.436275 0.511438 0.509804 0.519608 0.563725 0.537582 0.607843 0.562092 0.642157 0.578431 0.654412 0.607843 0.664216 0.607843 0.632353 0.611111 0.625000 0.630719 0.625000 0.663399 0.637255 0.694444 0.625000 0.720588 0.590686 0.733660 0.553922 0.738562 0.519608 0.738562 0.465686 0.727124 0.416667 0.710784 0.379902 0.678105 0.340686
1 0.477124 0.024510 0.441176 0.049020 0.419935 0.078431 0.408497 0.102941 0.392157 0.159314 0.392157 0.230392 0.415033 0.296569 0.450980 0.343137 0.493464 0.362745 0.539216 0.357843 0.576797 0.328431 0.594771 0.303922 0.607843 0.276961 0.622549 0.218137 0.617647 0.147059 0.607843 0.112745 0.593137 0.080882 0.562092 0.041667 0.521242 0.022059
1 0.485294 0.632353 0.444444 0.656863 0.415033 0.698529 0.398693 0.740196 0.392157 0.769608 0.392157 0.825980 0.398693 0.857843 0.408497 0.882353 0.446078 0.938725 0.485294 0.963235 0.534314 0.960784 0.570261 0.936275 0.611111 0.872549 0.622549 0.821078 0.620915 0.767157 0.602941 0.708333 0.571895 0.659314 0.549020 0.642157 0.524510 0.632353
1 0.227124 0.639706 0.207516 0.656863 0.187908 0.683824 0.163399 0.742647 0.156863 0.774510 0.156863 0.833333 0.171569 0.892157 0.189542 0.921569 0.222222 0.953431 0.251634 0.965686 0.284314 0.965686 0.303922 0.958333 0.336601 0.931373 0.374183 0.867647 0.383987 0.828431 0.383987 0.767157 0.372549 0.720588 0.357843 0.688725 0.333333 0.656863 0.312092 0.642157 0.284314 0.632353 0.251634 0.632353
1 0.382353 0.325980 0.333333 0.343137 0.305556 0.377451 0.281046 0.433824 0.272876 0.507353 0.282680 0.563725 0.299020 0.602941 0.315359 0.627451 0.346405 0.656863 0.397059 0.666667 0.429739 0.656863 0.450980 0.642157 0.478758 0.602941 0.500000 0.546569 0.504902 0.497549 0.495098 0.431373 0.483660 0.399510 0.464052 0.367647 0.429739 0.338235 0.408497 0.328431
1 0.227124 0.029412 0.196078 0.058824 0.173203 0.098039 0.165033 0.122549 0.156863 0.166667 0.156863 0.213235 0.163399 0.247549 0.186275 0.306373 0.214052 0.343137 0.236928 0.360294 0.284314 0.362745 0.320261 0.348039 0.341503 0.328431 0.361111 0.299020 0.379085 0.252451 0.385621 0.215686 0.385621 0.171569 0.375817 0.122549 0.352941 0.071078 0.315359 0.031863 0.285948 0.019608 0.251634 0.019608
1 0.096405 0.345588 0.062092 0.384804 0.047386 0.416667 0.039216 0.448529 0.035948 0.517157 0.049020 0.578431 0.075163 0.625000 0.102941 0.647059 0.178105 0.661765 0.194444 0.656863 0.220588 0.637255 0.250000 0.590686 0.267974 0.519608 0.267974 0.480392 0.248366 0.401961 0.225490 0.365196 0.202614 0.343137 0.178105 0.330882 0.140523 0.328431
1 0.799020 0.345588 0.771242 0.382353 0.750000 0.436275 0.745098 0.477941 0.745098 0.514706 0.750000 0.551471 0.772876 0.610294 0.790850 0.634804 0.813725 0.654412 0.836601 0.661765 0.905229 0.649510 0.937908 0.625000 0.960784 0.588235 0.975490 0.534314 0.975490 0.502451 0.967320 0.460784 0.946078 0.389706 0.934641 0.367647 0.915033 0.345588 0.883987 0.328431 0.830065 0.328431
