2 0.080692 0.007143 0.048991 0.032143 0.031700 0.064286 0.028818 0.117857 0.037464 0.157143 0.048991 0.182143 0.086455 0.217857 0.152738 0.221429 0.184438 0.200000 0.210375 0.164286 0.219020 0.125000 0.213256 0.075000 0.187320 0.032143 0.146974 0.007143
2 0.046110 0.250000 0.023055 0.292857 0.020173 0.346429 0.031700 0.389286 0.054755 0.425000 0.086455 0.446429 0.132565 0.450000 0.175793 0.432143 0.198847 0.407143 0.213256 0.367857 0.213256 0.303571 0.187320 0.250000 0.129683 0.225000 0.092219 0.225000
2 0.086455 0.453571 0.057637 0.467857 0.017291 0.507143 0.000000 0.550000 0.000000 0.592857 0.011527 0.632143 0.043228 0.671429 0.069164 0.689286 0.129683 0.689286 0.170029 0.664286 0.195965 0.625000 0.204611 0.528571 0.193084 0.500000 0.164265 0.467857 0.132565 0.453571
2 0.043228 0.717857 0.014409 0.750000 0.000000 0.778571 0.000000 0.900000 0.028818 0.928571 0.155620 0.921429 0.184438 0.882143 0.193084 0.842857 0.193084 0.785714 0.178674 0.742857 0.155620 0.714286 0.126801 0.700000 0.077810 0.700000
2 0.244957 0.714286 0.219020 0.746429 0.201729 0.796429 0.201729 0.857143 0.219020 0.903571 0.242075 0.928571 0.360231 0.925000 0.391931 0.875000 0.394813 0.775000 0.383285 0.739286 0.351585 0.703571 0.322767 0.692857 0.285303 0.692857
2 0.282421 0.453571 0.247839 0.475000 0.219020 0.517857 0.210375 0.564286 0.219020 0.625000 0.250720 0.667857 0.285303 0.685714 0.331412 0.682143 0.360231 0.664286 0.383285 0.635714 0.397695 0.585714 0.394813 0.528571 0.374640 0.482143 0.334294 0.453571
2 0.268012 0.232143 0.242075 0.257143 0.221902 0.307143 0.219020 0.353571 0.230548 0.392857 0.256484 0.428571 0.285303 0.446429 0.342939 0.446429 0.368876 0.432143 0.391931 0.407143 0.403458 0.371429 0.406340 0.314286 0.394813 0.275000 0.377522 0.250000 0.342939 0.228571 0.282421 0.225000
2 0.265130 0.017857 0.244957 0.042857 0.230548 0.089286 0.230548 0.139286 0.259366 0.203571 0.288184 0.221429 0.351585 0.225000 0.368876 0.210714 0.377522 0.214286 0.394813 0.189286 0.403458 0.146429 0.403458 0.121429 0.397695 0.117857 0.403458 0.110714 0.403458 0.089286 0.391931 0.057143 0.374640 0.032143 0.345821 0.010714 0.282421 0.007143
2 0.469741 0.010714 0.432277 0.046429 0.414986 0.085714 0.414986 0.146429 0.420749 0.167857 0.449568 0.217857 0.466859 0.225000 0.536023 0.221429 0.553314 0.210714 0.579251 0.171429 0.585014 0.153571 0.582133 0.082143 0.564841 0.042857 0.547550 0.021429 0.515850 0.007143
2 0.484150 0.228571 0.446686 0.250000 0.423631 0.285714 0.414986 0.325000 0.417867 0.367857 0.435159 0.410714 0.455331 0.432143 0.484150 0.446429 0.530259 0.446429 0.553314 0.435714 0.582133 0.403571 0.593660 0.375000 0.593660 0.307143 0.570605 0.257143 0.550432 0.239286 0.512968 0.225000
2 0.469741 0.453571 0.443804 0.471429 0.414986 0.514286 0.409222 0.539286 0.412104 0.610714 0.429395 0.646429 0.449568 0.667857 0.484150 0.685714 0.524496 0.685714 0.561960 0.664286 0.587896 0.625000 0.596542 0.585714 0.590778 0.521429 0.582133 0.500000 0.544669 0.460714 0.510086 0.450000
2 0.443804 0.710714 0.423631 0.735714 0.406340 0.775000 0.406340 0.853571 0.412104 0.882143 0.435159 0.925000 0.550432 0.928571 0.582133 0.907143 0.596542 0.846429 0.596542 0.803571 0.587896 0.757143 0.570605 0.725000 0.547550 0.703571 0.521614 0.692857 0.478386 0.692857
2 0.642651 0.696429 0.616715 0.742857 0.613833 0.814286 0.645533 0.889286 0.665706 0.910714 0.694524 0.925000 0.752161 0.925000 0.783862 0.900000 0.806916 0.860714 0.812680 0.800000 0.801153 0.746429 0.780980 0.710714 0.726225 0.675000 0.685879 0.675000
2 0.654179 0.446429 0.634006 0.460714 0.610951 0.503571 0.608069 0.560714 0.619597 0.614286 0.645533 0.646429 0.674352 0.664286 0.723343 0.667857 0.749280 0.657143 0.778098 0.625000 0.792507 0.585714 0.795389 0.542857 0.780980 0.489286 0.763689 0.464286 0.726225 0.439286 0.685879 0.435714
2 0.665706 0.214286 0.634006 0.235714 0.610951 0.271429 0.605187 0.328571 0.613833 0.375000 0.634006 0.407143 0.668588 0.428571 0.726225 0.428571 0.757925 0.407143 0.780980 0.364286 0.780980 0.271429 0.772334 0.250000 0.734870 0.214286
2 0.616715 0.039286 0.602305 0.075000 0.602305 0.125000 0.613833 0.139286 0.616715 0.157143 0.651297 0.189286 0.657061 0.203571 0.737752 0.203571 0.757925 0.178571 0.778098 0.132143 0.778098 0.075000 0.766571 0.032143 0.737752 0.000000 0.657061 0.000000
2 0.829971 0.010714 0.801153 0.042857 0.792507 0.067857 0.792507 0.132143 0.804035 0.164286 0.835735 0.196429 0.853026 0.196429 0.858790 0.203571 0.925072 0.200000 0.953890 0.167857 0.968300 0.132143 0.974063 0.103571 0.968300 0.039286 0.936599 0.000000 0.847262 0.000000
2 0.844380 0.221429 0.824207 0.235714 0.798271 0.275000 0.798271 0.389286 0.829971 0.421429 0.861671 0.432143 0.913545 0.432143 0.939481 0.421429 0.959654 0.403571 0.985591 0.346429 0.988473 0.296429 0.976945 0.257143 0.945245 0.221429 0.919308 0.210714 0.881844 0.210714
2 0.827089 0.460714 0.801153 0.500000 0.801153 0.596429 0.815562 0.632143 0.844380 0.660714 0.881844 0.675000 0.916427 0.675000 0.959654 0.653571 0.985591 0.617857 1.000000 0.564286 0.991354 0.510714 0.976945 0.485714 0.951009 0.460714 0.904899 0.439286 0.853026 0.442857
2 0.829971 0.707143 0.812680 0.732143 0.818444 0.828571 0.827089 0.860714 0.861671 0.910714 0.884726 0.925000 0.948127 0.928571 0.971182 0.921429 1.000000 0.896429 1.000000 0.742857 0.968300 0.703571 0.930836 0.682143 0.890490 0.678571 0.855908 0.689286
