5 0.726562 0.578125 0.720703 0.585938 0.720703 0.607422 0.712891 0.623047 0.703125 0.916016 0.761719 0.917969 0.769531 0.914062 0.773438 0.904297 0.771484 0.759766 0.777344 0.726562 0.777344 0.619141 0.769531 0.605469 0.769531 0.580078
5 0.677734 0.578125 0.642578 0.580078 0.640625 0.605469 0.632812 0.617188 0.625000 0.921875 0.681641 0.917969 0.689453 0.912109 0.689453 0.765625 0.697266 0.718750 0.697266 0.623047 0.687500 0.607422 0.687500 0.583984
5 0.595703 0.576172 0.560547 0.578125 0.558594 0.605469 0.550781 0.621094 0.544922 0.806641 0.535156 0.892578 0.535156 0.916016 0.541016 0.919922 0.607422 0.916016 0.613281 0.908203 0.609375 0.871094 0.609375 0.750000 0.615234 0.638672 0.607422 0.605469 0.607422 0.583984
5 0.517578 0.576172 0.480469 0.576172 0.474609 0.585938 0.476562 0.605469 0.468750 0.619141 0.464844 0.748047 0.451172 0.916016 0.457031 0.921875 0.515625 0.919922 0.525391 0.914062 0.521484 0.839844 0.525391 0.753906 0.531250 0.718750 0.533203 0.634766 0.531250 0.615234 0.525391 0.607422 0.525391 0.580078
5 0.433594 0.576172 0.398438 0.576172 0.394531 0.580078 0.394531 0.605469 0.384766 0.625000 0.382812 0.777344 0.371094 0.917969 0.376953 0.923828 0.425781 0.921875 0.445312 0.916016 0.441406 0.847656 0.445312 0.750000 0.451172 0.708984 0.451172 0.615234 0.441406 0.603516 0.443359 0.582031
5 0.349609 0.576172 0.318359 0.576172 0.310547 0.580078 0.310547 0.605469 0.302734 0.625000 0.300781 0.761719 0.292969 0.871094 0.287109 0.892578 0.287109 0.917969 0.296875 0.921875 0.361328 0.917969 0.369141 0.912109 0.365234 0.791016 0.369141 0.623047 0.359375 0.605469 0.359375 0.580078
5 0.269531 0.576172 0.242188 0.574219 0.228516 0.578125 0.228516 0.601562 0.218750 0.619141 0.210938 0.828125 0.199219 0.912109 0.203125 0.923828 0.279297 0.921875 0.285156 0.916016 0.289062 0.875000 0.283203 0.791016 0.285156 0.619141 0.277344 0.605469 0.277344 0.580078
5 0.175781 0.576172 0.142578 0.578125 0.142578 0.603516 0.132812 0.626953 0.130859 0.718750 0.121094 0.878906 0.115234 0.904297 0.117188 0.921875 0.189453 0.919922 0.199219 0.910156 0.205078 0.843750 0.199219 0.617188 0.189453 0.605469 0.189453 0.580078
5 0.880859 0.474609 0.857422 0.472656 0.755859 0.482422 0.593750 0.480469 0.583984 0.490234 0.560547 0.490234 0.562500 0.539062 0.582031 0.539062 0.589844 0.548828 0.609375 0.552734 0.716797 0.550781 0.876953 0.560547 0.882812 0.552734
5 0.111328 0.468750 0.117188 0.556641 0.121094 0.562500 0.277344 0.550781 0.398438 0.552734 0.416016 0.544922 0.435547 0.544922 0.441406 0.535156 0.439453 0.494141 0.435547 0.490234 0.419922 0.492188 0.402344 0.482422 0.294922 0.482422 0.210938 0.476562 0.115234 0.464844
5 0.847656 0.099609 0.824219 0.101562 0.810547 0.111328 0.810547 0.132812 0.800781 0.156250 0.792969 0.357422 0.785156 0.431641 0.787109 0.441406 0.794922 0.445312 0.849609 0.445312 0.857422 0.439453 0.865234 0.148438 0.861328 0.138672 0.861328 0.111328
5 0.849609 0.580078 0.808594 0.580078 0.804688 0.585938 0.804688 0.609375 0.796875 0.619141 0.794922 0.720703 0.789062 0.751953 0.781250 0.873047 0.775391 0.900391 0.777344 0.917969 0.851562 0.916016 0.857422 0.910156 0.853516 0.763672 0.861328 0.710938 0.863281 0.623047 0.853516 0.609375 0.855469 0.587891
5 0.154297 0.093750 0.142578 0.105469 0.142578 0.126953 0.136719 0.140625 0.126953 0.345703 0.115234 0.421875 0.117188 0.435547 0.123047 0.439453 0.193359 0.443359 0.197266 0.439453 0.203125 0.400391 0.201172 0.144531 0.193359 0.125000 0.193359 0.103516 0.175781 0.093750
5 0.238281 0.093750 0.226562 0.103516 0.210938 0.351562 0.199219 0.429688 0.201172 0.437500 0.210938 0.443359 0.277344 0.445312 0.285156 0.441406 0.287109 0.427734 0.283203 0.347656 0.287109 0.160156 0.279297 0.134766 0.277344 0.103516 0.261719 0.093750
5 0.320312 0.095703 0.310547 0.107422 0.310547 0.132812 0.304688 0.146484 0.300781 0.304688 0.289062 0.439453 0.300781 0.445312 0.361328 0.445312 0.371094 0.439453 0.367188 0.373047 0.369141 0.152344 0.359375 0.128906 0.361328 0.109375 0.357422 0.101562 0.347656 0.095703
5 0.402344 0.095703 0.390625 0.109375 0.392578 0.132812 0.386719 0.150391 0.384766 0.269531 0.375000 0.439453 0.384766 0.445312 0.441406 0.445312 0.449219 0.437500 0.447266 0.294922 0.453125 0.234375 0.451172 0.148438 0.441406 0.132812 0.439453 0.101562 0.429688 0.095703
5 0.492188 0.097656 0.476562 0.107422 0.476562 0.132812 0.468750 0.146484 0.464844 0.281250 0.453125 0.437500 0.458984 0.443359 0.519531 0.445312 0.523438 0.441406 0.523438 0.308594 0.529297 0.281250 0.531250 0.150391 0.523438 0.136719 0.521484 0.105469 0.513672 0.099609
5 0.570312 0.093750 0.558594 0.105469 0.560547 0.132812 0.550781 0.154297 0.544922 0.324219 0.531250 0.437500 0.535156 0.445312 0.607422 0.445312 0.609375 0.294922 0.615234 0.269531 0.617188 0.154297 0.607422 0.134766 0.609375 0.103516 0.597656 0.093750
5 0.677734 0.097656 0.664062 0.097656 0.646484 0.105469 0.642578 0.117188 0.644531 0.132812 0.634766 0.154297 0.632812 0.248047 0.615234 0.427734 0.619141 0.445312 0.685547 0.443359 0.689453 0.287109 0.697266 0.242188 0.699219 0.150391 0.691406 0.134766 0.693359 0.109375
5 0.765625 0.099609 0.740234 0.099609 0.726562 0.109375 0.726562 0.130859 0.716797 0.154297 0.714844 0.246094 0.695312 0.429688 0.699219 0.445312 0.765625 0.445312 0.769531 0.441406 0.769531 0.347656 0.773438 0.285156 0.781250 0.255859 0.783203 0.173828 0.781250 0.142578 0.775391 0.132812 0.777344 0.109375
