0 0.090769 0.098429 0.072308 0.113089 0.063846 0.124607 0.060000 0.134031 0.060000 0.138220 0.055385 0.142408 0.051538 0.157068 0.050769 0.172775 0.052308 0.190576 0.056154 0.205236 0.063077 0.219895 0.063846 0.225131 0.076154 0.240838 0.086154 0.249215 0.103077 0.251309 0.130769 0.250262 0.143846 0.241885 0.162308 0.218848 0.165385 0.201047 0.165385 0.158115 0.163846 0.142408 0.158462 0.134031 0.155385 0.119372 0.140000 0.102618 0.119231 0.095288 0.100769 0.095288
0 0.132308 0.265969 0.113077 0.257592 0.096154 0.256545 0.086154 0.258639 0.070769 0.267016 0.063077 0.274346 0.060769 0.279581 0.055385 0.282723 0.048462 0.298429 0.046923 0.307853 0.046923 0.363351 0.048462 0.373822 0.053846 0.389529 0.063846 0.405236 0.079231 0.413613 0.105385 0.411518 0.132308 0.403141 0.140000 0.398953 0.149231 0.389529 0.156923 0.371728 0.159231 0.345550 0.157692 0.337173 0.155385 0.334031 0.141538 0.331937 0.139231 0.335079 0.135385 0.335079 0.132308 0.330890 0.131538 0.300524 0.133846 0.292147 0.138462 0.289005 0.141538 0.295288 0.144615 0.295288 0.150000 0.291099 0.150000 0.286911 0.146154 0.279581
0 0.076154 0.423037 0.068462 0.430366 0.064615 0.431414 0.055385 0.441885 0.048462 0.454450 0.041538 0.473298 0.039231 0.514136 0.047692 0.545550 0.063077 0.564398 0.076923 0.573822 0.086154 0.576963 0.108462 0.578010 0.119231 0.574869 0.133846 0.566492 0.147692 0.547644 0.155385 0.522513 0.154615 0.480628 0.152308 0.467016 0.147692 0.454450 0.130769 0.431414 0.115385 0.421990 0.094615 0.418848
0 0.123846 0.589529 0.100000 0.582199 0.080000 0.584293 0.063846 0.592670 0.049231 0.608377 0.039231 0.628272 0.035385 0.640838 0.033077 0.657592 0.035385 0.690052 0.037692 0.697382 0.043846 0.703665 0.060769 0.704712 0.062308 0.706806 0.063846 0.737173 0.067692 0.741361 0.068462 0.747644 0.076154 0.748691 0.080769 0.743455 0.102308 0.741361 0.122308 0.734031 0.130769 0.727749 0.138462 0.718325 0.149231 0.699476 0.152308 0.674346 0.152308 0.640838 0.139231 0.605236 0.133077 0.596859
0 0.124615 0.757068 0.115385 0.751832 0.091538 0.748691 0.081538 0.750785 0.063077 0.759162 0.049231 0.774869 0.044615 0.783246 0.033077 0.811518 0.030769 0.842932 0.033077 0.858639 0.040000 0.880628 0.046923 0.894241 0.053077 0.901571 0.060000 0.904712 0.119231 0.904712 0.132308 0.897382 0.140000 0.889005 0.152308 0.865969 0.150769 0.802094 0.148462 0.791623 0.140769 0.774869
0 0.213077 0.094241 0.203846 0.098429 0.189231 0.113089 0.174615 0.143455 0.170000 0.163351 0.169231 0.182199 0.170769 0.200000 0.173077 0.211518 0.182308 0.232461 0.197692 0.247120 0.209231 0.252356 0.240000 0.250262 0.256154 0.241885 0.272308 0.221990 0.281538 0.193717 0.281538 0.149738 0.279231 0.140314 0.272308 0.125654 0.255385 0.105759 0.235385 0.094241
0 0.239231 0.258639 0.219231 0.255497 0.203077 0.259686 0.188462 0.270157 0.186154 0.277487 0.180769 0.280628 0.170769 0.295288 0.166923 0.297382 0.160769 0.308901 0.167692 0.315183 0.163846 0.342408 0.173077 0.380105 0.190000 0.403141 0.200000 0.409424 0.210769 0.412565 0.223846 0.412565 0.250000 0.404188 0.266154 0.390576 0.273846 0.380105 0.279231 0.363351 0.280769 0.341361 0.280769 0.313089 0.279231 0.304712 0.273077 0.291099 0.262308 0.275393 0.247692 0.262827
0 0.233846 0.423037 0.213077 0.418848 0.200000 0.421990 0.188462 0.429319 0.172308 0.448168 0.168462 0.457592 0.170000 0.465969 0.165385 0.467016 0.161538 0.478534 0.161538 0.490052 0.160000 0.493194 0.160769 0.514136 0.169231 0.545550 0.172308 0.548691 0.173077 0.552880 0.188462 0.568586 0.205385 0.576963 0.220000 0.576963 0.240769 0.569634 0.251538 0.562304 0.266154 0.544503 0.273077 0.526702 0.274615 0.494241 0.271538 0.465969 0.262308 0.450262 0.252308 0.439791 0.253846 0.434555
0 0.180000 0.595812 0.172308 0.604188 0.162308 0.627225 0.156923 0.645026 0.158462 0.692147 0.164615 0.709948 0.180769 0.731937 0.189231 0.739267 0.201538 0.744503 0.231538 0.743455 0.248462 0.736126 0.263077 0.716230 0.273077 0.695288 0.273846 0.647120 0.272308 0.635602 0.265385 0.616754 0.247692 0.597906 0.235385 0.588482 0.220000 0.583246 0.204615 0.583246
0 0.200000 0.750785 0.179231 0.767539 0.171538 0.776963 0.165385 0.787435 0.161538 0.802094 0.157692 0.809424 0.156923 0.843979 0.160769 0.871204 0.174615 0.896335 0.181538 0.902618 0.187692 0.904712 0.229231 0.904712 0.249231 0.899476 0.268462 0.873298 0.272308 0.860733 0.273077 0.819895 0.272308 0.807330 0.268462 0.794764 0.257692 0.773822 0.250769 0.765445 0.217692 0.749738
0 0.314615 0.102618 0.297692 0.120419 0.290769 0.139267 0.287692 0.154974 0.289231 0.186387 0.297692 0.216754 0.309231 0.237696 0.321538 0.249215 0.329231 0.251309 0.356154 0.250262 0.373077 0.240838 0.376923 0.234555 0.382308 0.232461 0.388462 0.225131 0.390769 0.211518 0.396154 0.205236 0.397692 0.200000 0.400769 0.167539 0.399231 0.159162 0.400000 0.151832 0.396923 0.138220 0.389231 0.123560 0.372308 0.104712 0.351538 0.095288 0.333846 0.095288
0 0.330769 0.258639 0.322308 0.261780 0.306923 0.274346 0.300000 0.282723 0.293077 0.299476 0.290000 0.302618 0.286154 0.322513 0.285385 0.340314 0.286923 0.360209 0.293846 0.381152 0.312308 0.405236 0.325385 0.413613 0.353846 0.413613 0.356923 0.410471 0.364615 0.409424 0.379231 0.398953 0.393846 0.378010 0.393846 0.372775 0.396923 0.369634 0.398462 0.346597 0.396923 0.341361 0.397692 0.336126 0.396154 0.334031 0.397692 0.331937 0.396923 0.312042 0.394615 0.309948 0.396154 0.306806 0.393846 0.308901 0.392308 0.306806 0.390000 0.290052 0.383077 0.286911 0.380769 0.275393 0.363846 0.262827 0.353846 0.261780 0.350000 0.258639
0 0.321538 0.421990 0.299231 0.438743 0.290000 0.452356 0.281538 0.471204 0.280000 0.482723 0.280000 0.517277 0.283077 0.534031 0.290769 0.551832 0.296923 0.561257 0.320769 0.579058 0.352308 0.579058 0.371538 0.570681 0.383077 0.558115 0.391538 0.543455 0.396154 0.530890 0.398462 0.516230 0.396154 0.465969 0.393077 0.461780 0.390000 0.451309 0.381538 0.439791 0.366154 0.427225 0.349231 0.419895
0 0.327692 0.585340 0.313846 0.590576 0.299231 0.602094 0.283846 0.627225 0.279231 0.646073 0.278462 0.685864 0.282308 0.703665 0.289231 0.718325 0.299231 0.731937 0.323077 0.747644 0.340000 0.748691 0.362308 0.741361 0.374615 0.730890 0.385385 0.717277 0.396154 0.689005 0.396923 0.656545 0.395385 0.643979 0.390000 0.625131 0.382308 0.610471 0.366154 0.592670 0.355385 0.586387
0 0.306923 0.763351 0.290000 0.786387 0.282308 0.801047 0.282308 0.807330 0.280769 0.809424 0.279231 0.853403 0.283077 0.873298 0.289231 0.884817 0.290000 0.890052 0.298462 0.901571 0.305385 0.904712 0.359231 0.904712 0.373846 0.901571 0.382308 0.891099 0.390000 0.876440 0.393846 0.865969 0.397692 0.846073 0.396923 0.819895 0.390769 0.796859 0.384615 0.788482 0.383077 0.782199 0.373846 0.766492 0.362308 0.762304 0.358462 0.757068 0.345385 0.753927 0.323846 0.752880
0 0.426154 0.757068 0.416154 0.768586 0.408462 0.786387 0.403846 0.806283 0.403077 0.857592 0.406923 0.875393 0.415385 0.894241 0.421538 0.900524 0.430769 0.904712 0.486154 0.904712 0.498462 0.898429 0.511538 0.873298 0.515385 0.860733 0.515385 0.809424 0.513846 0.795812 0.508462 0.781152 0.492308 0.759162 0.476923 0.751832 0.448462 0.751832 0.439231 0.753927 0.434615 0.750785
0 0.452308 0.584293 0.440000 0.587435 0.436154 0.592670 0.428462 0.595812 0.407692 0.621990 0.401538 0.645026 0.401538 0.685864 0.403846 0.690052 0.407692 0.709948 0.423846 0.734031 0.431538 0.740314 0.446923 0.747644 0.465385 0.748691 0.486154 0.740314 0.496154 0.732984 0.506923 0.716230 0.514615 0.698429 0.516154 0.686911 0.516154 0.641885 0.513077 0.626178 0.503077 0.611518 0.500769 0.603141 0.493846 0.598953 0.492308 0.594764 0.475385 0.586387
0 0.439231 0.423037 0.420769 0.438743 0.407692 0.458639 0.401538 0.481675 0.402308 0.521466 0.406923 0.539267 0.415385 0.556021 0.430769 0.571728 0.446154 0.580105 0.475385 0.580105 0.498462 0.562304 0.514615 0.531937 0.517692 0.515183 0.517692 0.489005 0.515385 0.473298 0.507692 0.454450 0.500000 0.446073 0.498462 0.438743 0.490000 0.430366 0.486154 0.430366 0.475385 0.423037 0.466154 0.421990 0.464615 0.419895
0 0.431538 0.267016 0.416154 0.286911 0.408462 0.302618 0.404615 0.318325 0.406154 0.358115 0.410000 0.373822 0.416154 0.388482 0.431538 0.411518 0.438462 0.416754 0.467692 0.415707 0.482308 0.417801 0.485385 0.420942 0.490000 0.419895 0.492308 0.421990 0.501538 0.419895 0.510769 0.405236 0.518462 0.372775 0.520769 0.328796 0.514615 0.297382 0.507692 0.285864 0.507692 0.282723 0.492308 0.265969 0.474615 0.257592 0.453077 0.257592 0.443846 0.259686
0 0.446923 0.098429 0.431538 0.109948 0.419231 0.125654 0.407692 0.157068 0.407692 0.185340 0.411538 0.194764 0.415385 0.218848 0.422308 0.232461 0.430000 0.241885 0.443077 0.251309 0.482308 0.250262 0.499231 0.239791 0.502308 0.233508 0.506154 0.232461 0.510000 0.221990 0.514615 0.215707 0.516154 0.205236 0.519231 0.202094 0.521538 0.190576 0.521538 0.157068 0.516923 0.149738 0.517692 0.146597 0.514615 0.141361 0.513846 0.134031 0.496923 0.107853 0.475385 0.096335 0.456154 0.095288
0 0.562308 0.106806 0.544615 0.122513 0.540769 0.129843 0.542308 0.138220 0.540000 0.140314 0.538462 0.138220 0.539231 0.135079 0.536923 0.134031 0.533077 0.144503 0.534615 0.149738 0.533077 0.152880 0.534615 0.157068 0.533077 0.161257 0.533077 0.178010 0.536923 0.193717 0.535385 0.201047 0.537692 0.208377 0.536154 0.215707 0.544615 0.231414 0.547692 0.230366 0.550000 0.236649 0.559231 0.246073 0.562308 0.246073 0.564615 0.242932 0.570000 0.249215 0.589231 0.253403 0.608462 0.252356 0.613846 0.249215 0.623077 0.238743 0.625385 0.227225 0.627692 0.225131 0.626154 0.220942 0.630769 0.221990 0.634615 0.210471 0.633846 0.205236 0.636154 0.202094 0.634615 0.196859 0.639231 0.190576 0.640000 0.158115 0.630000 0.146597 0.632308 0.142408 0.626154 0.135079 0.623077 0.120419 0.618462 0.118325 0.612308 0.110995 0.603846 0.110995 0.593846 0.102618 0.572308 0.102618
0 0.623846 0.281675 0.617692 0.278534 0.607692 0.267016 0.583077 0.259686 0.572308 0.260733 0.556923 0.267016 0.539231 0.283770 0.532308 0.295288 0.524615 0.321466 0.522308 0.357068 0.523846 0.396859 0.525385 0.404188 0.534615 0.417801 0.539231 0.420942 0.546923 0.421990 0.550000 0.425131 0.567692 0.420942 0.595385 0.421990 0.610769 0.413613 0.625385 0.396859 0.633077 0.382199 0.638462 0.366492 0.640769 0.345550 0.640769 0.323560 0.636154 0.305759
0 0.563077 0.426178 0.548462 0.434555 0.543846 0.440838 0.540769 0.467016 0.536923 0.475393 0.525385 0.475393 0.523077 0.481675 0.520769 0.500524 0.521538 0.531937 0.524615 0.542408 0.532308 0.557068 0.551538 0.576963 0.563846 0.581152 0.586923 0.584293 0.604615 0.579058 0.616154 0.570681 0.625385 0.558115 0.634615 0.537173 0.637692 0.522513 0.639231 0.492147 0.633077 0.469110 0.626923 0.462827 0.627692 0.458639 0.623077 0.448168 0.616154 0.439791 0.593846 0.426178 0.583846 0.424084
0 0.556154 0.590576 0.543846 0.598953 0.536154 0.609424 0.536154 0.613613 0.533077 0.614660 0.533077 0.618848 0.523846 0.629319 0.524615 0.694241 0.527692 0.699476 0.532308 0.716230 0.541538 0.728796 0.556154 0.741361 0.572308 0.747644 0.585385 0.749738 0.601538 0.747644 0.615385 0.737173 0.623077 0.727749 0.625385 0.720419 0.631538 0.715183 0.638462 0.692147 0.638462 0.653403 0.633846 0.641885 0.626154 0.636649 0.626154 0.625131 0.623846 0.615707 0.616923 0.609424 0.612308 0.608377 0.607692 0.598953 0.593077 0.591623 0.567692 0.590576 0.566154 0.588482
0 0.540000 0.770681 0.530769 0.784293 0.523077 0.801047 0.521538 0.827225 0.522308 0.849215 0.525385 0.871204 0.537692 0.897382 0.540769 0.901571 0.546923 0.904712 0.616923 0.903665 0.623077 0.899476 0.636923 0.874346 0.639231 0.861780 0.636923 0.813613 0.633077 0.797906 0.623077 0.774869 0.608462 0.759162 0.599231 0.754974 0.590000 0.753927 0.563846 0.756021 0.547692 0.763351
0 0.626923 0.731937 0.618462 0.750785 0.618462 0.760209 0.626154 0.778010 0.632308 0.787435 0.641538 0.814660 0.641538 0.857592 0.643077 0.869110 0.649231 0.886911 0.656154 0.899476 0.661538 0.904712 0.700000 0.905759 0.744615 0.904712 0.750000 0.901571 0.756154 0.890052 0.761538 0.873298 0.763846 0.858639 0.763846 0.839791 0.760000 0.816754 0.749231 0.789529 0.733077 0.769634 0.724615 0.762304 0.689231 0.758115 0.673846 0.749738 0.662308 0.736126 0.656923 0.732984 0.646923 0.718325 0.640769 0.718325
0 0.630000 0.597906 0.626154 0.608377 0.632308 0.618848 0.640769 0.642932 0.642308 0.659686 0.641538 0.684817 0.643846 0.706806 0.648462 0.717277 0.659231 0.732984 0.680000 0.750785 0.704615 0.756021 0.726154 0.753927 0.750769 0.734031 0.762308 0.700524 0.763846 0.668063 0.758462 0.641885 0.746154 0.617801 0.730000 0.602094 0.713846 0.593717 0.684615 0.592670 0.659231 0.581152 0.649231 0.583246 0.648462 0.585340 0.650769 0.587435 0.646154 0.592670 0.642308 0.590576
0 0.683077 0.430366 0.656923 0.445026 0.653846 0.451309 0.650000 0.453403 0.640769 0.470157 0.641538 0.502618 0.640000 0.536126 0.642308 0.547644 0.653846 0.571728 0.659231 0.576963 0.690000 0.589529 0.709231 0.590576 0.718462 0.588482 0.735385 0.578010 0.750000 0.560209 0.760769 0.525654 0.761538 0.504712 0.759231 0.486911 0.750000 0.460733 0.733846 0.439791 0.713846 0.429319 0.696154 0.428272
0 0.745385 0.287958 0.724615 0.269110 0.699231 0.263874 0.690000 0.264921 0.681538 0.269110 0.664615 0.281675 0.649231 0.302618 0.644615 0.314136 0.640000 0.372775 0.623077 0.407330 0.623077 0.413613 0.625385 0.419895 0.640769 0.436649 0.646154 0.439791 0.655385 0.440838 0.683846 0.426178 0.718462 0.425131 0.732308 0.416754 0.749231 0.397906 0.759231 0.372775 0.763077 0.357068 0.763077 0.338220 0.760769 0.322513 0.757692 0.312042
0 0.733846 0.109948 0.716923 0.101571 0.695385 0.101571 0.671538 0.115183 0.656154 0.134031 0.647692 0.157068 0.646154 0.170681 0.646154 0.208377 0.643077 0.212565 0.637692 0.230366 0.633077 0.235602 0.624615 0.255497 0.624615 0.270157 0.626923 0.277487 0.642308 0.302618 0.646154 0.301571 0.666923 0.275393 0.678462 0.269110 0.686154 0.261780 0.702308 0.260733 0.728462 0.264921 0.736154 0.258639 0.743846 0.248168 0.750000 0.233508 0.756154 0.202094 0.756154 0.162304 0.748462 0.127749 0.741538 0.117277
0 0.626154 0.112042 0.633846 0.127749 0.637692 0.131937 0.642308 0.144503 0.646923 0.146597 0.656923 0.126702 0.673077 0.108901 0.696154 0.097382 0.729231 0.098429 0.734615 0.092147 0.738462 0.081675 0.742308 0.077487 0.750000 0.061780 0.757692 0.024084 0.757692 0.006283 0.755385 0.000000 0.644615 0.000000 0.641538 0.004188 0.640769 0.010471 0.642308 0.045026 0.640000 0.058639 0.626154 0.098429
0 0.736154 0.104712 0.748462 0.119372 0.755385 0.132984 0.759231 0.132984 0.776154 0.109948 0.793077 0.099476 0.805385 0.098429 0.836154 0.102618 0.842308 0.099476 0.859231 0.080628 0.874615 0.050262 0.876154 0.040838 0.876154 0.007330 0.873846 0.000000 0.763846 0.000000 0.761538 0.005236 0.760769 0.029319 0.757692 0.047120 0.750769 0.063874 0.748462 0.075393 0.736923 0.095288
0 0.842308 0.113089 0.836154 0.108901 0.816154 0.102618 0.796923 0.103665 0.782308 0.109948 0.774615 0.116230 0.766923 0.126702 0.760769 0.146597 0.758462 0.165445 0.758462 0.216754 0.750769 0.248168 0.744615 0.253403 0.743846 0.259686 0.738462 0.267016 0.740769 0.275393 0.747692 0.280628 0.753846 0.292147 0.764615 0.292147 0.798462 0.265969 0.833846 0.261780 0.842308 0.256545 0.860769 0.233508 0.868462 0.215707 0.871538 0.203141 0.873077 0.186387 0.871538 0.165445 0.867692 0.150785 0.860000 0.134031 0.854615 0.125654 0.848462 0.121466
0 0.875385 0.298429 0.868462 0.295288 0.859231 0.281675 0.849231 0.274346 0.830000 0.265969 0.814615 0.265969 0.805385 0.269110 0.782308 0.282723 0.766154 0.301571 0.762308 0.313089 0.766154 0.353927 0.763846 0.369634 0.749231 0.403141 0.736154 0.414660 0.730000 0.424084 0.730000 0.428272 0.735385 0.435602 0.745385 0.438743 0.753077 0.443979 0.780769 0.436649 0.804615 0.426178 0.839231 0.426178 0.857692 0.414660 0.873846 0.391623 0.882308 0.364398 0.883077 0.340314
0 0.806154 0.432461 0.791538 0.438743 0.786923 0.443979 0.774615 0.450262 0.764615 0.463874 0.762308 0.475393 0.766154 0.509948 0.766154 0.537173 0.773846 0.562304 0.782308 0.572775 0.790769 0.579058 0.819231 0.588482 0.831538 0.588482 0.843077 0.585340 0.846923 0.581152 0.856923 0.576963 0.870000 0.560209 0.873846 0.551832 0.880769 0.517277 0.880769 0.500524 0.877692 0.482723 0.873846 0.470157 0.866154 0.457592 0.849231 0.439791 0.826154 0.430366
0 0.731538 0.592670 0.730769 0.600000 0.753077 0.626178 0.763077 0.650262 0.765385 0.660733 0.766154 0.695288 0.770769 0.722513 0.773846 0.729843 0.780000 0.737173 0.797692 0.750785 0.806923 0.754974 0.839231 0.757068 0.856923 0.748691 0.873846 0.727749 0.882308 0.703665 0.883846 0.694241 0.883846 0.658639 0.873846 0.628272 0.860000 0.610471 0.842308 0.597906 0.830000 0.593717 0.804615 0.590576 0.787692 0.583246 0.771538 0.580105 0.750769 0.579058 0.734615 0.587435
0 0.735385 0.752880 0.732308 0.759162 0.733077 0.763351 0.738462 0.772775 0.750000 0.785340 0.751538 0.791623 0.763077 0.812565 0.765385 0.828272 0.766923 0.874346 0.773077 0.890052 0.780769 0.899476 0.787692 0.903665 0.798462 0.905759 0.862308 0.905759 0.868462 0.903665 0.875385 0.895288 0.883077 0.874346 0.885385 0.859686 0.884615 0.826178 0.882308 0.813613 0.874615 0.793717 0.859231 0.773822 0.840769 0.761257 0.800000 0.759162 0.795385 0.752880 0.786923 0.747644 0.780769 0.746597 0.780000 0.744503 0.775385 0.745550 0.771538 0.750785 0.767692 0.750785 0.763846 0.753927 0.750769 0.753927 0.740769 0.750785
0 0.975385 0.125654 0.967692 0.118325 0.951538 0.108901 0.943077 0.106806 0.922308 0.107853 0.915385 0.109948 0.899231 0.120419 0.875385 0.146597 0.872308 0.156021 0.874615 0.169634 0.874615 0.203141 0.871538 0.218848 0.860769 0.240838 0.851538 0.254450 0.855385 0.271204 0.863077 0.280628 0.878462 0.289005 0.888462 0.284817 0.900769 0.274346 0.916923 0.265969 0.955385 0.262827 0.966154 0.256545 0.975385 0.247120 0.984615 0.233508 0.987692 0.221990 0.990769 0.217801 0.996154 0.187435 0.991538 0.158115 0.986154 0.149738 0.983846 0.138220
0 0.996154 0.301571 0.987692 0.291099 0.983077 0.281675 0.974615 0.278534 0.966154 0.271204 0.952308 0.267016 0.937692 0.265969 0.923846 0.268063 0.893077 0.283770 0.886154 0.295288 0.886154 0.344503 0.883077 0.372775 0.871538 0.401047 0.855385 0.420942 0.848462 0.424084 0.846923 0.431414 0.861538 0.440838 0.874615 0.440838 0.895385 0.434555 0.900769 0.430366 0.923846 0.424084 0.958462 0.424084 0.964615 0.421990 0.976923 0.412565 0.990769 0.396859 0.997692 0.378010 1.000000 0.375916 1.000000 0.309948 0.997692 0.307853
0 0.853077 0.595812 0.853077 0.600000 0.864615 0.610471 0.876154 0.627225 0.885385 0.651309 0.887692 0.689005 0.886154 0.702618 0.888462 0.708901 0.884615 0.713089 0.885385 0.718325 0.892308 0.719372 0.907692 0.734031 0.930769 0.748691 0.944615 0.752880 0.960769 0.752880 0.972308 0.749738 0.983846 0.741361 0.996154 0.723560 0.997692 0.718325 1.000000 0.717277 1.000000 0.626178 0.976154 0.594764 0.959231 0.587435 0.922308 0.590576 0.914615 0.587435 0.896923 0.587435 0.878462 0.583246 0.860769 0.582199 0.858462 0.586387 0.858462 0.591623
0 0.859231 0.751832 0.856923 0.763351 0.860769 0.772775 0.873846 0.786387 0.876154 0.795812 0.882308 0.806283 0.886154 0.818848 0.888462 0.841885 0.888462 0.884817 0.897692 0.898429 0.911538 0.904712 0.962308 0.905759 1.000000 0.903665 1.000000 0.795812 0.989231 0.782199 0.968462 0.765445 0.952308 0.759162 0.940000 0.758115 0.932308 0.754974 0.904615 0.736126 0.893077 0.732984 0.889231 0.729843 0.876923 0.728796 0.870769 0.747644
