0 0.124183 0.158568 0.104575 0.173913 0.101307 0.186701 0.102941 0.260870 0.071895 0.296675 0.062092 0.332481 0.065359 0.445013 0.070261 0.491049 0.081699 0.521739 0.094771 0.542199 0.102941 0.572890 0.099673 0.583120 0.104575 0.611253 0.084967 0.675192 0.084967 0.703325 0.116013 0.989770 0.120915 1.000000 0.241830 1.000000 0.253268 0.994885 0.256536 0.984655 0.254902 0.872123 0.241830 0.744246 0.248366 0.708440 0.248366 0.667519 0.241830 0.634271 0.238562 0.585678 0.227124 0.526854 0.217320 0.398977 0.218954 0.381074 0.238562 0.332481 0.238562 0.314578 0.222222 0.281330 0.181373 0.248082 0.176471 0.186701 0.168301 0.163683 0.156863 0.156010
0 0.290850 0.204604 0.274510 0.214834 0.266340 0.230179 0.264706 0.317136 0.241830 0.335038 0.233660 0.347826 0.222222 0.386189 0.228758 0.498721 0.238562 0.562660 0.250000 0.595908 0.253268 0.621483 0.254902 0.698210 0.248366 0.764706 0.264706 0.895141 0.267974 0.989770 0.271242 1.000000 0.403595 1.000000 0.405229 0.956522 0.398693 0.828645 0.401961 0.739130 0.395425 0.611253 0.390523 0.583120 0.392157 0.427110 0.403595 0.388747 0.403595 0.365729 0.388889 0.329923 0.348039 0.294118 0.341503 0.232737 0.334967 0.214834 0.310458 0.202046
0 0.478758 0.248082 0.454248 0.263427 0.449346 0.283887 0.447712 0.350384 0.410131 0.388747 0.400327 0.404092 0.395425 0.432225 0.395425 0.588235 0.405229 0.649616 0.405229 0.828645 0.408497 0.907928 0.418301 0.982097 0.416667 0.992327 0.424837 1.000000 0.570261 1.000000 0.571895 0.869565 0.584967 0.749361 0.580065 0.473146 0.588235 0.439898 0.588235 0.419437 0.581699 0.396419 0.570261 0.378517 0.531046 0.347826 0.527778 0.283887 0.522876 0.260870 0.508170 0.250639
0 0.656863 0.296675 0.640523 0.314578 0.633987 0.404092 0.594771 0.439898 0.584967 0.462916 0.583333 0.491049 0.589869 0.565217 0.588235 0.641944 0.593137 0.744246 0.588235 0.764706 0.586601 0.826087 0.580065 0.851662 0.580065 0.948849 0.583333 0.959079 0.583333 0.987212 0.589869 1.000000 0.756536 1.000000 0.761438 0.992327 0.761438 0.971867 0.758170 0.964194 0.764706 0.951407 0.764706 0.900256 0.771242 0.867008 0.781046 0.718670 0.771242 0.595908 0.776144 0.537084 0.776144 0.480818 0.764706 0.450128 0.720588 0.406650 0.718954 0.322251 0.710784 0.304348 0.691176 0.294118
0 0.864379 0.337596 0.844771 0.347826 0.838235 0.360614 0.831699 0.445013 0.782680 0.493606 0.781046 0.580563 0.777778 0.598465 0.785948 0.690537 0.782680 0.836317 0.777778 0.890026 0.782680 1.000000 0.950980 1.000000 0.957516 0.943734 0.954248 0.910486 0.955882 0.785166 0.975490 0.608696 0.977124 0.557545 0.967320 0.501279 0.955882 0.483376 0.923203 0.452685 0.919935 0.368286 0.916667 0.358056 0.901961 0.342711
0 0.000000 0.112532 0.000000 0.943734 0.068627 0.938619 0.071895 0.930946 0.081699 0.933504 0.093137 0.928389 0.094771 0.915601 0.093137 0.841432 0.081699 0.774936 0.076797 0.675192 0.071895 0.657289 0.073529 0.606138 0.068627 0.580563 0.068627 0.531969 0.063725 0.511509 0.057190 0.332481 0.063725 0.304348 0.080065 0.278772 0.080065 0.253197 0.070261 0.235294 0.034314 0.212276 0.022876 0.199488 0.022876 0.166240 0.013072 0.117647
0 0.055556 0.007673 0.039216 0.015345 0.031046 0.030691 0.032680 0.102302 0.029412 0.115090 0.021242 0.125320 0.026144 0.194373 0.031046 0.204604 0.073529 0.235294 0.083333 0.253197 0.084967 0.265985 0.093137 0.268542 0.101307 0.258312 0.099673 0.199488 0.102941 0.176471 0.125817 0.156010 0.153595 0.153453 0.155229 0.143223 0.147059 0.125320 0.120915 0.109974 0.106209 0.094629 0.101307 0.028133 0.094771 0.015345 0.083333 0.007673
0 0.197712 0.056266 0.186275 0.063939 0.179739 0.084399 0.181373 0.156010 0.174837 0.166240 0.183007 0.240409 0.186275 0.250639 0.225490 0.281330 0.236928 0.301790 0.243464 0.324808 0.251634 0.324808 0.264706 0.309463 0.264706 0.230179 0.271242 0.217391 0.285948 0.204604 0.307190 0.199488 0.307190 0.191816 0.292484 0.168798 0.263072 0.153453 0.256536 0.143223 0.254902 0.107417 0.246732 0.063939 0.223856 0.051151
0 0.392157 0.086957 0.375817 0.094629 0.369281 0.104859 0.366013 0.189258 0.341503 0.214834 0.341503 0.230179 0.349673 0.289003 0.387255 0.324808 0.403595 0.355499 0.406863 0.375959 0.413399 0.378517 0.444444 0.350384 0.447712 0.281330 0.454248 0.260870 0.465686 0.250639 0.486928 0.242967 0.486928 0.232737 0.475490 0.214834 0.442810 0.184143 0.439542 0.115090 0.431373 0.094629 0.419935 0.086957
0 0.570261 0.135550 0.549020 0.143223 0.539216 0.156010 0.534314 0.176471 0.535948 0.232737 0.524510 0.250639 0.529412 0.278772 0.531046 0.340153 0.534314 0.347826 0.552288 0.358056 0.575163 0.381074 0.596405 0.432225 0.630719 0.401535 0.638889 0.317136 0.645425 0.304348 0.660131 0.294118 0.663399 0.283887 0.651961 0.263427 0.620915 0.242967 0.614379 0.232737 0.612745 0.176471 0.607843 0.150895 0.596405 0.140665
0 0.720588 0.184143 0.712418 0.202046 0.709150 0.278772 0.702614 0.286445 0.702614 0.296675 0.718954 0.319693 0.722222 0.401535 0.759804 0.442455 0.779412 0.478261 0.787582 0.478261 0.826797 0.445013 0.839869 0.340153 0.826797 0.312020 0.792484 0.276215 0.789216 0.204604 0.781046 0.184143 0.753268 0.173913
0 0.936275 0.196931 0.921569 0.214834 0.913399 0.296675 0.883987 0.317136 0.875817 0.332481 0.903595 0.342711 0.919935 0.365729 0.926471 0.452685 0.952614 0.473146 0.967320 0.493606 0.982026 0.537084 0.985294 0.588235 1.000000 0.585678 1.000000 0.232737 0.993464 0.209719 0.982026 0.199488 0.967320 0.194373
0 1.000000 0.079284 0.959150 0.076726 0.946078 0.097187 0.939542 0.171355 0.934641 0.179028 0.908497 0.191816 0.888889 0.217391 0.883987 0.237852 0.885621 0.268542 0.880719 0.314578 0.893791 0.312020 0.913399 0.296675 0.919935 0.222506 0.933007 0.199488 0.959150 0.191816 0.990196 0.204604 1.000000 0.222506
0 0.756536 0.074169 0.750000 0.081841 0.746732 0.097187 0.746732 0.168798 0.777778 0.181586 0.787582 0.194373 0.794118 0.276215 0.797386 0.283887 0.815359 0.296675 0.844771 0.342711 0.857843 0.337596 0.867647 0.324808 0.866013 0.304348 0.870915 0.281330 0.869281 0.240409 0.856209 0.209719 0.821895 0.168798 0.818627 0.084399 0.812092 0.074169 0.789216 0.066496 0.771242 0.066496
0 0.586601 0.035806 0.578431 0.051151 0.576797 0.127877 0.580065 0.135550 0.598039 0.140665 0.609477 0.156010 0.616013 0.235294 0.650327 0.260870 0.666667 0.289003 0.687908 0.289003 0.691176 0.271100 0.689542 0.253197 0.699346 0.209719 0.697712 0.181586 0.679739 0.148338 0.656863 0.127877 0.647059 0.043478 0.630719 0.030691 0.594771 0.030691
0 0.416667 0.000000 0.415033 0.076726 0.418301 0.084399 0.433007 0.094629 0.439542 0.109974 0.444444 0.181586 0.475490 0.212276 0.491830 0.240409 0.503268 0.248082 0.522876 0.248082 0.529412 0.237852 0.529412 0.143223 0.516340 0.102302 0.488562 0.076726 0.483660 0.002558
0 0.254902 0.000000 0.256536 0.051151 0.250000 0.058824 0.250000 0.071611 0.254902 0.089514 0.259804 0.148338 0.294118 0.168798 0.313725 0.199488 0.333333 0.209719 0.343137 0.209719 0.359477 0.194373 0.364379 0.181586 0.364379 0.130435 0.369281 0.089514 0.357843 0.071611 0.328431 0.046036 0.326797 0.002558
0 0.772876 0.000000 0.769608 0.063939 0.808824 0.071611 0.818627 0.084399 0.823529 0.168798 0.864379 0.222506 0.872549 0.250639 0.872549 0.265985 0.875817 0.268542 0.875817 0.278772 0.870915 0.281330 0.869281 0.291560 0.872549 0.299233 0.874183 0.281330 0.880719 0.265985 0.879085 0.242967 0.887255 0.207161 0.890523 0.122762 0.882353 0.094629 0.846405 0.061381 0.844771 0.000000
