0 0.000000 0.572985 0.000000 0.952070 0.112745 0.954248 0.117647 0.960784 0.116013 0.993464 0.119281 1.000000 0.274510 1.000000 0.276144 0.995643 0.290850 1.000000 0.300654 0.995643 0.300654 0.969499 0.297386 0.969499 0.295752 0.984749 0.285948 0.984749 0.282680 0.980392 0.303922 0.952070 0.307190 0.893246 0.316993 0.851852 0.326797 0.771242 0.320261 0.732026 0.295752 0.677560 0.279412 0.655773 0.254902 0.649237 0.248366 0.638344 0.186275 0.618736 0.151961 0.620915 0.124183 0.557734 0.116013 0.546841 0.099673 0.538126 0.070261 0.535948 0.045752 0.542484
0 0.334967 0.860566 0.334967 0.967320 0.338235 0.989107 0.346405 1.000000 0.663399 1.000000 0.679739 0.945534 0.683007 0.906318 0.679739 0.840959 0.668301 0.821351 0.653595 0.777778 0.632353 0.747277 0.589869 0.734205 0.584967 0.727669 0.581699 0.681917 0.573529 0.657952 0.558824 0.638344 0.529412 0.620915 0.503268 0.616558 0.483660 0.620915 0.446078 0.644880 0.431373 0.671024 0.423203 0.723312 0.382353 0.755991 0.374183 0.773420 0.357843 0.793028 0.346405 0.834423
0 0.259804 0.259259 0.236928 0.270153 0.223856 0.287582 0.222222 0.311547 0.230392 0.359477 0.212418 0.394336 0.200980 0.433551 0.174837 0.468410 0.161765 0.503268 0.163399 0.544662 0.173203 0.575163 0.189542 0.594771 0.230392 0.614379 0.256536 0.618736 0.277778 0.633987 0.310458 0.681917 0.326797 0.714597 0.328431 0.727669 0.336601 0.745098 0.336601 0.755991 0.354575 0.758170 0.385621 0.721133 0.397059 0.716776 0.405229 0.705882 0.408497 0.684096 0.429739 0.640523 0.434641 0.522876 0.429739 0.464052 0.423203 0.448802 0.419935 0.424837 0.410131 0.407407 0.380719 0.379085 0.336601 0.346405 0.331699 0.335512 0.326797 0.285403 0.315359 0.265795 0.285948 0.257081
0 0.000000 0.126362 0.000000 0.396514 0.044118 0.411765 0.055556 0.420479 0.070261 0.440087 0.091503 0.481481 0.109477 0.529412 0.125817 0.546841 0.130719 0.559913 0.147059 0.564270 0.148693 0.549020 0.151961 0.546841 0.150327 0.533769 0.153595 0.531590 0.148693 0.494553 0.163399 0.464052 0.187908 0.429194 0.200980 0.381264 0.199346 0.350763 0.181373 0.270153 0.169935 0.252723 0.075163 0.187364 0.070261 0.178649 0.068627 0.152505 0.057190 0.126362 0.045752 0.119826
0 0.627451 0.328976 0.601307 0.315904 0.578431 0.313725 0.555556 0.320261 0.539216 0.335512 0.532680 0.363834 0.532680 0.400871 0.529412 0.409586 0.496732 0.446623 0.482026 0.455338 0.472222 0.470588 0.467320 0.488017 0.452614 0.503268 0.446078 0.546841 0.444444 0.590414 0.446078 0.616558 0.452614 0.629630 0.506536 0.612200 0.540850 0.618736 0.560458 0.627451 0.563725 0.636166 0.571895 0.638344 0.598039 0.603486 0.638889 0.601307 0.681373 0.605664 0.696078 0.594771 0.702614 0.564270 0.700980 0.514161 0.694444 0.496732 0.687908 0.492375 0.669935 0.459695 0.642157 0.424837 0.638889 0.416122 0.640523 0.355120 0.637255 0.342048
0 0.975490 0.315904 0.950980 0.296296 0.918301 0.285403 0.882353 0.287582 0.867647 0.302832 0.859477 0.324619 0.854575 0.361656 0.848039 0.372549 0.779412 0.418301 0.758170 0.427015 0.750000 0.455338 0.733660 0.472767 0.725490 0.494553 0.732026 0.509804 0.736928 0.562092 0.745098 0.572985 0.746732 0.583878 0.751634 0.581699 0.761438 0.594771 0.790850 0.601307 0.916667 0.601307 0.955882 0.594771 0.985294 0.562092 1.000000 0.525054 1.000000 0.483660 0.991830 0.464052 0.970588 0.437908 0.959150 0.407407 0.968954 0.387800 0.982026 0.342048
0 1.000000 0.644880 0.967320 0.642702 0.936275 0.655773 0.921569 0.675381 0.903595 0.729847 0.844771 0.729847 0.821895 0.736383 0.787582 0.736383 0.763072 0.755991 0.754902 0.773420 0.738562 0.793028 0.733660 0.812636 0.723856 0.825708 0.718954 0.840959 0.717320 0.873638 0.722222 0.895425 0.723856 0.952070 0.730392 0.960784 0.732026 0.984749 0.745098 1.000000 1.000000 1.000000
0 0.854575 0.106754 0.825163 0.095861 0.790850 0.100218 0.782680 0.111111 0.774510 0.161220 0.705882 0.228758 0.694444 0.246187 0.686275 0.274510 0.684641 0.322440 0.687908 0.342048 0.687908 0.405229 0.697712 0.435730 0.738562 0.444444 0.745098 0.431373 0.761438 0.416122 0.799020 0.398693 0.848039 0.363834 0.862745 0.311547 0.883987 0.281046 0.882353 0.246187 0.864379 0.200436 0.849673 0.176471 0.861111 0.128540 0.859477 0.113290
0 0.614379 0.145969 0.594771 0.137255 0.568627 0.137255 0.553922 0.141612 0.540850 0.154684 0.539216 0.215686 0.519608 0.241830 0.503268 0.254902 0.483660 0.289760 0.475490 0.337691 0.475490 0.374728 0.480392 0.398693 0.490196 0.413943 0.503268 0.418301 0.526144 0.405229 0.531046 0.392157 0.532680 0.355120 0.537582 0.339869 0.552288 0.322440 0.573529 0.313725 0.601307 0.315904 0.630719 0.331155 0.640523 0.346405 0.642157 0.403050 0.645425 0.407407 0.663399 0.405229 0.678105 0.374728 0.678105 0.331155 0.648693 0.254902 0.617647 0.213508 0.620915 0.159041
0 0.312092 0.115468 0.300654 0.132898 0.305556 0.193900 0.276144 0.252723 0.315359 0.265795 0.328431 0.287582 0.336601 0.339869 0.354575 0.357298 0.403595 0.389978 0.421569 0.411765 0.431373 0.431373 0.442810 0.435730 0.452614 0.422658 0.459150 0.374728 0.455882 0.352941 0.457516 0.300654 0.436275 0.241830 0.419935 0.217865 0.383987 0.180828 0.380719 0.132898 0.372549 0.115468 0.361111 0.108932 0.328431 0.108932
0 0.145425 0.061002 0.140523 0.067538 0.140523 0.087146 0.150327 0.122004 0.132353 0.172113 0.132353 0.204793 0.142157 0.226580 0.178105 0.254902 0.186275 0.272331 0.194444 0.311547 0.205882 0.333333 0.205882 0.342048 0.217320 0.352941 0.218954 0.291939 0.235294 0.267974 0.269608 0.248366 0.289216 0.209150 0.289216 0.185185 0.277778 0.165577 0.240196 0.132898 0.210784 0.098039 0.204248 0.065359 0.197712 0.054466 0.174837 0.052288
0 0.354575 0.019608 0.348039 0.028322 0.348039 0.056645 0.352941 0.080610 0.351307 0.104575 0.364379 0.108932 0.375817 0.119826 0.388889 0.183007 0.424837 0.220044 0.455882 0.265795 0.465686 0.263617 0.473856 0.248366 0.480392 0.217865 0.475490 0.152505 0.411765 0.069717 0.413399 0.032680 0.410131 0.023965 0.403595 0.017429 0.385621 0.013072
0 0.797386 0.032680 0.782680 0.026144 0.750000 0.026144 0.740196 0.034858 0.733660 0.058824 0.733660 0.078431 0.725490 0.091503 0.727124 0.095861 0.707516 0.119826 0.696078 0.126362 0.671569 0.167756 0.669935 0.191721 0.678105 0.248366 0.684641 0.248366 0.700980 0.226580 0.732026 0.202614 0.771242 0.161220 0.784314 0.106754 0.797386 0.095861 0.797386 0.080610 0.802288 0.067538 0.802288 0.043573
0 0.949346 0.015251 0.936275 0.010893 0.898693 0.013072 0.892157 0.023965 0.887255 0.058824 0.852941 0.098039 0.861111 0.117647 0.852941 0.176471 0.882353 0.222222 0.895425 0.224401 0.944444 0.187364 0.968954 0.156863 0.970588 0.126362 0.954248 0.080610 0.952614 0.054466 0.955882 0.023965
0 0.086601 0.000000 0.096405 0.032680 0.096405 0.043573 0.078431 0.084967 0.065359 0.128540 0.080065 0.145969 0.111111 0.169935 0.122549 0.172113 0.137255 0.152505 0.147059 0.124183 0.140523 0.069717 0.143791 0.063181 0.165033 0.050109 0.148693 0.026144 0.147059 0.000000
0 0.593137 0.000000 0.586601 0.030501 0.593137 0.039216 0.607843 0.045752 0.614379 0.056645 0.614379 0.106754 0.624183 0.124183 0.633987 0.128540 0.633987 0.141612 0.650327 0.163399 0.661765 0.169935 0.674837 0.148148 0.673203 0.104575 0.669935 0.091503 0.643791 0.041394 0.647059 0.000000
0 0.555556 0.045752 0.547386 0.065359 0.545752 0.106754 0.504902 0.165577 0.496732 0.187364 0.501634 0.239651 0.517974 0.239651 0.535948 0.215686 0.539216 0.206972 0.539216 0.163399 0.547386 0.148148 0.560458 0.139434 0.593137 0.137255 0.607843 0.141612 0.620915 0.159041 0.624183 0.178649 0.622549 0.206972 0.627451 0.224401 0.633987 0.233115 0.638889 0.233115 0.642157 0.241830 0.653595 0.241830 0.655229 0.180828 0.647059 0.156863 0.625817 0.135076 0.624183 0.122004 0.611111 0.102397 0.614379 0.089325 0.612745 0.052288 0.593137 0.039216 0.571895 0.039216
