0 0.306250 0.005000 0.302500 0.011667 0.303750 0.045000 0.321250 0.051667 0.328750 0.065000 0.330000 0.116667 0.345000 0.153333 0.356250 0.166667 0.361250 0.178333 0.370000 0.178333 0.375000 0.170000 0.376250 0.160000 0.381250 0.155000 0.382500 0.141667 0.375000 0.115000 0.352500 0.071667 0.347500 0.051667 0.350000 0.040000 0.348750 0.016667 0.338750 0.003333 0.320000 0.001667
0 0.292500 0.371667 0.267500 0.383333 0.257500 0.395000 0.253750 0.405000 0.252500 0.440000 0.256250 0.486667 0.265000 0.510000 0.263750 0.523333 0.253750 0.560000 0.230000 0.605000 0.203750 0.675000 0.195000 0.713333 0.192500 0.753333 0.195000 0.761667 0.201250 0.768333 0.225000 0.776667 0.242500 0.788333 0.265000 0.823333 0.282500 0.898333 0.288750 0.915000 0.291250 0.931667 0.290000 0.973333 0.292500 0.978333 0.326250 1.000000 0.406250 1.000000 0.418750 0.901667 0.423750 0.893333 0.435000 0.836667 0.440000 0.828333 0.442500 0.798333 0.446250 0.795000 0.443750 0.790000 0.447500 0.788333 0.446250 0.783333 0.450000 0.771667 0.447500 0.763333 0.457500 0.748333 0.466250 0.713333 0.465000 0.676667 0.460000 0.653333 0.445000 0.620000 0.428750 0.593333 0.392500 0.548333 0.370000 0.498333 0.373750 0.476667 0.372500 0.435000 0.368750 0.406667 0.362500 0.388333 0.340000 0.371667
0 0.565000 0.540000 0.547500 0.565000 0.541250 0.593333 0.537500 0.671667 0.543750 0.700000 0.522500 0.736667 0.502500 0.758333 0.473750 0.798333 0.446250 0.860000 0.440000 0.886667 0.435000 0.928333 0.437500 0.931667 0.436250 0.943333 0.442500 0.961667 0.447500 0.993333 0.451250 1.000000 0.762500 1.000000 0.762500 0.995000 0.767500 0.993333 0.770000 0.966667 0.767500 0.955000 0.760000 0.948333 0.762500 0.936667 0.760000 0.933333 0.760000 0.911667 0.752500 0.891667 0.750000 0.863333 0.733750 0.823333 0.697500 0.760000 0.680000 0.718333 0.680000 0.705000 0.687500 0.685000 0.692500 0.626667 0.691250 0.586667 0.683750 0.563333 0.667500 0.543333 0.646250 0.531667 0.627500 0.526667 0.596250 0.526667
0 0.201250 0.240000 0.166250 0.241667 0.142500 0.251667 0.135000 0.261667 0.133750 0.296667 0.138750 0.315000 0.138750 0.328333 0.148750 0.345000 0.148750 0.360000 0.141250 0.395000 0.107500 0.478333 0.097500 0.508333 0.092500 0.535000 0.090000 0.596667 0.095000 0.638333 0.100000 0.646667 0.106250 0.676667 0.123750 0.713333 0.136250 0.753333 0.142500 0.763333 0.156250 0.771667 0.178750 0.768333 0.185000 0.763333 0.191250 0.716667 0.205000 0.660000 0.227500 0.605000 0.250000 0.566667 0.256250 0.550000 0.260000 0.528333 0.260000 0.508333 0.253750 0.481667 0.251250 0.411667 0.257500 0.391667 0.256250 0.380000 0.245000 0.366667 0.232500 0.338333 0.236250 0.303333 0.231250 0.270000 0.226250 0.255000 0.217500 0.245000
0 0.023750 0.175000 0.000000 0.185000 0.000000 0.253333 0.008750 0.268333 0.007500 0.300000 0.000000 0.318333 0.000000 0.516667 0.028750 0.543333 0.065000 0.590000 0.080000 0.598333 0.096250 0.503333 0.140000 0.396667 0.146250 0.356667 0.137500 0.338333 0.102500 0.296667 0.086250 0.265000 0.082500 0.253333 0.085000 0.230000 0.075000 0.186667 0.068750 0.178333 0.061250 0.175000
0 0.830000 0.370000 0.807500 0.385000 0.800000 0.403333 0.791250 0.461667 0.795000 0.486667 0.788750 0.503333 0.761250 0.543333 0.730000 0.576667 0.695000 0.626667 0.685000 0.715000 0.695000 0.746667 0.735000 0.815000 0.766250 0.885000 0.780000 0.946667 0.783750 1.000000 0.922500 1.000000 0.933750 0.990000 0.931250 0.981667 0.937500 0.968333 0.936250 0.963333 0.951250 0.901667 0.962500 0.873333 0.968750 0.826667 0.967500 0.755000 0.958750 0.698333 0.943750 0.643333 0.913750 0.573333 0.902500 0.525000 0.903750 0.510000 0.913750 0.490000 0.918750 0.468333 0.923750 0.415000 0.917500 0.396667 0.911250 0.388333 0.896250 0.378333 0.855000 0.368333
0 0.598750 0.270000 0.562500 0.265000 0.546250 0.268333 0.532500 0.276667 0.525000 0.301667 0.523750 0.351667 0.527500 0.365000 0.525000 0.386667 0.503750 0.433333 0.472500 0.483333 0.455000 0.516667 0.452500 0.526667 0.451250 0.576667 0.456250 0.593333 0.455000 0.623333 0.460000 0.638333 0.465000 0.643333 0.473750 0.685000 0.481250 0.698333 0.481250 0.710000 0.487500 0.708333 0.490000 0.730000 0.497500 0.743333 0.513750 0.736667 0.530000 0.716667 0.531250 0.708333 0.537500 0.701667 0.537500 0.681667 0.532500 0.670000 0.532500 0.650000 0.538750 0.631667 0.540000 0.595000 0.547500 0.565000 0.558750 0.546667 0.575000 0.533333 0.600000 0.525000 0.632500 0.526667 0.662500 0.540000 0.668750 0.538333 0.667500 0.525000 0.657500 0.495000 0.630000 0.441667 0.615000 0.398333 0.611250 0.375000 0.618750 0.358333 0.620000 0.293333 0.613750 0.280000
0 1.000000 0.265000 0.988750 0.266667 0.975000 0.281667 0.970000 0.295000 0.962500 0.336667 0.965000 0.361667 0.946250 0.395000 0.928750 0.416667 0.925000 0.426667 0.918750 0.481667 0.906250 0.510000 0.907500 0.543333 0.922500 0.593333 0.951250 0.655000 0.967500 0.718333 0.971250 0.766667 0.973750 0.771667 0.973750 0.793333 0.977500 0.801667 0.973750 0.806667 0.975000 0.833333 0.978750 0.830000 0.983750 0.831667 0.987500 0.826667 0.986250 0.811667 1.000000 0.815000 1.000000 0.805000 0.993750 0.808333 0.991250 0.805000 0.981250 0.805000 0.978750 0.800000 0.990000 0.793333 1.000000 0.800000 1.000000 0.788333 0.992500 0.793333 0.991250 0.790000 0.986250 0.791667 0.983750 0.786667 0.987500 0.778333 0.992500 0.780000 0.988750 0.785000 0.992500 0.780000 1.000000 0.785000
0 0.740000 0.186667 0.710000 0.186667 0.697500 0.190000 0.690000 0.196667 0.683750 0.225000 0.682500 0.258333 0.685000 0.273333 0.681250 0.285000 0.662500 0.323333 0.633750 0.365000 0.618750 0.395000 0.620000 0.410000 0.642500 0.466667 0.660000 0.496667 0.675000 0.545000 0.688750 0.568333 0.696250 0.601667 0.700000 0.606667 0.756250 0.546667 0.780000 0.513333 0.790000 0.486667 0.790000 0.455000 0.795000 0.423333 0.795000 0.401667 0.766250 0.331667 0.757500 0.291667 0.757500 0.275000 0.762500 0.263333 0.766250 0.241667 0.767500 0.208333 0.765000 0.200000 0.757500 0.193333
0 0.883750 0.138333 0.845000 0.131667 0.828750 0.135000 0.821250 0.141667 0.815000 0.178333 0.816250 0.205000 0.797500 0.248333 0.762500 0.303333 0.767500 0.333333 0.782500 0.371667 0.795000 0.393333 0.802500 0.391667 0.815000 0.375000 0.831250 0.366667 0.856250 0.365000 0.896250 0.375000 0.908750 0.385000 0.916250 0.383333 0.920000 0.375000 0.920000 0.345000 0.878750 0.225000 0.878750 0.210000 0.887500 0.195000 0.891250 0.165000 0.890000 0.145000
0 0.396250 0.176667 0.383750 0.180000 0.373750 0.190000 0.371250 0.240000 0.378750 0.268333 0.367500 0.310000 0.345000 0.356667 0.342500 0.370000 0.355000 0.378333 0.366250 0.393333 0.373750 0.430000 0.373750 0.496667 0.376250 0.511667 0.398750 0.553333 0.442500 0.601667 0.445000 0.598333 0.446250 0.550000 0.453750 0.511667 0.471250 0.480000 0.498750 0.440000 0.506250 0.423333 0.506250 0.408333 0.496250 0.376667 0.462500 0.313333 0.455000 0.293333 0.448750 0.263333 0.451250 0.251667 0.451250 0.208333 0.447500 0.188333 0.430000 0.178333
0 0.220000 0.133333 0.216250 0.141667 0.216250 0.171667 0.226250 0.208333 0.221250 0.245000 0.231250 0.266667 0.237500 0.311667 0.235000 0.343333 0.247500 0.365000 0.253750 0.365000 0.262500 0.378333 0.271250 0.378333 0.302500 0.366667 0.337500 0.365000 0.350000 0.343333 0.352500 0.328333 0.341250 0.300000 0.306250 0.245000 0.290000 0.211667 0.287500 0.201667 0.290000 0.175000 0.282500 0.133333 0.276250 0.126667 0.237500 0.125000
0 0.166250 0.078333 0.132500 0.080000 0.120000 0.086667 0.116250 0.093333 0.118750 0.131667 0.125000 0.143333 0.126250 0.158333 0.121250 0.186667 0.095000 0.261667 0.095000 0.280000 0.110000 0.305000 0.121250 0.313333 0.130000 0.326667 0.135000 0.323333 0.132500 0.270000 0.140000 0.253333 0.163750 0.240000 0.202500 0.238333 0.217500 0.241667 0.220000 0.235000 0.218750 0.211667 0.188750 0.166667 0.181250 0.140000 0.182500 0.115000 0.178750 0.093333
0 0.033750 0.055000 0.025000 0.065000 0.027500 0.093333 0.035000 0.118333 0.031250 0.148333 0.025000 0.171667 0.060000 0.173333 0.070000 0.178333 0.076250 0.186667 0.086250 0.230000 0.087500 0.258333 0.091250 0.263333 0.092500 0.253333 0.112500 0.210000 0.120000 0.186667 0.121250 0.173333 0.095000 0.135000 0.092500 0.123333 0.086250 0.113333 0.085000 0.080000 0.078750 0.058333 0.066250 0.051667
0 0.181250 0.025000 0.176250 0.030000 0.175000 0.046667 0.181250 0.076667 0.181250 0.106667 0.185000 0.128333 0.183750 0.145000 0.196250 0.176667 0.217500 0.201667 0.218750 0.190000 0.213750 0.161667 0.215000 0.143333 0.221250 0.131667 0.243750 0.123333 0.246250 0.118333 0.230000 0.081667 0.226250 0.033333 0.216250 0.023333 0.193750 0.021667
0 0.278750 0.051667 0.272500 0.063333 0.273750 0.093333 0.278750 0.110000 0.277500 0.123333 0.285000 0.138333 0.290000 0.165000 0.290000 0.206667 0.297500 0.226667 0.313750 0.255000 0.327500 0.271667 0.330000 0.280000 0.342500 0.290000 0.345000 0.268333 0.368750 0.220000 0.366250 0.188333 0.345000 0.153333 0.328750 0.116667 0.328750 0.075000 0.325000 0.055000 0.311250 0.048333
0 0.390000 0.086667 0.382500 0.101667 0.385000 0.146667 0.375000 0.173333 0.375000 0.181667 0.413750 0.175000 0.433750 0.178333 0.450000 0.191667 0.452500 0.196667 0.452500 0.268333 0.455000 0.290000 0.462500 0.310000 0.472500 0.313333 0.482500 0.311667 0.486250 0.273333 0.482500 0.243333 0.477500 0.235000 0.470000 0.231667 0.467500 0.211667 0.458750 0.190000 0.453750 0.185000 0.441250 0.150000 0.445000 0.131667 0.441250 0.093333 0.436250 0.086667 0.425000 0.081667 0.405000 0.081667
0 0.591250 0.128333 0.572500 0.123333 0.553750 0.125000 0.540000 0.130000 0.535000 0.140000 0.532500 0.178333 0.536250 0.200000 0.531250 0.220000 0.521250 0.245000 0.500000 0.281667 0.498750 0.293333 0.492500 0.298333 0.486250 0.311667 0.482500 0.330000 0.485000 0.351667 0.512500 0.401667 0.522500 0.390000 0.526250 0.375000 0.522500 0.345000 0.527500 0.288333 0.533750 0.276667 0.551250 0.266667 0.590000 0.266667 0.600000 0.270000 0.615000 0.281667 0.622500 0.301667 0.623750 0.350000 0.617500 0.360000 0.617500 0.370000 0.622500 0.373333 0.640000 0.350000 0.638750 0.321667 0.631250 0.300000 0.623750 0.295000 0.618750 0.273333 0.612500 0.263333 0.602500 0.231667 0.596250 0.198333 0.601250 0.178333 0.601250 0.140000
0 0.721250 0.086667 0.708750 0.081667 0.691250 0.081667 0.671250 0.088333 0.665000 0.116667 0.666250 0.153333 0.662500 0.168333 0.652500 0.191667 0.617500 0.253333 0.617500 0.266667 0.640000 0.315000 0.646250 0.336667 0.652500 0.335000 0.670000 0.308333 0.682500 0.276667 0.681250 0.238333 0.688750 0.198333 0.700000 0.188333 0.725000 0.181667 0.721250 0.148333 0.727500 0.125000 0.727500 0.095000
0 0.825000 0.056667 0.790000 0.053333 0.780000 0.058333 0.775000 0.075000 0.773750 0.113333 0.762500 0.145000 0.740000 0.181667 0.742500 0.186667 0.752500 0.188333 0.761250 0.195000 0.767500 0.205000 0.768750 0.218333 0.762500 0.285000 0.770000 0.283333 0.780000 0.275000 0.782500 0.266667 0.797500 0.246667 0.812500 0.213333 0.815000 0.165000 0.825000 0.135000 0.825000 0.110000 0.831250 0.086667 0.831250 0.066667
0 0.970000 0.091667 0.938750 0.091667 0.930000 0.100000 0.922500 0.133333 0.921250 0.160000 0.911250 0.181667 0.883750 0.223333 0.883750 0.236667 0.891250 0.263333 0.922500 0.345000 0.923750 0.375000 0.920000 0.386667 0.927500 0.405000 0.935000 0.405000 0.937500 0.393333 0.943750 0.390000 0.943750 0.385000 0.958750 0.365000 0.961250 0.331667 0.970000 0.295000 0.977500 0.276667 0.987500 0.266667 1.000000 0.263333 1.000000 0.231667 0.985000 0.195000 0.982500 0.180000 0.982500 0.163333 0.990000 0.140000 0.992500 0.110000 0.985000 0.098333
0 0.833750 0.023333 0.828750 0.033333 0.827500 0.055000 0.832500 0.068333 0.831250 0.093333 0.833750 0.096667 0.832500 0.105000 0.826250 0.110000 0.828750 0.131667 0.882500 0.135000 0.881250 0.120000 0.871250 0.085000 0.871250 0.071667 0.877500 0.053333 0.878750 0.031667 0.871250 0.023333 0.857500 0.020000
0 0.150000 0.000000 0.111250 0.000000 0.107500 0.008333 0.107500 0.030000 0.112500 0.046667 0.108750 0.081667 0.096250 0.118333 0.096250 0.128333 0.118750 0.163333 0.123750 0.161667 0.123750 0.145000 0.117500 0.128333 0.117500 0.090000 0.135000 0.078333 0.165000 0.076667 0.155000 0.048333 0.155000 0.020000
0 0.410000 0.028333 0.406250 0.031667 0.400000 0.073333 0.396250 0.080000 0.428750 0.081667 0.438750 0.090000 0.442500 0.096667 0.446250 0.126667 0.443750 0.155000 0.453750 0.176667 0.455000 0.186667 0.461250 0.191667 0.462500 0.201667 0.466250 0.200000 0.471250 0.210000 0.483750 0.191667 0.485000 0.166667 0.457500 0.101667 0.453750 0.081667 0.452500 0.033333 0.440000 0.025000
0 0.552500 0.050000 0.530000 0.050000 0.516250 0.056667 0.512500 0.065000 0.513750 0.125000 0.500000 0.161667 0.486250 0.188333 0.476250 0.218333 0.478750 0.233333 0.483750 0.238333 0.492500 0.263333 0.500000 0.270000 0.500000 0.275000 0.503750 0.275000 0.515000 0.256667 0.532500 0.216667 0.535000 0.203333 0.532500 0.165000 0.536250 0.136667 0.546250 0.126667 0.570000 0.121667 0.565000 0.106667 0.566250 0.066667 0.562500 0.056667
0 0.545000 0.003333 0.520000 0.003333 0.508750 0.015000 0.507500 0.036667 0.510000 0.058333 0.498750 0.093333 0.485000 0.118333 0.483750 0.138333 0.478750 0.141667 0.486250 0.163333 0.492500 0.168333 0.501250 0.156667 0.513750 0.120000 0.511250 0.081667 0.515000 0.060000 0.522500 0.051667 0.547500 0.050000 0.552500 0.046667 0.552500 0.016667
0 0.010000 0.023333 0.000000 0.023333 0.000000 0.133333 0.002500 0.135000 0.000000 0.136667 0.000000 0.181667 0.012500 0.178333 0.023750 0.166667 0.032500 0.131667 0.031250 0.110000 0.026250 0.098333 0.021250 0.068333 0.022500 0.051667 0.020000 0.038333 0.015000 0.026667
0 0.668750 0.028333 0.637500 0.025000 0.625000 0.033333 0.623750 0.088333 0.603750 0.138333 0.605000 0.168333 0.603750 0.181667 0.598750 0.195000 0.602500 0.220000 0.606250 0.226667 0.610000 0.248333 0.613750 0.251667 0.620000 0.248333 0.623750 0.236667 0.638750 0.215000 0.655000 0.183333 0.665000 0.155000 0.663750 0.123333 0.672500 0.056667 0.672500 0.035000
0 0.633750 0.000000 0.592500 0.000000 0.591250 0.020000 0.593750 0.033333 0.568750 0.095000 0.568750 0.106667 0.577500 0.123333 0.590000 0.125000 0.597500 0.131667 0.603750 0.131667 0.621250 0.091667 0.621250 0.051667 0.625000 0.031667 0.632500 0.023333
0 0.711250 0.000000 0.707500 0.013333 0.706250 0.050000 0.698750 0.076667 0.716250 0.083333 0.727500 0.095000 0.727500 0.131667 0.722500 0.153333 0.727500 0.178333 0.733750 0.180000 0.737500 0.173333 0.748750 0.166667 0.766250 0.128333 0.766250 0.116667 0.753750 0.086667 0.755000 0.078333 0.748750 0.056667 0.753750 0.013333 0.750000 0.000000
0 0.945000 0.005000 0.920000 0.001667 0.907500 0.011667 0.903750 0.056667 0.878750 0.101667 0.882500 0.123333 0.895000 0.160000 0.893750 0.170000 0.903750 0.183333 0.918750 0.163333 0.922500 0.121667 0.928750 0.101667 0.935000 0.093333 0.946250 0.086667 0.946250 0.053333 0.952500 0.036667 0.953750 0.015000 0.951250 0.008333
0 0.790000 0.000000 0.782500 0.053333 0.823750 0.055000 0.832500 0.013333 0.832500 0.000000
0 0.231250 0.000000 0.233750 0.021667 0.231250 0.073333 0.235000 0.093333 0.250000 0.121667 0.272500 0.123333 0.276250 0.115000 0.272500 0.086667 0.272500 0.060000 0.278750 0.048333 0.273750 0.025000 0.273750 0.000000
