0 0.343137 0.872549 0.330882 0.862745 0.325980 0.864379 0.321078 0.861111 0.323529 0.856209 0.208333 0.815359 0.137255 0.816993 0.129902 0.821895 0.102941 0.825163 0.100490 0.831699 0.071078 0.834967 0.017157 0.870915 0.012255 0.869281 0.000000 0.883987 0.000000 1.000000 0.325980 1.000000 0.352941 0.959150 0.355392 0.944444 0.350490 0.887255
0 0.259804 0.640523 0.232843 0.665033 0.223039 0.696078 0.198529 0.728758 0.205882 0.779412 0.225490 0.808824 0.286765 0.838235 0.367647 0.852941 0.411765 0.854575 0.475490 0.846405 0.497549 0.838235 0.522059 0.820261 0.534314 0.800654 0.546569 0.678105 0.526961 0.671569 0.514706 0.671569 0.512255 0.668301 0.502451 0.668301 0.497549 0.673203 0.480392 0.668301 0.441176 0.669935 0.431373 0.653595 0.426471 0.658497 0.421569 0.656863 0.421569 0.650327 0.431373 0.645425 0.414216 0.645425 0.409314 0.658497 0.404412 0.643791 0.389706 0.645425 0.372549 0.633987 0.345588 0.625817 0.294118 0.627451
0 0.642157 0.738562 0.593137 0.758170 0.556373 0.792484 0.536765 0.825163 0.534314 0.857843 0.563725 0.918301 0.615196 0.967320 0.666667 0.993464 0.688725 1.000000 0.818627 1.000000 0.879902 0.967320 0.909314 0.934641 0.926471 0.890523 0.926471 0.864379 0.911765 0.821895 0.892157 0.799020 0.848039 0.766340 0.808824 0.758170 0.786765 0.743464 0.779412 0.745098 0.745098 0.732026 0.715686 0.728758 0.681373 0.730392
0 0.002451 0.477124 0.000000 0.557190 0.004902 0.570261 0.000000 0.573529 0.000000 0.594771 0.012255 0.624183 0.073529 0.669935 0.117647 0.687908 0.154412 0.692810 0.159314 0.689542 0.208333 0.686275 0.250000 0.642157 0.274510 0.627451 0.296569 0.622549 0.306373 0.609477 0.306373 0.591503 0.279412 0.544118 0.250000 0.535948 0.225490 0.517974 0.200980 0.508170 0.151961 0.503268 0.095588 0.468954 0.041667 0.465686
0 0.686275 0.468954 0.654412 0.452614 0.625000 0.449346 0.585784 0.452614 0.551471 0.470588 0.534314 0.506536 0.517157 0.511438 0.500000 0.524510 0.480392 0.560458 0.480392 0.571895 0.470588 0.580065 0.470588 0.593137 0.485294 0.612745 0.500000 0.617647 0.546569 0.620915 0.723039 0.620915 0.750000 0.616013 0.762255 0.593137 0.754902 0.550654 0.700980 0.514706 0.698529 0.490196
0 0.328431 0.316993 0.291667 0.326797 0.272059 0.344771 0.272059 0.372549 0.279412 0.393791 0.252451 0.421569 0.242647 0.441176 0.247549 0.488562 0.308824 0.552288 0.340686 0.598039 0.357843 0.614379 0.367647 0.619281 0.433824 0.614379 0.446078 0.607843 0.448529 0.601307 0.446078 0.571895 0.458333 0.540850 0.477941 0.517974 0.514706 0.491830 0.514706 0.442810 0.500000 0.411765 0.465686 0.390523 0.443627 0.385621 0.421569 0.374183 0.399510 0.333333 0.370098 0.318627
0 0.031863 0.248366 0.009804 0.263072 0.004902 0.282680 0.009804 0.295752 0.041667 0.334967 0.026961 0.366013 0.026961 0.398693 0.041667 0.428105 0.080882 0.462418 0.102941 0.468954 0.127451 0.483660 0.181373 0.498366 0.237745 0.503268 0.232843 0.446078 0.242647 0.424837 0.272059 0.392157 0.267157 0.339869 0.218137 0.313725 0.164216 0.303922 0.132353 0.261438 0.107843 0.245098 0.095588 0.241830 0.061275 0.241830
0 1.000000 0.552288 0.975490 0.555556 0.936275 0.545752 0.867647 0.549020 0.821078 0.570261 0.796569 0.586601 0.774510 0.611111 0.772059 0.620915 0.752451 0.629085 0.710784 0.673203 0.703431 0.687908 0.703431 0.715686 0.715686 0.722222 0.754902 0.725490 0.799020 0.736928 0.821078 0.750000 0.838235 0.753268 0.879902 0.781046 0.897059 0.785948 0.997549 0.769608
0 0.857843 0.274510 0.821078 0.274510 0.796569 0.281046 0.774510 0.300654 0.754902 0.341503 0.705882 0.357843 0.654412 0.393791 0.647059 0.405229 0.647059 0.442810 0.686275 0.467320 0.703431 0.490196 0.703431 0.498366 0.752451 0.532680 0.764706 0.557190 0.769608 0.593137 0.779412 0.591503 0.833333 0.550654 0.911765 0.467320 0.921569 0.449346 0.926471 0.426471 0.924020 0.408497 0.911765 0.387255 0.892157 0.367647 0.914216 0.326797 0.916667 0.308824 0.911765 0.297386 0.897059 0.285948
0 0.551471 0.191176 0.517157 0.199346 0.500000 0.210784 0.492647 0.236928 0.492647 0.264706 0.453431 0.295752 0.438725 0.315359 0.436275 0.330065 0.443627 0.346405 0.443627 0.362745 0.497549 0.392157 0.514706 0.416667 0.522059 0.437908 0.539216 0.444444 0.566176 0.444444 0.588235 0.437908 0.593137 0.439542 0.607843 0.426471 0.612745 0.429739 0.625000 0.410131 0.644608 0.392157 0.666667 0.351307 0.666667 0.316993 0.654412 0.292484 0.617647 0.264706 0.617647 0.215686 0.610294 0.204248 0.595588 0.196078
0 0.274510 0.130719 0.259804 0.135621 0.242647 0.150327 0.242647 0.174837 0.257353 0.214052 0.220588 0.261438 0.220588 0.279412 0.232843 0.303922 0.242647 0.312092 0.281863 0.325163 0.333333 0.313725 0.397059 0.320261 0.433824 0.295752 0.441176 0.279412 0.438725 0.251634 0.431373 0.235294 0.367647 0.197712 0.357843 0.153595 0.343137 0.135621 0.323529 0.129085
0 0.088235 0.080065 0.063725 0.088235 0.056373 0.094771 0.058824 0.122549 0.083333 0.158497 0.061275 0.200980 0.061275 0.233660 0.071078 0.238562 0.095588 0.240196 0.120098 0.250000 0.139706 0.266340 0.156863 0.289216 0.169118 0.294118 0.191176 0.294118 0.200980 0.289216 0.205882 0.295752 0.215686 0.259804 0.250000 0.217320 0.250000 0.199346 0.242647 0.183007 0.215686 0.156863 0.178922 0.142157 0.171569 0.117647 0.151961 0.088235 0.129902 0.078431
0 0.497549 0.037582 0.465686 0.037582 0.441176 0.044118 0.431373 0.050654 0.426471 0.065359 0.431373 0.116013 0.377451 0.173203 0.377451 0.189542 0.384804 0.200980 0.406863 0.217320 0.416667 0.218954 0.450980 0.238562 0.453431 0.248366 0.468137 0.259804 0.485294 0.253268 0.482843 0.245098 0.504902 0.204248 0.536765 0.191176 0.575980 0.187908 0.583333 0.179739 0.575980 0.150327 0.553922 0.135621 0.529412 0.111111 0.529412 0.053922 0.522059 0.045752
0 0.259804 0.003268 0.240196 0.013072 0.235294 0.021242 0.252451 0.075163 0.223039 0.119281 0.223039 0.148693 0.232843 0.158497 0.240196 0.158497 0.245098 0.147059 0.264706 0.133987 0.281863 0.129085 0.318627 0.127451 0.352941 0.143791 0.370098 0.171569 0.375000 0.160131 0.389706 0.148693 0.394608 0.124183 0.377451 0.106209 0.372549 0.089869 0.340686 0.065359 0.338235 0.035948 0.328431 0.011438 0.311275 0.000000
0 0.720588 0.080065 0.693627 0.083333 0.671569 0.094771 0.659314 0.122549 0.656863 0.155229 0.607843 0.191176 0.620098 0.218954 0.622549 0.261438 0.666667 0.297386 0.688725 0.343137 0.710784 0.341503 0.742647 0.326797 0.789216 0.279412 0.806373 0.250000 0.806373 0.223856 0.799020 0.205882 0.762255 0.166667 0.776961 0.122549 0.774510 0.094771 0.754902 0.084967
0 0.987745 0.151961 0.953431 0.153595 0.938725 0.160131 0.914216 0.187908 0.897059 0.222222 0.830882 0.250000 0.818627 0.266340 0.821078 0.272876 0.860294 0.274510 0.889706 0.282680 0.911765 0.299020 0.916667 0.318627 0.897059 0.352941 0.897059 0.364379 0.914216 0.375817 0.924020 0.388889 0.946078 0.397059 0.965686 0.395425 0.973039 0.379085 0.995098 0.374183 1.000000 0.364379 1.000000 0.153595
0 0.916667 0.013072 0.872549 0.009804 0.845588 0.014706 0.828431 0.034314 0.811275 0.083333 0.781863 0.098039 0.764706 0.165033 0.796569 0.197712 0.821078 0.235294 0.848039 0.233660 0.852941 0.228758 0.862745 0.228758 0.894608 0.217320 0.924020 0.173203 0.943627 0.153595 0.936275 0.129085 0.911765 0.094771 0.938725 0.035948 0.936275 0.022876
0 0.691176 0.000000 0.593137 0.000000 0.593137 0.037582 0.561275 0.062092 0.546569 0.081699 0.544118 0.104575 0.549020 0.124183 0.600490 0.160131 0.610294 0.173203 0.622549 0.171569 0.647059 0.158497 0.656863 0.143791 0.664216 0.104575 0.683824 0.086601 0.708333 0.076797 0.703431 0.065359 0.681373 0.042484
