0 0.075163 0.149510 0.035948 0.174020 0.031046 0.183824 0.032680 0.193627 0.045752 0.203431 0.057190 0.203431 0.058824 0.210784 0.066993 0.210784 0.068627 0.205882 0.075163 0.218137 0.080065 0.218137 0.076797 0.203431 0.071895 0.208333 0.068627 0.196078 0.063725 0.198529 0.062092 0.193627 0.055556 0.198529 0.052288 0.186275 0.060458 0.183824 0.065359 0.174020 0.098039 0.159314 0.104575 0.166667 0.106209 0.213235 0.096405 0.235294 0.073529 0.257353 0.035948 0.321078 0.013072 0.392157 0.013072 0.426471 0.016340 0.428922 0.013072 0.431373 0.016340 0.436275 0.013072 0.441176 0.027778 0.448529 0.016340 0.450980 0.017974 0.458333 0.070261 0.450980 0.080065 0.453431 0.093137 0.468137 0.102941 0.507353 0.119281 0.534314 0.119281 0.544118 0.109477 0.556373 0.107843 0.566176 0.173203 0.644608 0.192810 0.678922 0.207516 0.715686 0.218954 0.774510 0.220588 0.843137 0.223856 0.848039 0.233660 0.843137 0.232026 0.830882 0.236928 0.803922 0.250000 0.813725 0.251634 0.828431 0.243464 0.840686 0.248366 0.840686 0.250000 0.850490 0.241830 0.857843 0.223856 0.852941 0.223856 0.862745 0.228758 0.857843 0.233660 0.860294 0.232026 0.867647 0.223856 0.867647 0.223856 0.872549 0.251634 0.862745 0.267974 0.848039 0.269608 0.794118 0.287582 0.757353 0.292484 0.757353 0.294118 0.747549 0.297386 0.762255 0.307190 0.754902 0.310458 0.745098 0.315359 0.750000 0.315359 0.681373 0.310458 0.676471 0.312092 0.664216 0.308824 0.654412 0.312092 0.507353 0.307190 0.382353 0.287582 0.328431 0.266340 0.289216 0.215686 0.227941 0.199346 0.215686 0.197712 0.200980 0.189542 0.181373 0.187908 0.151961 0.181373 0.139706 0.158497 0.134804 0.104575 0.137255 0.102941 0.144608
0 0.076797 0.455882 0.049020 0.455882 0.000000 0.470588 0.000000 1.000000 0.055556 1.000000 0.062092 0.995098 0.066993 1.000000 0.081699 0.995098 0.084967 1.000000 0.086601 0.995098 0.098039 0.995098 0.107843 0.987745 0.117647 0.953431 0.132353 0.936275 0.132353 0.887255 0.135621 0.870098 0.147059 0.852941 0.165033 0.843137 0.184641 0.845588 0.197712 0.862745 0.202614 0.877451 0.204248 0.926471 0.217320 0.928922 0.217320 0.784314 0.209150 0.730392 0.178105 0.654412 0.102941 0.563725 0.106209 0.553922 0.116013 0.546569 0.116013 0.534314 0.101307 0.509804 0.091503 0.470588
0 0.140523 0.860294 0.133987 0.882353 0.137255 0.938725 0.117647 0.980392 0.112745 1.000000 0.228758 1.000000 0.230392 0.973039 0.227124 0.958333 0.202614 0.928922 0.200980 0.879902 0.196078 0.860294 0.183007 0.845588 0.160131 0.845588
0 0.281046 0.772059 0.271242 0.801471 0.274510 0.852941 0.251634 0.894608 0.235294 0.958333 0.235294 1.000000 0.377451 1.000000 0.374183 0.926471 0.356209 0.882353 0.334967 0.845588 0.333333 0.796569 0.328431 0.776961 0.318627 0.764706 0.295752 0.764706
0 0.426471 0.666667 0.415033 0.678922 0.410131 0.723039 0.415033 0.752451 0.398693 0.779412 0.379085 0.855392 0.377451 0.914216 0.383987 1.000000 0.506536 1.000000 0.506536 0.855392 0.498366 0.789216 0.491830 0.772059 0.468954 0.740196 0.470588 0.715686 0.465686 0.678922 0.450980 0.664216
0 0.457516 0.306373 0.428105 0.303922 0.348039 0.321078 0.343137 0.328431 0.343137 0.340686 0.372549 0.379902 0.380719 0.409314 0.343137 0.475490 0.320261 0.536765 0.315359 0.563725 0.315359 0.649510 0.320261 0.757353 0.334967 0.789216 0.343137 0.845588 0.364379 0.872549 0.372549 0.865196 0.377451 0.821078 0.383987 0.801471 0.411765 0.750000 0.408497 0.708333 0.413399 0.683824 0.419935 0.671569 0.437908 0.661765 0.459150 0.669118 0.467320 0.681373 0.472222 0.742647 0.485294 0.757353 0.495098 0.757353 0.508170 0.705882 0.535948 0.654412 0.540850 0.595588 0.562092 0.578431 0.560458 0.551471 0.547386 0.502451 0.522876 0.453431 0.483660 0.399510 0.490196 0.375000 0.475490 0.345588 0.472222 0.318627
0 0.558824 0.583333 0.545752 0.590686 0.540850 0.602941 0.540850 0.656863 0.516340 0.698529 0.501634 0.762255 0.508170 0.835784 0.511438 0.990196 0.514706 1.000000 0.617647 1.000000 0.622549 0.960784 0.624183 0.887255 0.620915 0.830882 0.625817 0.789216 0.624183 0.745098 0.606209 0.727941 0.606209 0.700980 0.591503 0.661765 0.589869 0.598039 0.576797 0.585784
0 0.415033 0.063725 0.411765 0.068627 0.415033 0.088235 0.452614 0.110294 0.460784 0.122549 0.428105 0.156863 0.400327 0.208333 0.382353 0.259804 0.379085 0.279412 0.380719 0.308824 0.395425 0.311275 0.426471 0.301471 0.446078 0.301471 0.467320 0.311275 0.475490 0.325980 0.478758 0.352941 0.491830 0.375000 0.486928 0.399510 0.542484 0.485294 0.558824 0.534314 0.563725 0.573529 0.593137 0.595588 0.620915 0.595588 0.624183 0.590686 0.633987 0.276961 0.611111 0.205882 0.591503 0.169118 0.547386 0.115196 0.542484 0.061275 0.535948 0.049020 0.519608 0.044118 0.457516 0.046569
0 0.658497 0.509804 0.648693 0.529412 0.648693 0.575980 0.625817 0.610294 0.612745 0.647059 0.612745 0.686275 0.617647 0.696078 0.616013 0.700980 0.624183 0.713235 0.622549 0.725490 0.627451 0.735294 0.625817 1.000000 0.710784 1.000000 0.720588 0.862745 0.722222 0.786765 0.715686 0.745098 0.715686 0.727941 0.718954 0.723039 0.715686 0.715686 0.707516 0.713235 0.727124 0.678922 0.725490 0.644608 0.710784 0.602941 0.696078 0.580882 0.696078 0.529412 0.692810 0.519608 0.678105 0.509804
0 0.736928 0.000000 0.741830 0.034314 0.702614 0.088235 0.671569 0.156863 0.665033 0.350490 0.669935 0.352941 0.679739 0.330882 0.727124 0.262255 0.727124 0.250000 0.722222 0.250000 0.718954 0.237745 0.722222 0.223039 0.727124 0.218137 0.732026 0.183824 0.741830 0.171569 0.761438 0.169118 0.825163 0.181373 0.843137 0.193627 0.843137 0.223039 0.828431 0.242647 0.826797 0.257353 0.820261 0.264706 0.820261 0.274510 0.859477 0.348039 0.864379 0.372549 0.869281 0.375000 0.874183 0.365196 0.880719 0.328431 0.892157 0.210784 0.892157 0.171569 0.882353 0.134804 0.861111 0.088235 0.831699 0.041667 0.834967 0.034314 0.833333 0.000000
0 0.838235 0.188725 0.759804 0.171569 0.745098 0.171569 0.735294 0.178922 0.730392 0.213235 0.722222 0.235294 0.722222 0.242647 0.730392 0.252451 0.728758 0.259804 0.679739 0.333333 0.666667 0.365196 0.655229 0.424020 0.655229 0.507353 0.683007 0.509804 0.694444 0.519608 0.700980 0.551471 0.699346 0.575980 0.704248 0.585784 0.727124 0.595588 0.745098 0.588235 0.751634 0.549020 0.781046 0.507353 0.784314 0.470588 0.792484 0.450980 0.792484 0.441176 0.802288 0.426471 0.816993 0.424020 0.826797 0.433824 0.828431 0.463235 0.834967 0.482843 0.830065 0.502451 0.839869 0.504902 0.843137 0.495098 0.867647 0.465686 0.870915 0.424020 0.866013 0.379902 0.857843 0.350490 0.816993 0.269608 0.843137 0.208333
0 0.815359 0.426471 0.802288 0.426471 0.795752 0.433824 0.784314 0.470588 0.784314 0.502451 0.758170 0.544118 0.748366 0.580882 0.750000 0.713235 0.746732 0.735294 0.738562 0.750000 0.732026 0.860294 0.732026 0.963235 0.738562 1.000000 0.826797 1.000000 0.833333 0.980392 0.843137 0.835784 0.844771 0.742647 0.841503 0.735294 0.841503 0.698529 0.848039 0.600490 0.843137 0.544118 0.828431 0.517157 0.831699 0.470588 0.826797 0.436275
0 0.906863 0.382353 0.890523 0.384804 0.883987 0.394608 0.875817 0.431373 0.875817 0.460784 0.844771 0.512255 0.844771 0.544118 0.856209 0.600490 0.849673 0.674020 0.851307 0.737745 0.848039 0.745098 0.841503 0.924020 0.849673 0.948529 0.859477 0.955882 0.892157 0.953431 0.905229 0.943627 0.913399 0.928922 0.921569 0.899510 0.923203 0.823529 0.929739 0.769608 0.929739 0.745098 0.924837 0.730392 0.931373 0.671569 0.929739 0.598039 0.936275 0.590686 0.937908 0.509804 0.936275 0.497549 0.923203 0.468137 0.924837 0.431373 0.918301 0.394608
0 1.000000 0.117647 0.983660 0.117647 0.970588 0.125000 0.959150 0.183824 0.906863 0.257353 0.892157 0.289216 0.883987 0.321078 0.882353 0.352941 0.877451 0.372549 0.879085 0.394608 0.900327 0.379902 0.913399 0.384804 0.919935 0.394608 0.923203 0.419118 0.931373 0.436275 0.942810 0.431373 0.952614 0.419118 0.955882 0.387255 0.972222 0.345588 0.982026 0.340686 1.000000 0.348039
0 0.990196 0.343137 0.977124 0.343137 0.968954 0.350490 0.957516 0.387255 0.957516 0.416667 0.936275 0.463235 0.936275 0.487745 0.941176 0.502451 0.939542 0.666667 0.928105 0.794118 0.924837 0.877451 0.928105 0.889706 0.939542 0.899510 0.967320 0.897059 0.985294 0.879902 0.991830 0.862745 1.000000 0.801471 1.000000 0.355392
