0 0.000000 0.147059 0.000000 0.225490 0.015317 0.243464 0.024070 0.264706 0.032823 0.271242 0.083151 0.285948 0.100656 0.299020 0.111597 0.320261 0.124726 0.321895 0.135667 0.318627 0.144420 0.310458 0.146608 0.294118 0.137856 0.250000 0.124726 0.230392 0.109409 0.217320 0.063457 0.200980 0.045952 0.158497 0.035011 0.148693
0 0.035011 0.464052 0.000000 0.477124 0.000000 0.700980 0.021882 0.723856 0.065646 0.753268 0.074398 0.779412 0.129103 0.848039 0.148796 0.882353 0.179431 0.915033 0.221007 0.929739 0.253829 0.929739 0.275711 0.924837 0.295405 0.916667 0.321663 0.897059 0.341357 0.872549 0.343545 0.852941 0.336980 0.808824 0.321663 0.754902 0.273523 0.689542 0.277899 0.684641 0.269147 0.665033 0.269147 0.645425 0.264770 0.643791 0.256018 0.583333 0.236324 0.549020 0.199125 0.524510 0.144420 0.513072 0.107221 0.468954 0.074398 0.459150
0 0.107221 0.336601 0.098468 0.348039 0.111597 0.403595 0.094092 0.416667 0.078775 0.437908 0.078775 0.455882 0.113786 0.473856 0.142232 0.506536 0.185996 0.514706 0.229759 0.535948 0.251641 0.553922 0.266958 0.576797 0.275711 0.578431 0.328228 0.532680 0.334792 0.516340 0.332604 0.501634 0.326039 0.495098 0.326039 0.465686 0.312910 0.423203 0.280088 0.397059 0.253829 0.387255 0.231947 0.385621 0.225383 0.380719 0.210066 0.343137 0.194748 0.328431 0.175055 0.323529 0.142232 0.323529
0 0.398249 0.462418 0.369803 0.470588 0.352298 0.483660 0.347921 0.495098 0.347921 0.531046 0.306346 0.555556 0.291028 0.570261 0.280088 0.594771 0.280088 0.627451 0.297593 0.686275 0.330416 0.746732 0.334792 0.781046 0.365427 0.892157 0.382932 0.913399 0.404814 0.928105 0.431072 0.936275 0.461707 0.937908 0.492341 0.933007 0.514223 0.923203 0.540481 0.900327 0.553611 0.874183 0.564551 0.714052 0.568928 0.707516 0.562363 0.700980 0.560175 0.674837 0.551422 0.665033 0.560175 0.655229 0.560175 0.643791 0.568928 0.638889 0.568928 0.629085 0.564551 0.625817 0.566740 0.593137 0.553611 0.565359 0.514223 0.532680 0.485777 0.521242 0.481400 0.495098 0.470460 0.477124 0.461707 0.470588 0.435449 0.462418
0 0.814004 0.442810 0.778993 0.442810 0.750547 0.454248 0.726477 0.498366 0.693654 0.504902 0.652079 0.524510 0.636761 0.540850 0.628009 0.560458 0.628009 0.593137 0.649891 0.627451 0.649891 0.687908 0.656455 0.696078 0.656455 0.674837 0.660832 0.674837 0.663020 0.699346 0.652079 0.705882 0.656455 0.710784 0.673961 0.715686 0.599562 0.720588 0.584245 0.844771 0.586433 0.859477 0.595186 0.874183 0.623632 0.901961 0.638950 0.910131 0.676149 0.919935 0.708972 0.918301 0.741794 0.908497 0.772429 0.880719 0.792123 0.831699 0.820569 0.779412 0.829322 0.728758 0.842451 0.715686 0.844639 0.705882 0.855580 0.702614 0.853392 0.691176 0.857768 0.687908 0.862144 0.660131 0.888403 0.638889 0.892779 0.624183 0.903720 0.620915 0.914661 0.606209 0.916849 0.589869 0.905908 0.560458 0.866521 0.524510 0.875274 0.483660 0.873085 0.470588 0.853392 0.454248
0 0.807440 0.316993 0.789934 0.312092 0.750547 0.312092 0.730853 0.320261 0.717724 0.338235 0.708972 0.370915 0.702407 0.375817 0.665208 0.383987 0.634573 0.405229 0.623632 0.426471 0.610503 0.488562 0.612691 0.522876 0.617068 0.524510 0.612691 0.527778 0.612691 0.537582 0.621444 0.539216 0.628009 0.534314 0.632385 0.535948 0.658643 0.516340 0.684902 0.504902 0.722101 0.498366 0.746171 0.459150 0.765864 0.446078 0.803063 0.441176 0.864333 0.454248 0.857768 0.419935 0.820569 0.392157 0.829322 0.356209 0.829322 0.333333
0 0.439825 0.320261 0.424508 0.326797 0.413567 0.338235 0.411379 0.387255 0.382932 0.401961 0.358862 0.424837 0.352298 0.439542 0.350109 0.467320 0.354486 0.475490 0.369803 0.468954 0.409190 0.460784 0.450766 0.465686 0.474836 0.482026 0.483589 0.496732 0.485777 0.516340 0.492341 0.522876 0.522976 0.532680 0.533917 0.544118 0.566740 0.563725 0.590810 0.459150 0.586433 0.424837 0.562363 0.400327 0.522976 0.385621 0.520788 0.346405 0.514223 0.331699 0.505470 0.325163 0.479212 0.316993
0 0.175055 0.233660 0.166302 0.243464 0.166302 0.259804 0.177243 0.294118 0.157549 0.310458 0.155361 0.320261 0.194748 0.328431 0.210066 0.343137 0.225383 0.377451 0.234136 0.383987 0.258206 0.387255 0.288840 0.400327 0.310722 0.418301 0.319475 0.436275 0.332604 0.442810 0.341357 0.436275 0.347921 0.419935 0.352298 0.390523 0.345733 0.338235 0.334792 0.313725 0.326039 0.305556 0.273523 0.284314 0.262582 0.250000 0.249453 0.232026 0.212254 0.225490
0 0.175055 0.163399 0.168490 0.169935 0.168490 0.186275 0.177243 0.220588 0.148796 0.250000 0.148796 0.271242 0.157549 0.287582 0.170678 0.292484 0.172867 0.281046 0.166302 0.246732 0.175055 0.235294 0.192560 0.230392 0.238512 0.230392 0.249453 0.235294 0.251641 0.243464 0.262582 0.253268 0.269147 0.279412 0.284464 0.289216 0.332604 0.303922 0.319475 0.254902 0.306346 0.236928 0.260394 0.210784 0.256018 0.186275 0.245077 0.163399 0.214442 0.155229 0.194748 0.156863
0 0.210066 0.109477 0.203501 0.116013 0.203501 0.127451 0.212254 0.155229 0.231947 0.158497 0.247265 0.168301 0.260394 0.209150 0.266958 0.215686 0.297593 0.228758 0.321663 0.253268 0.328228 0.266340 0.339168 0.272876 0.347921 0.248366 0.343545 0.204248 0.332604 0.186275 0.315098 0.169935 0.282276 0.155229 0.280088 0.127451 0.271335 0.109477 0.249453 0.102941 0.234136 0.102941
0 0.032823 0.101307 0.024070 0.109477 0.024070 0.119281 0.035011 0.147059 0.045952 0.156863 0.063457 0.199346 0.111597 0.217320 0.133479 0.236928 0.140044 0.248366 0.146608 0.250000 0.172867 0.220588 0.164114 0.174837 0.153173 0.165033 0.107221 0.145425 0.098468 0.109477 0.089716 0.099673 0.063457 0.096405
0 0.087527 0.063725 0.085339 0.075163 0.100656 0.107843 0.109409 0.147059 0.144420 0.158497 0.161926 0.168301 0.185996 0.156863 0.199125 0.155229 0.203501 0.151961 0.201313 0.125817 0.185996 0.109477 0.157549 0.096405 0.148796 0.063725 0.135667 0.055556 0.107221 0.055556
0 0.118162 0.031046 0.118162 0.049020 0.148796 0.065359 0.157549 0.091503 0.166302 0.101307 0.201313 0.114379 0.205689 0.109477 0.231947 0.099673 0.225383 0.086601 0.181619 0.066993 0.175055 0.034314 0.166302 0.024510 0.137856 0.022876 0.126915 0.024510
0 0.240700 0.063725 0.234136 0.070261 0.238512 0.099673 0.273523 0.112745 0.284464 0.153595 0.319475 0.171569 0.339168 0.189542 0.352298 0.187908 0.358862 0.178105 0.358862 0.150327 0.352298 0.135621 0.339168 0.122549 0.306346 0.106209 0.295405 0.066993 0.280088 0.060458 0.251641 0.060458
0 0.256018 0.026144 0.249453 0.032680 0.256018 0.057190 0.275711 0.058824 0.295405 0.066993 0.301969 0.075163 0.306346 0.104575 0.315098 0.112745 0.341357 0.122549 0.358862 0.138889 0.358862 0.096405 0.350109 0.086601 0.317287 0.071895 0.308534 0.029412 0.301969 0.024510 0.286652 0.022876
0 0.492341 0.227124 0.477024 0.222222 0.446389 0.220588 0.422319 0.225490 0.413567 0.232026 0.407002 0.266340 0.409190 0.285948 0.402626 0.294118 0.367615 0.313725 0.361050 0.326797 0.365427 0.374183 0.371991 0.393791 0.389497 0.393791 0.404814 0.388889 0.417943 0.333333 0.435449 0.321895 0.457330 0.316993 0.481400 0.316993 0.509847 0.328431 0.516411 0.334967 0.531729 0.377451 0.547046 0.374183 0.549234 0.348039 0.553611 0.343137 0.551422 0.316993 0.531729 0.297386 0.503282 0.285948 0.501094 0.240196
0 0.468271 0.153595 0.431072 0.151961 0.404814 0.158497 0.400438 0.176471 0.404814 0.210784 0.376368 0.228758 0.358862 0.254902 0.363239 0.310458 0.404814 0.290850 0.411379 0.238562 0.420131 0.228758 0.437637 0.222222 0.463895 0.220588 0.487965 0.227124 0.501094 0.241830 0.503282 0.276144 0.509847 0.281046 0.522976 0.282680 0.529540 0.267974 0.529540 0.245098 0.514223 0.225490 0.485777 0.210784 0.481400 0.165033
0 0.400438 0.101307 0.391685 0.109477 0.391685 0.155229 0.374179 0.165033 0.358862 0.187908 0.356674 0.218954 0.361050 0.240196 0.402626 0.212418 0.400438 0.174837 0.404814 0.160131 0.439825 0.151961 0.459519 0.151961 0.477024 0.160131 0.485777 0.210784 0.522976 0.222222 0.525164 0.204248 0.512035 0.181373 0.498906 0.166667 0.468271 0.145425 0.459519 0.106209 0.437637 0.098039
0 0.444201 0.021242 0.409190 0.021242 0.398249 0.027778 0.400438 0.068627 0.376368 0.083333 0.365427 0.098039 0.367615 0.140523 0.374179 0.145425 0.374179 0.155229 0.389497 0.155229 0.389497 0.111111 0.417943 0.093137 0.417943 0.070261 0.422319 0.063725 0.455142 0.050654 0.455142 0.031046
0 0.428884 0.058824 0.420131 0.065359 0.422319 0.096405 0.450766 0.101307 0.459519 0.107843 0.466083 0.129085 0.466083 0.150327 0.501094 0.176471 0.501094 0.184641 0.509847 0.189542 0.514223 0.202614 0.522976 0.202614 0.527352 0.187908 0.527352 0.147059 0.514223 0.125817 0.483589 0.102941 0.481400 0.063725 0.468271 0.055556
0 0.754923 0.220588 0.724289 0.212418 0.698031 0.214052 0.682713 0.218954 0.671772 0.232026 0.663020 0.271242 0.654267 0.277778 0.628009 0.285948 0.610503 0.300654 0.592998 0.341503 0.590810 0.364379 0.592998 0.405229 0.610503 0.410131 0.610503 0.421569 0.617068 0.421569 0.634573 0.400327 0.654267 0.387255 0.702407 0.370915 0.722101 0.328431 0.733042 0.318627 0.748359 0.312092 0.789934 0.308824 0.787746 0.300654 0.757112 0.281046 0.763676 0.232026
0 0.711160 0.150327 0.695842 0.145425 0.663020 0.145425 0.641138 0.156863 0.636761 0.202614 0.625821 0.210784 0.599562 0.220588 0.577681 0.259804 0.577681 0.295752 0.571116 0.310458 0.579869 0.315359 0.579869 0.330065 0.590810 0.326797 0.601751 0.307190 0.625821 0.284314 0.658643 0.272876 0.676149 0.223856 0.684902 0.217320 0.711160 0.210784 0.717724 0.192810 0.717724 0.156863
0 0.654267 0.094771 0.614880 0.094771 0.601751 0.101307 0.592998 0.148693 0.568928 0.160131 0.555799 0.173203 0.547046 0.196078 0.542670 0.236928 0.544858 0.263072 0.555799 0.271242 0.568928 0.263072 0.595186 0.222222 0.608315 0.214052 0.628009 0.209150 0.634573 0.202614 0.638950 0.160131 0.652079 0.148693 0.667396 0.142157 0.667396 0.102941
0 0.645514 0.053922 0.628009 0.049020 0.601751 0.049020 0.590810 0.053922 0.584245 0.073529 0.584245 0.099673 0.544858 0.130719 0.540481 0.143791 0.540481 0.178105 0.544858 0.186275 0.549234 0.186275 0.557987 0.169935 0.592998 0.148693 0.601751 0.102941 0.621444 0.094771 0.647702 0.093137 0.649891 0.060458
0 0.590810 0.016340 0.549234 0.014706 0.542670 0.017974 0.538293 0.027778 0.542670 0.057190 0.498906 0.091503 0.496718 0.109477 0.514223 0.122549 0.529540 0.142157 0.538293 0.138889 0.547046 0.124183 0.582057 0.098039 0.584245 0.066993 0.597374 0.045752 0.597374 0.026144
0 0.997812 0.215686 0.960613 0.210784 0.932166 0.217320 0.905908 0.269608 0.868709 0.281046 0.844639 0.297386 0.831510 0.325163 0.829322 0.388889 0.846827 0.401961 0.868709 0.406863 0.901532 0.382353 0.929978 0.372549 0.964989 0.366013 0.982495 0.354575 1.000000 0.330065
0 0.912473 0.143791 0.873085 0.142157 0.859956 0.147059 0.849015 0.158497 0.835886 0.197712 0.798687 0.214052 0.781182 0.228758 0.768053 0.256536 0.768053 0.279412 0.794311 0.299020 0.798687 0.308824 0.818381 0.316993 0.827133 0.315359 0.851204 0.287582 0.892779 0.272876 0.905908 0.264706 0.921225 0.235294 0.923414 0.217320 0.916849 0.205882 0.932166 0.169935 0.932166 0.155229
0 0.870897 0.094771 0.822757 0.093137 0.811816 0.106209 0.803063 0.140523 0.794311 0.148693 0.770241 0.158497 0.750547 0.174837 0.739606 0.196078 0.739606 0.209150 0.763676 0.223856 0.770241 0.236928 0.792123 0.217320 0.835886 0.196078 0.853392 0.151961 0.877462 0.138889 0.884026 0.122549 0.884026 0.102941
0 0.811816 0.050654 0.778993 0.049020 0.765864 0.052288 0.757112 0.070261 0.757112 0.098039 0.724289 0.117647 0.711160 0.130719 0.708972 0.143791 0.719912 0.156863 0.719912 0.197712 0.724289 0.202614 0.733042 0.202614 0.748359 0.176471 0.774617 0.155229 0.794311 0.147059 0.803063 0.137255 0.824945 0.068627 0.822757 0.055556
0 0.982495 0.053922 0.938731 0.050654 0.925602 0.058824 0.916849 0.093137 0.890591 0.107843 0.884026 0.127451 0.888403 0.138889 0.910284 0.140523 0.940919 0.151961 0.969365 0.135621 0.975930 0.127451 0.991247 0.076797 0.991247 0.060458
0 0.735230 0.014706 0.704595 0.013072 0.689278 0.017974 0.682713 0.057190 0.654267 0.080065 0.654267 0.093137 0.669584 0.102941 0.671772 0.124183 0.687090 0.140523 0.700219 0.140523 0.711160 0.124183 0.752735 0.098039 0.750547 0.071895 0.739606 0.062092 0.746171 0.024510
0 0.853392 0.014706 0.844639 0.021242 0.838074 0.055556 0.829322 0.063725 0.827133 0.089869 0.866521 0.093137 0.894967 0.106209 0.912473 0.094771 0.912473 0.081699 0.897155 0.065359 0.903720 0.022876 0.897155 0.016340
