1 0.032857 0.230530 0.028571 0.233645 0.025000 0.241433 0.023571 0.250779 0.024286 0.277259 0.020714 0.345794 0.017857 0.481308 0.013571 0.496885 0.014286 0.501558 0.007857 0.515576 0.005000 0.532710 0.006429 0.591900 0.005714 0.635514 0.004286 0.643302 0.004286 0.778816 0.007143 0.803738 0.012857 0.813084 0.032857 0.816199 0.066429 0.814642 0.073571 0.811526 0.077857 0.803738 0.077857 0.523364 0.076429 0.509346 0.067143 0.473520 0.067857 0.461059 0.066429 0.450156 0.063571 0.341121 0.058571 0.275701 0.057857 0.241433 0.055714 0.235202 0.050000 0.230530
1 0.110714 0.169782 0.102857 0.174455 0.100000 0.183801 0.101429 0.238318 0.095714 0.325545 0.094286 0.397196 0.090714 0.423676 0.080000 0.467290 0.078571 0.484424 0.080714 0.630841 0.079286 0.816199 0.082857 0.830218 0.094286 0.839564 0.145000 0.839564 0.155714 0.827103 0.157857 0.803738 0.158571 0.482866 0.155714 0.453271 0.145714 0.415888 0.143571 0.395639 0.141429 0.325545 0.136429 0.253894 0.135714 0.216511 0.137143 0.186916 0.135714 0.179128 0.130714 0.171340
1 0.185000 0.208723 0.177857 0.213396 0.174286 0.225857 0.175714 0.253894 0.170714 0.373832 0.167857 0.400312 0.167857 0.429907 0.160000 0.470405 0.160000 0.545171 0.158571 0.571651 0.160000 0.580997 0.158571 0.618380 0.160000 0.747664 0.158571 0.758567 0.157857 0.830218 0.162143 0.838006 0.172143 0.841121 0.208571 0.841121 0.212857 0.838006 0.215714 0.825545 0.216429 0.627726 0.215000 0.529595 0.216429 0.478193 0.219286 0.448598 0.217143 0.423676 0.217143 0.395639 0.215000 0.386293 0.212857 0.328660 0.207857 0.261682 0.209286 0.224299 0.208571 0.219626 0.201429 0.210280
1 0.250714 0.165109 0.242857 0.168224 0.238571 0.177570 0.238571 0.244548 0.234286 0.320872 0.232143 0.408100 0.230000 0.425234 0.220714 0.454829 0.217143 0.478193 0.218571 0.749221 0.216429 0.839564 0.217857 0.856698 0.220000 0.862928 0.225000 0.867601 0.244286 0.872274 0.270714 0.872274 0.289286 0.867601 0.295000 0.855140 0.292857 0.795950 0.295000 0.733645 0.295000 0.605919 0.292857 0.552960 0.293571 0.471963 0.291429 0.454829 0.282857 0.425234 0.281429 0.414330 0.278571 0.294393 0.275714 0.246106 0.275714 0.179128 0.272143 0.168224
1 0.328571 0.165109 0.320000 0.172897 0.317857 0.182243 0.319286 0.230530 0.313571 0.289720 0.313571 0.313084 0.310000 0.367601 0.295000 0.468847 0.297143 0.669782 0.295000 0.831776 0.297143 0.858255 0.305000 0.869159 0.317857 0.873832 0.360000 0.873832 0.372143 0.867601 0.375000 0.858255 0.375000 0.752336 0.376429 0.747664 0.374286 0.549844 0.375000 0.434579 0.362857 0.323988 0.357857 0.246106 0.357857 0.176012 0.353571 0.168224 0.347143 0.165109
1 0.410714 0.154206 0.404286 0.157321 0.400714 0.166667 0.402857 0.183801 0.402857 0.250779 0.397857 0.286604 0.395000 0.359813 0.390714 0.381620 0.384286 0.398754 0.376429 0.429907 0.377143 0.627726 0.379286 0.671340 0.379286 0.744548 0.377143 0.766355 0.376429 0.853583 0.377143 0.869159 0.380714 0.881620 0.390000 0.894081 0.405714 0.900312 0.443571 0.900312 0.460000 0.892523 0.462857 0.884735 0.463571 0.875389 0.461429 0.471963 0.462857 0.467290 0.462857 0.450156 0.466429 0.411215 0.456429 0.378505 0.452143 0.353583 0.448571 0.297508 0.445000 0.274143 0.444286 0.252336 0.441429 0.230530 0.442857 0.211838 0.441429 0.186916 0.444286 0.176012 0.443571 0.165109 0.440714 0.158879 0.433571 0.154206
1 0.530000 0.026480 0.499286 0.028037 0.493571 0.031153 0.492143 0.037383 0.492143 0.152648 0.490000 0.176012 0.489286 0.221184 0.487143 0.241433 0.482143 0.362928 0.480714 0.376947 0.467857 0.415888 0.463571 0.470405 0.466429 0.704050 0.465000 0.914330 0.467857 0.942368 0.471429 0.954829 0.477857 0.962617 0.495714 0.968847 0.531429 0.968847 0.552857 0.964174 0.561429 0.959502 0.570714 0.936137 0.571429 0.841121 0.569286 0.783489 0.570000 0.683801 0.568571 0.666667 0.569286 0.448598 0.566429 0.419003 0.553571 0.376947 0.538571 0.102804 0.538571 0.032710
1 0.609286 0.076324 0.598571 0.079439 0.596429 0.087227 0.595000 0.177570 0.585714 0.366044 0.582857 0.394081 0.572143 0.431464 0.570714 0.447040 0.571429 0.887850 0.572857 0.922118 0.577143 0.928349 0.617143 0.934579 0.646429 0.929907 0.657143 0.920561 0.660000 0.911215 0.661429 0.890966 0.661429 0.808411 0.660000 0.794393 0.659286 0.721184 0.660714 0.688474 0.660000 0.627726 0.661429 0.623053 0.660714 0.548287 0.662143 0.467290 0.658571 0.429907 0.650000 0.403427 0.647143 0.384735 0.639286 0.236760 0.635714 0.090343 0.634286 0.082555 0.630714 0.077882
1 0.680000 0.197819 0.674286 0.204050 0.673571 0.210280 0.675000 0.255452 0.672143 0.306854 0.672857 0.319315 0.669286 0.348910 0.668571 0.409657 0.662857 0.478193 0.662857 0.897196 0.664286 0.904984 0.668571 0.908100 0.709286 0.909657 0.726429 0.906542 0.735714 0.897196 0.737143 0.881620 0.737143 0.861371 0.732143 0.845794 0.728571 0.820872 0.729286 0.805296 0.727143 0.785047 0.728571 0.612150 0.726429 0.563863 0.730714 0.484424 0.727143 0.473520 0.722143 0.443925 0.720714 0.387850 0.716429 0.330218 0.716429 0.303738 0.712143 0.255452 0.713571 0.210280 0.711429 0.202492 0.704286 0.196262
1 0.759286 0.235202 0.752143 0.239875 0.750714 0.244548 0.752143 0.280374 0.742143 0.454829 0.732857 0.493769 0.728571 0.532710 0.727857 0.577882 0.730000 0.627726 0.729286 0.795950 0.730714 0.799065 0.732143 0.839564 0.737857 0.853583 0.742857 0.856698 0.779286 0.856698 0.784286 0.853583 0.786429 0.842679 0.784286 0.760125 0.787143 0.749221 0.787857 0.534268 0.790000 0.487539 0.792857 0.461059 0.788571 0.389408 0.787857 0.348910 0.782857 0.291277 0.784286 0.247664 0.782143 0.241433 0.777143 0.236760
1 0.825714 0.191589 0.817857 0.197819 0.813571 0.211838 0.813571 0.285047 0.809286 0.333333 0.805714 0.426791 0.804286 0.439252 0.792857 0.476636 0.790714 0.493769 0.787143 0.856698 0.790000 0.872274 0.794286 0.876947 0.867143 0.876947 0.874286 0.867601 0.876429 0.850467 0.874286 0.532710 0.872143 0.496885 0.869286 0.475078 0.859286 0.439252 0.857143 0.415888 0.854286 0.327103 0.851429 0.306854 0.851429 0.285047 0.849286 0.263240 0.850000 0.210280 0.842143 0.194704
1 0.899286 0.227414 0.892857 0.232087 0.888571 0.246106 0.890000 0.280374 0.886429 0.347352 0.884286 0.361371 0.882143 0.431464 0.880000 0.447040 0.872857 0.475078 0.876429 0.563863 0.876429 0.760125 0.877857 0.769470 0.877857 0.825545 0.879286 0.838006 0.886429 0.842679 0.939286 0.844237 0.943571 0.836449 0.945000 0.819315 0.942857 0.507788 0.940000 0.481308 0.930714 0.445483 0.929286 0.433022 0.924286 0.323988 0.921429 0.292835 0.922143 0.244548 0.919286 0.235202 0.915000 0.230530
1 0.959286 0.249221 0.954286 0.250779 0.951429 0.260125 0.951429 0.309969 0.950000 0.314642 0.948571 0.356698 0.946429 0.375389 0.945714 0.459502 0.942857 0.487539 0.945714 0.556075 0.945000 0.577882 0.946429 0.580997 0.945000 0.595016 0.945714 0.785047 0.949286 0.791277 0.953571 0.792835 0.989286 0.791277 0.993571 0.780374 0.995000 0.749221 0.993571 0.722741 0.994286 0.523364 0.984286 0.462617 0.982857 0.367601 0.980000 0.348910 0.977143 0.295950 0.977857 0.260125 0.975000 0.250779
