0 0.188406 0.309179 0.181965 0.326087 0.191626 0.386473 0.181965 0.446860 0.181965 0.471014 0.188406 0.500000 0.215781 0.533816 0.236715 0.516908 0.256039 0.509662 0.272142 0.509662 0.283414 0.519324 0.289855 0.516908 0.305958 0.451691 0.304348 0.422705 0.296296 0.398551 0.260870 0.362319 0.249597 0.316425 0.239936 0.297101 0.212560 0.292271
0 0.107890 0.444444 0.093398 0.456522 0.085346 0.475845 0.085346 0.502415 0.096618 0.550725 0.088567 0.594203 0.088567 0.628019 0.095008 0.666667 0.111111 0.710145 0.138486 0.760870 0.169082 0.859903 0.185185 0.884058 0.191626 0.903382 0.199678 0.908213 0.207729 0.922705 0.225443 0.925121 0.228663 0.920290 0.231884 0.927536 0.238325 0.927536 0.244767 0.915459 0.252818 0.917874 0.257649 0.871981 0.247987 0.828502 0.220612 0.760870 0.212560 0.712560 0.212560 0.652174 0.220612 0.608696 0.212560 0.548309 0.201288 0.526570 0.172303 0.502415 0.156200 0.458937 0.146538 0.444444 0.138486 0.439614
0 0.041868 0.082126 0.032206 0.086957 0.019324 0.106280 0.019324 0.130435 0.024155 0.152174 0.037037 0.183575 0.037037 0.193237 0.025765 0.224638 0.024155 0.251208 0.035427 0.272947 0.049919 0.282609 0.069243 0.285024 0.070853 0.260870 0.080515 0.243961 0.099839 0.231884 0.130435 0.231884 0.132045 0.205314 0.122383 0.183575 0.091787 0.161836 0.082126 0.111111 0.070853 0.086957 0.062802 0.082126
0 0.000000 0.222222 0.000000 0.362319 0.019324 0.367150 0.057971 0.437198 0.077295 0.439614 0.077295 0.386473 0.074074 0.338164 0.069243 0.318841 0.049919 0.297101 0.032206 0.292271 0.025765 0.282609 0.014493 0.243961
0 0.109501 0.000000 0.106280 0.024155 0.117552 0.077295 0.106280 0.113527 0.104670 0.147343 0.109501 0.166667 0.144928 0.219807 0.151369 0.205314 0.149758 0.173913 0.144928 0.154589 0.144928 0.135266 0.149758 0.123188 0.162641 0.108696 0.185185 0.106280 0.199678 0.115942 0.206119 0.128019 0.207729 0.106280 0.196457 0.082126 0.173913 0.057971 0.172303 0.038647 0.161031 0.000000
0 0.149758 0.120773 0.144928 0.135266 0.144928 0.154589 0.156200 0.212560 0.144928 0.256039 0.148148 0.282609 0.156200 0.301932 0.173913 0.316425 0.181965 0.316425 0.191626 0.304348 0.210950 0.292271 0.241546 0.289855 0.249597 0.265700 0.247987 0.227053 0.233494 0.200483 0.215781 0.181159 0.202899 0.123188 0.191626 0.108696 0.164251 0.108696
0 0.230274 0.002415 0.220612 0.019324 0.220612 0.038647 0.230274 0.086957 0.219002 0.123188 0.219002 0.161836 0.222222 0.173913 0.233494 0.188406 0.241546 0.190821 0.256039 0.171498 0.270531 0.161836 0.289855 0.159420 0.304348 0.166667 0.314010 0.142512 0.312399 0.113527 0.285024 0.070048 0.272142 0.002415
0 0.241546 0.516908 0.225443 0.531401 0.215781 0.560386 0.223833 0.625604 0.214171 0.661836 0.212560 0.695652 0.222222 0.756039 0.251208 0.828502 0.278583 0.937198 0.288245 0.951691 0.309179 0.968599 0.336554 0.968599 0.339775 0.975845 0.346216 0.968599 0.370370 0.968599 0.368760 0.963768 0.373591 0.958937 0.373591 0.905797 0.351047 0.828502 0.342995 0.775362 0.342995 0.743961 0.349436 0.717391 0.347826 0.695652 0.352657 0.685990 0.352657 0.669082 0.341385 0.620773 0.330113 0.601449 0.302738 0.574879 0.285024 0.524155 0.265700 0.512077
0 0.272142 0.161836 0.256039 0.171498 0.246377 0.190821 0.252818 0.248792 0.246377 0.304348 0.262480 0.357488 0.273752 0.371981 0.302738 0.391304 0.305958 0.379227 0.322061 0.359903 0.349436 0.342995 0.355878 0.311594 0.354267 0.292271 0.346216 0.268116 0.317230 0.229469 0.304348 0.173913 0.293076 0.161836
0 0.342995 0.045894 0.320451 0.057971 0.314010 0.072464 0.320451 0.140097 0.310789 0.164251 0.310789 0.195652 0.320451 0.231884 0.359098 0.270531 0.368760 0.224638 0.388084 0.205314 0.410628 0.200483 0.413849 0.185990 0.404187 0.157005 0.380032 0.120773 0.370370 0.062802 0.359098 0.048309
0 0.336554 0.355072 0.315620 0.369565 0.307568 0.391304 0.312399 0.461353 0.301127 0.497585 0.301127 0.533816 0.309179 0.562802 0.325282 0.586957 0.341385 0.601449 0.344605 0.599034 0.349436 0.606280 0.346216 0.613527 0.352657 0.615942 0.354267 0.625604 0.362319 0.625604 0.376812 0.594203 0.405797 0.579710 0.409018 0.574879 0.407407 0.567633 0.417069 0.562802 0.418680 0.538647 0.423510 0.531401 0.425121 0.497585 0.413849 0.461353 0.386473 0.425121 0.371981 0.367150 0.359098 0.355072
0 0.384863 0.207729 0.375201 0.214976 0.367150 0.234300 0.370370 0.294686 0.360709 0.323671 0.357488 0.350242 0.375201 0.374396 0.383253 0.413043 0.391304 0.427536 0.418680 0.458937 0.425121 0.473430 0.431562 0.473430 0.431562 0.487923 0.442834 0.485507 0.446055 0.442029 0.466989 0.413043 0.475040 0.388889 0.471820 0.342995 0.460548 0.314010 0.439614 0.285024 0.426731 0.219807 0.418680 0.207729 0.409018 0.202899
0 0.447665 0.084541 0.436393 0.091787 0.428341 0.106280 0.429952 0.178744 0.421900 0.195652 0.421900 0.210145 0.429952 0.227053 0.439614 0.280193 0.468599 0.316425 0.470209 0.328502 0.481481 0.342995 0.489533 0.345411 0.497585 0.326087 0.499195 0.287440 0.518519 0.253623 0.518519 0.219807 0.507246 0.185990 0.492754 0.166667 0.483092 0.096618 0.470209 0.084541
0 0.384863 0.594203 0.367150 0.620773 0.367150 0.690821 0.355878 0.714976 0.349436 0.743961 0.351047 0.797101 0.375201 0.898551 0.383253 0.949275 0.380032 1.000000 0.499195 1.000000 0.499195 0.922705 0.492754 0.884058 0.495974 0.748792 0.489533 0.719807 0.476651 0.688406 0.452496 0.659420 0.444444 0.623188 0.434783 0.599034 0.417069 0.586957 0.399356 0.586957
0 0.547504 0.688406 0.531401 0.712560 0.524960 0.770531 0.507246 0.797101 0.500805 0.816425 0.499195 0.867150 0.507246 0.956522 0.508857 1.000000 0.640902 1.000000 0.653784 0.888889 0.648953 0.845411 0.639291 0.809179 0.618357 0.770531 0.610306 0.712560 0.599034 0.693237 0.581320 0.681159 0.561997 0.681159
0 0.658615 0.900966 0.650564 0.954106 0.650564 1.000000 0.835749 1.000000 0.834138 0.939614 0.826087 0.903382 0.806763 0.862319 0.805153 0.816425 0.790660 0.787440 0.776167 0.775362 0.742351 0.772947 0.727858 0.782609 0.719807 0.797101 0.713366 0.823671 0.681159 0.855072
0 0.805153 0.555556 0.787440 0.572464 0.774557 0.623188 0.755233 0.642512 0.743961 0.647343 0.726248 0.681159 0.714976 0.724638 0.708535 0.799517 0.716586 0.804348 0.732689 0.777778 0.745572 0.770531 0.764895 0.770531 0.787440 0.782609 0.805153 0.814010 0.809984 0.867150 0.829308 0.905797 0.834138 0.908213 0.863124 0.862319 0.874396 0.828502 0.885668 0.765700 0.884058 0.717391 0.874396 0.678744 0.861514 0.649758 0.864734 0.596618 0.859903 0.582126 0.848631 0.565217 0.837359 0.557971
0 0.626409 0.487923 0.611916 0.497585 0.602254 0.514493 0.595813 0.577295 0.578100 0.603865 0.571659 0.623188 0.571659 0.659420 0.579710 0.681159 0.600644 0.695652 0.610306 0.712560 0.616747 0.756039 0.637681 0.792271 0.647343 0.818841 0.657005 0.879227 0.661836 0.879227 0.687601 0.842995 0.690821 0.818841 0.695652 0.811594 0.695652 0.789855 0.708535 0.702899 0.708535 0.649758 0.702093 0.618357 0.679549 0.579710 0.677939 0.528986 0.671498 0.507246 0.648953 0.487923
0 0.475040 0.413043 0.462158 0.422705 0.452496 0.439614 0.450886 0.504831 0.438003 0.536232 0.429952 0.582126 0.455717 0.654589 0.483092 0.688406 0.499195 0.722222 0.500805 0.739130 0.515298 0.741546 0.523349 0.736715 0.523349 0.724638 0.533011 0.700483 0.560386 0.671498 0.563607 0.570048 0.547504 0.521739 0.528180 0.492754 0.518519 0.429952 0.499195 0.413043
0 0.523349 0.258454 0.510467 0.268116 0.502415 0.285024 0.500805 0.345411 0.483092 0.384058 0.479871 0.410628 0.499195 0.413043 0.513688 0.422705 0.521739 0.437198 0.531401 0.497585 0.545894 0.512077 0.560386 0.536232 0.563607 0.550725 0.576490 0.553140 0.592593 0.528986 0.597424 0.473430 0.600644 0.468599 0.602254 0.408213 0.592593 0.379227 0.573269 0.345411 0.565217 0.275362 0.549114 0.258454
0 0.579710 0.125604 0.557166 0.142512 0.553945 0.152174 0.552335 0.214976 0.536232 0.253623 0.558776 0.265700 0.566828 0.280193 0.574879 0.338164 0.592593 0.369565 0.613527 0.420290 0.623188 0.413043 0.632850 0.388889 0.636071 0.350242 0.645733 0.311594 0.642512 0.270531 0.631240 0.234300 0.618357 0.212560 0.616747 0.157005 0.611916 0.140097 0.599034 0.128019
0 0.626409 0.014493 0.610306 0.031401 0.607085 0.101449 0.599034 0.125604 0.613527 0.142512 0.619968 0.207729 0.639291 0.246377 0.650564 0.287440 0.655395 0.289855 0.671498 0.272947 0.677939 0.253623 0.682770 0.207729 0.692432 0.178744 0.687601 0.142512 0.668277 0.094203 0.668277 0.033816 0.665056 0.024155 0.652174 0.014493
0 0.665056 0.316425 0.648953 0.326087 0.642512 0.338164 0.634461 0.405797 0.610306 0.444444 0.603865 0.490338 0.607085 0.502415 0.632850 0.485507 0.650564 0.487923 0.666667 0.500000 0.676329 0.519324 0.681159 0.577295 0.702093 0.613527 0.716586 0.649758 0.721417 0.601449 0.726248 0.594203 0.734300 0.553140 0.737520 0.483092 0.731079 0.456522 0.710145 0.410628 0.710145 0.352657 0.706924 0.338164 0.692432 0.321256
0 0.711755 0.171498 0.695652 0.181159 0.687601 0.195652 0.679549 0.265700 0.657005 0.301932 0.655395 0.318841 0.685990 0.316425 0.705314 0.333333 0.710145 0.347826 0.711755 0.410628 0.732689 0.446860 0.735910 0.466184 0.747182 0.471014 0.758454 0.451691 0.772947 0.388889 0.772947 0.326087 0.750403 0.268116 0.753623 0.217391 0.750403 0.193237 0.734300 0.176329
0 0.753623 0.050725 0.737520 0.067633 0.732689 0.086957 0.729469 0.132850 0.713366 0.169082 0.737520 0.178744 0.748792 0.190821 0.753623 0.205314 0.752013 0.268116 0.763285 0.292271 0.776167 0.335749 0.784219 0.345411 0.806763 0.309179 0.811594 0.285024 0.811594 0.200483 0.793881 0.149758 0.798712 0.074879 0.785829 0.055556
0 0.879227 0.381643 0.864734 0.369565 0.848631 0.364734 0.822866 0.374396 0.813205 0.391304 0.803543 0.442029 0.779388 0.461353 0.764895 0.480676 0.750403 0.514493 0.743961 0.562802 0.743961 0.625604 0.748792 0.640097 0.755233 0.640097 0.772947 0.625604 0.784219 0.579710 0.797101 0.560386 0.809984 0.553140 0.824477 0.553140 0.847021 0.562802 0.858293 0.577295 0.866345 0.608696 0.866345 0.630435 0.863124 0.632850 0.864734 0.654589 0.867955 0.664251 0.877617 0.664251 0.896940 0.601449 0.903382 0.565217 0.903382 0.524155 0.882448 0.471014 0.887279 0.410628
0 0.866345 0.212560 0.851852 0.219807 0.845411 0.229469 0.834138 0.289855 0.808374 0.316425 0.790660 0.347826 0.782609 0.371981 0.774557 0.451691 0.776167 0.456522 0.789050 0.454106 0.803543 0.439614 0.811594 0.393720 0.822866 0.371981 0.843800 0.362319 0.858293 0.364734 0.874396 0.374396 0.887279 0.396135 0.888889 0.434783 0.884058 0.468599 0.896940 0.497585 0.903382 0.497585 0.919485 0.451691 0.927536 0.405797 0.924316 0.359903 0.906602 0.318841 0.914654 0.243961 0.901771 0.219807 0.887279 0.212560
0 0.896940 0.089372 0.887279 0.096618 0.880837 0.111111 0.871176 0.164251 0.848631 0.188406 0.829308 0.222222 0.821256 0.251208 0.818035 0.299517 0.826087 0.297101 0.835749 0.280193 0.842190 0.239130 0.853462 0.219807 0.874396 0.210145 0.896940 0.217391 0.914654 0.241546 0.914654 0.270531 0.908213 0.294686 0.908213 0.311594 0.927536 0.364734 0.935588 0.369565 0.951691 0.309179 0.959742 0.248792 0.953301 0.212560 0.942029 0.188406 0.950081 0.140097 0.950081 0.111111 0.945250 0.101449
0 1.000000 0.898551 0.967794 0.886473 0.945250 0.893720 0.925926 0.925121 0.904992 0.934783 0.892110 0.934783 0.866345 0.954106 0.853462 0.973430 0.843800 1.000000 1.000000 1.000000
0 1.000000 0.649758 0.991948 0.652174 0.977456 0.671498 0.966184 0.702899 0.921095 0.727053 0.896940 0.758454 0.874396 0.852657 0.876006 0.900966 0.885668 0.927536 0.921095 0.925121 0.942029 0.896135 0.958132 0.886473 0.975845 0.886473 1.000000 0.896135
0 1.000000 0.456522 0.993559 0.461353 0.983897 0.492754 0.974235 0.507246 0.935588 0.536232 0.913043 0.567633 0.898551 0.625604 0.896940 0.659420 0.893720 0.666667 0.893720 0.719807 0.898551 0.743961 0.904992 0.743961 0.930757 0.717391 0.964573 0.702899 0.977456 0.671498 0.987118 0.657005 1.000000 0.649758
0 0.489533 0.000000 0.487923 0.070048 0.483092 0.082126 0.492754 0.161836 0.513688 0.190821 0.524960 0.234300 0.534622 0.236715 0.547504 0.217391 0.553945 0.152174 0.570048 0.128019 0.570048 0.106280 0.561997 0.086957 0.547504 0.067633 0.542673 0.000000
0 0.381643 0.000000 0.383253 0.038647 0.373591 0.062802 0.375201 0.091787 0.383253 0.123188 0.405797 0.154589 0.415459 0.178744 0.423510 0.176329 0.426731 0.154589 0.425121 0.123188 0.428341 0.103865 0.441224 0.086957 0.465378 0.079710 0.465378 0.070048 0.452496 0.041063 0.439614 0.026570 0.436393 0.000000
0 0.000000 0.362319 0.000000 0.630435 0.024155 0.666667 0.075684 0.809179 0.091787 0.842995 0.123994 0.876812 0.148148 0.876812 0.159420 0.864734 0.154589 0.821256 0.132045 0.758454 0.103060 0.698068 0.086957 0.644928 0.085346 0.596618 0.093398 0.541063 0.083736 0.500000 0.085346 0.461353 0.074074 0.449275 0.053140 0.439614 0.038647 0.398551 0.020934 0.367150
0 0.085346 0.241546 0.072464 0.258454 0.072464 0.282609 0.086957 0.335749 0.080515 0.374396 0.080515 0.413043 0.088567 0.444444 0.096618 0.451691 0.114332 0.439614 0.138486 0.437198 0.152979 0.446860 0.164251 0.473430 0.175523 0.483092 0.173913 0.475845 0.178744 0.468599 0.177134 0.444444 0.188406 0.405797 0.188406 0.374396 0.178744 0.328502 0.152979 0.301932 0.136876 0.251208 0.125604 0.234300 0.106280 0.231884
