0 0.197917 0.234259 0.183854 0.230556 0.165104 0.232407 0.148958 0.242593 0.143229 0.251852 0.141667 0.257407 0.141667 0.281481 0.143229 0.306481 0.147917 0.325926 0.147917 0.334259 0.146354 0.339815 0.134375 0.362037 0.125000 0.383333 0.123958 0.389815 0.128125 0.412037 0.134375 0.461111 0.134896 0.482407 0.140625 0.491667 0.146875 0.498148 0.155208 0.500000 0.157812 0.491667 0.173958 0.476852 0.190104 0.469444 0.205208 0.467593 0.218229 0.444444 0.221875 0.433333 0.233854 0.411111 0.234896 0.401852 0.232813 0.387963 0.231771 0.360185 0.226042 0.343519 0.221875 0.340741 0.206771 0.317593 0.209375 0.304630 0.209375 0.290741 0.205729 0.248148 0.203646 0.240741
0 0.113542 0.174074 0.105208 0.171296 0.087500 0.172222 0.071875 0.178704 0.064583 0.186111 0.061979 0.191667 0.060937 0.212037 0.062500 0.244444 0.064062 0.253704 0.068750 0.264815 0.068750 0.268519 0.059375 0.291667 0.055208 0.297222 0.047396 0.313889 0.045312 0.321296 0.044792 0.351852 0.046354 0.361111 0.047917 0.389815 0.048958 0.396296 0.052604 0.401852 0.060417 0.400926 0.070833 0.391667 0.092708 0.384259 0.107813 0.384259 0.119792 0.387963 0.124479 0.382407 0.125521 0.376852 0.139583 0.350926 0.144792 0.336111 0.145313 0.329630 0.142187 0.315741 0.141667 0.299074 0.139063 0.275926 0.133333 0.266667 0.128125 0.262037 0.125000 0.255556 0.126562 0.233333 0.124479 0.220370 0.122396 0.191667 0.119792 0.181481
0 0.025000 0.307407 0.015104 0.306481 0.000000 0.309259 0.000000 0.608333 0.005729 0.607407 0.009375 0.601852 0.014583 0.600000 0.017708 0.594444 0.023438 0.592593 0.024479 0.587037 0.029687 0.575926 0.032292 0.564815 0.038542 0.551852 0.041667 0.541667 0.054167 0.519444 0.058333 0.504630 0.057813 0.494444 0.055208 0.480556 0.052604 0.415741 0.042708 0.397222 0.044792 0.371296 0.039583 0.326852 0.038021 0.319444 0.035417 0.314815 0.029687 0.309259
0 0.088542 0.386111 0.071875 0.392593 0.063542 0.399074 0.056250 0.410185 0.054167 0.423148 0.056250 0.479630 0.060937 0.496296 0.061458 0.504630 0.059896 0.511111 0.040625 0.549074 0.037500 0.560185 0.032292 0.571296 0.029687 0.581481 0.029167 0.591667 0.032813 0.593519 0.041667 0.591667 0.060417 0.593519 0.067708 0.597222 0.075000 0.606481 0.079167 0.623148 0.085417 0.671296 0.088542 0.681481 0.088542 0.686111 0.091667 0.692593 0.091667 0.709259 0.095833 0.715741 0.107292 0.719444 0.110417 0.725926 0.113542 0.725926 0.118750 0.717593 0.120833 0.696296 0.128646 0.666667 0.141146 0.638889 0.141667 0.635185 0.154167 0.611111 0.159375 0.596296 0.159896 0.588889 0.157292 0.575000 0.155729 0.557407 0.154688 0.516667 0.152604 0.510185 0.148438 0.503704 0.142708 0.499074 0.139063 0.493519 0.134375 0.490741 0.130729 0.483333 0.132292 0.471296 0.131771 0.450000 0.124479 0.399074 0.118229 0.390741 0.107813 0.386111
0 0.189583 0.472222 0.172917 0.480556 0.164583 0.488889 0.157292 0.502778 0.156250 0.508333 0.157292 0.557407 0.159375 0.575000 0.163021 0.588889 0.163542 0.595370 0.133854 0.657407 0.124479 0.689815 0.122917 0.708333 0.123438 0.716667 0.124479 0.718519 0.132292 0.718519 0.151562 0.712037 0.169792 0.713889 0.184896 0.724074 0.192708 0.739815 0.196354 0.780556 0.202604 0.804630 0.206771 0.840741 0.213021 0.844444 0.216667 0.844444 0.220833 0.855556 0.228125 0.858333 0.229167 0.857407 0.228125 0.853704 0.230208 0.850926 0.228646 0.845370 0.229167 0.840741 0.227604 0.837963 0.229167 0.835185 0.229687 0.814815 0.235937 0.785185 0.242188 0.772222 0.243229 0.766667 0.251563 0.745370 0.260937 0.732407 0.272396 0.702778 0.273958 0.675926 0.270313 0.625926 0.265104 0.610185 0.253646 0.595370 0.242188 0.585185 0.239063 0.578704 0.240104 0.569444 0.239583 0.548148 0.234896 0.501852 0.231771 0.487963 0.224479 0.477778 0.217708 0.473148 0.209375 0.470370
0 0.282813 0.587037 0.275000 0.601852 0.272396 0.614815 0.273958 0.669444 0.278125 0.701852 0.265104 0.732407 0.255729 0.748148 0.251042 0.751852 0.248438 0.762037 0.244271 0.769444 0.236458 0.795370 0.232813 0.816667 0.233333 0.837037 0.235417 0.850926 0.240104 0.862963 0.242188 0.872222 0.249479 0.885185 0.252083 0.894444 0.256771 0.901852 0.259896 0.912963 0.263542 0.917593 0.270313 0.942593 0.273438 0.962037 0.272917 0.967593 0.275000 0.978704 0.275521 0.989815 0.279687 0.996296 0.280208 1.000000 0.423438 1.000000 0.424479 0.997222 0.426563 0.997222 0.428125 0.988889 0.427083 0.986111 0.427604 0.982407 0.425521 0.979630 0.425000 0.972222 0.428646 0.968519 0.428646 0.964815 0.427604 0.962963 0.427604 0.951852 0.424479 0.947222 0.423958 0.938889 0.422396 0.934259 0.422396 0.921296 0.420312 0.900000 0.421354 0.863889 0.419271 0.838889 0.419792 0.833333 0.414583 0.782407 0.411458 0.769444 0.407813 0.762963 0.406250 0.755556 0.399479 0.744444 0.396354 0.735185 0.393750 0.733333 0.380729 0.712963 0.377083 0.711111 0.373958 0.704630 0.367708 0.700000 0.361979 0.692593 0.360938 0.651852 0.358854 0.634259 0.357812 0.606481 0.355208 0.593519 0.346354 0.578704 0.338021 0.573148 0.325521 0.570370 0.306771 0.572222 0.290104 0.580556
0 0.060417 0.595370 0.040104 0.593519 0.025521 0.596296 0.000000 0.614815 0.000000 0.952778 0.002604 0.954630 0.004167 0.967593 0.014583 0.987037 0.017188 1.000000 0.023958 1.000000 0.025000 0.997222 0.026562 0.997222 0.027604 1.000000 0.040104 1.000000 0.041146 0.997222 0.043229 1.000000 0.054167 1.000000 0.056250 0.992593 0.060417 0.991667 0.061979 0.978704 0.065104 0.966667 0.064583 0.962963 0.070312 0.951852 0.071875 0.939815 0.078646 0.926852 0.087500 0.903704 0.096354 0.888889 0.100521 0.875000 0.101042 0.826852 0.095312 0.775000 0.096354 0.760185 0.102604 0.743519 0.106771 0.736111 0.106771 0.731481 0.086458 0.709259 0.086458 0.685185 0.082812 0.663889 0.077083 0.615741 0.070833 0.602778
0 0.189062 0.105556 0.180729 0.112037 0.176042 0.123148 0.177604 0.174074 0.182292 0.189815 0.178125 0.200926 0.167187 0.222222 0.165625 0.229630 0.185938 0.229630 0.201563 0.236111 0.206771 0.247222 0.206771 0.259259 0.208854 0.271296 0.208333 0.275926 0.211458 0.302778 0.210938 0.318519 0.214062 0.325000 0.218229 0.327778 0.220833 0.334259 0.228646 0.337037 0.229687 0.334259 0.229167 0.329630 0.232292 0.319444 0.233854 0.305556 0.235417 0.300926 0.240104 0.293519 0.244271 0.282407 0.248958 0.277778 0.260417 0.253704 0.260417 0.243519 0.257812 0.231481 0.257292 0.217593 0.255729 0.211111 0.245833 0.196296 0.237500 0.187037 0.234896 0.181481 0.234375 0.174074 0.235937 0.165741 0.233333 0.119444 0.229687 0.108333 0.224479 0.103704 0.214062 0.100926 0.200000 0.101852
0 0.273958 0.158333 0.264062 0.165741 0.258333 0.175000 0.257812 0.201852 0.258854 0.231481 0.263542 0.245370 0.263542 0.250926 0.258333 0.262963 0.242708 0.290741 0.239583 0.301852 0.239583 0.307407 0.265104 0.298148 0.283854 0.299074 0.294792 0.305556 0.301042 0.317593 0.301042 0.324074 0.303125 0.333333 0.303646 0.354630 0.306250 0.375926 0.307812 0.380556 0.306771 0.391667 0.309896 0.397222 0.311458 0.397222 0.313542 0.391667 0.317188 0.388889 0.319792 0.377778 0.322396 0.374074 0.322917 0.369444 0.326042 0.365741 0.330208 0.353704 0.341146 0.337963 0.350000 0.321296 0.351562 0.315741 0.350521 0.300926 0.347396 0.285185 0.343229 0.275000 0.330729 0.258333 0.319792 0.239815 0.318750 0.234259 0.320833 0.217593 0.317708 0.175926 0.315104 0.166667 0.310417 0.159259 0.302083 0.155556 0.285417 0.154630
0 0.361458 0.220370 0.352604 0.232407 0.351042 0.240741 0.351042 0.283333 0.352083 0.295370 0.355208 0.305556 0.355208 0.313889 0.350000 0.325926 0.336979 0.347222 0.327083 0.368519 0.320833 0.391667 0.320833 0.407407 0.322396 0.412963 0.333333 0.427778 0.337500 0.427778 0.339062 0.407407 0.345313 0.385185 0.355208 0.376852 0.372396 0.370370 0.389062 0.370370 0.404687 0.377778 0.411979 0.390741 0.416146 0.438889 0.419792 0.447222 0.423438 0.447222 0.430729 0.435185 0.431250 0.431481 0.437500 0.420370 0.438542 0.415741 0.442708 0.408333 0.446875 0.404630 0.451042 0.396296 0.453125 0.388889 0.453646 0.380556 0.448437 0.361111 0.445312 0.358333 0.440104 0.349074 0.434375 0.335185 0.423438 0.321296 0.415625 0.307407 0.417187 0.276852 0.413021 0.227778 0.405729 0.218519 0.392708 0.213889 0.376042 0.213889
0 0.515625 0.281481 0.501563 0.276852 0.478646 0.278704 0.469792 0.282407 0.466146 0.287963 0.463021 0.289815 0.459896 0.297222 0.458333 0.308333 0.458333 0.364815 0.461458 0.381481 0.457292 0.390741 0.439063 0.420370 0.426563 0.450926 0.422917 0.462037 0.421875 0.469444 0.422917 0.482407 0.435417 0.498148 0.454167 0.531481 0.458854 0.533333 0.459896 0.530556 0.459896 0.489815 0.463542 0.475000 0.471354 0.464815 0.479167 0.459259 0.498437 0.453704 0.512500 0.454630 0.527604 0.461111 0.533333 0.470370 0.537500 0.474074 0.540625 0.491667 0.540104 0.499074 0.541146 0.504630 0.548958 0.502778 0.555729 0.498148 0.568229 0.471296 0.567708 0.458333 0.559375 0.432407 0.547396 0.408333 0.533333 0.389815 0.526563 0.376852 0.526563 0.369444 0.528646 0.358333 0.527083 0.316667 0.523958 0.294444 0.520312 0.286111
0 0.939063 0.102778 0.915625 0.103704 0.909375 0.106481 0.905729 0.111111 0.902083 0.124074 0.898958 0.175000 0.903646 0.189815 0.897917 0.200000 0.892708 0.204630 0.886979 0.215741 0.882812 0.219444 0.877083 0.228704 0.875000 0.235185 0.875000 0.272222 0.884375 0.287963 0.888021 0.290741 0.891667 0.300926 0.903646 0.323148 0.907292 0.337963 0.913542 0.355556 0.917188 0.376852 0.916667 0.388889 0.917708 0.394444 0.915625 0.413889 0.916146 0.424074 0.914062 0.483333 0.914583 0.546296 0.915625 0.549074 0.914583 0.577778 0.915625 0.580556 0.911458 0.632407 0.912500 0.644444 0.911458 0.650000 0.912500 0.654630 0.911979 0.658333 0.913021 0.666667 0.916146 0.671296 0.939063 0.667593 0.951042 0.662963 0.955729 0.657407 0.966146 0.653704 0.968229 0.650926 0.970833 0.641667 0.977083 0.638889 0.983333 0.623148 0.984375 0.609259 0.983333 0.575926 0.983854 0.532407 0.985417 0.518519 0.986979 0.514815 0.987500 0.503704 0.989583 0.499074 0.988542 0.471296 0.990625 0.468519 0.991667 0.452778 0.991146 0.440741 0.992708 0.427778 0.992188 0.414815 0.995313 0.377778 0.996875 0.298148 0.994271 0.278704 0.991667 0.266667 0.987500 0.260185 0.984375 0.243519 0.977083 0.231481 0.976042 0.226852 0.971354 0.222222 0.967187 0.211111 0.964063 0.209259 0.955729 0.196296 0.956771 0.189815 0.959375 0.186111 0.960938 0.179630 0.960938 0.149074 0.961979 0.137037 0.959896 0.117593 0.956771 0.112037 0.951042 0.106481
0 0.846875 0.171296 0.829167 0.173148 0.821875 0.175926 0.814583 0.181481 0.811458 0.187963 0.809375 0.200000 0.808333 0.246296 0.811458 0.267593 0.804167 0.280556 0.796875 0.288889 0.794792 0.295370 0.790104 0.301852 0.789062 0.306481 0.782292 0.313889 0.777604 0.328704 0.777083 0.340741 0.775521 0.348148 0.775521 0.361111 0.776563 0.364815 0.790104 0.384259 0.802604 0.409259 0.817708 0.450926 0.819271 0.459259 0.821354 0.490741 0.819792 0.541667 0.820833 0.551852 0.820833 0.612037 0.822396 0.618519 0.820833 0.637037 0.820833 0.673148 0.821875 0.681481 0.821875 0.744444 0.820833 0.756481 0.822396 0.768519 0.835417 0.772222 0.854167 0.771296 0.881250 0.761111 0.895833 0.749074 0.905208 0.730556 0.906771 0.723148 0.907292 0.704630 0.908854 0.694444 0.908333 0.673148 0.906771 0.670370 0.906250 0.659259 0.907292 0.611111 0.908854 0.607407 0.907813 0.602778 0.908854 0.596296 0.910937 0.592593 0.912500 0.547222 0.911979 0.516667 0.909375 0.511111 0.910937 0.501852 0.909375 0.494444 0.909375 0.487037 0.910937 0.484259 0.910417 0.473148 0.913021 0.468519 0.913542 0.414815 0.915104 0.397222 0.915104 0.378704 0.913021 0.369444 0.913021 0.361111 0.908333 0.354630 0.906250 0.337037 0.898438 0.314815 0.893229 0.310185 0.890104 0.299074 0.871354 0.270370 0.870313 0.262963 0.872917 0.254630 0.873437 0.237963 0.872396 0.193519 0.870833 0.186111 0.862500 0.176852
0 0.731250 0.258333 0.720313 0.261111 0.712500 0.266667 0.705208 0.277778 0.703125 0.308333 0.703125 0.343519 0.705208 0.362037 0.700521 0.373148 0.696354 0.375926 0.680729 0.404630 0.670312 0.431481 0.668229 0.442593 0.668229 0.452778 0.671354 0.481481 0.685417 0.512037 0.700521 0.557407 0.703125 0.571296 0.703125 0.708333 0.705208 0.731481 0.704167 0.735185 0.704167 0.773148 0.705729 0.783333 0.713542 0.796296 0.717708 0.806481 0.716667 0.815741 0.718229 0.821296 0.719792 0.852778 0.718229 0.860185 0.718229 0.887963 0.719792 0.893519 0.723437 0.895370 0.748958 0.897222 0.772917 0.891667 0.788542 0.882407 0.804167 0.866667 0.810937 0.854630 0.813021 0.845370 0.815104 0.841667 0.818750 0.812037 0.817708 0.759259 0.819271 0.700000 0.817708 0.680556 0.819792 0.625000 0.818750 0.465741 0.816146 0.454630 0.804688 0.418519 0.791146 0.389815 0.775000 0.366667 0.770833 0.358333 0.770312 0.353704 0.772917 0.342593 0.773438 0.326852 0.771875 0.281481 0.763021 0.265741 0.748958 0.259259
0 0.595313 0.351852 0.582812 0.361111 0.580208 0.364815 0.577083 0.375926 0.575521 0.411111 0.576042 0.437037 0.577083 0.439815 0.577083 0.450926 0.578646 0.455556 0.578125 0.462037 0.576562 0.467593 0.546875 0.520370 0.544271 0.532407 0.543750 0.570370 0.547396 0.579630 0.567708 0.607407 0.583854 0.639815 0.592187 0.667593 0.595833 0.689815 0.598437 0.730556 0.597917 0.816667 0.598958 0.847222 0.600000 0.850926 0.599479 0.879630 0.601562 0.915741 0.602604 0.994444 0.604688 1.000000 0.695833 1.000000 0.696354 0.997222 0.701042 0.993519 0.709896 0.975926 0.714063 0.960185 0.715625 0.945370 0.715104 0.911111 0.713542 0.892593 0.714063 0.887037 0.713021 0.885185 0.714063 0.882407 0.713021 0.876852 0.714063 0.872222 0.713021 0.869444 0.713542 0.862963 0.712500 0.861111 0.714063 0.858333 0.713021 0.853704 0.714063 0.849074 0.712500 0.845370 0.713542 0.843519 0.712500 0.837963 0.713542 0.833333 0.711458 0.829630 0.712500 0.825926 0.703646 0.814815 0.704167 0.809259 0.702083 0.797222 0.701042 0.777778 0.700000 0.688889 0.702083 0.587963 0.700000 0.563889 0.686979 0.524074 0.671875 0.487963 0.654167 0.466667 0.648958 0.457407 0.649479 0.447222 0.651042 0.444444 0.652604 0.433333 0.650521 0.418519 0.649479 0.375000 0.646875 0.364815 0.637500 0.352778 0.623437 0.347222 0.607292 0.347222
0 0.280729 0.299074 0.258333 0.300000 0.243229 0.307407 0.235937 0.315741 0.233333 0.328704 0.232292 0.350000 0.234375 0.385185 0.238021 0.398148 0.238021 0.406481 0.218750 0.444444 0.210938 0.462963 0.211979 0.469444 0.225000 0.476852 0.230729 0.484259 0.233333 0.490741 0.240625 0.545370 0.241667 0.559259 0.241146 0.573148 0.244271 0.582407 0.257812 0.595370 0.259896 0.600000 0.267708 0.604630 0.271354 0.602778 0.273438 0.596296 0.280208 0.587963 0.283333 0.580556 0.304167 0.568519 0.310417 0.553704 0.313542 0.541667 0.327604 0.514815 0.328125 0.511111 0.336979 0.497222 0.342187 0.484259 0.341146 0.470370 0.335938 0.444444 0.323958 0.422222 0.321354 0.420370 0.319271 0.415741 0.315625 0.413889 0.311458 0.406481 0.306771 0.402778 0.302604 0.395370 0.304688 0.375000 0.304167 0.356481 0.301563 0.325000 0.299479 0.314815 0.293229 0.304630
0 0.476042 0.462037 0.467708 0.470370 0.461979 0.479630 0.460938 0.485185 0.460938 0.549074 0.464062 0.576852 0.459896 0.586111 0.453125 0.594444 0.439583 0.616667 0.430729 0.634259 0.427604 0.645370 0.421875 0.658333 0.416667 0.684259 0.416146 0.718519 0.417708 0.721296 0.416146 0.733333 0.417708 0.736111 0.417708 0.756481 0.419271 0.759259 0.421875 0.800926 0.423438 0.809259 0.426563 0.858333 0.428125 0.864815 0.427604 0.880556 0.429688 0.898148 0.430208 0.944444 0.431250 0.947222 0.430729 0.950926 0.432812 0.955556 0.432812 0.974074 0.439063 1.000000 0.588021 1.000000 0.593229 0.987963 0.597917 0.954630 0.597396 0.930556 0.598437 0.902778 0.596354 0.852778 0.596875 0.825926 0.595833 0.822222 0.595833 0.806481 0.596875 0.801852 0.595833 0.792593 0.596354 0.767593 0.595313 0.761111 0.596875 0.731481 0.592187 0.674074 0.585417 0.646296 0.570312 0.613889 0.552083 0.587037 0.541146 0.575926 0.539062 0.570370 0.540625 0.528704 0.539583 0.496296 0.537500 0.477778 0.528125 0.462963 0.514583 0.456481 0.493229 0.455556
0 0.355208 0.376852 0.344792 0.387037 0.340625 0.400926 0.340104 0.406481 0.340625 0.451852 0.342187 0.466667 0.345313 0.475000 0.346354 0.482407 0.344271 0.488889 0.330208 0.512037 0.327083 0.521296 0.313021 0.549074 0.309896 0.562963 0.309896 0.567593 0.310937 0.569444 0.328125 0.569444 0.341146 0.573148 0.348438 0.579630 0.355208 0.591667 0.358333 0.606481 0.360417 0.642593 0.364063 0.658333 0.366146 0.662037 0.367188 0.675926 0.366146 0.690741 0.367188 0.694444 0.396875 0.731481 0.399479 0.738889 0.405729 0.747222 0.408333 0.755556 0.411458 0.761111 0.413021 0.761111 0.415625 0.675000 0.422396 0.650000 0.431250 0.629630 0.458333 0.582407 0.459375 0.578704 0.459375 0.562963 0.456771 0.552778 0.456771 0.548148 0.452604 0.534259 0.444792 0.518519 0.440104 0.514815 0.433854 0.500926 0.428646 0.493519 0.417187 0.482407 0.414062 0.475926 0.416146 0.457407 0.414583 0.419444 0.411979 0.395370 0.408854 0.385185 0.403125 0.376852 0.384896 0.370370 0.372396 0.371296
0 0.800521 0.000000 0.750521 0.000000 0.750521 0.035185 0.748958 0.043519 0.736458 0.062963 0.731771 0.073148 0.730208 0.085185 0.727083 0.094444 0.727083 0.103704 0.735417 0.118519 0.749479 0.134259 0.753125 0.153704 0.758854 0.165741 0.763542 0.165741 0.765104 0.162037 0.773438 0.154630 0.779167 0.142593 0.779687 0.138889 0.777083 0.131481 0.781250 0.072222 0.786458 0.063889 0.805729 0.054630 0.805729 0.051852 0.798958 0.039815 0.797917 0.035185 0.798958 0.025926 0.800521 0.022222
0 0.577604 0.000000 0.577083 0.043519 0.579688 0.056481 0.577604 0.062037 0.572396 0.066667 0.563542 0.082407 0.563542 0.086111 0.558854 0.093519 0.556771 0.094444 0.550000 0.107407 0.550521 0.119444 0.552604 0.125926 0.568750 0.154630 0.571354 0.162963 0.576042 0.167593 0.579167 0.159259 0.578125 0.145370 0.579688 0.112037 0.579167 0.099074 0.580729 0.088889 0.583854 0.083333 0.593229 0.076852 0.603125 0.074074 0.618750 0.074074 0.632812 0.079630 0.636458 0.087037 0.637500 0.092593 0.638021 0.112963 0.639583 0.119444 0.639062 0.127778 0.640104 0.133333 0.642188 0.135185 0.641146 0.138889 0.643229 0.139815 0.650521 0.131481 0.651042 0.127778 0.655208 0.119444 0.654167 0.115741 0.654687 0.110185 0.650000 0.102778 0.650521 0.099074 0.645312 0.088889 0.642708 0.088889 0.640104 0.083333 0.640625 0.080556 0.631250 0.069444 0.630208 0.067593 0.631250 0.064815 0.629167 0.063889 0.623958 0.052778 0.627083 0.038889 0.627083 0.003704 0.626042 0.000000
0 0.994271 0.044444 0.985417 0.048148 0.978125 0.062037 0.975521 0.102778 0.977083 0.125926 0.975000 0.131481 0.970313 0.135185 0.966667 0.141667 0.963542 0.150926 0.962500 0.163889 0.964583 0.177778 0.960417 0.188889 0.959896 0.198148 0.960938 0.201852 0.966667 0.207407 0.977083 0.225000 0.986458 0.231481 1.000000 0.235185 1.000000 0.044444
0 0.866146 0.004630 0.860938 0.007407 0.852604 0.016667 0.850521 0.049074 0.850521 0.066667 0.852604 0.079630 0.843229 0.096296 0.840104 0.104630 0.840104 0.109259 0.841667 0.112037 0.841667 0.123148 0.840104 0.125926 0.840625 0.130556 0.835938 0.143519 0.836979 0.148148 0.846354 0.163889 0.852083 0.170370 0.865104 0.175926 0.875521 0.185185 0.877083 0.195370 0.880208 0.192593 0.885417 0.193519 0.886979 0.191667 0.893229 0.194444 0.894792 0.190741 0.894271 0.185185 0.896354 0.182407 0.896354 0.176852 0.897396 0.175000 0.896354 0.170370 0.898958 0.157407 0.901042 0.119444 0.908333 0.104630 0.907292 0.096296 0.901042 0.083333 0.901563 0.076852 0.904687 0.067593 0.905729 0.042593 0.905208 0.021296 0.901042 0.011111 0.889062 0.003704
0 0.719271 0.024074 0.709896 0.020370 0.695312 0.020370 0.680208 0.026852 0.676042 0.036111 0.673438 0.076852 0.673438 0.085185 0.676042 0.097222 0.675000 0.101852 0.671354 0.109259 0.658854 0.125000 0.654167 0.137037 0.649479 0.142593 0.644271 0.153704 0.643229 0.164815 0.650000 0.178704 0.652083 0.179630 0.666146 0.205556 0.675000 0.233333 0.679167 0.233333 0.688542 0.217593 0.690104 0.211111 0.690104 0.204630 0.688542 0.200926 0.689063 0.148148 0.690625 0.137963 0.695833 0.129630 0.701042 0.125000 0.721354 0.119444 0.731250 0.119444 0.730208 0.112963 0.724479 0.100000 0.727604 0.087963 0.727604 0.037963 0.725000 0.029630
0 0.826042 0.061111 0.813542 0.058333 0.800000 0.059259 0.787500 0.063889 0.782292 0.071296 0.780729 0.083333 0.779167 0.130556 0.781250 0.135185 0.782292 0.142593 0.779167 0.150000 0.765104 0.167593 0.761458 0.179630 0.751042 0.200926 0.751042 0.210185 0.771875 0.246296 0.778646 0.262963 0.783333 0.284259 0.788021 0.293519 0.791667 0.293519 0.794792 0.290741 0.798958 0.282407 0.803646 0.277778 0.808333 0.267593 0.807292 0.219444 0.809375 0.189815 0.814063 0.180556 0.821875 0.175000 0.844792 0.169444 0.844792 0.165741 0.841667 0.158333 0.832292 0.145370 0.832292 0.141667 0.834896 0.137037 0.836979 0.128704 0.836979 0.079630 0.833854 0.067593
0 0.493229 0.038889 0.489063 0.047222 0.488021 0.053704 0.488542 0.092593 0.491667 0.111111 0.491146 0.114815 0.477083 0.140741 0.473958 0.152778 0.486458 0.144444 0.499479 0.140741 0.517708 0.141667 0.521354 0.143519 0.527604 0.150926 0.530208 0.157407 0.532292 0.177778 0.532292 0.226852 0.541146 0.240741 0.548958 0.246296 0.550000 0.244444 0.550521 0.229630 0.557813 0.207407 0.569792 0.183333 0.571354 0.177778 0.571354 0.172222 0.569792 0.169444 0.567708 0.158333 0.564583 0.154630 0.559896 0.142593 0.551042 0.129630 0.543229 0.112963 0.540625 0.103704 0.542188 0.100000 0.542188 0.074074 0.539062 0.044444 0.532813 0.035185 0.521354 0.031481 0.506771 0.032407
0 0.629687 0.078704 0.620833 0.075000 0.597917 0.075926 0.585938 0.082407 0.582812 0.087037 0.581250 0.092593 0.580208 0.101852 0.580208 0.144444 0.584375 0.161111 0.578646 0.169444 0.575000 0.183333 0.568750 0.188889 0.564063 0.196296 0.559375 0.214815 0.555208 0.220370 0.553646 0.229630 0.554688 0.249074 0.559375 0.254630 0.564583 0.274074 0.570833 0.285185 0.573438 0.293519 0.576562 0.297222 0.580729 0.295370 0.581250 0.284259 0.578646 0.275000 0.581250 0.255556 0.580208 0.244444 0.582292 0.237037 0.581771 0.229630 0.583854 0.222222 0.583854 0.215741 0.588542 0.204630 0.600521 0.196296 0.613542 0.191667 0.623437 0.191667 0.626042 0.194444 0.638542 0.197222 0.646875 0.208333 0.648438 0.233333 0.650521 0.237037 0.650521 0.241667 0.652083 0.243519 0.651042 0.248148 0.656771 0.260185 0.665625 0.255556 0.670833 0.244444 0.670833 0.228704 0.665104 0.212037 0.664062 0.205556 0.659375 0.201852 0.655729 0.193519 0.655208 0.188889 0.642708 0.173148 0.635938 0.160185 0.635417 0.150000 0.637500 0.133333 0.636979 0.098148 0.635938 0.090741
0 0.741146 0.125926 0.732812 0.121296 0.720313 0.120370 0.701042 0.125926 0.696875 0.128704 0.692187 0.136111 0.689583 0.148148 0.689063 0.185185 0.692187 0.210185 0.686979 0.224074 0.674479 0.242593 0.668229 0.265741 0.661458 0.275000 0.658333 0.282407 0.657292 0.290741 0.658333 0.298148 0.677604 0.331481 0.680208 0.341667 0.683333 0.346296 0.689063 0.367593 0.692708 0.374074 0.695312 0.373148 0.702083 0.362963 0.701042 0.333333 0.703125 0.284259 0.704167 0.276852 0.713021 0.264815 0.723958 0.258333 0.737500 0.256481 0.747396 0.257407 0.763021 0.263889 0.768229 0.274074 0.772917 0.279630 0.773958 0.310185 0.775000 0.312037 0.778646 0.311111 0.781771 0.303704 0.780729 0.282407 0.773438 0.254630 0.764062 0.235185 0.746875 0.208333 0.746875 0.202778 0.751042 0.190741 0.750521 0.158333 0.747396 0.134259
0 0.103125 0.747222 0.098958 0.759259 0.097917 0.782407 0.102083 0.817593 0.103125 0.837037 0.107292 0.855556 0.107813 0.868519 0.100521 0.889815 0.085938 0.916667 0.076042 0.940741 0.069792 0.962037 0.066667 0.981481 0.068229 1.000000 0.260937 1.000000 0.267188 0.990741 0.266146 0.986111 0.266146 0.959259 0.264062 0.942593 0.255729 0.908333 0.252604 0.905556 0.247396 0.892593 0.243750 0.889815 0.240104 0.882407 0.232813 0.873148 0.216667 0.856481 0.202083 0.845370 0.200000 0.841667 0.200521 0.819444 0.195833 0.789815 0.191667 0.746296 0.189583 0.737037 0.185417 0.727778 0.177083 0.719444 0.167708 0.715741 0.150000 0.714815 0.141667 0.716667 0.127083 0.723148 0.116146 0.733333 0.110417 0.736111
0 0.595313 0.199074 0.586458 0.208333 0.583333 0.223148 0.582292 0.247222 0.583333 0.259259 0.582812 0.273148 0.583333 0.279630 0.585938 0.286111 0.586458 0.293519 0.564583 0.329630 0.561458 0.341667 0.557292 0.349074 0.551562 0.365741 0.550521 0.381481 0.554167 0.395370 0.554167 0.404630 0.557292 0.408333 0.556771 0.412037 0.563542 0.424074 0.565104 0.435185 0.569271 0.437963 0.570833 0.435185 0.571354 0.424074 0.573438 0.420370 0.573438 0.410185 0.575000 0.402778 0.574479 0.394444 0.577083 0.374074 0.581771 0.362037 0.588021 0.355556 0.605208 0.347222 0.621875 0.346296 0.631250 0.348148 0.639062 0.352778 0.648438 0.364815 0.650000 0.374074 0.650521 0.389815 0.653125 0.396296 0.652604 0.409259 0.656771 0.425000 0.658333 0.443519 0.661979 0.439815 0.660937 0.435185 0.669792 0.423148 0.672917 0.409259 0.676562 0.405556 0.685937 0.387963 0.687500 0.375926 0.684896 0.361111 0.680208 0.346296 0.673438 0.334259 0.670312 0.323148 0.664062 0.312963 0.649479 0.295370 0.645312 0.287037 0.649479 0.271296 0.649479 0.246296 0.646875 0.212963 0.643750 0.204630 0.634375 0.196296 0.613542 0.193519
0 0.478125 0.150000 0.472396 0.158333 0.469792 0.169444 0.470833 0.214815 0.473958 0.228704 0.474479 0.238889 0.461979 0.265741 0.454688 0.289815 0.454688 0.298148 0.453125 0.302778 0.456250 0.303704 0.456250 0.300000 0.458854 0.298148 0.461979 0.290741 0.470313 0.281481 0.484896 0.276852 0.496354 0.275926 0.513542 0.279630 0.521354 0.285185 0.527083 0.303704 0.529687 0.332407 0.529167 0.337963 0.532292 0.360185 0.533333 0.362037 0.536979 0.362037 0.547396 0.357407 0.560937 0.331481 0.563542 0.323148 0.569792 0.312963 0.570312 0.302778 0.569792 0.299074 0.564583 0.290741 0.564063 0.283333 0.561458 0.275000 0.553646 0.259259 0.551042 0.257407 0.548438 0.251852 0.539583 0.241667 0.530729 0.227778 0.530208 0.220370 0.532292 0.211111 0.532813 0.189815 0.530729 0.162037 0.529167 0.154630 0.523958 0.146296 0.515625 0.141667 0.493750 0.141667 0.485938 0.144444
0 0.383333 0.095370 0.376042 0.102778 0.373437 0.113889 0.375000 0.164815 0.378646 0.175926 0.379167 0.182407 0.376563 0.196296 0.372396 0.206481 0.372396 0.212963 0.389062 0.212037 0.396875 0.213889 0.409375 0.220370 0.412500 0.225000 0.415625 0.240741 0.417187 0.265741 0.420312 0.287037 0.419271 0.306481 0.423438 0.314815 0.429688 0.321296 0.431250 0.325926 0.435417 0.326852 0.436458 0.325000 0.436458 0.300926 0.438021 0.298148 0.443229 0.297222 0.446354 0.294444 0.446354 0.291667 0.453125 0.279630 0.455208 0.269444 0.460938 0.263889 0.466667 0.249074 0.467708 0.237037 0.460417 0.219444 0.454688 0.214815 0.453125 0.204630 0.431250 0.174074 0.430208 0.165741 0.433333 0.154630 0.433333 0.145370 0.430729 0.110185 0.429167 0.100926 0.426563 0.096296 0.419792 0.091667 0.412500 0.089815 0.399479 0.089815
0 0.297917 0.050926 0.291667 0.057407 0.289062 0.065741 0.289583 0.111111 0.291146 0.118519 0.295312 0.127778 0.293229 0.135185 0.286458 0.149074 0.286458 0.151852 0.308854 0.157407 0.317188 0.170370 0.318750 0.176852 0.321354 0.214815 0.321354 0.235185 0.322396 0.239815 0.336979 0.263889 0.343229 0.267593 0.344792 0.272222 0.346354 0.272222 0.346875 0.267593 0.344792 0.260185 0.346875 0.256481 0.348438 0.240741 0.354687 0.224074 0.363542 0.216667 0.372917 0.200000 0.375000 0.192593 0.374479 0.174074 0.366667 0.155556 0.344792 0.125926 0.344271 0.114815 0.345833 0.108333 0.345833 0.093519 0.343229 0.062963 0.341667 0.056481 0.338542 0.050926 0.334375 0.047222 0.327604 0.045370 0.315104 0.045370
