0 0.487500 0.496296 0.479167 0.511111 0.479167 0.540741 0.468750 0.562963 0.466667 0.581481 0.481250 1.000000 0.543750 1.000000 0.541667 0.762963 0.535417 0.711111 0.533333 0.614815 0.529167 0.588889 0.510417 0.540741 0.510417 0.503704
0 0.556250 0.500000 0.547917 0.507407 0.547917 0.548148 0.535417 0.577778 0.545833 0.814815 0.547917 0.992593 0.552083 1.000000 0.608333 1.000000 0.614583 0.985185 0.602083 0.614815 0.591667 0.570370 0.577083 0.544444 0.577083 0.507407 0.572917 0.500000
0 0.708333 0.003704 0.702083 0.011111 0.700000 0.029630 0.708333 0.051852 0.706250 0.122222 0.716667 0.314815 0.720833 0.322222 0.741667 0.325926 0.743750 0.155556 0.735417 0.074074 0.722917 0.059259 0.725000 0.007407
0 0.735417 0.029630 0.731250 0.055556 0.741667 0.081481 0.741667 0.140741 0.747917 0.192593 0.747917 0.322222 0.775000 0.333333 0.770833 0.125926 0.766667 0.103704 0.752083 0.074074 0.754167 0.033333
0 0.772917 0.040741 0.764583 0.051852 0.764583 0.074074 0.772917 0.100000 0.779167 0.325926 0.787500 0.340741 0.814583 0.344444 0.806250 0.118519 0.789583 0.088889 0.789583 0.044444
0 0.772917 0.514815 0.758333 0.525926 0.752083 0.570370 0.766667 0.640741 0.779167 0.933333 0.791667 0.937037 0.812500 0.929630 0.818750 0.907407 0.812500 0.703704 0.802083 0.592593 0.783333 0.551852 0.783333 0.522222
0 0.720833 0.514815 0.712500 0.529630 0.708333 0.577778 0.716667 0.607407 0.720833 0.655556 0.720833 0.762963 0.729167 0.896296 0.727083 0.951852 0.745833 0.955556 0.772917 0.944444 0.777083 0.929630 0.768750 0.800000 0.766667 0.648148 0.758333 0.596296 0.741667 0.555556 0.739583 0.518519
0 0.675000 0.511111 0.664583 0.529630 0.664583 0.551852 0.654167 0.574074 0.654167 0.600000 0.660417 0.618519 0.664583 0.666667 0.675000 0.974074 0.685417 0.977778 0.720833 0.962963 0.725000 0.937037 0.725000 0.859259 0.720833 0.825926 0.716667 0.618519 0.710417 0.588889 0.695833 0.555556 0.693750 0.518519
0 0.622917 0.507407 0.608333 0.514815 0.606250 0.551852 0.597917 0.577778 0.608333 0.651852 0.608333 0.788889 0.616667 0.896296 0.616667 0.977778 0.620833 0.992593 0.627083 0.985185 0.647917 0.992593 0.668750 0.974074 0.670833 0.944444 0.662500 0.674074 0.656250 0.607407 0.637500 0.548148 0.637500 0.518519
0 0.068750 0.311111 0.060417 0.322222 0.060417 0.370370 0.031250 0.429630 0.012500 0.518519 0.014583 0.603704 0.008333 0.685185 0.006250 0.888889 0.012500 0.911111 0.010417 0.937037 0.014583 0.948148 0.012500 0.992593 0.014583 1.000000 0.139583 1.000000 0.143750 0.718519 0.141667 0.485185 0.106250 0.374074 0.106250 0.325926 0.091667 0.311111
0 0.202083 0.337037 0.189583 0.348148 0.189583 0.392593 0.147917 0.500000 0.152083 1.000000 0.264583 1.000000 0.268750 0.751852 0.264583 0.637037 0.266667 0.500000 0.258333 0.462963 0.231250 0.400000 0.231250 0.351852 0.225000 0.340741
0 0.310417 0.355556 0.300000 0.370370 0.300000 0.414815 0.283333 0.448148 0.270833 0.514815 0.275000 0.992593 0.279167 1.000000 0.375000 1.000000 0.375000 0.688889 0.368750 0.503704 0.358333 0.459259 0.339583 0.411111 0.339583 0.366667 0.335417 0.359259
0 0.404167 0.377778 0.397917 0.388889 0.397917 0.425926 0.383333 0.466667 0.372917 0.533333 0.381250 0.740741 0.383333 0.992593 0.387500 1.000000 0.475000 1.000000 0.475000 0.985185 0.468750 0.974074 0.472917 0.959259 0.468750 0.948148 0.462500 0.551852 0.447917 0.466667 0.433333 0.429630 0.433333 0.388889 0.425000 0.377778
