1 0.041333 0.192000 0.033333 0.200000 0.038667 0.268000 0.040000 0.406000 0.021333 0.478000 0.029333 0.662000 0.038667 0.768000 0.045333 0.794000 0.052000 0.802000 0.066667 0.804000 0.114667 0.796000 0.124000 0.786000 0.125333 0.772000 0.117333 0.558000 0.125333 0.502000 0.132000 0.484000 0.132000 0.470000 0.124000 0.444000 0.110667 0.418000 0.105333 0.388000 0.092000 0.256000 0.090667 0.204000 0.082667 0.194000
1 0.148000 0.228000 0.137333 0.236000 0.142667 0.280000 0.136000 0.374000 0.136000 0.468000 0.132000 0.492000 0.125333 0.510000 0.121333 0.552000 0.128000 0.784000 0.137333 0.814000 0.152000 0.828000 0.181333 0.834000 0.212000 0.830000 0.221333 0.826000 0.225333 0.814000 0.228000 0.766000 0.222667 0.738000 0.217333 0.634000 0.216000 0.466000 0.206667 0.368000 0.193333 0.282000 0.193333 0.240000 0.185333 0.228000
1 0.244000 0.216000 0.236000 0.228000 0.240000 0.268000 0.234667 0.410000 0.217333 0.474000 0.220000 0.654000 0.225333 0.738000 0.230667 0.768000 0.229333 0.834000 0.234667 0.844000 0.242667 0.848000 0.272000 0.852000 0.314667 0.850000 0.318667 0.846000 0.324000 0.798000 0.324000 0.466000 0.304000 0.412000 0.300000 0.388000 0.293333 0.280000 0.294667 0.228000 0.286667 0.218000
1 0.349333 0.236000 0.344000 0.240000 0.341333 0.250000 0.345333 0.266000 0.345333 0.288000 0.326667 0.476000 0.326667 0.546000 0.329333 0.562000 0.326667 0.594000 0.329333 0.686000 0.326667 0.828000 0.329333 0.856000 0.336000 0.866000 0.374667 0.868000 0.401333 0.858000 0.406667 0.848000 0.409333 0.828000 0.406667 0.768000 0.408000 0.642000 0.412000 0.572000 0.420000 0.538000 0.420000 0.478000 0.398667 0.302000 0.398667 0.244000 0.386667 0.236000
1 0.462667 0.228000 0.456000 0.232000 0.452000 0.242000 0.456000 0.268000 0.456000 0.300000 0.444000 0.414000 0.444000 0.496000 0.436000 0.528000 0.426667 0.550000 0.421333 0.598000 0.422667 0.822000 0.436000 0.872000 0.442667 0.886000 0.461333 0.896000 0.498667 0.900000 0.513333 0.894000 0.524000 0.882000 0.544000 0.834000 0.545333 0.608000 0.541333 0.560000 0.536000 0.548000 0.524000 0.490000 0.521333 0.394000 0.509333 0.294000 0.512000 0.238000 0.501333 0.228000
1 0.593333 0.206000 0.585333 0.210000 0.580000 0.222000 0.581333 0.294000 0.572000 0.450000 0.568000 0.476000 0.549333 0.538000 0.548000 0.854000 0.552000 0.876000 0.560000 0.886000 0.593333 0.900000 0.618667 0.900000 0.644000 0.888000 0.649333 0.880000 0.653333 0.864000 0.657333 0.804000 0.660000 0.670000 0.657333 0.634000 0.658667 0.546000 0.654667 0.518000 0.641333 0.478000 0.637333 0.276000 0.641333 0.220000 0.632000 0.208000
2 0.657333 0.384000 0.644000 0.434000 0.646667 0.484000 0.661333 0.544000 0.661333 0.836000 0.665333 0.846000 0.689333 0.858000 0.726667 0.858000 0.746667 0.844000 0.753333 0.834000 0.756000 0.816000 0.766667 0.434000 0.757333 0.392000 0.750667 0.386000 0.709333 0.380000
2 0.774667 0.428000 0.768000 0.432000 0.757333 0.812000 0.769333 0.822000 0.804000 0.826000 0.816000 0.820000 0.824000 0.808000 0.828000 0.794000 0.838667 0.460000 0.837333 0.446000 0.830667 0.436000 0.810667 0.430000
2 0.845333 0.472000 0.840000 0.478000 0.829333 0.776000 0.838667 0.788000 0.873333 0.792000 0.897333 0.774000 0.901333 0.762000 0.910667 0.534000 0.898667 0.486000 0.889333 0.478000
2 0.897333 0.476000 0.894667 0.480000 0.900000 0.486000 0.912000 0.532000 0.905333 0.648000 0.904000 0.746000 0.921333 0.754000 0.952000 0.750000 0.962667 0.740000 0.965333 0.726000 0.974667 0.528000 0.966667 0.494000 0.961333 0.486000 0.938667 0.478000
