0 0.938224 0.350515 0.903475 0.422680 0.915058 0.494845 0.903475 0.515464 0.899614 0.551546 0.926641 0.603093 1.000000 0.597938 1.000000 0.541237 0.980695 0.494845 1.000000 0.463918 1.000000 0.360825
0 0.779923 0.386598 0.779923 0.412371 0.803089 0.458763 0.752896 0.474227 0.722008 0.520619 0.722008 0.546392 0.791506 0.546392 0.837838 0.597938 0.837838 0.675258 0.895753 0.680412 0.911197 0.623711 0.891892 0.551546 0.911197 0.500000 0.899614 0.438144 0.795367 0.381443
0 0.745174 0.546392 0.679537 0.567010 0.667954 0.597938 0.644788 0.618557 0.640927 0.634021 0.652510 0.654639 0.644788 0.670103 0.637066 0.649485 0.629344 0.685567 0.671815 0.685567 0.691120 0.695876 0.683398 0.706186 0.795367 0.726804 0.795367 0.762887 0.779923 0.768041 0.741313 0.814433 0.749035 0.860825 0.779923 0.927835 0.779923 0.948454 0.768340 0.953608 0.772201 0.974227 0.810811 0.938144 0.814672 0.912371 0.830116 0.907216 0.876448 0.793814 0.876448 0.747423 0.857143 0.706186 0.814672 0.706186 0.803089 0.695876 0.814672 0.685567 0.845560 0.685567 0.822394 0.675258 0.837838 0.623711 0.833977 0.592784 0.787645 0.546392
0 0.540541 0.762887 0.532819 0.798969 0.540541 0.845361 0.575290 0.932990 0.594595 0.938144 0.621622 0.979381 0.621622 0.994845 0.737452 1.000000 0.772201 0.953608 0.776062 0.912371 0.768340 0.881443 0.737452 0.819588 0.795367 0.762887 0.795367 0.737113 0.594595 0.716495 0.563707 0.731959
0 0.328185 0.829897 0.332046 0.865979 0.351351 0.886598 0.370656 0.994845 0.378378 0.953608 0.397683 1.000000 0.583012 1.000000 0.579151 0.963918 0.528958 0.850515 0.525097 0.804124 0.498069 0.768041 0.432432 0.762887
0 0.737452 0.216495 0.702703 0.268041 0.702703 0.298969 0.756757 0.386598 0.729730 0.396907 0.733591 0.453608 0.749035 0.474227 0.776062 0.458763 0.783784 0.427835 0.764479 0.345361 0.772201 0.309278 0.768340 0.247423 0.760618 0.221649
0 0.625483 0.113402 0.633205 0.139175 0.613900 0.195876 0.621622 0.273196 0.640927 0.319588 0.656371 0.324742 0.694981 0.283505 0.694981 0.268041 0.671815 0.221649 0.675676 0.185567 0.667954 0.144330
0 0.270270 0.530928 0.258687 0.556701 0.258687 0.623711 0.239382 0.664948 0.239382 0.788660 0.289575 0.896907 0.335907 0.922680 0.343629 0.907216 0.328185 0.865979 0.328185 0.824742 0.374517 0.798969 0.382239 0.762887 0.332046 0.639175 0.305019 0.608247 0.285714 0.530928
0 0.069498 0.489691 0.065637 0.500000 0.104247 0.541237 0.104247 0.634021 0.131274 0.721649 0.150579 0.757732 0.208494 0.778351 0.235521 0.726804 0.239382 0.644330 0.223938 0.587629 0.196911 0.546392 0.154440 0.515464
0 0.011583 0.268041 0.000000 0.278351 0.000000 0.489691 0.046332 0.577320 0.100386 0.613402 0.100386 0.546392 0.061776 0.494845 0.069498 0.484536 0.119691 0.494845 0.119691 0.458763 0.092664 0.381443 0.069498 0.360825 0.034749 0.273196
0 0.119691 0.226804 0.084942 0.278351 0.084942 0.304124 0.104247 0.350515 0.100386 0.402062 0.138996 0.489691 0.212355 0.556701 0.231660 0.510309 0.231660 0.469072 0.212355 0.432990 0.220077 0.391753 0.177606 0.324742 0.162162 0.257732
0 0.189189 0.170103 0.169884 0.201031 0.189189 0.278351 0.177606 0.319588 0.227799 0.407216 0.285714 0.463918 0.312741 0.422680 0.305019 0.345361 0.254826 0.252577 0.247104 0.195876 0.227799 0.175258
0 0.281853 0.113402 0.266409 0.154639 0.274131 0.221649 0.262548 0.237113 0.266409 0.273196 0.320463 0.376289 0.328185 0.376289 0.332046 0.329897 0.347490 0.298969 0.366795 0.319588 0.366795 0.355670 0.382239 0.365979 0.382239 0.309278 0.339768 0.216495 0.332046 0.154639 0.301158 0.113402
0 0.359073 0.072165 0.347490 0.108247 0.355212 0.175258 0.343629 0.190722 0.343629 0.216495 0.370656 0.268041 0.389961 0.340206 0.401544 0.345361 0.413127 0.257732 0.432432 0.262887 0.451737 0.298969 0.455598 0.262887 0.440154 0.211340 0.424710 0.190722 0.413127 0.097938 0.389961 0.077320
0 0.432432 0.030928 0.420849 0.164948 0.451737 0.247423 0.459459 0.298969 0.471042 0.309278 0.486486 0.298969 0.513514 0.247423 0.517375 0.201031 0.486486 0.134021 0.482625 0.051546
0 0.509653 0.005155 0.494208 0.015464 0.490347 0.139175 0.517375 0.206186 0.532819 0.211340 0.555985 0.242268 0.575290 0.180412 0.571429 0.149485 0.548263 0.097938 0.548263 0.020619 0.536680 0.005155
0 0.220077 0.422680 0.239382 0.474227 0.239382 0.500000 0.220077 0.546392 0.220077 0.577320 0.243243 0.639175 0.254826 0.634021 0.258687 0.551546 0.281853 0.530928 0.305019 0.608247 0.328185 0.634021 0.343629 0.675258 0.359073 0.680412 0.359073 0.603093 0.343629 0.561856 0.320463 0.536082 0.308880 0.494845 0.239382 0.422680
0 0.343629 0.329897 0.316602 0.427835 0.305019 0.443299 0.305019 0.479381 0.343629 0.561856 0.382239 0.597938 0.405405 0.572165 0.405405 0.541237 0.389961 0.500000 0.401544 0.463918 0.382239 0.386598 0.366795 0.371134 0.359073 0.340206
0 0.432432 0.288660 0.420849 0.293814 0.386100 0.391753 0.405405 0.463918 0.428571 0.494845 0.455598 0.500000 0.463320 0.458763 0.436293 0.422680 0.436293 0.407216 0.471042 0.402062 0.471042 0.350515 0.463320 0.324742
0 0.397683 0.484536 0.393822 0.500000 0.409266 0.567010 0.370656 0.639175 0.370656 0.690722 0.382239 0.737113 0.401544 0.768041 0.478764 0.757732 0.521236 0.778351 0.517375 0.706186 0.482625 0.582474 0.413127 0.479381
0 0.440154 0.402062 0.436293 0.417526 0.471042 0.458763 0.447876 0.530928 0.486486 0.592784 0.525097 0.742268 0.540541 0.747423 0.583012 0.690722 0.579151 0.603093 0.548263 0.530928 0.544402 0.469072 0.528958 0.443299 0.474903 0.407216
0 0.579151 0.345361 0.552124 0.396907 0.540541 0.443299 0.548263 0.525773 0.583012 0.613402 0.640927 0.603093 0.648649 0.592784 0.648649 0.541237 0.629344 0.453608 0.644788 0.453608 0.652510 0.432990 0.625483 0.381443 0.598456 0.350515
0 0.698842 0.298969 0.679537 0.304124 0.656371 0.340206 0.640927 0.396907 0.652510 0.443299 0.637066 0.458763 0.637066 0.489691 0.656371 0.582474 0.675676 0.561856 0.710425 0.551546 0.733591 0.489691 0.725869 0.396907 0.749035 0.396907 0.752896 0.381443
0 0.521236 0.242268 0.490347 0.298969 0.471042 0.314433 0.474903 0.391753 0.490347 0.417526 0.532819 0.432990 0.559846 0.376289 0.555985 0.288660 0.544402 0.252577
0 0.586873 0.175258 0.555985 0.247423 0.559846 0.329897 0.629344 0.381443 0.644788 0.350515 0.640927 0.319588 0.617761 0.283505 0.613900 0.211340
0 0.065637 0.706186 0.065637 0.731959 0.100386 0.809278 0.100386 0.881443 0.135135 0.979381 0.150579 1.000000 0.285714 1.000000 0.285714 0.932990 0.254826 0.845361 0.193050 0.778351 0.150579 0.768041 0.096525 0.711340
0 0.000000 0.556701 0.000000 0.757732 0.061776 0.845361 0.092664 0.855670 0.096525 0.798969 0.069498 0.747423 0.061776 0.711340 0.084942 0.701031 0.131274 0.742268 0.123552 0.695876 0.100386 0.634021 0.077220 0.603093 0.023166 0.561856
0 0.826255 0.113402 0.837838 0.139175 0.833977 0.159794 0.864865 0.195876 0.861004 0.283505 0.888031 0.314433 0.899614 0.268041 0.884170 0.221649 0.891892 0.134021 0.868726 0.118557
0 1.000000 0.185567 0.980695 0.201031 0.961390 0.242268 0.926641 0.252577 0.903475 0.283505 0.888031 0.324742 0.888031 0.391753 0.907336 0.391753 0.942085 0.340206 1.000000 0.298969
0 0.710425 0.082474 0.687259 0.092784 0.671815 0.118557 0.675676 0.221649 0.698842 0.268041 0.718147 0.252577 0.737452 0.211340 0.725869 0.170103 0.725869 0.113402
0 0.806950 0.159794 0.803089 0.170103 0.822394 0.195876 0.803089 0.226804 0.818533 0.257732 0.810811 0.345361 0.845560 0.407216 0.861004 0.407216 0.884170 0.371134 0.884170 0.324742 0.857143 0.283505 0.864865 0.257732 0.864865 0.190722 0.833977 0.164948
