5 0.908557 0.570667 0.903523 0.566000 0.884228 0.566000 0.747483 0.572000 0.593960 0.572000 0.574664 0.581333 0.554530 0.585333 0.531040 0.586667 0.526007 0.588667 0.523490 0.594000 0.523490 0.609333 0.526007 0.612667 0.532718 0.615333 0.551174 0.616667 0.578020 0.622667 0.594799 0.631333 0.718960 0.632667 0.744966 0.634000 0.753356 0.636000 0.783557 0.634000 0.830537 0.633333 0.848993 0.630667 0.869966 0.630667 0.884228 0.628000 0.897651 0.628000 0.905201 0.626667 0.906879 0.621333
5 0.907718 0.636667 0.904362 0.632667 0.850671 0.634000 0.833893 0.636667 0.782718 0.637333 0.779362 0.638667 0.747483 0.640000 0.715604 0.638667 0.618289 0.638667 0.594799 0.640667 0.583054 0.647333 0.575503 0.649333 0.563758 0.650667 0.552852 0.654000 0.526846 0.656000 0.523490 0.661333 0.523490 0.675333 0.525168 0.680667 0.529362 0.684000 0.552852 0.686667 0.582215 0.693333 0.593121 0.700000 0.601510 0.701333 0.757550 0.703333 0.838926 0.700667 0.848154 0.698667 0.895973 0.696000 0.903523 0.694667 0.906879 0.688667
5 0.906040 0.707333 0.902685 0.699333 0.883389 0.698000 0.828020 0.702667 0.748322 0.705333 0.715604 0.704667 0.635906 0.707333 0.620805 0.706667 0.594799 0.708667 0.575503 0.718667 0.551174 0.723333 0.532718 0.724000 0.523490 0.726667 0.521812 0.728667 0.521812 0.748000 0.523490 0.751333 0.528523 0.754000 0.559564 0.757333 0.577181 0.762000 0.590604 0.769333 0.609060 0.771333 0.736577 0.771333 0.755034 0.773333 0.895973 0.767333 0.904362 0.760667 0.906040 0.752667
5 0.516779 0.874667 0.517617 0.888000 0.521812 0.892000 0.532718 0.894667 0.552013 0.896000 0.569631 0.899333 0.589765 0.907333 0.671980 0.908000 0.744128 0.906000 0.796141 0.907333 0.844799 0.905333 0.891779 0.905333 0.898490 0.902667 0.903523 0.894000 0.906879 0.856667 0.904362 0.851333 0.901846 0.850667 0.786074 0.852000 0.746644 0.851333 0.707215 0.848667 0.609060 0.846667 0.594799 0.847333 0.575503 0.854667 0.552852 0.860667 0.523490 0.863333 0.517617 0.869333
5 0.906040 0.776667 0.904362 0.772667 0.899329 0.770667 0.865772 0.770000 0.834732 0.772667 0.750839 0.774667 0.716443 0.777333 0.593960 0.779333 0.583054 0.786000 0.528523 0.796000 0.524329 0.798667 0.523490 0.811333 0.525168 0.818667 0.531040 0.822667 0.561242 0.826667 0.582215 0.831333 0.593960 0.838000 0.614094 0.840667 0.669463 0.842000 0.677852 0.843333 0.729027 0.843333 0.750000 0.846667 0.790268 0.849333 0.894295 0.849333 0.903523 0.844000 0.906040 0.835333
5 0.477349 0.075333 0.475671 0.072000 0.470638 0.069333 0.381711 0.074000 0.364094 0.076667 0.254195 0.081333 0.243289 0.083333 0.184564 0.086000 0.172819 0.088000 0.168624 0.091333 0.156879 0.096000 0.135067 0.100667 0.110738 0.103333 0.105705 0.110667 0.105705 0.122667 0.107383 0.127333 0.111577 0.130667 0.159396 0.138000 0.174497 0.144667 0.188758 0.146667 0.326342 0.144000 0.348993 0.141333 0.402685 0.138667 0.436242 0.133333 0.465604 0.131333 0.475671 0.126000 0.477349 0.116000
5 0.478188 0.138000 0.472315 0.133333 0.447987 0.134000 0.404362 0.140000 0.343121 0.144667 0.173658 0.153333 0.164430 0.156000 0.153523 0.164667 0.130872 0.170000 0.108221 0.171333 0.102349 0.173333 0.099832 0.181333 0.100671 0.192667 0.107383 0.198667 0.122483 0.200000 0.155201 0.206667 0.171141 0.214000 0.202181 0.215333 0.337248 0.213333 0.404362 0.207333 0.429530 0.203333 0.466443 0.201333 0.475671 0.197333 0.477349 0.191333
5 0.474832 0.207333 0.470638 0.203333 0.445470 0.203333 0.403523 0.209333 0.335570 0.216000 0.310403 0.217333 0.281040 0.216667 0.242450 0.219333 0.174497 0.221333 0.157718 0.226000 0.145973 0.234000 0.123322 0.238667 0.112416 0.238667 0.098154 0.241333 0.094799 0.244667 0.094799 0.262667 0.099832 0.267333 0.130034 0.270000 0.145973 0.273333 0.161913 0.282000 0.182886 0.284000 0.346477 0.278667 0.396812 0.274000 0.413591 0.270667 0.437081 0.269333 0.447148 0.267333 0.471477 0.266667 0.475671 0.260667
5 0.473154 0.274667 0.468960 0.268667 0.461409 0.268000 0.423658 0.272000 0.403523 0.276000 0.367450 0.279333 0.281040 0.282667 0.240772 0.286667 0.166107 0.291333 0.158557 0.293333 0.145973 0.302000 0.137584 0.305333 0.114933 0.308667 0.104866 0.308667 0.096477 0.311333 0.093960 0.315333 0.094799 0.330000 0.096477 0.333333 0.100671 0.336000 0.125000 0.338667 0.148490 0.343333 0.163591 0.350667 0.175336 0.352667 0.344799 0.352000 0.467282 0.343333 0.474832 0.339333 0.475671 0.334667
5 0.474832 0.356667 0.471477 0.346667 0.461409 0.345333 0.406879 0.350667 0.328859 0.354667 0.302852 0.357333 0.290268 0.356667 0.250839 0.358000 0.246644 0.359333 0.165268 0.361333 0.156879 0.364667 0.146812 0.371333 0.130872 0.375333 0.099832 0.378667 0.095638 0.382000 0.094799 0.397333 0.097315 0.403333 0.100671 0.405333 0.119128 0.406667 0.147651 0.411333 0.165268 0.420000 0.173658 0.421333 0.342282 0.421333 0.375839 0.418000 0.395973 0.418000 0.414430 0.415333 0.447987 0.414000 0.465604 0.412000 0.473154 0.406667 0.474832 0.400667
5 0.475671 0.418667 0.472315 0.414667 0.461409 0.414667 0.395134 0.420000 0.314597 0.422667 0.302852 0.424667 0.289430 0.424000 0.278523 0.426000 0.262584 0.425333 0.169463 0.429333 0.157718 0.432000 0.153523 0.436000 0.136745 0.441333 0.120805 0.444667 0.108221 0.444667 0.098154 0.446667 0.094799 0.451333 0.094799 0.465333 0.097315 0.470667 0.104027 0.474667 0.126678 0.476667 0.151846 0.481333 0.158557 0.486667 0.164430 0.488667 0.189597 0.490667 0.320470 0.488000 0.376678 0.483333 0.401846 0.482667 0.447148 0.478000 0.465604 0.478000 0.474832 0.472000
5 0.473154 0.484667 0.470638 0.481333 0.464765 0.480000 0.438758 0.480667 0.413591 0.484000 0.376678 0.485333 0.324664 0.490667 0.250839 0.493333 0.248322 0.494667 0.219799 0.494667 0.210570 0.496667 0.187919 0.496667 0.166946 0.498667 0.157718 0.501333 0.148490 0.508667 0.138423 0.512000 0.096477 0.517333 0.093960 0.524667 0.094799 0.536667 0.098993 0.542000 0.114094 0.544667 0.123322 0.544667 0.147651 0.549333 0.166946 0.558000 0.264262 0.560667 0.307047 0.558000 0.315436 0.558667 0.407718 0.551333 0.421980 0.548667 0.467282 0.546667 0.471477 0.543333 0.473993 0.534000
5 0.473154 0.555333 0.470638 0.549333 0.461409 0.548000 0.438758 0.549333 0.404362 0.554000 0.347315 0.557333 0.307886 0.561333 0.176174 0.566000 0.166107 0.568667 0.145973 0.578000 0.121644 0.582667 0.104866 0.584000 0.100671 0.586667 0.099832 0.602000 0.101510 0.608000 0.107383 0.611333 0.130034 0.613333 0.135067 0.615333 0.151007 0.617333 0.166946 0.625333 0.177013 0.627333 0.232383 0.627333 0.244128 0.626000 0.250000 0.627333 0.327181 0.628000 0.467282 0.620000 0.473993 0.607333
5 0.472315 0.628000 0.470638 0.625333 0.463087 0.623333 0.367450 0.626667 0.341443 0.630000 0.329698 0.629333 0.326342 0.630667 0.283557 0.631333 0.279362 0.632667 0.250839 0.632667 0.241611 0.634000 0.228188 0.632667 0.210570 0.634667 0.197148 0.633333 0.170302 0.635333 0.157718 0.637333 0.146812 0.644000 0.129195 0.650000 0.095638 0.653333 0.091443 0.658000 0.091443 0.668000 0.094799 0.677333 0.098154 0.679333 0.140101 0.685333 0.150168 0.688000 0.165268 0.694667 0.175336 0.696667 0.243289 0.695333 0.250839 0.696667 0.287752 0.695333 0.332215 0.696000 0.377517 0.694000 0.421980 0.690000 0.468121 0.689333 0.471477 0.686000 0.473154 0.675333
5 0.468960 0.698667 0.466443 0.693333 0.461409 0.691333 0.436242 0.691333 0.365772 0.697333 0.304530 0.700000 0.251678 0.700000 0.172819 0.704000 0.158557 0.706667 0.147651 0.714667 0.129195 0.720000 0.095638 0.723333 0.093121 0.733333 0.093960 0.745333 0.098993 0.749333 0.146812 0.755333 0.156040 0.762000 0.163591 0.764667 0.183725 0.766000 0.319631 0.764667 0.463087 0.754000 0.468121 0.752667 0.470638 0.747333 0.471477 0.723333
5 0.469799 0.760667 0.467282 0.757333 0.462248 0.756667 0.291107 0.768667 0.213926 0.770667 0.172819 0.773333 0.157718 0.776667 0.154362 0.780000 0.135906 0.786667 0.100671 0.792000 0.095638 0.798000 0.095638 0.808000 0.098993 0.814667 0.103188 0.818000 0.149329 0.824000 0.166107 0.832000 0.187919 0.834667 0.268456 0.834667 0.403523 0.828667 0.425336 0.825333 0.458893 0.822667 0.467282 0.820000 0.469799 0.811333
5 0.468960 0.829333 0.466443 0.825333 0.454698 0.824667 0.432047 0.826667 0.414430 0.830000 0.326342 0.836000 0.298658 0.835333 0.179530 0.841333 0.172819 0.842667 0.161074 0.850000 0.153523 0.852667 0.106544 0.860000 0.103188 0.864667 0.103188 0.880667 0.105705 0.884667 0.111577 0.888000 0.157718 0.894000 0.171141 0.900667 0.181208 0.902667 0.291946 0.906000 0.301174 0.907333 0.399329 0.909333 0.432886 0.912667 0.465604 0.912667 0.469799 0.910000 0.471477 0.904667
5 0.906879 0.076000 0.905201 0.071333 0.901846 0.070000 0.883389 0.070000 0.787752 0.078000 0.741611 0.080000 0.719799 0.082667 0.595638 0.087333 0.574664 0.096667 0.560403 0.100667 0.527685 0.102667 0.524329 0.108667 0.524329 0.125333 0.526846 0.128667 0.532718 0.130667 0.559564 0.132667 0.573826 0.137333 0.579698 0.137333 0.586409 0.142667 0.595638 0.146667 0.672819 0.147333 0.725671 0.145333 0.767617 0.146667 0.841443 0.143333 0.845638 0.141333 0.903523 0.136667 0.906879 0.128000
5 0.908557 0.145333 0.905201 0.140667 0.892617 0.140000 0.851510 0.143333 0.832215 0.146667 0.755872 0.150000 0.689597 0.150000 0.676174 0.152000 0.664430 0.151333 0.601510 0.154000 0.592282 0.156667 0.583054 0.164000 0.560403 0.169333 0.529362 0.172000 0.525168 0.178667 0.525168 0.194000 0.527685 0.198000 0.531879 0.200000 0.556208 0.202667 0.580537 0.207333 0.593121 0.215333 0.599832 0.216667 0.780201 0.220000 0.822148 0.217333 0.833054 0.218000 0.854866 0.215333 0.896812 0.213333 0.904362 0.211333 0.908557 0.205333
5 0.910235 0.220000 0.903523 0.216000 0.764262 0.222667 0.671980 0.222667 0.604866 0.224667 0.594799 0.227333 0.583893 0.235333 0.560403 0.239333 0.532718 0.241333 0.530201 0.243333 0.527685 0.260667 0.530201 0.267333 0.533557 0.269333 0.557886 0.272000 0.582215 0.276667 0.593121 0.283333 0.602349 0.286000 0.656879 0.287333 0.737416 0.286667 0.751678 0.289333 0.770973 0.289333 0.897651 0.284000 0.904362 0.282667 0.906879 0.280667 0.909396 0.274000
5 0.911913 0.291333 0.908557 0.287333 0.879195 0.286667 0.856544 0.289333 0.740772 0.294667 0.670302 0.293333 0.603188 0.294000 0.593121 0.296667 0.583054 0.304000 0.552852 0.309333 0.531879 0.310667 0.527685 0.316000 0.527685 0.329333 0.529362 0.335333 0.532718 0.338667 0.554530 0.340667 0.580537 0.345333 0.599832 0.354667 0.723993 0.354667 0.772651 0.356000 0.820470 0.354000 0.880872 0.347333 0.904362 0.347333 0.906879 0.346000 0.910235 0.338000
5 0.911074 0.360000 0.908557 0.352667 0.904362 0.350667 0.884228 0.350667 0.796141 0.358667 0.750839 0.359333 0.748322 0.360667 0.609060 0.363333 0.594799 0.365333 0.583054 0.372667 0.574664 0.374667 0.529362 0.380000 0.526007 0.384667 0.525168 0.400667 0.526846 0.404667 0.531879 0.408000 0.552852 0.410000 0.578020 0.414667 0.583893 0.416667 0.590604 0.422000 0.610738 0.424667 0.702181 0.427333 0.733221 0.426667 0.760906 0.428667 0.815436 0.427333 0.865772 0.422667 0.904362 0.422000 0.906879 0.420000 0.909396 0.407333
5 0.909396 0.432000 0.908557 0.428000 0.905201 0.424667 0.880872 0.424000 0.842282 0.428667 0.593960 0.434000 0.588087 0.436000 0.583054 0.440000 0.560403 0.446000 0.530201 0.447333 0.524329 0.450000 0.521812 0.462000 0.522651 0.472000 0.524329 0.475333 0.529362 0.477333 0.560403 0.480667 0.564597 0.482667 0.580537 0.485333 0.587248 0.490000 0.596477 0.492667 0.747483 0.496667 0.751678 0.498667 0.792785 0.499333 0.859899 0.498667 0.878356 0.496667 0.897651 0.496667 0.904362 0.495333 0.906879 0.489333
5 0.907718 0.503333 0.903523 0.499333 0.885906 0.498667 0.858221 0.500667 0.741611 0.504000 0.687081 0.502000 0.594799 0.503333 0.583893 0.508667 0.572148 0.510667 0.557886 0.515333 0.527685 0.518000 0.523490 0.524667 0.523490 0.538667 0.526007 0.544000 0.529362 0.546000 0.554530 0.548667 0.578020 0.554000 0.589765 0.561333 0.594799 0.562667 0.738255 0.565333 0.750839 0.568000 0.828859 0.566667 0.862416 0.564000 0.898490 0.564667 0.905201 0.563333 0.907718 0.555333
