0 0.762419 0.103571 0.736501 0.103571 0.719222 0.114286 0.665227 0.203571 0.673866 0.239286 0.673866 0.282143 0.680346 0.314286 0.693305 0.342857 0.710583 0.360714 0.732181 0.360714 0.753780 0.314286 0.803456 0.264286 0.803456 0.153571 0.779698 0.114286
0 0.632829 0.185714 0.609071 0.178571 0.585313 0.192857 0.563715 0.225000 0.557235 0.250000 0.537797 0.264286 0.531317 0.278571 0.531317 0.303571 0.544276 0.325000 0.548596 0.371429 0.570194 0.417857 0.585313 0.421429 0.606911 0.407143 0.634989 0.364286 0.663067 0.346429 0.667387 0.335714 0.667387 0.250000 0.656587 0.214286
0 0.524838 0.260714 0.492441 0.267857 0.468683 0.300000 0.457883 0.328571 0.442765 0.332143 0.436285 0.350000 0.438445 0.375000 0.451404 0.389286 0.460043 0.453571 0.468683 0.471429 0.485961 0.485714 0.498920 0.478571 0.522678 0.435714 0.552916 0.410714 0.542117 0.332143 0.531317 0.307143 0.531317 0.264286
0 0.412527 0.332143 0.390929 0.360714 0.377970 0.392857 0.360691 0.396429 0.354212 0.425000 0.371490 0.453571 0.375810 0.500000 0.393089 0.535714 0.406048 0.546429 0.438445 0.546429 0.442765 0.532143 0.451404 0.532143 0.457883 0.457143 0.449244 0.392857 0.436285 0.371429 0.436285 0.332143
0 0.358531 0.392857 0.328294 0.403571 0.302376 0.457143 0.282937 0.457143 0.278618 0.471429 0.280778 0.492857 0.300216 0.510714 0.300216 0.535714 0.311015 0.582143 0.336933 0.607143 0.352052 0.607143 0.360691 0.592857 0.367171 0.592857 0.382289 0.546429 0.369330 0.453571 0.354212 0.428571
0 0.272138 0.446429 0.252700 0.446429 0.237581 0.457143 0.213823 0.503571 0.198704 0.503571 0.187905 0.521429 0.190065 0.546429 0.205184 0.553571 0.213823 0.567857 0.218143 0.610714 0.226782 0.628571 0.233261 0.628571 0.261339 0.589286 0.298056 0.582143 0.298056 0.525000 0.276458 0.478571 0.280778 0.457143
0 0.198704 0.500000 0.172786 0.507143 0.149028 0.550000 0.136069 0.550000 0.125270 0.567857 0.125270 0.592857 0.144708 0.610714 0.144708 0.657143 0.149028 0.671429 0.166307 0.678571 0.185745 0.646429 0.215983 0.621429 0.211663 0.564286 0.187905 0.539286 0.187905 0.517857
0 0.991361 0.207143 0.952484 0.203571 0.924406 0.217857 0.900648 0.246429 0.876890 0.303571 0.872570 0.350000 0.874730 0.400000 0.889849 0.453571 0.911447 0.485714 0.954644 0.496429 0.984881 0.478571 1.000000 0.457143 1.000000 0.214286
0 0.790497 0.282143 0.760259 0.310714 0.742981 0.342857 0.740821 0.357143 0.725702 0.378571 0.723542 0.407143 0.730022 0.475000 0.740821 0.514286 0.762419 0.546429 0.788337 0.560714 0.827214 0.567857 0.838013 0.560714 0.853132 0.514286 0.863931 0.507143 0.863931 0.475000 0.872570 0.439286 0.868251 0.353571 0.859611 0.317857 0.844492 0.296429 0.820734 0.282143
0 0.684665 0.357143 0.650108 0.357143 0.632829 0.371429 0.602592 0.428571 0.587473 0.442857 0.585313 0.471429 0.596112 0.500000 0.602592 0.557143 0.609071 0.578571 0.626350 0.603571 0.667387 0.607143 0.691145 0.596429 0.704104 0.578571 0.719222 0.539286 0.725702 0.500000 0.721382 0.421429 0.701944 0.371429
0 0.561555 0.428571 0.522678 0.439286 0.501080 0.475000 0.498920 0.489286 0.475162 0.507143 0.470842 0.525000 0.475162 0.550000 0.488121 0.564286 0.492441 0.607143 0.516199 0.657143 0.529158 0.657143 0.533477 0.664286 0.570194 0.657143 0.591793 0.621429 0.600432 0.592857 0.600432 0.557143 0.578834 0.467857 0.578834 0.446429
0 0.460043 0.535714 0.421166 0.571429 0.416847 0.603571 0.431965 0.628571 0.438445 0.671429 0.453564 0.703571 0.468683 0.703571 0.485961 0.675000 0.505400 0.660714 0.507559 0.650000 0.483801 0.585714 0.481641 0.560714 0.466523 0.535714
0 0.416847 0.567857 0.390929 0.567857 0.367171 0.610714 0.352052 0.610714 0.339093 0.625000 0.339093 0.657143 0.356371 0.675000 0.356371 0.714286 0.352052 0.728571 0.356371 0.750000 0.369330 0.757143 0.382289 0.753571 0.423326 0.685714 0.423326 0.625000 0.412527 0.596429 0.399568 0.585714 0.401728 0.578571 0.416847 0.578571
0 0.332613 0.628571 0.317495 0.621429 0.311015 0.603571 0.280778 0.585714 0.263499 0.589286 0.250540 0.600000 0.228942 0.646429 0.207343 0.657143 0.203024 0.685714 0.226782 0.714286 0.226782 0.746429 0.246220 0.785714 0.308855 0.771429 0.343413 0.746429 0.345572 0.725000 0.352052 0.717857 0.352052 0.675000 0.336933 0.653571
0 0.194384 0.639286 0.179266 0.657143 0.164147 0.692857 0.144708 0.700000 0.138229 0.728571 0.140389 0.739286 0.164147 0.757143 0.168467 0.814286 0.179266 0.828571 0.209503 0.839286 0.237581 0.796429 0.237581 0.778571 0.226782 0.750000 0.222462 0.710714 0.203024 0.685714 0.205184 0.660714 0.218143 0.639286
0 0.149028 0.675000 0.125270 0.685714 0.099352 0.735714 0.084233 0.735714 0.073434 0.750000 0.077754 0.775000 0.101512 0.789286 0.103672 0.832143 0.120950 0.864286 0.149028 0.860714 0.157667 0.842857 0.157667 0.750000 0.140389 0.732143 0.140389 0.714286 0.159827 0.692857
0 0.062635 0.750000 0.047516 0.782143 0.032397 0.782143 0.028078 0.789286 0.028078 0.814286 0.047516 0.835714 0.053996 0.878571 0.064795 0.903571 0.075594 0.910714 0.095032 0.907143 0.105832 0.875000 0.101512 0.796429 0.095032 0.782143 0.075594 0.771429 0.069114 0.750000
0 0.948164 0.503571 0.922246 0.496429 0.887689 0.500000 0.863931 0.521429 0.844492 0.557143 0.831533 0.596429 0.831533 0.660714 0.835853 0.696429 0.855292 0.746429 0.885529 0.764286 0.900648 0.764286 0.943844 0.703571 0.976242 0.675000 0.982721 0.646429 0.980562 0.582143 0.969762 0.553571 0.967603 0.521429
0 0.997840 0.689286 0.967603 0.689286 0.930886 0.721429 0.907127 0.767857 0.898488 0.803571 0.896328 0.842857 0.898488 0.885714 0.909287 0.925000 1.000000 0.925000
0 0.749460 0.839286 0.745140 0.882143 0.751620 0.925000 0.892009 0.925000 0.894168 0.860714 0.887689 0.807143 0.876890 0.789286 0.874730 0.771429 0.853132 0.750000 0.812095 0.746429 0.796976 0.753571 0.766739 0.792857
0 0.809935 0.578571 0.779698 0.560714 0.742981 0.560714 0.719222 0.578571 0.686825 0.642857 0.682505 0.675000 0.688985 0.700000 0.691145 0.742857 0.704104 0.782143 0.721382 0.807143 0.745140 0.810714 0.760259 0.800000 0.790497 0.757143 0.820734 0.735714 0.827214 0.696429 0.825054 0.621429
0 0.669546 0.628571 0.634989 0.614286 0.604752 0.625000 0.555076 0.696429 0.550756 0.714286 0.552916 0.739286 0.565875 0.757143 0.568035 0.789286 0.589633 0.842857 0.617711 0.857143 0.656587 0.800000 0.684665 0.785714 0.688985 0.757143 0.686825 0.707143 0.678186 0.650000
0 0.544276 0.675000 0.494600 0.671429 0.470842 0.710714 0.466523 0.728571 0.447084 0.742857 0.442765 0.757143 0.444924 0.785714 0.462203 0.807143 0.462203 0.828571 0.470842 0.860714 0.490281 0.882143 0.507559 0.882143 0.526998 0.839286 0.542117 0.835714 0.557235 0.817857 0.559395 0.757143 0.544276 0.721429 0.550756 0.696429
0 0.444924 0.717857 0.406048 0.717857 0.382289 0.767857 0.365011 0.789286 0.367171 0.832143 0.377970 0.842857 0.382289 0.889286 0.399568 0.921429 0.412527 0.917857 0.427646 0.892857 0.449244 0.875000 0.455724 0.857143 0.457883 0.803571 0.440605 0.771429 0.440605 0.760714 0.453564 0.735714
0 0.347732 0.753571 0.315335 0.767857 0.304536 0.785714 0.295896 0.817857 0.278618 0.821429 0.272138 0.835714 0.274298 0.860714 0.295896 0.878571 0.298056 0.921429 0.352052 0.925000 0.375810 0.910714 0.365011 0.896429 0.377970 0.889286 0.362851 0.810714 0.367171 0.778571
0 0.602592 0.903571 0.602592 0.925000 0.606911 0.928571 0.742981 0.925000 0.740821 0.882143 0.730022 0.839286 0.717063 0.810714 0.697624 0.796429 0.667387 0.796429 0.645788 0.814286 0.630670 0.839286 0.622030 0.875000
0 0.913607 0.021429 0.881210 0.017857 0.861771 0.028571 0.829374 0.067857 0.822894 0.089286 0.825054 0.107143 0.818575 0.110714 0.814255 0.103571 0.809935 0.153571 0.812095 0.217857 0.827214 0.225000 0.829374 0.271429 0.857451 0.300000 0.874730 0.303571 0.904968 0.235714 0.935205 0.207143 0.989201 0.196429 0.993521 0.128571 1.000000 0.117857 0.965443 0.064286
