0 0.980392 0.637744 0.950980 0.592191 0.906863 0.555315 0.859477 0.535792 0.839869 0.535792 0.820261 0.546638 0.790850 0.579176 0.743464 0.648590 0.728758 0.683297 0.730392 0.696312 0.725490 0.704989 0.715686 0.704989 0.700980 0.726681 0.665033 0.739696 0.611111 0.798265 0.588235 0.843818 0.566993 0.911063 0.562092 0.947939 0.563725 1.000000 0.934641 1.000000 0.937908 0.995662 0.936275 0.976139 0.906863 0.915401 0.905229 0.902386 0.916667 0.861171 0.937908 0.830803 0.970588 0.748373 0.978758 0.689805 0.983660 0.685466 0.983660 0.648590 0.978758 0.642082
0 0.828431 0.336226 0.776144 0.303688 0.751634 0.297180 0.728758 0.301518 0.696078 0.344902 0.642157 0.457701 0.632353 0.470716 0.594771 0.501085 0.571895 0.533623 0.557190 0.566161 0.547386 0.600868 0.539216 0.655098 0.537582 0.702820 0.549020 0.765727 0.575163 0.832972 0.583333 0.835141 0.629085 0.772234 0.656863 0.741866 0.692810 0.720174 0.702614 0.707158 0.702614 0.694143 0.717320 0.683297 0.725490 0.665944 0.758170 0.624729 0.764706 0.609544 0.797386 0.570499 0.805556 0.537961 0.826797 0.488069 0.839869 0.436009 0.848039 0.383948 0.844771 0.357918
0 0.000000 0.221258 0.000000 0.507592 0.053922 0.533623 0.120915 0.581345 0.145425 0.581345 0.158497 0.563991 0.168301 0.531453 0.168301 0.492408 0.161765 0.462039 0.148693 0.438178 0.065359 0.368764 0.031046 0.334056 0.014706 0.305857 0.006536 0.236443
0 0.361111 0.000000 0.346405 0.030369 0.336601 0.062907 0.336601 0.073753 0.349673 0.104121 0.351307 0.158351 0.357843 0.164859 0.410131 0.186551 0.434641 0.212581 0.437908 0.221258 0.434641 0.308026 0.431373 0.314534 0.431373 0.342733 0.441176 0.353579 0.452614 0.355748 0.462418 0.342733 0.470588 0.271150 0.467320 0.258134 0.444444 0.219089 0.431373 0.173536 0.431373 0.158351 0.446078 0.084599 0.446078 0.019523 0.426471 0.000000
0 0.000000 0.000000 0.000000 0.214751 0.008170 0.234273 0.016340 0.305857 0.034314 0.336226 0.065359 0.366594 0.112745 0.403471 0.133987 0.407809 0.138889 0.399132 0.137255 0.373102 0.094771 0.308026 0.070261 0.251627 0.057190 0.177874 0.058824 0.143167 0.071895 0.106291 0.071895 0.080260 0.062092 0.026030 0.049020 0.008677 0.031046 0.000000
0 1.000000 0.078091 0.952614 0.052061 0.939542 0.054230 0.906863 0.099783 0.862745 0.177874 0.815359 0.219089 0.794118 0.249458 0.781046 0.275488 0.776144 0.297180 0.823529 0.329718 0.851307 0.360087 0.900327 0.310195 0.928105 0.292842 0.968954 0.227766 1.000000 0.186551
0 1.000000 0.193059 0.985294 0.206074 0.923203 0.303688 0.913399 0.303688 0.892157 0.318872 0.856209 0.360087 0.849673 0.381779 0.841503 0.444685 0.826797 0.496746 0.813725 0.524946 0.812092 0.537961 0.815359 0.544469 0.846405 0.531453 0.870915 0.535792 0.919935 0.561822 0.965686 0.603037 1.000000 0.603037
0 0.666667 0.062907 0.645425 0.049892 0.612745 0.039046 0.596405 0.039046 0.571895 0.067245 0.531046 0.173536 0.509804 0.193059 0.485294 0.234273 0.473856 0.279826 0.467320 0.366594 0.486928 0.409978 0.486928 0.470716 0.491830 0.492408 0.498366 0.490239 0.500000 0.462039 0.524510 0.377440 0.557190 0.327549 0.586601 0.297180 0.604575 0.247289 0.632353 0.190889 0.653595 0.158351 0.666667 0.147505 0.674837 0.093275 0.673203 0.073753
0 0.718954 0.171367 0.676471 0.154013 0.661765 0.154013 0.650327 0.162690 0.617647 0.221258 0.584967 0.303688 0.547386 0.340564 0.521242 0.390456 0.501634 0.483731 0.501634 0.531453 0.522876 0.607375 0.534314 0.626898 0.537582 0.626898 0.558824 0.559653 0.576797 0.524946 0.596405 0.498915 0.642157 0.455531 0.655229 0.431670 0.665033 0.401302 0.694444 0.347072 0.717320 0.312364 0.740196 0.290672 0.750000 0.240781 0.751634 0.206074 0.746732 0.195228
0 0.952614 0.000000 0.857843 0.000000 0.815359 0.082430 0.790850 0.097614 0.766340 0.127983 0.741830 0.177874 0.741830 0.186551 0.753268 0.208243 0.748366 0.275488 0.743464 0.281996 0.745098 0.292842 0.771242 0.295011 0.797386 0.242950 0.828431 0.203905 0.856209 0.182213 0.869281 0.164859 0.915033 0.086768 0.947712 0.045553 0.955882 0.023861
0 0.527778 0.997831 0.504902 0.971800 0.470588 0.945770 0.470588 0.917570 0.477124 0.889371 0.478758 0.800434 0.465686 0.748373 0.450980 0.724512 0.419935 0.694143 0.366013 0.674620 0.321895 0.678959 0.282680 0.704989 0.235294 0.783080 0.197712 0.885033 0.171569 0.906725 0.143791 0.939262 0.127451 0.965293 0.116013 0.993492 0.116013 1.000000
0 0.361111 0.340564 0.343137 0.353579 0.313725 0.414317 0.297386 0.459870 0.289216 0.498915 0.272876 0.540130 0.233660 0.585683 0.212418 0.622560 0.202614 0.648590 0.189542 0.702820 0.186275 0.741866 0.187908 0.800434 0.194444 0.839479 0.200980 0.856833 0.209150 0.848156 0.236928 0.776573 0.256536 0.748373 0.264706 0.728850 0.300654 0.687636 0.339869 0.670282 0.397059 0.678959 0.428105 0.698482 0.450980 0.722343 0.467320 0.748373 0.475490 0.770065 0.482026 0.804772 0.482026 0.856833 0.475490 0.932755 0.486928 0.945770 0.500000 0.950108 0.508170 0.943601 0.506536 0.932755 0.513072 0.926247 0.513072 0.917570 0.524510 0.898048 0.540850 0.850325 0.547386 0.819957 0.547386 0.791757 0.539216 0.754881 0.521242 0.702820 0.470588 0.639913 0.460784 0.611714 0.478758 0.514100 0.483660 0.459870 0.483660 0.407809 0.464052 0.375271 0.426471 0.349241 0.385621 0.338395
0 0.419935 0.195228 0.387255 0.175705 0.361111 0.167028 0.339869 0.167028 0.330065 0.171367 0.321895 0.182213 0.289216 0.266811 0.271242 0.327549 0.228758 0.377440 0.210784 0.420824 0.197712 0.501085 0.202614 0.579176 0.210784 0.611714 0.217320 0.611714 0.235294 0.581345 0.272876 0.537961 0.313725 0.414317 0.346405 0.349241 0.359477 0.340564 0.379085 0.336226 0.426471 0.344902 0.436275 0.279826 0.437908 0.232104 0.436275 0.216920
0 0.316993 0.062907 0.295752 0.054230 0.263072 0.052061 0.253268 0.056399 0.245098 0.067245 0.227124 0.125813 0.210784 0.208243 0.186275 0.238612 0.171569 0.275488 0.163399 0.323210 0.163399 0.379610 0.173203 0.440347 0.192810 0.488069 0.197712 0.483731 0.204248 0.444685 0.220588 0.392625 0.272876 0.321041 0.290850 0.260304 0.321895 0.182213 0.330065 0.171367 0.349673 0.160521 0.346405 0.095445 0.334967 0.075922
