1 0.310000 0.117188 0.300000 0.130208 0.301667 0.182292 0.291667 0.302083 0.288333 0.395833 0.283333 0.424479 0.266667 0.471354 0.260000 0.502604 0.255000 0.666667 0.256667 0.856771 0.260000 0.937500 0.265000 0.968750 0.336667 0.973958 0.345000 0.960938 0.345000 0.484375 0.368333 0.398438 0.366667 0.294271 0.360000 0.195312 0.361667 0.130208 0.351667 0.117188
1 0.280000 0.203125 0.235000 0.203125 0.226667 0.216146 0.228333 0.302083 0.221667 0.442708 0.210000 0.526042 0.195000 0.591146 0.188333 0.679688 0.188333 0.916667 0.191667 0.958333 0.200000 0.966146 0.256667 0.968750 0.260000 0.960938 0.256667 0.833333 0.253333 0.825521 0.255000 0.565104 0.258333 0.497396 0.281667 0.429688 0.286667 0.398438 0.290000 0.218750
1 0.213333 0.255208 0.181667 0.252604 0.173333 0.255208 0.166667 0.268229 0.168333 0.338542 0.155000 0.484375 0.131667 0.546875 0.126667 0.940104 0.128333 0.950521 0.135000 0.958333 0.185000 0.960938 0.188333 0.953125 0.188333 0.643229 0.196667 0.575521 0.210000 0.520833 0.221667 0.421875 0.225000 0.270833 0.221667 0.260417
1 0.145000 0.276042 0.123333 0.276042 0.110000 0.286458 0.110000 0.346354 0.100000 0.377604 0.101667 0.466146 0.080000 0.567708 0.076667 0.872396 0.080000 0.950521 0.086667 0.955729 0.123333 0.955729 0.126667 0.937500 0.128333 0.567708 0.133333 0.533854 0.153333 0.484375 0.163333 0.367188 0.165000 0.291667 0.161667 0.283854
1 0.103333 0.252604 0.070000 0.250000 0.063333 0.252604 0.058333 0.263021 0.060000 0.343750 0.053333 0.416667 0.051667 0.497396 0.046667 0.531250 0.025000 0.606771 0.021667 0.906250 0.025000 0.942708 0.033333 0.950521 0.076667 0.947917 0.075000 0.744792 0.078333 0.570312 0.085000 0.531250 0.095000 0.500000 0.100000 0.460938 0.098333 0.382812 0.108333 0.346354 0.110000 0.283854 0.116667 0.273438 0.116667 0.265625
1 0.838333 0.247396 0.828333 0.255208 0.825000 0.276042 0.823333 0.460938 0.826667 0.505208 0.843333 0.567708 0.845000 0.606771 0.841667 0.955729 0.848333 0.963542 0.896667 0.963542 0.906667 0.958333 0.908333 0.929688 0.906667 0.799479 0.911667 0.765625 0.913333 0.609375 0.905000 0.533854 0.891667 0.510417 0.886667 0.486979 0.890000 0.421875 0.886667 0.268229 0.880000 0.250000
1 0.905000 0.286458 0.895000 0.299479 0.896667 0.338542 0.890000 0.411458 0.890000 0.494792 0.906667 0.533854 0.913333 0.567708 0.915000 0.601562 0.911667 0.940104 0.913333 0.953125 0.918333 0.958333 0.975000 0.958333 0.980000 0.947917 0.978333 0.729167 0.981667 0.677083 0.968333 0.484375 0.950000 0.343750 0.951667 0.296875 0.938333 0.286458
1 0.763333 0.244792 0.758333 0.255208 0.758333 0.333333 0.746667 0.473958 0.746667 0.518229 0.763333 0.575521 0.768333 0.617188 0.765000 0.950521 0.770000 0.966146 0.835000 0.963542 0.838333 0.953125 0.838333 0.885417 0.841667 0.859375 0.841667 0.565104 0.821667 0.486979 0.815000 0.250000 0.803333 0.242188
1 0.685000 0.184896 0.676667 0.195312 0.678333 0.265625 0.668333 0.377604 0.668333 0.403646 0.683333 0.502604 0.686667 0.604167 0.685000 0.895833 0.678333 0.963542 0.681667 0.968750 0.758333 0.968750 0.763333 0.945312 0.766667 0.609375 0.758333 0.562500 0.743333 0.518229 0.740000 0.325521 0.733333 0.257812 0.736667 0.200521 0.733333 0.187500
1 0.596667 0.140625 0.586667 0.153646 0.588333 0.247396 0.571667 0.359375 0.580000 0.393229 0.593333 0.416667 0.598333 0.440104 0.600000 0.622396 0.595000 0.791667 0.598333 0.914062 0.595000 0.963542 0.600000 0.971354 0.621667 0.973958 0.671667 0.968750 0.678333 0.934896 0.685000 0.864583 0.686667 0.609375 0.681667 0.500000 0.665000 0.401042 0.663333 0.367188 0.645000 0.278646 0.643333 0.208333 0.646667 0.153646 0.643333 0.145833 0.631667 0.140625
1 0.506667 0.111979 0.496667 0.127604 0.498333 0.182292 0.486667 0.348958 0.471667 0.403646 0.475000 0.429688 0.490000 0.476562 0.493333 0.513021 0.491667 0.958333 0.496667 0.973958 0.585000 0.973958 0.593333 0.960938 0.596667 0.906250 0.593333 0.869792 0.598333 0.625000 0.596667 0.440104 0.591667 0.416667 0.573333 0.380208 0.566667 0.351562 0.566667 0.309896 0.556667 0.184896 0.558333 0.125000 0.548333 0.111979
1 0.408333 0.080729 0.398333 0.083333 0.391667 0.093750 0.391667 0.169271 0.370000 0.403646 0.353333 0.453125 0.346667 0.500000 0.348333 0.973958 0.356667 0.979167 0.480000 0.979167 0.488333 0.968750 0.490000 0.492188 0.483333 0.455729 0.471667 0.427083 0.448333 0.138021 0.451667 0.093750 0.441667 0.083333
