0 0.472622 0.000000 0.449568 0.057143 0.446686 0.167857 0.515850 0.271429 0.530259 0.335714 0.544669 0.496429 0.550432 0.510714 0.585014 0.542857 0.593660 0.346429 0.625360 0.257143 0.671470 0.203571 0.671470 0.189286 0.662824 0.182143 0.665706 0.082143 0.659942 0.046429 0.645533 0.007143 0.636888 0.000000
0 0.365994 0.492857 0.337176 0.528571 0.293948 0.635714 0.291066 0.707143 0.299712 0.782143 0.311239 0.821429 0.302594 0.832143 0.299712 0.925000 0.651297 0.925000 0.634006 0.785714 0.631124 0.685714 0.610951 0.610714 0.582133 0.550000 0.518732 0.485714 0.478386 0.464286 0.412104 0.464286
0 0.417867 0.160714 0.377522 0.157143 0.328530 0.182143 0.279539 0.260714 0.265130 0.307143 0.262248 0.414286 0.270893 0.464286 0.265130 0.503571 0.262248 0.700000 0.268012 0.707143 0.265130 0.764286 0.273775 0.857143 0.288184 0.914286 0.296830 0.903571 0.302594 0.821429 0.291066 0.728571 0.291066 0.646429 0.302594 0.603571 0.334294 0.532143 0.377522 0.482143 0.417867 0.460714 0.458213 0.457143 0.510086 0.475000 0.530259 0.417857 0.530259 0.364286 0.510086 0.267857 0.455331 0.185714
0 0.000000 0.503571 0.000000 0.928571 0.244957 0.925000 0.210375 0.796429 0.195965 0.692857 0.172911 0.635714 0.100865 0.546429 0.031700 0.510714
0 0.000000 0.185714 0.000000 0.500000 0.060519 0.521429 0.112392 0.553571 0.167147 0.625000 0.195965 0.685714 0.224784 0.850000 0.233429 0.857143 0.239193 0.896429 0.244957 0.896429 0.253602 0.882143 0.256484 0.842857 0.253602 0.653571 0.244957 0.592857 0.221902 0.510714 0.219020 0.464286 0.210375 0.446429 0.204611 0.357143 0.164265 0.267857 0.129683 0.228571 0.060519 0.182143
0 0.000000 0.000000 0.000000 0.182143 0.063401 0.182143 0.152738 0.242857 0.123919 0.157143 0.118156 0.107143 0.095101 0.057143 0.048991 0.000000
0 0.757925 0.000000 0.740634 0.025000 0.726225 0.064286 0.717579 0.107143 0.717579 0.171429 0.778098 0.171429 0.806916 0.189286 0.835735 0.225000 0.867435 0.289286 0.876081 0.328571 0.873199 0.482143 0.925072 0.482143 0.933718 0.467857 0.942363 0.353571 0.956772 0.289286 0.951009 0.217857 0.942363 0.200000 0.948127 0.160714 0.948127 0.071429 0.942363 0.042857 0.919308 0.000000
0 0.942363 0.489286 0.881844 0.489286 0.844380 0.507143 0.780980 0.560714 0.743516 0.632143 0.723343 0.714286 0.711816 0.925000 1.000000 0.928571 1.000000 0.525000
0 0.172911 0.000000 0.155620 0.064286 0.155620 0.132143 0.170029 0.207143 0.170029 0.271429 0.210375 0.371429 0.227666 0.514286 0.239193 0.542857 0.250720 0.614286 0.259366 0.617857 0.265130 0.539286 0.265130 0.439286 0.259366 0.403571 0.265130 0.285714 0.308357 0.207143 0.331412 0.178571 0.351585 0.164286 0.391931 0.153571 0.391931 0.135714 0.368876 0.053571 0.334294 0.000000
0 0.769452 0.171429 0.714697 0.175000 0.685879 0.192857 0.657061 0.225000 0.619597 0.282143 0.593660 0.371429 0.596542 0.464286 0.590778 0.557143 0.610951 0.600000 0.631124 0.671429 0.657061 0.925000 0.694524 0.928571 0.706052 0.914286 0.717579 0.803571 0.717579 0.728571 0.729107 0.667857 0.749280 0.614286 0.752161 0.571429 0.786744 0.553571 0.847262 0.500000 0.870317 0.442857 0.876081 0.342857 0.864553 0.289286 0.835735 0.225000 0.801153 0.185714
