0 0.015251 0.547386 0.000000 0.555556 0.000000 0.967320 0.006536 0.977124 0.002179 0.980392 0.004357 0.995098 0.017429 1.000000 0.278867 1.000000 0.289760 0.993464 0.300654 0.973856 0.320261 0.915033 0.322440 0.862745 0.337691 0.795752 0.333333 0.748366 0.320261 0.718954 0.289760 0.684641 0.254902 0.665033 0.248366 0.601307 0.233115 0.576797 0.217865 0.562092 0.169935 0.540850 0.126362 0.532680 0.071895 0.534314
0 0.845316 0.640523 0.821351 0.627451 0.771242 0.611111 0.723312 0.606209 0.664488 0.611111 0.618736 0.633987 0.594771 0.669935 0.594771 0.707516 0.575163 0.718954 0.553377 0.722222 0.507625 0.751634 0.477124 0.794118 0.461874 0.836601 0.453159 0.898693 0.455338 0.916667 0.446623 0.970588 0.450980 1.000000 0.880174 0.998366 0.912854 0.939542 0.917211 0.880719 0.906318 0.838235 0.877996 0.789216 0.877996 0.777778 0.897603 0.735294 0.895425 0.704248 0.880174 0.673203
0 0.453159 0.377451 0.376906 0.377451 0.344227 0.387255 0.313725 0.410131 0.305011 0.431373 0.298475 0.482026 0.250545 0.514706 0.224401 0.555556 0.224401 0.562092 0.250545 0.598039 0.259259 0.647059 0.302832 0.689542 0.326797 0.722222 0.337691 0.746732 0.344227 0.797386 0.350763 0.802288 0.437908 0.800654 0.448802 0.794118 0.457516 0.795752 0.472767 0.784314 0.494553 0.753268 0.505447 0.746732 0.525054 0.722222 0.520697 0.717320 0.466231 0.715686 0.453159 0.710784 0.453159 0.625817 0.468410 0.619281 0.557734 0.620915 0.570806 0.616013 0.572985 0.593137 0.564270 0.557190 0.529412 0.508170 0.542484 0.459150 0.538126 0.431373 0.527233 0.413399 0.490196 0.388889
0 0.921569 0.406863 0.897603 0.390523 0.873638 0.380719 0.816993 0.370915 0.762527 0.375817 0.729847 0.390523 0.712418 0.410131 0.688453 0.482026 0.651416 0.496732 0.631808 0.511438 0.607843 0.545752 0.596950 0.581699 0.599129 0.612745 0.605664 0.616013 0.612200 0.612745 0.623094 0.617647 0.640523 0.617647 0.684096 0.606209 0.732026 0.604575 0.773420 0.609477 0.814815 0.620915 0.943355 0.617647 0.947712 0.609477 0.945534 0.558824 0.936819 0.537582 0.917211 0.509804 0.938998 0.452614 0.936819 0.426471
0 0.370370 0.218954 0.331155 0.212418 0.296296 0.212418 0.265795 0.218954 0.252723 0.225490 0.235294 0.241830 0.228758 0.258170 0.226580 0.315359 0.185185 0.343137 0.163399 0.372549 0.154684 0.406863 0.159041 0.462418 0.156863 0.529412 0.211329 0.553922 0.222222 0.549020 0.250545 0.511438 0.291939 0.483660 0.298475 0.470588 0.305011 0.426471 0.315904 0.406863 0.328976 0.395425 0.348584 0.383987 0.374728 0.375817 0.411765 0.372549 0.440087 0.374183 0.444444 0.370915 0.444444 0.362745 0.422658 0.334967 0.429194 0.303922 0.427015 0.258170 0.418301 0.245098 0.403050 0.233660
0 0.108932 0.070261 0.080610 0.075163 0.065359 0.081699 0.050109 0.094771 0.045752 0.104575 0.050109 0.176471 0.023965 0.194444 0.000000 0.220588 0.000000 0.344771 0.004357 0.349673 0.008715 0.411765 0.032680 0.467320 0.050109 0.480392 0.078431 0.486928 0.093682 0.498366 0.095861 0.506536 0.104575 0.509804 0.122004 0.508170 0.122004 0.513072 0.111111 0.517974 0.128540 0.519608 0.130719 0.516340 0.124183 0.513072 0.132898 0.506536 0.139434 0.508170 0.148148 0.498366 0.152505 0.452614 0.150327 0.410131 0.156863 0.380719 0.185185 0.338235 0.220044 0.310458 0.226580 0.258170 0.252723 0.212418 0.246187 0.212418 0.235294 0.192810 0.237473 0.124183 0.233115 0.111111 0.220044 0.096405 0.202614 0.084967 0.165577 0.073529
0 0.206972 0.000000 0.204793 0.042484 0.209150 0.086601 0.228758 0.102941 0.237473 0.119281 0.241830 0.194444 0.265795 0.215686 0.315904 0.209150 0.346405 0.210784 0.359477 0.202614 0.374728 0.184641 0.383442 0.138889 0.392157 0.117647 0.392157 0.104575 0.370370 0.081699 0.372549 0.019608 0.363834 0.000000
0 0.644880 0.214052 0.588235 0.217320 0.564270 0.223856 0.544662 0.236928 0.531590 0.264706 0.531590 0.297386 0.525054 0.323529 0.496732 0.346405 0.479303 0.370915 0.481481 0.380719 0.525054 0.410131 0.538126 0.426471 0.544662 0.442810 0.544662 0.462418 0.533769 0.491830 0.533769 0.504902 0.570806 0.562092 0.579521 0.568627 0.603486 0.527778 0.629630 0.498366 0.686275 0.468954 0.712418 0.406863 0.742919 0.377451 0.740741 0.362745 0.714597 0.333333 0.725490 0.281046 0.723312 0.251634 0.716776 0.241830 0.694989 0.227124 0.673203 0.218954
0 0.444444 0.094771 0.409586 0.106209 0.389978 0.125817 0.372549 0.210784 0.374728 0.217320 0.383442 0.218954 0.409586 0.235294 0.427015 0.253268 0.431373 0.267974 0.427015 0.326797 0.453159 0.366013 0.468410 0.367647 0.488017 0.346405 0.514161 0.326797 0.525054 0.310458 0.529412 0.261438 0.546841 0.227124 0.544662 0.212418 0.553377 0.192810 0.559913 0.151961 0.551198 0.127451 0.527233 0.109477 0.485839 0.096405
0 0.496732 0.000000 0.488017 0.021242 0.481481 0.063725 0.459695 0.080065 0.453159 0.091503 0.485839 0.094771 0.516340 0.102941 0.553377 0.129085 0.559913 0.145425 0.559913 0.168301 0.551198 0.196078 0.551198 0.214052 0.555556 0.218954 0.568627 0.220588 0.592593 0.214052 0.629630 0.210784 0.644880 0.194444 0.653595 0.165033 0.651416 0.127451 0.629630 0.088235 0.642702 0.039216 0.640523 0.008170 0.633987 0.000000
0 0.775599 0.098039 0.734205 0.099673 0.712418 0.106209 0.694989 0.117647 0.686275 0.130719 0.671024 0.184641 0.653595 0.205882 0.653595 0.210784 0.699346 0.227124 0.725490 0.253268 0.718954 0.326797 0.749455 0.372549 0.784314 0.366013 0.799564 0.356209 0.840959 0.313725 0.854031 0.281046 0.851852 0.246732 0.834423 0.215686 0.858388 0.161765 0.858388 0.138889 0.847495 0.122549 0.825708 0.109477
0 0.980392 0.217320 0.921569 0.220588 0.882353 0.240196 0.867102 0.264706 0.843137 0.326797 0.814815 0.351307 0.810458 0.361111 0.814815 0.367647 0.862745 0.375817 0.895425 0.388889 0.923747 0.408497 0.936819 0.424837 0.938998 0.457516 0.923747 0.493464 0.921569 0.509804 0.938998 0.537582 0.954248 0.552288 0.958606 0.550654 0.960784 0.534314 0.967320 0.529412 0.976035 0.509804 0.995643 0.488562 1.000000 0.473856 1.000000 0.220588
