0 1.000000 0.803493 0.970588 0.812227 0.950980 0.836245 0.908497 0.820961 0.867647 0.818777 0.836601 0.829694 0.813725 0.849345 0.805556 0.864629 0.805556 0.877729 0.816993 0.910480 0.821895 0.938865 0.820261 0.973799 0.813725 1.000000 1.000000 1.000000
0 0.000000 0.792576 0.000000 1.000000 0.267974 0.997817 0.277778 0.945415 0.284314 0.936681 0.284314 0.882096 0.292484 0.858079 0.294118 0.838428 0.287582 0.814410 0.263072 0.781659 0.222222 0.764192 0.181373 0.768559 0.169935 0.775109 0.147059 0.748908 0.109477 0.735808 0.083333 0.733624 0.063725 0.737991 0.024510 0.759825
0 0.294118 0.860262 0.287582 0.893013 0.292484 0.969432 0.282680 0.984716 0.282680 0.995633 0.287582 1.000000 0.535948 1.000000 0.537582 0.923581 0.529412 0.882096 0.508170 0.836245 0.475490 0.805677 0.403595 0.775109 0.370915 0.775109 0.344771 0.788210 0.326797 0.805677 0.305556 0.834061
0 0.818627 0.919214 0.808824 0.886463 0.797386 0.864629 0.772876 0.831878 0.746732 0.810044 0.723856 0.801310 0.694444 0.801310 0.645425 0.818777 0.624183 0.816594 0.584967 0.836245 0.563725 0.860262 0.550654 0.886463 0.542484 0.914847 0.547386 1.000000 0.812092 1.000000 0.820261 0.967249
0 0.000000 0.410480 0.000000 0.744541 0.032680 0.748908 0.062092 0.733624 0.065359 0.727074 0.075163 0.646288 0.084967 0.620087 0.114379 0.567686 0.117647 0.537118 0.106209 0.502183 0.058824 0.493450 0.039216 0.438865 0.032680 0.430131
0 0.142157 0.421397 0.124183 0.441048 0.111111 0.475983 0.111111 0.500000 0.124183 0.556769 0.107843 0.589520 0.094771 0.604803 0.091503 0.620087 0.078431 0.641921 0.068627 0.700873 0.070261 0.724891 0.075163 0.729258 0.099673 0.729258 0.125817 0.735808 0.168301 0.762009 0.230392 0.762009 0.269608 0.777293 0.271242 0.766376 0.264706 0.729258 0.266340 0.668122 0.284314 0.604803 0.294118 0.591703 0.310458 0.554585 0.310458 0.532751 0.285948 0.510917 0.264706 0.502183 0.246732 0.504367 0.240196 0.491266 0.228758 0.445415 0.200980 0.417031 0.179739 0.410480
0 0.388889 0.425764 0.362745 0.423581 0.344771 0.430131 0.328431 0.447598 0.313725 0.473799 0.312092 0.524017 0.316993 0.554585 0.315359 0.565502 0.282680 0.631004 0.267974 0.696507 0.267974 0.724891 0.272876 0.751092 0.281046 0.770742 0.285948 0.796943 0.302288 0.829694 0.339869 0.790393 0.370915 0.772926 0.395425 0.770742 0.446078 0.790393 0.459150 0.790393 0.462418 0.781659 0.460784 0.720524 0.482026 0.585153 0.482026 0.558952 0.467320 0.532751 0.434641 0.517467 0.426471 0.465066 0.403595 0.434498
0 0.581699 0.434498 0.547386 0.438865 0.516340 0.478166 0.509804 0.534934 0.490196 0.563319 0.485294 0.578603 0.482026 0.617904 0.467320 0.698690 0.467320 0.755459 0.472222 0.794760 0.508170 0.831878 0.524510 0.860262 0.537582 0.897380 0.544118 0.895197 0.557190 0.866812 0.581699 0.836245 0.612745 0.816594 0.647059 0.807860 0.656863 0.772926 0.656863 0.729258 0.643791 0.724891 0.598039 0.727074 0.591503 0.720524 0.591503 0.626638 0.594771 0.609170 0.599673 0.602620 0.650327 0.602620 0.653595 0.591703 0.648693 0.569869 0.632353 0.545852 0.632353 0.495633 0.627451 0.478166 0.606209 0.445415
0 0.771242 0.430131 0.758170 0.434498 0.730392 0.456332 0.718954 0.482533 0.710784 0.524017 0.676471 0.541485 0.665033 0.554585 0.658497 0.572052 0.656863 0.596070 0.660131 0.602620 0.671569 0.606987 0.658497 0.611354 0.660131 0.639738 0.665033 0.644105 0.668301 0.665939 0.674837 0.655022 0.679739 0.655022 0.683007 0.665939 0.681373 0.670306 0.668301 0.670306 0.661765 0.676856 0.663399 0.703057 0.669935 0.724891 0.665033 0.731441 0.660131 0.757642 0.660131 0.781659 0.666667 0.805677 0.700980 0.796943 0.738562 0.803493 0.758170 0.814410 0.797386 0.858079 0.803922 0.858079 0.821895 0.834061 0.859477 0.810044 0.874183 0.766376 0.874183 0.748908 0.869281 0.735808 0.856209 0.722707 0.843137 0.689956 0.825163 0.604803 0.844771 0.548035 0.848039 0.524017 0.844771 0.489083 0.833333 0.458515 0.825163 0.447598 0.797386 0.432314
0 1.000000 0.441048 0.982026 0.441048 0.946078 0.465066 0.937908 0.475983 0.918301 0.530568 0.874183 0.534934 0.859477 0.541485 0.844771 0.556769 0.834967 0.587336 0.838235 0.606987 0.833333 0.611354 0.833333 0.624454 0.839869 0.637555 0.849673 0.685590 0.859477 0.700873 0.862745 0.716157 0.879085 0.735808 0.870915 0.792576 0.872549 0.812227 0.905229 0.814410 0.941176 0.827511 0.954248 0.827511 0.975490 0.805677 1.000000 0.796943
0 0.017974 0.220524 0.006536 0.235808 0.006536 0.248908 0.014706 0.277293 0.009804 0.320961 0.014706 0.344978 0.022876 0.360262 0.022876 0.377729 0.016340 0.388646 0.013072 0.410480 0.039216 0.436681 0.057190 0.486900 0.078431 0.493450 0.104575 0.491266 0.127451 0.432314 0.153595 0.406114 0.160131 0.384279 0.158497 0.364629 0.145425 0.351528 0.116013 0.340611 0.111111 0.334061 0.111111 0.316594 0.104575 0.292576 0.084967 0.268559 0.078431 0.240175 0.066993 0.218341 0.045752 0.213974
0 0.158497 0.229258 0.151961 0.244541 0.158497 0.292576 0.151961 0.310044 0.151961 0.327511 0.156863 0.353712 0.168301 0.377729 0.160131 0.406114 0.179739 0.408297 0.191176 0.401747 0.205882 0.406114 0.212418 0.423581 0.232026 0.447598 0.241830 0.489083 0.251634 0.497817 0.266340 0.495633 0.272876 0.458515 0.299020 0.393013 0.299020 0.375546 0.282680 0.360262 0.250000 0.344978 0.243464 0.303493 0.227124 0.279476 0.218954 0.240175 0.209150 0.222707 0.173203 0.220524
0 0.125817 0.165939 0.111111 0.176856 0.102941 0.203057 0.109477 0.244541 0.104575 0.288210 0.117647 0.336245 0.125817 0.342795 0.150327 0.344978 0.150327 0.314410 0.156863 0.296943 0.151961 0.244541 0.161765 0.227074 0.178105 0.218341 0.178105 0.205240 0.173203 0.187773 0.158497 0.170306
0 0.228758 0.174672 0.218954 0.183406 0.210784 0.209607 0.210784 0.222707 0.225490 0.272926 0.243464 0.301310 0.253268 0.344978 0.272876 0.355895 0.295752 0.360262 0.305556 0.279476 0.303922 0.268559 0.285948 0.240175 0.281046 0.200873 0.263072 0.174672
0 0.354575 0.224891 0.321895 0.227074 0.313725 0.231441 0.307190 0.246725 0.308824 0.294760 0.303922 0.303493 0.300654 0.327511 0.303922 0.360262 0.308824 0.371179 0.302288 0.395197 0.282680 0.438865 0.272876 0.480349 0.274510 0.493450 0.279412 0.500000 0.300654 0.510917 0.310458 0.510917 0.313725 0.471616 0.339869 0.432314 0.357843 0.423581 0.387255 0.423581 0.408497 0.441048 0.418301 0.443231 0.429739 0.406114 0.429739 0.390830 0.423203 0.377729 0.392157 0.349345 0.388889 0.310044 0.372549 0.275109 0.367647 0.237991
0 0.483660 0.229258 0.467320 0.233624 0.459150 0.246725 0.459150 0.290393 0.447712 0.320961 0.450980 0.371179 0.433007 0.408297 0.423203 0.451965 0.436275 0.510917 0.464052 0.526201 0.485294 0.554585 0.491830 0.554585 0.508170 0.532751 0.513072 0.486900 0.517974 0.473799 0.537582 0.445415 0.555556 0.427948 0.557190 0.401747 0.553922 0.390830 0.532680 0.364629 0.535948 0.325328 0.532680 0.307860 0.522876 0.290393 0.522876 0.264192 0.517974 0.240175 0.508170 0.231441
0 0.630719 0.233624 0.619281 0.242358 0.611111 0.290393 0.598039 0.316594 0.594771 0.366812 0.565359 0.406114 0.565359 0.427948 0.596405 0.436681 0.616013 0.456332 0.632353 0.489083 0.633987 0.543668 0.650327 0.565502 0.655229 0.565502 0.678105 0.532751 0.702614 0.524017 0.709150 0.508734 0.709150 0.484716 0.694444 0.412664 0.681373 0.384279 0.686275 0.353712 0.686275 0.320961 0.678105 0.301310 0.679739 0.251092 0.666667 0.235808
0 0.790850 0.233624 0.779412 0.242358 0.772876 0.279476 0.753268 0.312227 0.745098 0.362445 0.702614 0.397380 0.702614 0.425764 0.715686 0.471616 0.723856 0.467249 0.736928 0.449782 0.766340 0.430131 0.792484 0.430131 0.816993 0.438865 0.834967 0.456332 0.849673 0.502183 0.848039 0.532751 0.854575 0.537118 0.867647 0.530568 0.872549 0.515284 0.872549 0.500000 0.856209 0.449782 0.844771 0.432314 0.834967 0.388646 0.846405 0.344978 0.846405 0.323144 0.839869 0.307860 0.844771 0.251092 0.839869 0.242358 0.820261 0.233624
0 1.000000 0.240175 0.970588 0.237991 0.954248 0.248908 0.942810 0.288210 0.923203 0.312227 0.916667 0.327511 0.908497 0.362445 0.859477 0.388646 0.849673 0.399563 0.849673 0.421397 0.864379 0.449782 0.874183 0.484716 0.875817 0.530568 0.918301 0.528384 0.937908 0.475983 0.947712 0.462882 0.978758 0.441048 1.000000 0.438865
0 1.000000 0.150655 0.967320 0.150655 0.959150 0.165939 0.950980 0.196507 0.933007 0.218341 0.928105 0.248908 0.918301 0.262009 0.883987 0.286026 0.880719 0.301310 0.897059 0.358079 0.903595 0.360262 0.921569 0.316594 0.939542 0.296943 0.955882 0.248908 0.972222 0.237991 1.000000 0.240175
0 0.735294 0.144105 0.704248 0.141921 0.697712 0.183406 0.679739 0.220524 0.679739 0.244541 0.683007 0.251092 0.679739 0.301310 0.686275 0.318777 0.684641 0.382096 0.692810 0.397380 0.700980 0.395197 0.741830 0.362445 0.754902 0.303493 0.746732 0.268559 0.754902 0.224891 0.748366 0.196507 0.753268 0.152838
0 0.612745 0.141921 0.588235 0.141921 0.578431 0.150655 0.575163 0.187773 0.562092 0.216157 0.560458 0.240175 0.563725 0.262009 0.545752 0.288210 0.537582 0.314410 0.539216 0.360262 0.555556 0.388646 0.562092 0.393013 0.570261 0.390830 0.591503 0.368996 0.596405 0.320961 0.609477 0.294760 0.614379 0.255459 0.632353 0.229258 0.630719 0.211790 0.624183 0.196507 0.624183 0.152838
0 0.859477 0.146288 0.844771 0.146288 0.833333 0.152838 0.825163 0.185590 0.805556 0.227074 0.828431 0.235808 0.844771 0.251092 0.839869 0.296943 0.846405 0.327511 0.846405 0.347162 0.839869 0.379913 0.843137 0.395197 0.888889 0.371179 0.893791 0.360262 0.888889 0.325328 0.874183 0.288210 0.874183 0.268559 0.882353 0.248908 0.882353 0.218341 0.877451 0.207424 0.883987 0.161572 0.872549 0.150655
0 0.517974 0.120087 0.506536 0.139738 0.506536 0.185590 0.524510 0.259825 0.532680 0.275109 0.539216 0.277293 0.549020 0.266376 0.557190 0.264192 0.563725 0.205240 0.560458 0.187773 0.562092 0.144105 0.545752 0.117904
0 0.336601 0.141921 0.333333 0.148472 0.334967 0.189956 0.326797 0.220524 0.354575 0.224891 0.366013 0.235808 0.372549 0.255459 0.374183 0.279476 0.388889 0.305677 0.395425 0.351528 0.408497 0.362445 0.416667 0.362445 0.426471 0.286026 0.397059 0.251092 0.397059 0.205240 0.383987 0.183406 0.380719 0.146288 0.366013 0.135371
0 0.037582 0.113537 0.032680 0.122271 0.032680 0.141921 0.039216 0.163755 0.062092 0.189956 0.063725 0.203057 0.081699 0.237991 0.088235 0.242358 0.102941 0.240175 0.101307 0.205240 0.111111 0.172489 0.101307 0.159389 0.093137 0.120087 0.086601 0.111354 0.070261 0.102620 0.060458 0.102620 0.058824 0.106987 0.047386 0.106987
