0 0.591503 0.087146 0.552288 0.087146 0.532680 0.093682 0.532680 0.159041 0.527778 0.189542 0.527778 0.217865 0.571895 0.189542 0.578431 0.189542 0.586601 0.200436 0.594771 0.193900 0.598039 0.180828 0.594771 0.154684 0.596405 0.108932
0 0.663399 0.095861 0.656863 0.104575 0.655229 0.145969 0.658497 0.165577 0.653595 0.193900 0.666667 0.206972 0.673203 0.235294 0.712418 0.241830 0.715686 0.237473 0.715686 0.215686 0.727124 0.193900 0.725490 0.163399 0.730392 0.148148 0.730392 0.100218 0.707516 0.087146
0 0.800654 0.074074 0.794118 0.080610 0.790850 0.093682 0.789216 0.126362 0.792484 0.150327 0.784314 0.178649 0.787582 0.185185 0.830065 0.189542 0.836601 0.193900 0.841503 0.202614 0.838235 0.254902 0.852941 0.257081 0.872549 0.226580 0.875817 0.209150 0.874183 0.167756 0.869281 0.150327 0.874183 0.076253 0.866013 0.069717
0 0.383987 0.117647 0.377451 0.126362 0.377451 0.156863 0.383987 0.180828 0.385621 0.222222 0.395425 0.239651 0.415033 0.244009 0.426471 0.252723 0.444444 0.246187 0.449346 0.237473 0.449346 0.211329 0.441176 0.117647 0.428105 0.108932 0.400327 0.111111
0 0.328431 0.100218 0.289216 0.106754 0.277778 0.117647 0.276144 0.128540 0.285948 0.172113 0.285948 0.198257 0.289216 0.209150 0.302288 0.222222 0.308824 0.222222 0.312092 0.209150 0.321895 0.198257 0.352941 0.191721 0.351307 0.176471 0.343137 0.156863 0.336601 0.108932
0 0.026144 0.394336 0.000000 0.394336 0.000000 0.679739 0.019608 0.675381 0.032680 0.657952 0.039216 0.631808 0.040850 0.603486 0.057190 0.566449 0.058824 0.509804 0.044118 0.457516 0.037582 0.407407
0 0.866013 0.379085 0.828431 0.387800 0.815359 0.405229 0.812092 0.437908 0.813725 0.483660 0.803922 0.533769 0.800654 0.577342 0.807190 0.605664 0.803922 0.618736 0.815359 0.662309 0.821895 0.666667 0.818627 0.671024 0.823529 0.668845 0.825163 0.686275 0.843137 0.690632 0.841503 0.697168 0.833333 0.699346 0.830065 0.705882 0.854575 0.708061 0.854575 0.718954 0.859477 0.716776 0.859477 0.708061 0.867647 0.708061 0.867647 0.718954 0.875817 0.721133 0.887255 0.703704 0.901961 0.705882 0.895425 0.692810 0.905229 0.686275 0.924837 0.616558 0.919935 0.607843 0.931373 0.603486 0.934641 0.594771 0.933007 0.531590 0.926471 0.498911 0.934641 0.418301 0.929739 0.398693 0.919935 0.389978 0.895425 0.381264
0 0.946078 0.200436 0.931373 0.206972 0.924837 0.224401 0.919935 0.267974 0.921569 0.294118 0.906863 0.339869 0.901961 0.379085 0.924837 0.392157 0.933007 0.403050 0.936275 0.422658 0.954248 0.444444 0.964052 0.448802 0.980392 0.440087 1.000000 0.437908 1.000000 0.204793
0 0.014706 0.187364 0.008170 0.200436 0.008170 0.222222 0.014706 0.241830 0.016340 0.294118 0.029412 0.307190 0.034314 0.346405 0.044118 0.357298 0.060458 0.361656 0.075163 0.333333 0.081699 0.326797 0.094771 0.324619 0.093137 0.302832 0.070261 0.233115 0.066993 0.196078 0.060458 0.185185
0 0.836601 0.193900 0.784314 0.185185 0.758170 0.187364 0.751634 0.193900 0.746732 0.235294 0.748366 0.265795 0.738562 0.289760 0.728758 0.344227 0.736928 0.392157 0.741830 0.392157 0.758170 0.372549 0.812092 0.383442 0.830065 0.350763 0.834967 0.326797 0.831699 0.267974 0.839869 0.220044 0.839869 0.200436
0 0.715686 0.342048 0.666667 0.339869 0.647059 0.346405 0.635621 0.361656 0.633987 0.409586 0.637255 0.440087 0.629085 0.472767 0.620915 0.568627 0.633987 0.566449 0.656863 0.592593 0.673203 0.566449 0.709150 0.564270 0.717320 0.551198 0.733660 0.492375 0.730392 0.444444 0.732026 0.363834 0.728758 0.352941
0 0.660131 0.200436 0.598039 0.198257 0.588235 0.209150 0.586601 0.237473 0.589869 0.272331 0.581699 0.302832 0.581699 0.333333 0.584967 0.346405 0.594771 0.350763 0.611111 0.372549 0.622549 0.357298 0.635621 0.355120 0.668301 0.333333 0.661765 0.263617 0.668301 0.237473 0.668301 0.217865
0 0.125817 0.082789 0.122549 0.100218 0.127451 0.124183 0.127451 0.180828 0.168301 0.191721 0.173203 0.202614 0.176471 0.241830 0.179739 0.246187 0.200980 0.241830 0.202614 0.206972 0.179739 0.122004 0.174837 0.080610 0.150327 0.076253
0 0.514706 0.176471 0.462418 0.174292 0.452614 0.178649 0.452614 0.246187 0.446078 0.263617 0.441176 0.298475 0.441176 0.333333 0.478758 0.298475 0.501634 0.294118 0.521242 0.283224 0.521242 0.263617 0.516340 0.246187 0.521242 0.220044 0.521242 0.189542
0 0.370915 0.196078 0.328431 0.196078 0.315359 0.202614 0.312092 0.211329 0.312092 0.241830 0.316993 0.261438 0.313725 0.322440 0.318627 0.333333 0.328431 0.337691 0.336601 0.348584 0.343137 0.366013 0.351307 0.363834 0.354575 0.357298 0.352941 0.300654 0.362745 0.283224 0.382353 0.276688 0.380719 0.204793
0 0.207516 0.200436 0.205882 0.226580 0.214052 0.261438 0.214052 0.289760 0.266340 0.291939 0.284314 0.315904 0.287582 0.296296 0.276144 0.252723 0.271242 0.196078 0.258170 0.189542 0.241830 0.189542
0 0.321895 0.511983 0.303922 0.522876 0.297386 0.531590 0.294118 0.549020 0.295752 0.586057 0.302288 0.620915 0.299020 0.638344 0.297386 0.738562 0.287582 0.793028 0.284314 0.845316 0.290850 0.862745 0.316993 0.882353 0.330065 0.882353 0.338235 0.867102 0.354575 0.862745 0.367647 0.882353 0.375817 0.884532 0.397059 0.867102 0.397059 0.847495 0.403595 0.838780 0.413399 0.840959 0.416667 0.836601 0.418301 0.797386 0.423203 0.779956 0.433007 0.766885 0.434641 0.745098 0.395425 0.599129 0.388889 0.520697 0.383987 0.514161 0.361111 0.507625
0 0.251634 0.450980 0.192810 0.455338 0.183007 0.461874 0.176471 0.474946 0.184641 0.553377 0.181373 0.562092 0.173203 0.673203 0.161765 0.734205 0.161765 0.762527 0.179739 0.784314 0.189542 0.806100 0.235294 0.799564 0.246732 0.777778 0.264706 0.769063 0.279412 0.751634 0.292484 0.727669 0.289216 0.697168 0.294118 0.657952 0.277778 0.555556 0.271242 0.540305 0.269608 0.477124 0.264706 0.457516
0 0.493464 0.583878 0.480392 0.592593 0.472222 0.607843 0.470588 0.697168 0.450980 0.808279 0.415033 0.945534 0.415033 0.997821 0.589869 1.000000 0.601307 0.967320 0.602941 0.938998 0.594771 0.910675 0.581699 0.736383 0.583333 0.610022 0.573529 0.594771 0.552288 0.583878
0 0.789216 0.714597 0.779412 0.708061 0.766340 0.708061 0.756536 0.714597 0.751634 0.710240 0.740196 0.716776 0.730392 0.712418 0.725490 0.716776 0.696078 0.714597 0.665033 0.727669 0.660131 0.766885 0.638889 0.858388 0.607843 0.960784 0.594771 0.991285 0.594771 1.000000 0.797386 1.000000 0.789216 0.782135 0.795752 0.751634 0.795752 0.729847
0 0.127451 0.409586 0.093137 0.409586 0.063725 0.418301 0.052288 0.435730 0.055556 0.477124 0.063725 0.498911 0.060458 0.610022 0.052288 0.701525 0.055556 0.716776 0.083333 0.742919 0.088235 0.742919 0.099673 0.721133 0.120915 0.710240 0.135621 0.692810 0.148693 0.633987 0.160131 0.612200 0.160131 0.590414 0.168301 0.581699 0.165033 0.544662 0.145425 0.479303 0.140523 0.424837 0.135621 0.413943
0 0.111111 0.257081 0.104575 0.263617 0.104575 0.291939 0.111111 0.318083 0.109477 0.405229 0.133987 0.411765 0.140523 0.420479 0.148693 0.466231 0.151961 0.470588 0.169935 0.472767 0.199346 0.442266 0.202614 0.407407 0.189542 0.337691 0.181373 0.318083 0.178105 0.265795 0.171569 0.252723 0.165033 0.250545
0 0.207516 0.298475 0.200980 0.309368 0.200980 0.342048 0.207516 0.368192 0.205882 0.448802 0.248366 0.448802 0.261438 0.453159 0.272876 0.464052 0.284314 0.450980 0.299020 0.446623 0.297386 0.411765 0.281046 0.357298 0.277778 0.300654 0.266340 0.291939 0.227124 0.291939
0 0.362745 0.283224 0.354575 0.294118 0.357843 0.361656 0.351307 0.379085 0.346405 0.422658 0.348039 0.440087 0.367647 0.470588 0.382353 0.477124 0.388889 0.485839 0.408497 0.485839 0.419935 0.479303 0.439542 0.455338 0.437908 0.396514 0.429739 0.363834 0.433007 0.344227 0.433007 0.294118 0.428105 0.285403 0.418301 0.281046
0 0.532680 0.287582 0.516340 0.287582 0.498366 0.296296 0.480392 0.298475 0.470588 0.305011 0.465686 0.315904 0.470588 0.385621 0.462418 0.501089 0.496732 0.546841 0.504902 0.540305 0.522876 0.540305 0.534314 0.533769 0.549020 0.538126 0.560458 0.535948 0.571895 0.522876 0.575163 0.505447 0.560458 0.403050 0.552288 0.379085 0.553922 0.309368 0.549020 0.298475
