0 0.209150 0.142157 0.161220 0.138889 0.135076 0.145425 0.128540 0.155229 0.126362 0.178105 0.111111 0.189542 0.104575 0.204248 0.108932 0.251634 0.093682 0.276144 0.093682 0.326797 0.104575 0.341503 0.141612 0.362745 0.154684 0.357843 0.167756 0.341503 0.172113 0.312092 0.169935 0.277778 0.178649 0.263072 0.200436 0.246732 0.206972 0.220588 0.224401 0.209150 0.257081 0.202614 0.254902 0.192810 0.233115 0.178105 0.226580 0.153595
0 0.000000 0.901961 0.000000 0.967320 0.010893 0.972222 0.010893 0.978758 0.000000 0.990196 0.000000 1.000000 0.479303 1.000000 0.472767 0.972222 0.435730 0.900327 0.407407 0.870915 0.403050 0.861111 0.359477 0.821895 0.305011 0.797386 0.254902 0.789216 0.183007 0.789216 0.124183 0.803922 0.093682 0.820261 0.037037 0.861111
0 0.882353 0.718954 0.858388 0.712418 0.755991 0.714052 0.718954 0.709150 0.692810 0.715686 0.638344 0.717320 0.627451 0.720588 0.601307 0.740196 0.575163 0.766340 0.525054 0.785948 0.479303 0.812092 0.464052 0.826797 0.455338 0.828431 0.435730 0.846405 0.427015 0.874183 0.453159 0.913399 0.453159 0.921569 0.468410 0.939542 0.470588 0.954248 0.496732 1.000000 0.919390 1.000000 0.910675 0.939542 0.936819 0.890523 0.938998 0.844771 0.923747 0.803922 0.921569 0.771242 0.908497 0.743464
0 0.115468 0.488562 0.082789 0.485294 0.054466 0.486928 0.000000 0.500000 0.000000 0.890523 0.006536 0.890523 0.023965 0.867647 0.065359 0.834967 0.113290 0.805556 0.156863 0.790850 0.193900 0.784314 0.270153 0.784314 0.328976 0.802288 0.335512 0.799020 0.335512 0.766340 0.311547 0.681373 0.289760 0.642157 0.272331 0.625817 0.250545 0.614379 0.248366 0.589869 0.235294 0.562092 0.209150 0.540850 0.174292 0.526144 0.148148 0.500000
0 0.525054 0.444444 0.477124 0.444444 0.444444 0.454248 0.435730 0.460784 0.422658 0.482026 0.383442 0.508170 0.368192 0.529412 0.361656 0.576797 0.305011 0.616013 0.298475 0.627451 0.298475 0.645425 0.313725 0.676471 0.335512 0.741830 0.346405 0.805556 0.407407 0.854575 0.420479 0.852941 0.457516 0.821895 0.496732 0.797386 0.577342 0.759804 0.627451 0.714052 0.664488 0.709150 0.684096 0.700980 0.686275 0.705882 0.692810 0.705882 0.714597 0.686275 0.708061 0.681373 0.701525 0.686275 0.694989 0.686275 0.690632 0.681373 0.677560 0.684641 0.675381 0.679739 0.668845 0.686275 0.657952 0.678105 0.655773 0.661765 0.642702 0.642157 0.644880 0.637255 0.638344 0.627451 0.620915 0.617647 0.620915 0.602941 0.631808 0.570261 0.627451 0.534314 0.596950 0.501634 0.588235 0.472222 0.562092 0.454248
0 0.797386 0.393791 0.766885 0.405229 0.745098 0.429739 0.716776 0.437908 0.701525 0.449346 0.686275 0.468954 0.679739 0.496732 0.631808 0.524510 0.633987 0.568627 0.623094 0.607843 0.629630 0.617647 0.644880 0.624183 0.647059 0.645425 0.662309 0.668301 0.673203 0.669935 0.684096 0.678105 0.688453 0.674837 0.721133 0.676471 0.734205 0.687908 0.766885 0.681373 0.786492 0.681373 0.823529 0.689542 0.867102 0.709150 0.886710 0.710784 0.901961 0.705882 0.912854 0.709150 0.917211 0.689542 0.912854 0.684641 0.910675 0.658497 0.917211 0.635621 0.910675 0.622549 0.915033 0.612745 0.895425 0.568627 0.895425 0.558824 0.921569 0.532680 0.928105 0.519608 0.928105 0.496732 0.910675 0.467320 0.912854 0.434641 0.906318 0.423203 0.873638 0.401961 0.836601 0.393791
0 1.000000 0.326797 0.969499 0.330065 0.938998 0.357843 0.899782 0.369281 0.884532 0.392157 0.886710 0.405229 0.901961 0.416667 0.915033 0.436275 0.912854 0.467320 0.930283 0.496732 0.928105 0.524510 0.899782 0.560458 0.906318 0.589869 0.923747 0.616013 0.936819 0.616013 0.973856 0.594771 1.000000 0.588235
0 0.392157 0.305556 0.348584 0.302288 0.305011 0.313725 0.296296 0.325163 0.289760 0.349673 0.265795 0.364379 0.257081 0.375817 0.254902 0.405229 0.259259 0.437908 0.215686 0.477124 0.215686 0.495098 0.235294 0.534314 0.235294 0.547386 0.250545 0.580065 0.250545 0.594771 0.257081 0.607843 0.281046 0.624183 0.291939 0.624183 0.298475 0.614379 0.357298 0.575163 0.361656 0.537582 0.372549 0.517974 0.385621 0.503268 0.418301 0.483660 0.429194 0.464052 0.455338 0.444444 0.457516 0.433007 0.470588 0.416667 0.472767 0.397059 0.468410 0.382353 0.459695 0.370915 0.437908 0.356209 0.427015 0.321895 0.416122 0.313725
0 0.000000 0.321895 0.000000 0.498366 0.050109 0.485294 0.115468 0.485294 0.150327 0.500000 0.165577 0.516340 0.189542 0.531046 0.200436 0.532680 0.220044 0.547386 0.226580 0.547386 0.226580 0.532680 0.220044 0.529412 0.217865 0.508170 0.204793 0.486928 0.187364 0.470588 0.174292 0.468954 0.172113 0.462418 0.161220 0.457516 0.154684 0.415033 0.143791 0.392157 0.089325 0.359477 0.082789 0.343137 0.067538 0.331699 0.039216 0.323529
0 0.000000 0.218954 0.000000 0.321895 0.032680 0.321895 0.065359 0.330065 0.080610 0.339869 0.095861 0.362745 0.122004 0.372549 0.126362 0.377451 0.137255 0.379085 0.139434 0.375817 0.130719 0.364379 0.104575 0.344771 0.098039 0.344771 0.084967 0.331699 0.089325 0.294118 0.082789 0.281046 0.039216 0.254902 0.021786 0.225490 0.008715 0.218954
0 0.281046 0.205882 0.252723 0.204248 0.224401 0.209150 0.211329 0.215686 0.204793 0.225490 0.202614 0.248366 0.180828 0.261438 0.172113 0.279412 0.180828 0.321895 0.172113 0.341503 0.156863 0.356209 0.150327 0.377451 0.174292 0.450980 0.187364 0.465686 0.202614 0.473856 0.211329 0.473856 0.254902 0.437908 0.252723 0.383987 0.259259 0.370915 0.289760 0.346405 0.298475 0.320261 0.311547 0.310458 0.359477 0.297386 0.357298 0.274510 0.350763 0.264706 0.324619 0.246732 0.318083 0.220588 0.309368 0.214052
0 0.610022 0.277778 0.586057 0.287582 0.570806 0.315359 0.540305 0.334967 0.531590 0.348039 0.527233 0.387255 0.470588 0.426471 0.466231 0.441176 0.514161 0.441176 0.568627 0.455882 0.592593 0.475490 0.607843 0.511438 0.620915 0.521242 0.629630 0.522876 0.673203 0.498366 0.679739 0.472222 0.705882 0.436275 0.701525 0.408497 0.721133 0.380719 0.723312 0.362745 0.716776 0.344771 0.703704 0.333333 0.703704 0.307190 0.699346 0.297386 0.686275 0.287582 0.666667 0.281046
0 0.337691 0.021242 0.326797 0.027778 0.322440 0.047386 0.313725 0.055556 0.313725 0.078431 0.328976 0.083333 0.357298 0.083333 0.374728 0.068627 0.381264 0.031046 0.374728 0.022876
0 0.732026 0.050654 0.718954 0.057190 0.710240 0.075163 0.692810 0.088235 0.688453 0.098039 0.745098 0.107843 0.753813 0.116013 0.755991 0.133987 0.764706 0.137255 0.790850 0.111111 0.790850 0.094771 0.777778 0.083333 0.775599 0.062092 0.764706 0.055556
0 0.518519 0.039216 0.509804 0.049020 0.507625 0.063725 0.511983 0.098039 0.525054 0.109477 0.559913 0.107843 0.581699 0.086601 0.579521 0.071895 0.570806 0.063725 0.568627 0.042484 0.557734 0.037582
0 0.383442 0.042484 0.376906 0.068627 0.361656 0.084967 0.374728 0.094771 0.379085 0.116013 0.392157 0.125817 0.409586 0.125817 0.416122 0.112745 0.435730 0.096405 0.440087 0.050654 0.435730 0.045752 0.422658 0.042484
0 0.106754 0.031046 0.089325 0.026144 0.063181 0.026144 0.045752 0.032680 0.045752 0.050654 0.028322 0.070261 0.026144 0.099673 0.019608 0.117647 0.021786 0.137255 0.032680 0.148693 0.030501 0.127451 0.039216 0.124183 0.047930 0.099673 0.063181 0.084967 0.067538 0.060458 0.078431 0.053922 0.108932 0.052288 0.113290 0.042484
0 0.209150 0.008170 0.174292 0.008170 0.165577 0.016340 0.165577 0.026144 0.152505 0.039216 0.148148 0.050654 0.150327 0.080065 0.161220 0.088235 0.174292 0.088235 0.180828 0.068627 0.198257 0.050654 0.202614 0.032680 0.222222 0.024510 0.220044 0.014706
0 0.605664 0.062092 0.592593 0.065359 0.583878 0.093137 0.570806 0.102941 0.570806 0.107843 0.596950 0.120915 0.603486 0.147059 0.625272 0.165033 0.631808 0.165033 0.668845 0.130719 0.673203 0.109477 0.655773 0.093137 0.655773 0.075163 0.647059 0.066993 0.631808 0.062092
0 0.982571 0.080065 0.945534 0.076797 0.930283 0.083333 0.921569 0.099673 0.906318 0.104575 0.895425 0.112745 0.891068 0.122549 0.895425 0.158497 0.899782 0.161765 0.921569 0.156863 0.932462 0.142157 0.947712 0.132353 1.000000 0.135621 1.000000 0.111111 0.995643 0.107843 1.000000 0.094771
0 0.808279 0.093137 0.801743 0.107843 0.777778 0.127451 0.773420 0.145425 0.782135 0.169935 0.788671 0.169935 0.801743 0.153595 0.814815 0.150327 0.858388 0.153595 0.882353 0.163399 0.886710 0.158497 0.888889 0.135621 0.875817 0.119281 0.875817 0.098039 0.843137 0.088235 0.819172 0.088235
0 0.686275 0.102941 0.679739 0.107843 0.673203 0.129085 0.649237 0.148693 0.649237 0.158497 0.694989 0.166667 0.712418 0.174837 0.716776 0.179739 0.718954 0.207516 0.738562 0.232026 0.745098 0.233660 0.747277 0.207516 0.766885 0.163399 0.766885 0.153595 0.751634 0.135621 0.751634 0.112745 0.727669 0.102941
0 0.453159 0.070261 0.442266 0.075163 0.437908 0.096405 0.420479 0.109477 0.416122 0.125817 0.444444 0.143791 0.453159 0.169935 0.470588 0.181373 0.479303 0.181373 0.488017 0.171569 0.492375 0.156863 0.514161 0.138889 0.522876 0.112745 0.509804 0.099673 0.505447 0.075163 0.490196 0.070261
0 0.254902 0.031046 0.235294 0.027778 0.204793 0.031046 0.200436 0.035948 0.200436 0.049020 0.183007 0.065359 0.180828 0.088235 0.204793 0.124183 0.209150 0.122549 0.220044 0.096405 0.239651 0.078431 0.244009 0.058824 0.261438 0.047386 0.261438 0.037582
0 0.278867 0.050654 0.257081 0.050654 0.244009 0.057190 0.241830 0.075163 0.224401 0.091503 0.217865 0.107843 0.217865 0.130719 0.235294 0.174837 0.254902 0.187908 0.265795 0.186275 0.274510 0.132353 0.294118 0.112745 0.300654 0.088235 0.311547 0.081699 0.307190 0.057190
0 0.119826 0.052288 0.071895 0.055556 0.065359 0.065359 0.067538 0.075163 0.063181 0.084967 0.047930 0.099673 0.043573 0.133987 0.039216 0.137255 0.043573 0.142157 0.039216 0.151961 0.043573 0.158497 0.041394 0.171569 0.047930 0.197712 0.065359 0.222222 0.069717 0.222222 0.071895 0.189542 0.082789 0.143791 0.102397 0.122549 0.104575 0.099673 0.111111 0.093137 0.143791 0.084967 0.139434 0.060458
0 0.178649 0.093137 0.137255 0.088235 0.111111 0.093137 0.104575 0.098039 0.102397 0.122549 0.089325 0.133987 0.082789 0.147059 0.071895 0.214052 0.078431 0.245098 0.091503 0.267974 0.098039 0.266340 0.104575 0.250000 0.104575 0.202614 0.108932 0.192810 0.126362 0.178105 0.130719 0.150327 0.141612 0.142157 0.156863 0.138889 0.193900 0.138889 0.217865 0.143791 0.196078 0.125817 0.187364 0.098039
0 0.529412 0.112745 0.520697 0.120915 0.514161 0.142157 0.492375 0.158497 0.492375 0.181373 0.498911 0.187908 0.544662 0.199346 0.553377 0.205882 0.555556 0.225490 0.564270 0.238562 0.583878 0.250000 0.588235 0.218954 0.594771 0.207516 0.618736 0.186275 0.620915 0.166667 0.614379 0.156863 0.601307 0.148693 0.599129 0.124183 0.592593 0.117647 0.570806 0.111111
0 0.359477 0.086601 0.302832 0.086601 0.296296 0.094771 0.296296 0.112745 0.274510 0.133987 0.278867 0.200980 0.320261 0.218954 0.324619 0.215686 0.328976 0.186275 0.350763 0.166667 0.359477 0.142157 0.368192 0.133987 0.385621 0.127451 0.374728 0.117647 0.372549 0.094771
0 0.389978 0.130719 0.370370 0.133987 0.359477 0.142157 0.352941 0.166667 0.328976 0.186275 0.324619 0.230392 0.328976 0.246732 0.344227 0.256536 0.359477 0.274510 0.363834 0.294118 0.389978 0.303922 0.413943 0.307190 0.418301 0.295752 0.413943 0.253268 0.420479 0.243464 0.446623 0.223856 0.450980 0.205882 0.466231 0.191176 0.466231 0.184641 0.448802 0.169935 0.446623 0.150327 0.433551 0.135621
0 0.638344 0.165033 0.625272 0.176471 0.620915 0.192810 0.594771 0.210784 0.586057 0.279412 0.592593 0.281046 0.610022 0.276144 0.655773 0.277778 0.692810 0.289216 0.708061 0.302288 0.736383 0.240196 0.732026 0.222222 0.716776 0.204248 0.716776 0.179739 0.701525 0.168301 0.686275 0.165033
0 0.869281 0.156863 0.830065 0.150327 0.797386 0.155229 0.784314 0.178105 0.773420 0.181373 0.755991 0.197712 0.751634 0.261438 0.762527 0.258170 0.766885 0.246732 0.790850 0.233660 0.843137 0.235294 0.882353 0.250000 0.891068 0.223856 0.891068 0.205882 0.877996 0.184641 0.880174 0.168301
0 1.000000 0.137255 0.947712 0.132353 0.936819 0.137255 0.925926 0.155229 0.893246 0.173203 0.888889 0.183007 0.893246 0.251634 0.934641 0.236928 0.956427 0.212418 0.967320 0.209150 1.000000 0.209150
0 1.000000 0.210784 0.969499 0.209150 0.956427 0.212418 0.932462 0.240196 0.915033 0.243464 0.899782 0.253268 0.891068 0.267974 0.893246 0.316993 0.873638 0.357843 0.877996 0.385621 0.882353 0.385621 0.901961 0.366013 0.945534 0.351307 0.954248 0.339869 0.971678 0.328431 1.000000 0.325163
0 0.862745 0.243464 0.825708 0.233660 0.784314 0.235294 0.773420 0.241830 0.762527 0.259804 0.727669 0.281046 0.716776 0.302288 0.725490 0.380719 0.708061 0.415033 0.708061 0.421569 0.718954 0.429739 0.749455 0.421569 0.760349 0.408497 0.786492 0.393791 0.834423 0.390523 0.871460 0.397059 0.873638 0.392157 0.864924 0.382353 0.862745 0.361111 0.886710 0.326797 0.888889 0.302288 0.877996 0.284314 0.877996 0.256536
0 0.503268 0.189542 0.472767 0.191176 0.453159 0.202614 0.446623 0.228758 0.424837 0.240196 0.416122 0.251634 0.416122 0.271242 0.424837 0.300654 0.422658 0.310458 0.435730 0.333333 0.437908 0.351307 0.468410 0.377451 0.477124 0.413399 0.501089 0.405229 0.518519 0.390523 0.531590 0.338235 0.564270 0.310458 0.579521 0.281046 0.579521 0.258170 0.555556 0.232026 0.549020 0.202614 0.535948 0.196078
