0 0.966923 0.488263 0.960769 0.484507 0.940769 0.478873 0.925385 0.478873 0.908462 0.484507 0.897692 0.494836 0.886923 0.514554 0.869231 0.525822 0.860000 0.536150 0.853077 0.552113 0.850769 0.585915 0.845385 0.609390 0.844615 0.628169 0.845385 0.636620 0.853846 0.661972 0.865385 0.681690 0.872308 0.688263 0.877692 0.686385 0.893846 0.673239 0.905385 0.670423 0.924615 0.647887 0.939231 0.640376 0.949231 0.638498 0.973077 0.640376 0.983077 0.644131 0.993846 0.653521 1.000000 0.652582 1.000000 0.556808 0.996923 0.554930 0.992308 0.540845 0.992308 0.531455 0.989231 0.516432 0.983077 0.504225
0 0.985385 0.895775 0.983846 0.884507 0.970769 0.859155 0.966923 0.841315 0.960000 0.829108 0.950769 0.817840 0.929231 0.804695 0.913846 0.800939 0.900769 0.800939 0.884615 0.805634 0.876923 0.810329 0.856154 0.832864 0.844615 0.837559 0.836923 0.844131 0.830000 0.855399 0.822308 0.877934 0.816154 0.912676 0.817692 0.914554 0.825385 0.915493 0.982308 0.914554 0.984615 0.911737
0 0.363846 0.673239 0.346154 0.688263 0.336923 0.705164 0.326923 0.746479 0.313846 0.774648 0.310000 0.792488 0.306154 0.799061 0.303846 0.814085 0.305385 0.836620 0.308462 0.839437 0.332308 0.834742 0.356923 0.837559 0.372308 0.846009 0.380000 0.853521 0.399231 0.883568 0.403077 0.884507 0.406923 0.890141 0.412308 0.892019 0.422308 0.900469 0.430769 0.912676 0.452308 0.913615 0.461538 0.905164 0.463846 0.896714 0.464615 0.861033 0.470000 0.830047 0.476923 0.812207 0.483846 0.786854 0.484615 0.762441 0.481538 0.751174 0.465385 0.728638 0.450769 0.717371 0.436923 0.688263 0.421538 0.674178 0.409231 0.668545 0.395385 0.665728 0.380000 0.666667
0 0.453846 0.522066 0.431538 0.532394 0.423077 0.540845 0.416154 0.552113 0.412308 0.566197 0.406154 0.578404 0.403846 0.591549 0.383846 0.644131 0.381538 0.661033 0.383077 0.663850 0.402308 0.664789 0.420769 0.672300 0.436923 0.687324 0.453077 0.717371 0.466154 0.726761 0.483077 0.748357 0.486154 0.759624 0.490769 0.763380 0.500000 0.754930 0.509231 0.738028 0.520000 0.724883 0.530000 0.717371 0.536923 0.707981 0.550000 0.648826 0.550000 0.626291 0.547692 0.617840 0.547692 0.609390 0.545385 0.600939 0.537692 0.587793 0.524615 0.576526 0.513846 0.550235 0.500000 0.532394 0.477692 0.522066
0 0.440000 0.379343 0.430000 0.390610 0.425385 0.399061 0.420000 0.419718 0.413846 0.434742 0.408462 0.442254 0.406154 0.455399 0.399231 0.470423 0.397692 0.478873 0.391538 0.493897 0.391538 0.544601 0.403846 0.572770 0.409231 0.569014 0.415385 0.551174 0.430769 0.532394 0.447692 0.523005 0.467692 0.519249 0.481538 0.522066 0.498462 0.530516 0.514615 0.548357 0.516923 0.559624 0.523077 0.571831 0.533077 0.577465 0.536154 0.568075 0.539231 0.533333 0.549231 0.482629 0.549231 0.450704 0.540000 0.436620 0.530769 0.430047 0.520769 0.400939 0.514615 0.388732 0.506154 0.379343 0.497692 0.374648 0.479231 0.369014 0.461538 0.369953
0 0.206923 0.621596 0.188462 0.632864 0.180769 0.641315 0.172308 0.657277 0.166154 0.701408 0.163846 0.708920 0.156923 0.720188 0.153846 0.731455 0.150000 0.736150 0.145385 0.751174 0.145385 0.776526 0.148462 0.781221 0.170769 0.780282 0.182308 0.782160 0.197692 0.790610 0.207692 0.800000 0.219231 0.818779 0.228462 0.828169 0.239231 0.832864 0.254615 0.845070 0.264615 0.857277 0.272308 0.876995 0.275385 0.879812 0.280000 0.875117 0.283077 0.862911 0.288462 0.858216 0.300000 0.840376 0.300769 0.815962 0.304615 0.793427 0.320769 0.747418 0.320769 0.737089 0.322308 0.734272 0.320769 0.706103 0.312308 0.687324 0.297692 0.673239 0.287692 0.669484 0.282308 0.662911 0.273077 0.643192 0.264615 0.631925 0.256923 0.625352 0.244615 0.619718 0.230769 0.616901
0 0.309231 0.476995 0.283846 0.484507 0.266923 0.498592 0.258462 0.516432 0.251538 0.547418 0.250769 0.559624 0.243077 0.570892 0.233077 0.598122 0.231538 0.611268 0.236154 0.615962 0.249231 0.619718 0.262308 0.627230 0.272308 0.639437 0.281538 0.658216 0.286154 0.663850 0.302308 0.673239 0.309231 0.679812 0.318462 0.692958 0.324615 0.707042 0.330769 0.708920 0.334615 0.706103 0.343846 0.689202 0.353846 0.677934 0.376154 0.662911 0.384615 0.634742 0.390000 0.622535 0.391538 0.613146 0.398462 0.598122 0.400769 0.575587 0.398462 0.564319 0.392308 0.557746 0.390000 0.549296 0.382308 0.539906 0.373077 0.535211 0.367692 0.528638 0.358462 0.505164 0.349231 0.492019 0.332308 0.480751
0 0.084615 0.907981 0.085385 0.914554 0.253077 0.915493 0.266923 0.912676 0.270000 0.905164 0.270769 0.892019 0.265385 0.864789 0.255385 0.847887 0.241538 0.836620 0.227692 0.830047 0.210000 0.804695 0.196154 0.790610 0.177692 0.782160 0.162308 0.781221 0.148462 0.783099 0.133846 0.790610 0.126154 0.796244 0.112308 0.813146 0.105385 0.831925 0.100000 0.872300 0.089231 0.892019
0 0.063846 0.576526 0.048462 0.581221 0.032308 0.590610 0.023077 0.600000 0.015385 0.612207 0.010769 0.630047 0.007692 0.676995 0.003846 0.685446 0.000000 0.685446 0.000000 0.738967 0.006923 0.746479 0.016923 0.762441 0.041538 0.774648 0.052308 0.784038 0.057692 0.791549 0.069231 0.818779 0.072308 0.834742 0.079231 0.858216 0.083077 0.864789 0.085385 0.876995 0.087692 0.881690 0.091538 0.881690 0.100000 0.854460 0.103077 0.830047 0.110000 0.812207 0.119231 0.800000 0.140769 0.781221 0.143077 0.751174 0.150769 0.728638 0.156154 0.718310 0.156923 0.712676 0.163077 0.701408 0.166923 0.681690 0.166923 0.665728 0.164615 0.657277 0.156923 0.647887 0.154615 0.642254 0.126923 0.625352 0.111538 0.598122 0.100769 0.586854 0.085385 0.578404
0 0.141538 0.444131 0.118462 0.458216 0.110000 0.467606 0.101538 0.486385 0.096923 0.527700 0.087692 0.544601 0.080000 0.563380 0.079231 0.569953 0.084615 0.576526 0.092308 0.578404 0.104615 0.587793 0.114615 0.600000 0.126923 0.622535 0.146923 0.633803 0.153846 0.639437 0.166154 0.656338 0.170769 0.657277 0.173077 0.649765 0.190769 0.629108 0.208462 0.618779 0.216923 0.616901 0.226923 0.608451 0.235385 0.580282 0.244615 0.560563 0.246923 0.542723 0.243846 0.529577 0.233846 0.509859 0.224615 0.501408 0.216923 0.500469 0.212308 0.494836 0.202308 0.471362 0.190769 0.455399 0.182308 0.448826 0.166154 0.443192
0 0.006154 0.393427 0.000000 0.394366 0.000000 0.580282 0.010000 0.586854 0.016154 0.594366 0.022308 0.597183 0.037692 0.584977 0.048462 0.579343 0.069231 0.572770 0.073077 0.569014 0.094615 0.522066 0.100769 0.484507 0.100769 0.472300 0.088462 0.455399 0.077692 0.446948 0.068462 0.443192 0.046154 0.405634 0.029231 0.395305
0 0.226923 0.190610 0.212308 0.194366 0.196154 0.202817 0.188462 0.209390 0.180000 0.222535 0.172308 0.256338 0.165385 0.267606 0.160769 0.282629 0.159231 0.309859 0.155385 0.324883 0.149231 0.330516 0.141538 0.346479 0.137692 0.387793 0.137692 0.438498 0.140769 0.442254 0.173077 0.441315 0.184615 0.446948 0.189231 0.452582 0.192308 0.453521 0.202308 0.466667 0.204615 0.475117 0.213077 0.492019 0.220000 0.498592 0.231538 0.504225 0.247692 0.526761 0.250769 0.526761 0.256154 0.520188 0.261538 0.503286 0.269231 0.492019 0.277692 0.485446 0.293077 0.477934 0.309231 0.475117 0.326154 0.476056 0.333077 0.477934 0.337692 0.482629 0.353846 0.490141 0.356923 0.474178 0.356154 0.433803 0.352308 0.411268 0.350000 0.373709 0.345385 0.352113 0.343846 0.331455 0.335385 0.303286 0.335385 0.297653 0.330000 0.289202 0.326154 0.276056 0.310769 0.257277 0.300000 0.248826 0.294615 0.247887 0.287692 0.240376 0.282308 0.231925 0.270000 0.202817 0.247692 0.192488
0 0.032308 0.143662 0.016923 0.152113 0.000000 0.169953 0.000000 0.392488 0.020769 0.391549 0.043846 0.401878 0.061538 0.426291 0.064615 0.436620 0.070000 0.438498 0.085385 0.451643 0.091538 0.453521 0.095385 0.461972 0.100000 0.466667 0.105385 0.468545 0.108462 0.466667 0.113846 0.457277 0.130769 0.444131 0.133846 0.435681 0.133077 0.415962 0.134615 0.413146 0.135385 0.368075 0.138462 0.356808 0.136923 0.345540 0.139231 0.342723 0.138462 0.338967 0.135385 0.337089 0.138462 0.334272 0.139231 0.329577 0.146923 0.326761 0.146923 0.323005 0.153077 0.319249 0.156154 0.311737 0.156923 0.284507 0.159231 0.271362 0.163077 0.264789 0.162308 0.251643 0.157692 0.243192 0.154615 0.230986 0.148462 0.219718 0.137692 0.207512 0.123846 0.197183 0.112308 0.191549 0.108462 0.191549 0.101538 0.182160 0.090769 0.157746 0.082308 0.149296 0.067692 0.141784 0.058462 0.139906
0 0.515385 0.116432 0.500000 0.111737 0.478462 0.111737 0.461538 0.118310 0.453846 0.123944 0.445385 0.134272 0.433077 0.178404 0.415385 0.200939 0.399231 0.236620 0.391538 0.282629 0.390000 0.353991 0.386154 0.402817 0.386154 0.436620 0.389231 0.472300 0.392308 0.482629 0.404615 0.456338 0.407692 0.439437 0.420000 0.415962 0.423077 0.400000 0.440000 0.378404 0.463077 0.368075 0.483077 0.368075 0.505385 0.376526 0.509231 0.382160 0.513846 0.384977 0.521538 0.398122 0.525385 0.413146 0.531538 0.423474 0.532308 0.428169 0.544615 0.435681 0.548462 0.441315 0.552308 0.437559 0.554615 0.415962 0.563846 0.369014 0.570000 0.356808 0.571538 0.347418 0.577692 0.330516 0.584615 0.320188 0.586923 0.311737 0.588462 0.281690 0.586923 0.236620 0.584615 0.218779 0.580000 0.211268 0.576154 0.199061 0.569231 0.188732 0.556154 0.179343 0.546154 0.169014 0.536154 0.136150 0.529231 0.125822
0 0.306154 0.043192 0.290769 0.048826 0.286154 0.054460 0.283077 0.055399 0.274615 0.067606 0.266923 0.101408 0.252308 0.118310 0.243077 0.133333 0.240000 0.145540 0.231538 0.166197 0.228462 0.185915 0.231538 0.188732 0.252308 0.192488 0.271538 0.201878 0.276923 0.211268 0.282308 0.230047 0.290000 0.240376 0.308462 0.252582 0.324615 0.271362 0.332308 0.284507 0.343077 0.316432 0.343846 0.326761 0.349231 0.348357 0.352308 0.390610 0.359231 0.423474 0.360769 0.496714 0.367692 0.505164 0.369231 0.512676 0.373846 0.513615 0.375385 0.504225 0.382308 0.498592 0.382308 0.484507 0.380769 0.479812 0.381538 0.470423 0.383077 0.468545 0.381538 0.444131 0.383846 0.436620 0.382308 0.411268 0.385385 0.387793 0.386154 0.360563 0.384615 0.329577 0.385385 0.315493 0.388462 0.311737 0.391538 0.257277 0.393846 0.245070 0.406154 0.217840 0.406923 0.211268 0.420769 0.188732 0.420769 0.166197 0.411538 0.135211 0.406923 0.131455 0.405385 0.125822 0.394615 0.116432 0.386923 0.106103 0.375385 0.097653 0.366154 0.067606 0.358462 0.056338 0.350769 0.049765 0.337692 0.043192 0.324615 0.041315
0 0.129231 0.000000 0.103846 0.015962 0.094615 0.031925 0.092308 0.061033 0.090000 0.068545 0.071538 0.094836 0.063846 0.112676 0.060000 0.126761 0.060000 0.135211 0.063077 0.139906 0.074615 0.142723 0.085385 0.149296 0.093077 0.158685 0.101538 0.178404 0.108462 0.186854 0.130000 0.198122 0.144615 0.212207 0.155385 0.229108 0.165385 0.255399 0.169231 0.256338 0.172308 0.248826 0.173077 0.237559 0.182308 0.215962 0.200000 0.198122 0.226154 0.185915 0.226923 0.173709 0.233846 0.155869 0.235385 0.144601 0.246923 0.122066 0.247692 0.111737 0.243077 0.105164 0.241538 0.094836 0.235385 0.087324 0.233077 0.077934 0.222308 0.069484 0.216154 0.060094 0.210000 0.055399 0.201538 0.054460 0.196923 0.048826 0.186923 0.020657 0.177692 0.008451 0.163846 0.000000
0 0.491538 0.000000 0.484615 0.020657 0.471538 0.031925 0.464615 0.041315 0.453846 0.064789 0.446154 0.093897 0.443846 0.115493 0.444615 0.130516 0.448462 0.131455 0.460000 0.119249 0.470769 0.113615 0.490000 0.109859 0.506923 0.111737 0.520769 0.118310 0.530000 0.125822 0.536923 0.136150 0.547692 0.169014 0.569231 0.187793 0.581538 0.207512 0.588462 0.235681 0.589231 0.261972 0.592308 0.273239 0.593077 0.267606 0.596923 0.262911 0.602308 0.234742 0.603846 0.189671 0.607692 0.183099 0.610000 0.195305 0.615385 0.196244 0.619231 0.193427 0.620769 0.186854 0.620000 0.181221 0.622308 0.171831 0.622308 0.122066 0.618462 0.075117 0.615385 0.057277 0.600000 0.039437 0.591538 0.034742 0.582308 0.000000
0 0.633077 0.899531 0.633077 0.912676 0.638462 0.914554 0.800000 0.914554 0.803077 0.912676 0.804615 0.907042 0.807692 0.876995 0.807692 0.856338 0.803846 0.849765 0.802308 0.840376 0.787692 0.821596 0.778462 0.795305 0.769231 0.782160 0.760769 0.774648 0.745385 0.766197 0.732308 0.763380 0.713077 0.763380 0.701538 0.767136 0.690000 0.774648 0.653077 0.821596
0 0.938462 0.642254 0.922308 0.651643 0.902308 0.675117 0.895385 0.676995 0.884615 0.684507 0.876923 0.696714 0.868462 0.732394 0.866923 0.753991 0.860769 0.790610 0.860769 0.813146 0.863077 0.817840 0.866154 0.817840 0.883846 0.804695 0.900769 0.799061 0.915385 0.799061 0.927692 0.801878 0.950769 0.815023 0.968462 0.839437 0.970000 0.849765 0.975385 0.859155 0.980000 0.861972 0.993846 0.860094 1.000000 0.857277 1.000000 0.660094 0.983077 0.646948 0.973846 0.642254 0.963846 0.640376
0 0.774615 0.609390 0.766923 0.612207 0.751538 0.623474 0.740769 0.642254 0.727692 0.651643 0.720769 0.661033 0.712308 0.683568 0.710769 0.713615 0.703077 0.735211 0.700769 0.763380 0.706923 0.765258 0.716923 0.762441 0.733077 0.762441 0.756154 0.769953 0.774615 0.787793 0.780000 0.796244 0.789231 0.818779 0.810769 0.842254 0.810000 0.846009 0.816154 0.852582 0.818462 0.849765 0.826154 0.847887 0.850000 0.827230 0.852308 0.808451 0.859231 0.779343 0.862308 0.741784 0.866923 0.722066 0.866154 0.696714 0.858462 0.680751 0.853846 0.676056 0.842308 0.640376 0.833077 0.626291 0.816923 0.614085 0.804615 0.609390
0 0.611538 0.564319 0.596154 0.572770 0.586154 0.584038 0.576923 0.604695 0.566154 0.622535 0.568462 0.628169 0.564615 0.633803 0.560000 0.635681 0.556923 0.650704 0.548462 0.673239 0.544615 0.707981 0.549231 0.710798 0.575385 0.712676 0.591538 0.721127 0.608462 0.739906 0.610769 0.747418 0.620000 0.762441 0.654615 0.797183 0.657692 0.793427 0.662308 0.794366 0.665385 0.790610 0.670000 0.789671 0.678462 0.781221 0.694615 0.748357 0.699231 0.719249 0.696923 0.717371 0.690769 0.717371 0.684615 0.705164 0.684615 0.694836 0.690000 0.680751 0.697692 0.680751 0.701538 0.676056 0.703846 0.670423 0.704615 0.652582 0.701538 0.641315 0.688462 0.622535 0.679231 0.592488 0.670769 0.579343 0.655385 0.568075 0.643846 0.563380 0.619231 0.562441
0 0.653846 0.416901 0.644615 0.411268 0.629231 0.406573 0.610769 0.406573 0.595385 0.412207 0.579231 0.427230 0.569231 0.452582 0.556923 0.471362 0.551538 0.493897 0.550769 0.507042 0.549231 0.508920 0.546923 0.525822 0.543846 0.579343 0.544615 0.587793 0.555385 0.613146 0.556923 0.623474 0.560769 0.621596 0.564615 0.611268 0.568462 0.610329 0.576154 0.600939 0.578462 0.591549 0.587692 0.578404 0.595385 0.570892 0.609231 0.562441 0.620000 0.560563 0.646154 0.561502 0.663077 0.569953 0.676923 0.584977 0.682308 0.584038 0.686154 0.563380 0.690000 0.502347 0.687692 0.499531 0.687692 0.484507 0.686154 0.477934 0.683077 0.476995 0.677692 0.467606 0.673077 0.454460 0.670000 0.437559 0.663077 0.426291
0 0.806923 0.461972 0.792308 0.454460 0.780000 0.451643 0.766154 0.451643 0.750000 0.456338 0.735385 0.467606 0.727692 0.480751 0.725385 0.488263 0.703846 0.509859 0.696154 0.533333 0.690769 0.584038 0.689231 0.586854 0.689231 0.608451 0.692308 0.618779 0.702308 0.630986 0.706154 0.639437 0.716154 0.645070 0.720000 0.649765 0.733077 0.645070 0.741538 0.636620 0.742308 0.632864 0.753077 0.619718 0.768462 0.609390 0.785385 0.605634 0.796923 0.605634 0.810769 0.609390 0.826154 0.617840 0.832308 0.624413 0.838462 0.623474 0.840769 0.599061 0.838462 0.571831 0.841538 0.562441 0.840769 0.540845 0.838462 0.530516 0.829231 0.509859 0.827692 0.494836 0.823846 0.483568 0.816154 0.470423
0 0.765385 0.320188 0.750769 0.331455 0.743846 0.342723 0.738462 0.357746 0.729231 0.365258 0.720000 0.378404 0.715385 0.403756 0.713077 0.407512 0.705385 0.453521 0.703077 0.498592 0.703846 0.500469 0.709231 0.500469 0.716923 0.495775 0.726923 0.483568 0.733846 0.468545 0.744615 0.458216 0.752308 0.453521 0.779231 0.449765 0.800769 0.456338 0.818462 0.471362 0.827692 0.487324 0.830000 0.510798 0.833077 0.514554 0.839231 0.515493 0.842308 0.509859 0.844615 0.486385 0.846923 0.482629 0.850769 0.462911 0.854615 0.420657 0.854615 0.400939 0.851538 0.391549 0.843846 0.381221 0.836923 0.349296 0.828462 0.338967 0.826154 0.332394 0.810000 0.319249 0.793846 0.315493 0.781538 0.315493
0 0.610000 0.283568 0.596154 0.298592 0.593077 0.310798 0.584615 0.330516 0.582308 0.339906 0.583846 0.346479 0.580000 0.345540 0.576923 0.348357 0.571538 0.361502 0.570000 0.371831 0.563077 0.393427 0.560000 0.449765 0.565385 0.450704 0.567692 0.448826 0.579231 0.424413 0.583846 0.421596 0.588462 0.415023 0.602308 0.407512 0.623846 0.404695 0.636154 0.406573 0.646154 0.410329 0.663846 0.425352 0.670769 0.435681 0.673077 0.449765 0.680769 0.468545 0.684615 0.469484 0.692308 0.481690 0.694615 0.481690 0.700000 0.466667 0.703846 0.432864 0.710769 0.404695 0.711538 0.365258 0.709231 0.353991 0.706154 0.351174 0.703846 0.344601 0.696154 0.336150 0.686923 0.303286 0.676154 0.289202 0.668462 0.282629 0.651538 0.276056 0.633077 0.275117 0.618462 0.278873
0 0.783846 0.201878 0.773077 0.213146 0.765385 0.230986 0.750769 0.253521 0.745385 0.267606 0.735385 0.308920 0.733077 0.349296 0.734615 0.352113 0.740000 0.353052 0.750769 0.331455 0.768462 0.318310 0.781538 0.314554 0.810769 0.317371 0.826923 0.331455 0.842308 0.357746 0.843077 0.370892 0.846154 0.383099 0.851538 0.389671 0.857692 0.390610 0.866923 0.373709 0.867692 0.355869 0.872308 0.338028 0.871538 0.333333 0.873077 0.327700 0.871538 0.325822 0.873077 0.324883 0.876154 0.295775 0.874615 0.274178 0.867692 0.263850 0.859231 0.223474 0.851538 0.211268 0.843846 0.203756 0.828462 0.196244 0.803846 0.194366
0 0.649231 0.159624 0.640769 0.165258 0.638462 0.169953 0.632308 0.174648 0.625385 0.189671 0.618462 0.215962 0.603077 0.253521 0.596923 0.282629 0.597692 0.291080 0.600000 0.291080 0.610769 0.281690 0.632308 0.274178 0.652308 0.275117 0.668462 0.281690 0.686154 0.300469 0.696154 0.331455 0.713077 0.356808 0.717692 0.356808 0.723077 0.341784 0.727692 0.315493 0.733077 0.296714 0.738462 0.258216 0.736154 0.239437 0.731538 0.228169 0.724615 0.218779 0.718462 0.186854 0.710000 0.171831 0.701538 0.164319 0.688462 0.157746 0.663077 0.155869
0 0.681538 0.046948 0.667692 0.056338 0.658462 0.069484 0.655385 0.083568 0.640000 0.118310 0.636923 0.134272 0.633077 0.143662 0.630000 0.161502 0.630000 0.171831 0.631538 0.172770 0.650769 0.157746 0.663077 0.154930 0.689231 0.156808 0.701538 0.163380 0.717692 0.182160 0.726154 0.220657 0.736923 0.233803 0.743077 0.248826 0.745385 0.248826 0.748462 0.246009 0.756154 0.213146 0.762308 0.147418 0.760769 0.125822 0.756923 0.115493 0.750000 0.105164 0.745385 0.078873 0.738462 0.062911 0.730000 0.055399 0.716923 0.047887 0.700000 0.045070
0 0.842308 0.078873 0.836154 0.083568 0.821538 0.087324 0.813077 0.093897 0.806923 0.103286 0.796154 0.129577 0.790000 0.135211 0.782308 0.149296 0.774615 0.180282 0.771538 0.208451 0.775385 0.208451 0.793077 0.196244 0.813077 0.192488 0.830769 0.196244 0.844615 0.203756 0.858462 0.220657 0.868462 0.258216 0.873077 0.264789 0.876923 0.275117 0.880000 0.279812 0.882308 0.279812 0.896923 0.261972 0.899231 0.255399 0.907692 0.185915 0.906923 0.165258 0.905385 0.158685 0.898462 0.150235 0.893846 0.117371 0.888462 0.105164 0.880000 0.094836 0.873077 0.090141 0.853846 0.083568 0.847692 0.078873
0 0.531538 0.718310 0.513846 0.735211 0.506923 0.749296 0.500000 0.758685 0.493077 0.775587 0.492308 0.783099 0.485385 0.803756 0.477692 0.820657 0.470000 0.849765 0.470000 0.875117 0.473846 0.889202 0.480769 0.893897 0.510000 0.886385 0.517692 0.889202 0.536154 0.891080 0.563077 0.913615 0.620000 0.912676 0.624615 0.905164 0.626154 0.893897 0.639231 0.849765 0.643077 0.827230 0.640000 0.790610 0.636154 0.786854 0.630769 0.775587 0.617692 0.765258 0.604615 0.737089 0.586923 0.720188 0.563846 0.712676 0.547692 0.712676
0 0.983077 0.358685 0.967692 0.344601 0.950000 0.338028 0.923846 0.338028 0.907692 0.346479 0.898462 0.357746 0.889231 0.376526 0.877692 0.384977 0.867692 0.396244 0.860769 0.415023 0.856923 0.450704 0.851538 0.476995 0.847692 0.510798 0.847692 0.526761 0.850000 0.540845 0.856923 0.538967 0.859231 0.533333 0.869231 0.523944 0.883846 0.516432 0.890000 0.508920 0.893846 0.497653 0.902308 0.488263 0.913077 0.481690 0.928462 0.476995 0.950000 0.478873 0.964615 0.485446 0.981538 0.499531 0.988462 0.514554 0.994615 0.514554 0.996923 0.505164 1.000000 0.502347 1.000000 0.422535 0.996154 0.418779 0.996154 0.408451 0.993846 0.400939 0.991538 0.377465
0 0.935385 0.218779 0.923077 0.229108 0.906923 0.261033 0.896923 0.266667 0.890769 0.276056 0.887692 0.286385 0.885385 0.311737 0.886923 0.319249 0.886923 0.342723 0.889231 0.350235 0.886154 0.362441 0.892308 0.366197 0.902308 0.349296 0.916154 0.339906 0.933846 0.335211 0.950000 0.336150 0.975385 0.346479 0.977692 0.352113 0.982308 0.354930 0.990000 0.366197 0.994615 0.377465 0.994615 0.388732 1.000000 0.386854 1.000000 0.382160 0.996923 0.381221 1.000000 0.380282 1.000000 0.320188 0.998462 0.319249 1.000000 0.317371 1.000000 0.231925 0.982308 0.218779 0.968462 0.215023 0.963846 0.211268 0.946923 0.214085
