0 0.587179 0.396429 0.569231 0.410714 0.556410 0.435714 0.553846 0.471429 0.561538 0.532143 0.535897 0.603571 0.538462 0.660714 0.582051 0.896429 0.594872 0.910714 0.656410 0.925000 0.725641 0.925000 0.741026 0.910714 0.741026 0.864286 0.756410 0.789286 0.756410 0.735714 0.733333 0.539286 0.717949 0.510714 0.682051 0.482143 0.671795 0.425000 0.661538 0.403571 0.641026 0.389286
0 0.407692 0.389286 0.384615 0.414286 0.376923 0.439286 0.384615 0.510714 0.369231 0.557143 0.364103 0.603571 0.376923 0.678571 0.423077 0.860714 0.433333 0.875000 0.576923 0.903571 0.576923 0.875000 0.533333 0.642857 0.533333 0.592857 0.551282 0.528571 0.551282 0.510714 0.530769 0.485714 0.502564 0.467857 0.492308 0.417857 0.474359 0.385714 0.430769 0.378571
0 0.248718 0.367857 0.225641 0.389286 0.212821 0.421429 0.217949 0.464286 0.230769 0.500000 0.212821 0.542857 0.210256 0.582143 0.220513 0.632143 0.282051 0.828571 0.297436 0.842857 0.420513 0.867857 0.361538 0.617857 0.361538 0.582143 0.374359 0.525000 0.374359 0.475000 0.335897 0.442857 0.328205 0.403571 0.310256 0.367857 0.300000 0.360714
0 0.107692 0.332143 0.082051 0.353571 0.069231 0.385714 0.069231 0.407143 0.084615 0.453571 0.069231 0.525000 0.076923 0.578571 0.156410 0.796429 0.166667 0.810714 0.276923 0.835714 0.279487 0.828571 0.207692 0.589286 0.210256 0.535714 0.228205 0.500000 0.212821 0.453571 0.210256 0.425000 0.187179 0.403571 0.184615 0.382143 0.161538 0.332143 0.135897 0.325000
0 0.223077 0.182143 0.179487 0.196429 0.158974 0.221429 0.153846 0.242857 0.169231 0.303571 0.164103 0.335714 0.184615 0.375000 0.187179 0.396429 0.207692 0.414286 0.253846 0.364286 0.271795 0.357143 0.300000 0.360714 0.305128 0.353571 0.289744 0.275000 0.266667 0.257143 0.251282 0.200000 0.238462 0.185714
0 0.279487 0.053571 0.253846 0.064286 0.235897 0.085714 0.233333 0.125000 0.246154 0.167857 0.243590 0.189286 0.269231 0.257143 0.292308 0.264286 0.315385 0.225000 0.341026 0.210714 0.374359 0.207143 0.374359 0.192857 0.358974 0.146429 0.335897 0.132143 0.330769 0.089286 0.320513 0.064286 0.300000 0.053571
0 0.407692 0.078571 0.379487 0.096429 0.366667 0.117857 0.366667 0.171429 0.382051 0.214286 0.394872 0.232143 0.407692 0.282143 0.446154 0.310714 0.451282 0.264286 0.469231 0.239286 0.507692 0.221429 0.510256 0.196429 0.500000 0.178571 0.471795 0.157143 0.466667 0.117857 0.453846 0.089286 0.438462 0.078571
0 0.535897 0.096429 0.512821 0.132143 0.520513 0.196429 0.515385 0.221429 0.535897 0.228571 0.551282 0.246429 0.564103 0.310714 0.610256 0.353571 0.623077 0.350000 0.620513 0.267857 0.628205 0.250000 0.664103 0.214286 0.653846 0.192857 0.623077 0.164286 0.615385 0.110714 0.602564 0.092857 0.564103 0.085714
0 0.712821 0.082143 0.694872 0.092857 0.679487 0.117857 0.682051 0.192857 0.671795 0.207143 0.671795 0.217857 0.702564 0.221429 0.717949 0.232143 0.733333 0.260714 0.741026 0.317857 0.779487 0.357143 0.789744 0.403571 0.797436 0.542857 0.802564 0.567857 0.807692 0.567857 0.843590 0.428571 0.825641 0.217857 0.817949 0.196429 0.789744 0.164286 0.787179 0.121429 0.774359 0.089286 0.753846 0.078571
0 0.664103 0.221429 0.633333 0.242857 0.623077 0.264286 0.620513 0.307143 0.628205 0.346429 0.615385 0.375000 0.661538 0.403571 0.671795 0.421429 0.687179 0.485714 0.710256 0.500000 0.730769 0.528571 0.741026 0.567857 0.753846 0.707143 0.764103 0.750000 0.800000 0.592857 0.782051 0.371429 0.761538 0.335714 0.738462 0.317857 0.733333 0.260714 0.717949 0.232143 0.700000 0.221429
0 0.474359 0.235714 0.453846 0.260714 0.448718 0.285714 0.464103 0.375000 0.487179 0.403571 0.505128 0.464286 0.553846 0.503571 0.551282 0.453571 0.556410 0.432143 0.571795 0.407143 0.605128 0.385714 0.610256 0.360714 0.600000 0.342857 0.564103 0.314286 0.553846 0.253571 0.541026 0.232143 0.497436 0.225000
0 0.343590 0.210714 0.305128 0.235714 0.297436 0.246429 0.292308 0.278571 0.297436 0.314286 0.310256 0.342857 0.310256 0.364286 0.335897 0.435714 0.374359 0.460714 0.384615 0.414286 0.417949 0.382143 0.453846 0.375000 0.456410 0.346429 0.435897 0.307143 0.407692 0.289286 0.400000 0.250000 0.384615 0.217857
