2 0.173333 0.150000 0.156667 0.164286 0.140000 0.195238 0.135000 0.219048 0.133333 0.259524 0.143333 0.297619 0.195000 0.359524 0.223333 0.373810 0.253333 0.371429 0.258333 0.364286 0.253333 0.357143 0.263333 0.340476 0.268333 0.340476 0.278333 0.309524 0.280000 0.261905 0.276667 0.226190 0.250000 0.169048 0.225000 0.150000 0.205000 0.142857
2 0.151667 0.000000 0.151667 0.023810 0.161667 0.061905 0.188333 0.107143 0.201667 0.121429 0.216667 0.130952 0.256667 0.133333 0.275000 0.119048 0.285000 0.102381 0.290000 0.080952 0.288333 0.000000
2 0.146667 0.304762 0.131667 0.297619 0.103333 0.297619 0.071667 0.316667 0.045000 0.352381 0.031667 0.385714 0.028333 0.404762 0.030000 0.457143 0.040000 0.483333 0.061667 0.497619 0.123333 0.504762 0.143333 0.495238 0.158333 0.473810 0.175000 0.435714 0.176667 0.392857 0.183333 0.395238 0.181667 0.378571 0.185000 0.371429 0.171667 0.340476
2 0.136667 0.659524 0.110000 0.671429 0.095000 0.688095 0.080000 0.726190 0.080000 0.771429 0.093333 0.809524 0.106667 0.828571 0.125000 0.842857 0.161667 0.847619 0.181667 0.833333 0.203333 0.804762 0.213333 0.778571 0.216667 0.728571 0.210000 0.704762 0.186667 0.671429 0.163333 0.659524
2 0.288333 0.433333 0.273333 0.414286 0.250000 0.404762 0.236667 0.404762 0.213333 0.414286 0.206667 0.423810 0.200000 0.423810 0.183333 0.438095 0.165000 0.461905 0.150000 0.497619 0.148333 0.554762 0.156667 0.578571 0.171667 0.595238 0.210000 0.609524 0.241667 0.609524 0.271667 0.588095 0.286667 0.554762 0.300000 0.473810
2 0.290000 0.245238 0.283333 0.266667 0.283333 0.302381 0.288333 0.321429 0.290000 0.352381 0.296667 0.376190 0.323333 0.411905 0.341667 0.421429 0.393333 0.421429 0.420000 0.404762 0.435000 0.380952 0.438333 0.369048 0.438333 0.338095 0.431667 0.304762 0.413333 0.259524 0.388333 0.228571 0.363333 0.214286 0.335000 0.214286 0.311667 0.221429
2 0.328333 0.433333 0.313333 0.447619 0.301667 0.492857 0.301667 0.564286 0.310000 0.595238 0.328333 0.623810 0.358333 0.654762 0.390000 0.664286 0.413333 0.652381 0.430000 0.626190 0.440000 0.590476 0.436667 0.526190 0.423333 0.485714 0.378333 0.428571 0.345000 0.426190
2 0.321667 0.000000 0.305000 0.021429 0.298333 0.035714 0.295000 0.057143 0.296667 0.128571 0.305000 0.157143 0.325000 0.185714 0.375000 0.214286 0.411667 0.216667 0.428333 0.209524 0.433333 0.202381 0.431667 0.197619 0.438333 0.176190 0.440000 0.123810 0.436667 0.102381 0.423333 0.073810 0.421667 0.054762 0.403333 0.023810 0.386667 0.011905 0.366667 0.007143 0.358333 0.000000
2 0.445000 0.021429 0.438333 0.054762 0.441667 0.104762 0.460000 0.154762 0.478333 0.178571 0.503333 0.190476 0.550000 0.188095 0.566667 0.183333 0.585000 0.164286 0.596667 0.128571 0.595000 0.090476 0.581667 0.050000 0.558333 0.016667 0.540000 0.000000 0.468333 0.000000 0.455000 0.007143
2 0.456667 0.242857 0.446667 0.276190 0.445000 0.316667 0.453333 0.371429 0.466667 0.402381 0.485000 0.430952 0.506667 0.452381 0.538333 0.457143 0.575000 0.447619 0.583333 0.404762 0.581667 0.364286 0.586667 0.326190 0.581667 0.297619 0.570000 0.271429 0.546667 0.245238 0.508333 0.223810 0.476667 0.228571
2 0.580000 0.173810 0.571667 0.185714 0.565000 0.207143 0.565000 0.245238 0.570000 0.269048 0.581667 0.295238 0.603333 0.321429 0.638333 0.333333 0.671667 0.333333 0.711667 0.309524 0.726667 0.288095 0.733333 0.264286 0.731667 0.223810 0.703333 0.164286 0.688333 0.145238 0.661667 0.133333 0.640000 0.133333 0.626667 0.138095
2 0.600000 0.030952 0.610000 0.042857 0.646667 0.061905 0.686667 0.095238 0.750000 0.095238 0.763333 0.088095 0.781667 0.064286 0.793333 0.030952 0.795000 0.000000 0.615000 0.000000 0.603333 0.007143
2 0.858333 0.047619 0.843333 0.038095 0.823333 0.040476 0.791667 0.061905 0.765000 0.090476 0.728333 0.119048 0.716667 0.152381 0.715000 0.171429 0.720000 0.188095 0.750000 0.228571 0.768333 0.230952 0.786667 0.242857 0.815000 0.242857 0.843333 0.221429 0.860000 0.195238 0.870000 0.152381 0.870000 0.076190
2 0.875000 0.250000 0.846667 0.238095 0.821667 0.242857 0.791667 0.276190 0.765000 0.321429 0.758333 0.352381 0.758333 0.402381 0.776667 0.440476 0.790000 0.447619 0.843333 0.454762 0.866667 0.442857 0.890000 0.411905 0.903333 0.373810 0.905000 0.333333 0.888333 0.269048
2 0.690000 0.347619 0.665000 0.345238 0.633333 0.364286 0.606667 0.397619 0.586667 0.445238 0.585000 0.488095 0.591667 0.516667 0.603333 0.538095 0.630000 0.561905 0.665000 0.569048 0.688333 0.554762 0.710000 0.535714 0.731667 0.492857 0.735000 0.454762 0.725000 0.397619 0.718333 0.376190 0.706667 0.359524
2 0.463333 0.471429 0.446667 0.504762 0.443333 0.547619 0.456667 0.609524 0.471667 0.640476 0.495000 0.659524 0.533333 0.671429 0.560000 0.666667 0.586667 0.640476 0.595000 0.616667 0.596667 0.578571 0.586667 0.552381 0.586667 0.542857 0.561667 0.490476 0.533333 0.466667 0.511667 0.459524 0.478333 0.461905
2 0.350000 0.664286 0.325000 0.650000 0.291667 0.647619 0.275000 0.654762 0.235000 0.695238 0.226667 0.709524 0.218333 0.742857 0.218333 0.792857 0.230000 0.830952 0.246667 0.847619 0.270000 0.857143 0.300000 0.857143 0.328333 0.838095 0.341667 0.816667 0.365000 0.740476 0.363333 0.704762
2 0.421667 0.659524 0.401667 0.673810 0.390000 0.690476 0.376667 0.728571 0.376667 0.761905 0.381667 0.780952 0.415000 0.835714 0.438333 0.852381 0.455000 0.857143 0.473333 0.854762 0.500000 0.835714 0.540000 0.790476 0.548333 0.747619 0.538333 0.716667 0.520000 0.683333 0.506667 0.669048 0.475000 0.654762 0.453333 0.652381
2 0.580000 0.654762 0.565000 0.690476 0.565000 0.740476 0.578333 0.773810 0.606667 0.800000 0.630000 0.809524 0.676667 0.807143 0.710000 0.780952 0.726667 0.747619 0.731667 0.721429 0.731667 0.680952 0.726667 0.657143 0.710000 0.635714 0.665000 0.614286 0.633333 0.614286 0.593333 0.640476
2 0.843333 0.476190 0.801667 0.454762 0.780000 0.454762 0.758333 0.466667 0.735000 0.490476 0.700000 0.557143 0.700000 0.592857 0.711667 0.628571 0.720000 0.640476 0.741667 0.652381 0.778333 0.657143 0.803333 0.654762 0.823333 0.640476 0.841667 0.611905 0.863333 0.552381 0.860000 0.502381
2 0.950000 0.002381 0.923333 0.004762 0.908333 0.016667 0.891667 0.038095 0.875000 0.083333 0.871667 0.176190 0.888333 0.247619 0.895000 0.257143 0.910000 0.254762 0.930000 0.264286 0.946667 0.257143 0.991667 0.197619 1.000000 0.176190 1.000000 0.076190 0.978333 0.047619 0.968333 0.021429
2 0.938333 0.280952 0.928333 0.309524 0.923333 0.314286 0.908333 0.369048 0.908333 0.440476 0.916667 0.476190 0.938333 0.514286 0.950000 0.521429 0.975000 0.521429 1.000000 0.504762 1.000000 0.297619 0.981667 0.280952 0.968333 0.276190
2 0.903333 0.535714 0.883333 0.566667 0.875000 0.595238 0.875000 0.638095 0.888333 0.671429 0.910000 0.700000 0.935000 0.719048 0.953333 0.726190 0.981667 0.726190 1.000000 0.719048 1.000000 0.542857 0.950000 0.523810 0.913333 0.528571
2 0.861667 0.657143 0.840000 0.647619 0.821667 0.647619 0.798333 0.661905 0.775000 0.695238 0.765000 0.726190 0.758333 0.776190 0.760000 0.840476 0.773333 0.864286 0.801667 0.876190 0.820000 0.876190 0.850000 0.866667 0.875000 0.847619 0.890000 0.821429 0.898333 0.792857 0.898333 0.750000 0.881667 0.685714
2 0.056667 0.721429 0.040000 0.716667 0.000000 0.721429 0.000000 0.919048 0.021667 0.919048 0.025000 0.914286 0.036667 0.914286 0.046667 0.904762 0.068333 0.871429 0.076667 0.838095 0.083333 0.826190 0.083333 0.797619 0.075000 0.740476 0.070000 0.730952
2 0.000000 0.011905 0.000000 0.092857 0.023333 0.135714 0.048333 0.161905 0.086667 0.171429 0.091667 0.178571 0.095000 0.164286 0.113333 0.161905 0.120000 0.150000 0.128333 0.147619 0.135000 0.133333 0.148333 0.126190 0.160000 0.107143 0.163333 0.071429 0.148333 0.019048 0.136667 0.000000 0.010000 0.000000
2 0.000000 0.102381 0.000000 0.292857 0.045000 0.288095 0.058333 0.297619 0.070000 0.295238 0.088333 0.280952 0.096667 0.264286 0.100000 0.245238 0.086667 0.221429 0.086667 0.214286 0.053333 0.169048 0.035000 0.154762 0.013333 0.116667
2 0.133333 0.559524 0.121667 0.545238 0.101667 0.538095 0.058333 0.502381 0.040000 0.500000 0.013333 0.511905 0.000000 0.511905 0.000000 0.707143 0.023333 0.704762 0.053333 0.688095 0.080000 0.657143 0.131667 0.576190
2 0.030000 0.940476 0.030000 0.952381 0.183333 0.952381 0.185000 0.947619 0.175000 0.902381 0.150000 0.871429 0.125000 0.866667 0.095000 0.866667 0.071667 0.876190 0.038333 0.916667
2 0.343333 0.861905 0.340000 0.890476 0.348333 0.933333 0.356667 0.952381 0.483333 0.950000 0.483333 0.892857 0.466667 0.859524 0.436667 0.852381 0.401667 0.823810 0.391667 0.821429 0.360000 0.833333
2 0.495000 0.942857 0.496667 0.952381 0.623333 0.950000 0.616667 0.885714 0.600000 0.857143 0.571667 0.838095 0.546667 0.840476 0.526667 0.857143 0.510000 0.883333
2 0.625000 0.885714 0.625000 0.921429 0.635000 0.952381 0.765000 0.950000 0.765000 0.919048 0.756667 0.890476 0.716667 0.835714 0.693333 0.816667 0.671667 0.816667 0.656667 0.826190 0.633333 0.859524
2 0.903333 0.802381 0.878333 0.852381 0.880000 0.883333 0.898333 0.942857 0.905000 0.952381 1.000000 0.952381 1.000000 0.816667 0.958333 0.792857 0.923333 0.792857
