5 0.827720 0.171610 0.823834 0.167373 0.796632 0.165254 0.687824 0.164548 0.677461 0.165960 0.625648 0.165254 0.615285 0.166667 0.545337 0.167373 0.288860 0.165960 0.277202 0.167373 0.253886 0.174435 0.181347 0.180085 0.177461 0.185734 0.177461 0.205508 0.181347 0.212571 0.187824 0.216102 0.217617 0.216808 0.268135 0.223164 0.279793 0.227401 0.498705 0.225282 0.501295 0.226695 0.519430 0.225282 0.569948 0.226695 0.630829 0.224576 0.759067 0.225282 0.816062 0.223870 0.823834 0.222458 0.829016 0.217514
5 0.832902 0.233051 0.827720 0.227401 0.805699 0.226695 0.757772 0.230932 0.655440 0.234463 0.633420 0.233757 0.569948 0.237288 0.519430 0.237994 0.386010 0.235169 0.290155 0.235169 0.265544 0.240819 0.233161 0.242232 0.216321 0.245056 0.189119 0.245763 0.183938 0.250000 0.182642 0.264831 0.185233 0.276836 0.189119 0.280367 0.222798 0.282486 0.253886 0.288136 0.269430 0.288842 0.283679 0.293079 0.358808 0.293079 0.484456 0.289548 0.591969 0.290960 0.655440 0.289548 0.699482 0.292373 0.742228 0.291667 0.756477 0.293079 0.764249 0.291667 0.782383 0.293785 0.818653 0.293079 0.827720 0.290254 0.831606 0.284605 0.834197 0.262006
5 0.830311 0.309322 0.827720 0.300141 0.822539 0.298023 0.718912 0.297316 0.607513 0.300141 0.586788 0.299435 0.576425 0.300847 0.282383 0.300847 0.262953 0.306497 0.233161 0.307910 0.213731 0.310734 0.186528 0.311441 0.182642 0.313559 0.180052 0.322740 0.181347 0.341808 0.183938 0.345339 0.191710 0.348164 0.208549 0.348164 0.266839 0.355226 0.283679 0.360876 0.294041 0.361582 0.487047 0.358051 0.529793 0.361582 0.593264 0.361582 0.743523 0.355226 0.762953 0.352401 0.822539 0.353814 0.826425 0.352401 0.829016 0.347458
5 0.829016 0.364407 0.827720 0.359463 0.822539 0.356638 0.799223 0.354520 0.773316 0.354520 0.724093 0.358757 0.575130 0.365819 0.437824 0.366525 0.411917 0.367938 0.297927 0.367232 0.281088 0.368644 0.270725 0.371469 0.243523 0.372175 0.216321 0.375706 0.187824 0.377119 0.183938 0.384181 0.183938 0.403955 0.187824 0.412429 0.191710 0.413842 0.269430 0.420904 0.287565 0.426554 0.496114 0.425141 0.500000 0.426554 0.812176 0.429379 0.822539 0.428672 0.827720 0.425141
5 0.827720 0.435028 0.823834 0.431497 0.818653 0.430791 0.615285 0.434322 0.510363 0.432910 0.281088 0.434322 0.264249 0.439972 0.234456 0.440678 0.215026 0.443503 0.186528 0.444915 0.180052 0.454096 0.181347 0.474576 0.189119 0.481638 0.218912 0.482345 0.231865 0.485169 0.268135 0.487288 0.282383 0.492232 0.383420 0.492232 0.484456 0.490113 0.590674 0.490819 0.610104 0.489407 0.808290 0.490113 0.827720 0.486582
5 0.829016 0.505650 0.823834 0.498588 0.764249 0.501412 0.743523 0.500000 0.529793 0.502825 0.500000 0.501412 0.287565 0.500706 0.278497 0.501412 0.268135 0.504944 0.237047 0.505650 0.208549 0.509181 0.185233 0.509181 0.178756 0.516243 0.180052 0.540254 0.183938 0.545904 0.189119 0.547316 0.205959 0.547316 0.234456 0.551554 0.266839 0.553672 0.278497 0.557910 0.296632 0.559322 0.436528 0.558616 0.516839 0.556497 0.560881 0.557203 0.633420 0.555085 0.817358 0.555085 0.827720 0.549435
5 0.827720 0.562147 0.821244 0.558616 0.790155 0.556497 0.759067 0.557203 0.755181 0.558616 0.716321 0.560734 0.528497 0.565678 0.297927 0.565678 0.282383 0.567090 0.270725 0.572034 0.234456 0.572740 0.211140 0.576271 0.186528 0.576977 0.181347 0.586158 0.182642 0.605932 0.186528 0.611582 0.190415 0.612994 0.207254 0.612994 0.233161 0.617232 0.268135 0.620056 0.281088 0.625000 0.294041 0.626412 0.436528 0.625706 0.462435 0.624294 0.550518 0.626412 0.623057 0.626412 0.630829 0.625000 0.733161 0.625706 0.801813 0.622881 0.822539 0.620763 0.827720 0.618644
5 0.834197 0.093927 0.829016 0.086864 0.825130 0.085452 0.782383 0.084746 0.569948 0.093927 0.300518 0.098164 0.282383 0.100989 0.269430 0.106638 0.259067 0.105932 0.222798 0.110169 0.189119 0.111582 0.185233 0.117232 0.183938 0.139124 0.189119 0.146893 0.216321 0.148305 0.253886 0.153249 0.291451 0.161017 0.452073 0.161017 0.476684 0.159605 0.501295 0.161017 0.665803 0.160311 0.672280 0.161723 0.725389 0.161723 0.765544 0.164548 0.819948 0.165254 0.827720 0.163136 0.834197 0.158898
5 0.830311 0.629944 0.826425 0.623588 0.810881 0.623588 0.759067 0.627119 0.522021 0.634181 0.379534 0.634887 0.290155 0.633475 0.277202 0.634887 0.268135 0.637712 0.256477 0.637712 0.217617 0.642655 0.187824 0.643362 0.181347 0.649718 0.181347 0.671610 0.185233 0.678672 0.190415 0.680791 0.213731 0.681497 0.229275 0.684322 0.269430 0.687853 0.283679 0.692797 0.520725 0.692090 0.540155 0.693503 0.607513 0.693503 0.661917 0.692090 0.696891 0.693503 0.740933 0.692797 0.753886 0.694209 0.810881 0.692090 0.826425 0.689266 0.829016 0.684322
5 0.831606 0.696328 0.826425 0.692090 0.814767 0.692090 0.778497 0.695621 0.724093 0.697034 0.641192 0.697034 0.559585 0.699153 0.282383 0.699859 0.269430 0.704802 0.259067 0.704096 0.227979 0.706921 0.215026 0.709746 0.186528 0.711158 0.181347 0.718220 0.181347 0.735876 0.183938 0.742938 0.189119 0.746469 0.220207 0.748588 0.239637 0.752119 0.268135 0.752825 0.278497 0.757768 0.294041 0.759887 0.433938 0.758475 0.541451 0.759887 0.547927 0.761299 0.740933 0.763418 0.751295 0.765537 0.804404 0.764831 0.823834 0.760593 0.827720 0.758475 0.831606 0.751412
5 0.187824 0.783898 0.187824 0.807203 0.193005 0.812853 0.220207 0.814266 0.234456 0.817090 0.273316 0.820621 0.284974 0.824153 0.300518 0.825565 0.544041 0.824859 0.743523 0.829096 0.750000 0.831215 0.812176 0.831215 0.826425 0.826977 0.834197 0.820621 0.834197 0.773305 0.831606 0.769068 0.826425 0.766949 0.699482 0.771186 0.642487 0.770480 0.638601 0.771893 0.520725 0.772599 0.297927 0.766243 0.288860 0.766949 0.273316 0.771186 0.250000 0.771893 0.215026 0.777542 0.198187 0.778249 0.190415 0.780367
5 0.182642 0.852401 0.182642 0.871469 0.185233 0.877825 0.196891 0.880650 0.209845 0.879944 0.255181 0.885593 0.266839 0.884887 0.282383 0.889831 0.435233 0.890537 0.474093 0.891949 0.523316 0.890537 0.542746 0.891949 0.681347 0.891243 0.731865 0.892655 0.775907 0.891243 0.800518 0.893362 0.827720 0.893362 0.832902 0.890537 0.834197 0.867938 0.831606 0.865113 0.834197 0.860169 0.831606 0.857345 0.830311 0.843927 0.823834 0.840395 0.806995 0.838277 0.801813 0.838983 0.796632 0.836864 0.783679 0.835452 0.779793 0.837571 0.772021 0.838277 0.755181 0.836158 0.739637 0.836864 0.722798 0.835452 0.711140 0.836864 0.687824 0.835452 0.677461 0.837571 0.669689 0.835452 0.656736 0.835452 0.646373 0.837571 0.639896 0.835452 0.624352 0.835452 0.615285 0.837571 0.610104 0.835452 0.593264 0.835452 0.584197 0.837571 0.577720 0.835452 0.563472 0.835452 0.553109 0.837571 0.545337 0.835452 0.523316 0.837571 0.514249 0.835452 0.501295 0.835452 0.489637 0.837571 0.483161 0.836158 0.428756 0.836158 0.409326 0.834040 0.297927 0.831921 0.283679 0.832627 0.270725 0.840395 0.264249 0.837571 0.257772 0.837571 0.218912 0.843927 0.186528 0.845339
