0 0.280769 0.401674 0.267692 0.403766 0.250769 0.411088 0.227692 0.430962 0.212308 0.450837 0.195385 0.490586 0.192308 0.513598 0.190769 0.548117 0.191538 0.560669 0.198462 0.593096 0.211538 0.622385 0.228462 0.645397 0.250769 0.663180 0.260769 0.668410 0.273846 0.671548 0.291538 0.671548 0.329231 0.663180 0.343077 0.654812 0.356154 0.641213 0.368462 0.623431 0.374615 0.606695 0.376154 0.580544 0.383077 0.560669 0.386154 0.538703 0.386154 0.520921 0.381538 0.482218 0.376923 0.471757 0.376154 0.465481 0.366154 0.445607 0.357692 0.435146 0.335385 0.414226 0.317692 0.405858 0.300769 0.401674
0 0.239231 0.702929 0.217692 0.677824 0.210000 0.671548 0.187692 0.660042 0.176923 0.656904 0.142308 0.656904 0.119231 0.665272 0.103077 0.675732 0.083077 0.702929 0.078462 0.720711 0.076154 0.740586 0.065385 0.745816 0.060000 0.753138 0.056154 0.762552 0.053846 0.779289 0.053846 0.812762 0.056154 0.832636 0.077692 0.900628 0.080769 0.904812 0.086154 0.906904 0.222308 0.905858 0.231538 0.898536 0.248462 0.870293 0.256923 0.849372 0.263846 0.826360 0.266923 0.797071 0.266154 0.775105 0.263077 0.755230 0.253077 0.725941
0 0.108462 0.390167 0.088462 0.390167 0.065385 0.394351 0.048462 0.402720 0.033846 0.415272 0.016923 0.442469 0.013846 0.453975 0.009231 0.460251 0.003077 0.485356 0.000000 0.489540 0.000000 0.578452 0.002308 0.580544 0.005385 0.593096 0.014615 0.608787 0.017692 0.609833 0.026154 0.622385 0.037692 0.631799 0.074615 0.648536 0.095385 0.649582 0.107692 0.647490 0.113077 0.643305 0.127692 0.639121 0.147692 0.624477 0.150000 0.618201 0.161538 0.607741 0.161538 0.603556 0.167692 0.587866 0.178462 0.576360 0.180769 0.564854 0.183846 0.559623 0.186154 0.544979 0.189231 0.496862 0.187692 0.481172 0.178462 0.450837 0.171538 0.438285 0.154615 0.415272 0.130769 0.398536
0 0.205385 0.000000 0.200000 0.016736 0.194615 0.042887 0.193077 0.078452 0.196923 0.104603 0.202308 0.123431 0.213846 0.150628 0.227692 0.170502 0.243846 0.186192 0.263846 0.198745 0.283846 0.205021 0.305385 0.205021 0.319231 0.201883 0.336154 0.192469 0.355385 0.176778 0.372308 0.153766 0.383846 0.130753 0.392308 0.100418 0.393846 0.057531 0.391538 0.031381 0.386154 0.012552 0.380000 0.000000
0 0.187692 0.156904 0.158462 0.166318 0.153846 0.171548 0.148462 0.173640 0.133846 0.189331 0.110769 0.222803 0.102308 0.250000 0.099231 0.266736 0.097692 0.291841 0.103846 0.338912 0.117692 0.373431 0.126154 0.389121 0.140000 0.401674 0.165385 0.419456 0.181538 0.424686 0.200769 0.425732 0.223846 0.420502 0.240000 0.412134 0.256154 0.396444 0.273077 0.373431 0.280000 0.358787 0.290000 0.317992 0.293077 0.288703 0.293077 0.261506 0.286923 0.236402 0.280000 0.220711 0.271538 0.210251 0.237692 0.185146 0.213077 0.158996 0.208462 0.156904
0 0.000000 0.002092 0.000000 0.186192 0.006154 0.189331 0.016923 0.201883 0.031538 0.211297 0.047692 0.217573 0.062308 0.219665 0.087692 0.217573 0.109231 0.207113 0.125385 0.194561 0.146154 0.169456 0.163077 0.140167 0.168462 0.112971 0.170000 0.088912 0.167692 0.064854 0.163077 0.041841 0.158462 0.035565 0.155385 0.026151 0.149231 0.018828 0.148462 0.014644 0.137692 0.000000 0.001538 0.000000
0 0.344615 0.662134 0.330769 0.675732 0.314615 0.697699 0.305385 0.716527 0.298462 0.741632 0.296154 0.774059 0.296923 0.814854 0.302308 0.838912 0.309231 0.857741 0.330000 0.890167 0.336923 0.897490 0.350000 0.904812 0.365385 0.906904 0.422308 0.906904 0.442308 0.903766 0.451538 0.897490 0.466154 0.881799 0.481538 0.856695 0.483846 0.846234 0.491538 0.827406 0.497692 0.799163 0.497692 0.753138 0.490000 0.725941 0.483077 0.713389 0.482308 0.708159 0.473077 0.693515 0.453077 0.676778 0.444615 0.666318 0.430000 0.653766 0.418462 0.648536 0.406154 0.646444 0.376923 0.647490 0.360769 0.651674 0.356923 0.655858
0 0.834615 0.009414 0.834615 0.013598 0.831538 0.016736 0.827692 0.028243 0.828462 0.082636 0.826923 0.110879 0.828462 0.124477 0.836154 0.146444 0.853077 0.171548 0.901538 0.208159 0.907692 0.211297 0.940769 0.212343 0.955385 0.207113 0.978462 0.193515 1.000000 0.171548 1.000000 0.000000 0.841538 0.000000
0 0.626154 0.006276 0.617692 0.040795 0.618462 0.046025 0.615385 0.063808 0.615385 0.092050 0.620000 0.120293 0.627692 0.142259 0.650769 0.177824 0.679231 0.202929 0.703846 0.211297 0.728462 0.211297 0.756154 0.203975 0.780000 0.186192 0.793846 0.171548 0.810769 0.144351 0.816154 0.126569 0.820000 0.120293 0.825385 0.093096 0.825385 0.040795 0.820000 0.016736 0.812308 0.000000 0.630000 0.000000
0 0.803846 0.175732 0.791538 0.179916 0.767692 0.199791 0.743846 0.224895 0.734615 0.240586 0.726923 0.261506 0.726154 0.269874 0.719231 0.294979 0.719231 0.345188 0.730000 0.380753 0.743077 0.403766 0.766154 0.430962 0.790769 0.449791 0.799231 0.453975 0.830000 0.458159 0.851538 0.453975 0.873077 0.442469 0.889231 0.423640 0.895385 0.419456 0.906154 0.404812 0.923077 0.373431 0.930000 0.335774 0.929231 0.293933 0.926923 0.279289 0.920000 0.254184 0.906154 0.224895 0.896923 0.211297 0.880769 0.196653 0.862308 0.183054 0.846923 0.176778 0.833846 0.174686
0 0.961538 0.433054 0.945385 0.430962 0.922308 0.434100 0.906923 0.439331 0.883846 0.453975 0.861538 0.475941 0.851538 0.490586 0.843846 0.507322 0.836923 0.532427 0.830000 0.576360 0.832308 0.601464 0.838462 0.628661 0.846154 0.647490 0.860769 0.672594 0.878462 0.693515 0.900000 0.711297 0.922308 0.718619 0.941538 0.718619 0.952308 0.716527 0.964615 0.710251 0.989231 0.708159 1.000000 0.705021 1.000000 0.452929 0.982308 0.440377
0 0.720000 0.748954 0.712308 0.779289 0.710769 0.793933 0.713846 0.801255 0.713846 0.826360 0.717692 0.837866 0.720000 0.858787 0.724615 0.867155 0.725385 0.873431 0.728462 0.880753 0.745385 0.903766 0.766154 0.906904 0.897692 0.905858 0.900769 0.901674 0.918462 0.843096 0.920769 0.819038 0.919231 0.767782 0.915385 0.760460 0.914615 0.752092 0.905385 0.728033 0.896923 0.713389 0.883846 0.702929 0.858462 0.674686 0.840000 0.666318 0.826923 0.663180 0.796923 0.668410 0.788462 0.673640 0.786923 0.677824 0.780000 0.680962 0.766923 0.699791 0.771538 0.707113 0.771538 0.733264 0.767692 0.739540 0.769231 0.744770 0.766154 0.748954 0.750769 0.750000 0.743077 0.747908 0.740769 0.743724 0.736923 0.744770 0.734615 0.742678 0.723846 0.743724
0 0.689231 0.427824 0.673077 0.438285 0.653077 0.459205 0.650000 0.460251 0.636154 0.478033 0.625385 0.497908 0.616154 0.533473 0.613846 0.561715 0.616154 0.565900 0.617692 0.576360 0.620000 0.579498 0.620000 0.600418 0.622308 0.612971 0.631538 0.639121 0.640000 0.653766 0.666923 0.685146 0.681538 0.695607 0.701538 0.697699 0.708462 0.694561 0.714615 0.698745 0.722308 0.699791 0.753846 0.697699 0.763077 0.692469 0.788462 0.669456 0.803846 0.647490 0.813077 0.624477 0.822308 0.592050 0.824615 0.569038 0.823846 0.544979 0.819231 0.518828 0.814615 0.508368 0.811538 0.494770 0.796923 0.464435 0.788462 0.452929 0.773077 0.438285 0.740000 0.423640 0.708462 0.422594
0 0.533846 0.693515 0.530769 0.700837 0.524615 0.707113 0.521538 0.716527 0.517692 0.721757 0.515385 0.733264 0.509231 0.745816 0.503077 0.785565 0.504615 0.813808 0.510769 0.842050 0.522308 0.873431 0.539231 0.897490 0.547692 0.903766 0.557692 0.905858 0.656154 0.906904 0.665385 0.904812 0.673077 0.898536 0.689231 0.872385 0.701538 0.841004 0.706154 0.811715 0.706154 0.796025 0.704615 0.790795 0.705385 0.775105 0.702308 0.756276 0.693846 0.743724 0.687692 0.740586 0.683846 0.730126 0.682308 0.716527 0.672308 0.696653 0.660769 0.687238 0.646923 0.668410 0.640000 0.662134 0.629231 0.655858 0.594615 0.653766 0.576154 0.657950 0.567692 0.665272 0.563846 0.665272 0.554615 0.677824
0 0.450769 0.422594 0.423077 0.460251 0.406154 0.497908 0.402308 0.535565 0.403846 0.570084 0.406923 0.592050 0.414615 0.615063 0.430769 0.648536 0.443077 0.657950 0.445385 0.663180 0.454615 0.671548 0.477692 0.686192 0.513846 0.688285 0.533077 0.684100 0.541538 0.679916 0.561538 0.664226 0.578462 0.644351 0.589231 0.623431 0.600000 0.591004 0.604615 0.563808 0.604615 0.543933 0.601538 0.517782 0.598462 0.508368 0.597692 0.495816 0.594615 0.483264 0.585385 0.463389 0.560000 0.432008 0.550000 0.423640 0.542308 0.422594 0.529231 0.414226 0.501538 0.411088 0.483846 0.413180
0 0.596154 0.168410 0.586154 0.173640 0.583077 0.179916 0.580000 0.180962 0.576923 0.187238 0.561538 0.202929 0.543846 0.215481 0.533077 0.219665 0.523846 0.231172 0.516154 0.247908 0.508462 0.278243 0.507692 0.321130 0.510769 0.343096 0.516154 0.364017 0.523846 0.381799 0.539231 0.406904 0.553077 0.420502 0.560000 0.423640 0.564615 0.429916 0.570000 0.430962 0.580769 0.438285 0.598462 0.442469 0.620769 0.442469 0.642308 0.436192 0.658462 0.426778 0.680000 0.405858 0.694615 0.381799 0.703846 0.355649 0.706923 0.342050 0.710000 0.298117 0.706923 0.289749 0.706154 0.270921 0.695385 0.235356 0.687692 0.219665 0.676923 0.205021 0.666154 0.198745 0.639231 0.172594 0.620000 0.168410
0 0.406923 0.016736 0.400769 0.047071 0.399231 0.072176 0.400769 0.097280 0.406923 0.130753 0.416154 0.155858 0.423077 0.168410 0.439231 0.189331 0.461538 0.208159 0.478462 0.217573 0.497692 0.221757 0.528462 0.218619 0.546923 0.209205 0.566154 0.193515 0.579231 0.177824 0.592308 0.153766 0.597692 0.133891 0.600000 0.131799 0.607692 0.099372 0.607692 0.059623 0.604615 0.044979 0.600769 0.037657 0.599231 0.025105 0.595385 0.023013 0.595385 0.017782 0.590000 0.009414 0.580000 0.004184 0.578462 0.000000 0.420769 0.000000 0.420000 0.003138 0.416154 0.000000 0.411538 0.012552
0 0.383077 0.165272 0.369231 0.170502 0.336923 0.195607 0.322308 0.211297 0.313846 0.225941 0.304615 0.252092 0.302308 0.266736 0.301538 0.296025 0.303846 0.328452 0.306923 0.346234 0.320769 0.380753 0.335385 0.403766 0.347692 0.417364 0.366923 0.428870 0.383846 0.434100 0.411538 0.434100 0.424615 0.430962 0.443077 0.420502 0.461538 0.404812 0.474615 0.387029 0.483077 0.371339 0.490769 0.349372 0.496154 0.315900 0.493846 0.271967 0.483846 0.232218 0.475385 0.220711 0.470769 0.219665 0.446923 0.202929 0.432308 0.188285 0.420769 0.171548 0.412308 0.165272
