0 0.000000 0.132143 0.000000 0.432143 0.043367 0.503571 0.053571 0.500000 0.068878 0.467857 0.086735 0.392857 0.086735 0.364286 0.063776 0.300000 0.028061 0.242857 0.020408 0.182143 0.010204 0.164286 0.007653 0.139286
0 0.086735 0.514286 0.071429 0.542857 0.071429 0.582143 0.061224 0.610714 0.061224 0.689286 0.035714 0.728571 0.015306 0.796429 0.005102 0.875000 0.005102 0.921429 0.017857 0.928571 0.045918 0.928571 0.053571 0.921429 0.056122 0.857143 0.066327 0.828571 0.109694 0.775000 0.150510 0.753571 0.201531 0.753571 0.229592 0.767857 0.250000 0.792857 0.280612 0.871429 0.288265 0.914286 0.295918 0.914286 0.298469 0.925000 0.341837 0.925000 0.341837 0.860714 0.326531 0.792857 0.303571 0.732143 0.252551 0.653571 0.247449 0.592857 0.232143 0.557143 0.224490 0.517857 0.211735 0.500000 0.176020 0.485714 0.127551 0.489286
0 0.112245 0.335714 0.089286 0.410714 0.086735 0.450000 0.073980 0.457143 0.063776 0.500000 0.063776 0.539286 0.038265 0.657143 0.033163 0.725000 0.038265 0.725000 0.061224 0.682143 0.061224 0.603571 0.068878 0.589286 0.068878 0.546429 0.076531 0.525000 0.114796 0.492857 0.183673 0.485714 0.211735 0.500000 0.227041 0.521429 0.232143 0.553571 0.250000 0.600000 0.257653 0.660714 0.295918 0.717857 0.313776 0.757143 0.318878 0.757143 0.323980 0.725000 0.321429 0.667857 0.311224 0.610714 0.278061 0.521429 0.250000 0.478571 0.242347 0.403571 0.229592 0.378571 0.227041 0.346429 0.191327 0.321429 0.145408 0.321429
0 0.125000 0.228571 0.125000 0.257143 0.117347 0.275000 0.117347 0.328571 0.183673 0.317857 0.221939 0.339286 0.232143 0.353571 0.234694 0.385714 0.250000 0.410714 0.252551 0.471429 0.301020 0.564286 0.306122 0.517857 0.290816 0.428571 0.244898 0.346429 0.242347 0.285714 0.224490 0.228571 0.211735 0.214286 0.183673 0.207143 0.147959 0.207143
0 0.150510 0.142857 0.142857 0.203571 0.204082 0.210714 0.224490 0.228571 0.242347 0.282143 0.247449 0.346429 0.303571 0.467857 0.308673 0.439286 0.303571 0.367857 0.272959 0.282143 0.250000 0.246429 0.247449 0.189286 0.232143 0.139286 0.204082 0.125000 0.170918 0.125000
0 0.214286 0.057143 0.206633 0.064286 0.198980 0.117857 0.201531 0.125000 0.224490 0.132143 0.234694 0.146429 0.250000 0.200000 0.250000 0.239286 0.267857 0.267857 0.303571 0.353571 0.326531 0.289286 0.329082 0.260714 0.313776 0.182143 0.303571 0.153571 0.293367 0.150000 0.283163 0.071429 0.262755 0.057143
0 0.698980 0.710714 0.673469 0.675000 0.635204 0.653571 0.584184 0.653571 0.563776 0.664286 0.540816 0.696429 0.538265 0.717857 0.515306 0.767857 0.505102 0.828571 0.469388 0.864286 0.438776 0.907143 0.436224 0.925000 0.719388 0.928571 0.719388 0.914286 0.706633 0.882143 0.711735 0.800000 0.704082 0.775000 0.704082 0.725000
0 0.566327 0.467857 0.535714 0.450000 0.494898 0.446429 0.471939 0.453571 0.454082 0.471429 0.448980 0.507143 0.431122 0.550000 0.428571 0.614286 0.415816 0.635714 0.387755 0.653571 0.372449 0.675000 0.341837 0.757143 0.336735 0.817857 0.352041 0.925000 0.428571 0.925000 0.507653 0.800000 0.517857 0.750000 0.545918 0.682143 0.563776 0.660714 0.591837 0.646429 0.584184 0.625000 0.589286 0.564286 0.581633 0.535714 0.581633 0.500000
0 0.505102 0.321429 0.469388 0.307143 0.438776 0.307143 0.418367 0.317857 0.395408 0.385714 0.392857 0.442857 0.354592 0.496429 0.326531 0.553571 0.316327 0.617857 0.326531 0.675000 0.331633 0.782143 0.380102 0.653571 0.426020 0.596429 0.431122 0.542857 0.446429 0.514286 0.451531 0.478571 0.471939 0.453571 0.522959 0.439286 0.525510 0.396429 0.517857 0.378571 0.517857 0.342857
0 0.464286 0.210714 0.454082 0.203571 0.400510 0.203571 0.385204 0.217857 0.372449 0.267857 0.369898 0.310714 0.349490 0.339286 0.349490 0.357143 0.321429 0.385714 0.313776 0.417857 0.313776 0.578571 0.318878 0.578571 0.341837 0.510714 0.372449 0.453571 0.380102 0.457143 0.392857 0.389286 0.405612 0.364286 0.410714 0.332143 0.423469 0.314286 0.438776 0.307143 0.484694 0.307143 0.477041 0.232143
0 0.451531 0.135714 0.395408 0.121429 0.375000 0.139286 0.375000 0.157143 0.364796 0.182143 0.364796 0.217857 0.336735 0.264286 0.313776 0.328571 0.313776 0.407143 0.321429 0.385714 0.349490 0.350000 0.346939 0.339286 0.369898 0.310714 0.372449 0.271429 0.390306 0.210714 0.400510 0.203571 0.461735 0.203571
0 0.433673 0.014286 0.392857 0.010714 0.380102 0.021429 0.372449 0.082143 0.354592 0.117857 0.341837 0.164286 0.341837 0.214286 0.336735 0.228571 0.341837 0.242857 0.357143 0.221429 0.375000 0.142857 0.390306 0.121429 0.400510 0.075000 0.410714 0.064286 0.443878 0.060714 0.443878 0.028571
0 0.403061 0.067857 0.392857 0.121429 0.438776 0.128571 0.456633 0.146429 0.464286 0.210714 0.477041 0.228571 0.484694 0.282143 0.494898 0.296429 0.502551 0.267857 0.494898 0.225000 0.471939 0.160714 0.474490 0.121429 0.469388 0.110714 0.469388 0.078571 0.446429 0.060714
0 1.000000 0.596429 0.951531 0.571429 0.910714 0.571429 0.892857 0.585714 0.882653 0.614286 0.862245 0.639286 0.844388 0.700000 0.790816 0.750000 0.719388 0.864286 0.719388 0.914286 0.729592 0.928571 1.000000 0.928571
0 0.831633 0.414286 0.803571 0.403571 0.770408 0.403571 0.757653 0.410714 0.742347 0.450000 0.732143 0.460714 0.716837 0.521429 0.688776 0.550000 0.632653 0.639286 0.632653 0.650000 0.681122 0.682143 0.704082 0.721429 0.706633 0.775000 0.714286 0.807143 0.711735 0.867857 0.719388 0.864286 0.783163 0.757143 0.841837 0.700000 0.864796 0.632143 0.854592 0.582143 0.864796 0.532143 0.864796 0.457143 0.859694 0.439286
0 0.750000 0.300000 0.709184 0.282143 0.673469 0.289286 0.647959 0.342857 0.640306 0.389286 0.584184 0.467857 0.579082 0.489286 0.591837 0.564286 0.586735 0.621429 0.596939 0.646429 0.627551 0.646429 0.653061 0.600000 0.716837 0.517857 0.727041 0.471429 0.760204 0.400000 0.760204 0.317857
0 0.681122 0.207143 0.653061 0.192857 0.622449 0.192857 0.607143 0.203571 0.594388 0.239286 0.586735 0.289286 0.551020 0.335714 0.530612 0.375000 0.528061 0.446429 0.581633 0.475000 0.637755 0.389286 0.647959 0.339286 0.665816 0.300000 0.688776 0.278571 0.688776 0.228571
0 0.632653 0.125000 0.571429 0.125000 0.556122 0.175000 0.553571 0.210714 0.512755 0.264286 0.500000 0.314286 0.517857 0.339286 0.520408 0.378571 0.528061 0.378571 0.584184 0.289286 0.607143 0.203571 0.640306 0.185714 0.640306 0.146429
0 0.622449 0.067857 0.586735 0.057143 0.568878 0.071429 0.553571 0.135714 0.515306 0.196429 0.502551 0.232143 0.505102 0.264286 0.515306 0.264286 0.551020 0.214286 0.556122 0.175000 0.576531 0.121429 0.627551 0.117857 0.630102 0.082143
0 0.581633 0.017857 0.563776 0.010714 0.538265 0.014286 0.530612 0.025000 0.517857 0.085714 0.484694 0.139286 0.479592 0.178571 0.500000 0.232143 0.548469 0.142857 0.566327 0.075000 0.586735 0.053571 0.586735 0.025000
0 0.000000 0.039286 0.000000 0.132143 0.022959 0.189286 0.028061 0.239286 0.053571 0.275000 0.091837 0.378571 0.109694 0.328571 0.112245 0.289286 0.119898 0.267857 0.119898 0.214286 0.079082 0.139286 0.079082 0.110714 0.063776 0.050000 0.043367 0.039286
0 0.933673 0.392857 0.913265 0.385714 0.892857 0.389286 0.867347 0.432143 0.867347 0.521429 0.857143 0.585714 0.869898 0.625000 0.882653 0.614286 0.897959 0.578571 0.915816 0.567857 0.959184 0.571429 0.966837 0.557143 0.966837 0.542857 0.943878 0.510714 0.951531 0.475000 0.946429 0.453571 0.951531 0.414286
0 0.977041 0.246429 0.954082 0.235714 0.933673 0.242857 0.913265 0.282143 0.908163 0.325000 0.890306 0.350000 0.875000 0.407143 0.882653 0.407143 0.895408 0.385714 0.923469 0.385714 0.946429 0.403571 0.956633 0.403571 0.974490 0.385714 0.979592 0.371429 0.974490 0.335714 0.982143 0.307143 0.982143 0.260714
0 0.869898 0.171429 0.846939 0.210714 0.841837 0.239286 0.808673 0.278571 0.808673 0.296429 0.839286 0.300000 0.862245 0.314286 0.867347 0.325000 0.867347 0.360714 0.880102 0.367857 0.908163 0.300000 0.908163 0.271429 0.903061 0.264286 0.905612 0.185714 0.897959 0.175000
0 0.834184 0.117857 0.813776 0.117857 0.806122 0.125000 0.790816 0.182143 0.775510 0.203571 0.765306 0.207143 0.765306 0.217857 0.785714 0.221429 0.801020 0.239286 0.803571 0.267857 0.829082 0.250000 0.844388 0.217857 0.849490 0.139286
0 0.933673 0.392857 0.913265 0.385714 0.892857 0.389286 0.882653 0.417857 0.867347 0.432143 0.864796 0.500000 0.869898 0.521429 0.857143 0.571429 0.867347 0.621429 0.880102 0.617857 0.885204 0.596429 0.905612 0.571429 0.928571 0.564286 0.956633 0.571429 0.966837 0.557143 0.966837 0.546429 0.943878 0.514286 0.951531 0.475000 0.946429 0.453571 0.951531 0.414286
0 0.964286 0.117857 0.943878 0.125000 0.931122 0.153571 0.926020 0.185714 0.908163 0.217857 0.905612 0.264286 0.910714 0.271429 0.920918 0.271429 0.941327 0.235714 0.984694 0.239286 0.984694 0.132143
