0 1.000000 0.310714 0.974359 0.314286 0.953846 0.339286 0.925641 0.414286 0.910256 0.496429 0.902564 0.510714 0.861538 0.546429 0.828205 0.592857 0.784615 0.707143 0.784615 0.717857 0.800000 0.739286 0.853846 0.728571 0.882051 0.735714 0.910256 0.753571 0.938462 0.789286 0.953846 0.832143 1.000000 0.803571
0 0.879487 0.171429 0.828205 0.164286 0.805128 0.175000 0.774359 0.257143 0.758974 0.346429 0.717949 0.382143 0.684615 0.432143 0.687179 0.442857 0.717949 0.460714 0.741026 0.503571 0.758974 0.610714 0.758974 0.685714 0.771795 0.700000 0.787179 0.689286 0.828205 0.589286 0.871795 0.532143 0.900000 0.507143 0.912821 0.475000 0.925641 0.403571 0.915385 0.378571 0.917949 0.285714 0.912821 0.228571 0.905128 0.192857
0 0.782051 0.057143 0.753846 0.046429 0.720513 0.046429 0.697436 0.064286 0.674359 0.142857 0.664103 0.221429 0.628205 0.250000 0.589744 0.310714 0.600000 0.457143 0.635897 0.439286 0.679487 0.435714 0.720513 0.378571 0.756410 0.346429 0.769231 0.271429 0.802564 0.175000 0.797436 0.089286
0 1.000000 0.000000 0.912821 0.000000 0.897436 0.053571 0.887179 0.171429 0.905128 0.192857 0.912821 0.217857 0.920513 0.292857 0.920513 0.371429 0.935897 0.360714 0.969231 0.303571 1.000000 0.267857
0 0.664103 0.000000 0.564103 0.000000 0.553846 0.039286 0.548718 0.110714 0.510256 0.160714 0.515385 0.242857 0.561538 0.264286 0.582051 0.303571 0.589744 0.303571 0.666667 0.203571 0.671795 0.039286
0 0.717949 0.464286 0.687179 0.446429 0.656410 0.442857 0.633333 0.446429 0.602564 0.467857 0.566667 0.578571 0.556410 0.664286 0.515385 0.703571 0.464103 0.778571 0.428205 0.875000 0.420513 0.910714 0.423077 0.925000 0.720513 0.921429 0.728205 0.878571 0.769231 0.771429 0.787179 0.750000 0.787179 0.735714 0.753846 0.689286 0.753846 0.592857 0.735897 0.496429
0 0.558974 0.264286 0.507692 0.250000 0.461538 0.271429 0.446154 0.307143 0.430769 0.375000 0.423077 0.457143 0.356410 0.539286 0.320513 0.625000 0.305128 0.696429 0.305128 0.750000 0.330769 0.878571 0.356410 0.925000 0.412821 0.921429 0.456410 0.785714 0.515385 0.700000 0.556410 0.657143 0.561538 0.589286 0.594872 0.478571 0.594872 0.382143 0.574359 0.285714
0 0.471795 0.114286 0.420513 0.110714 0.389744 0.132143 0.369231 0.217857 0.361538 0.303571 0.307692 0.371429 0.276923 0.439286 0.264103 0.514286 0.279487 0.578571 0.282051 0.657143 0.297436 0.703571 0.305128 0.696429 0.323077 0.610714 0.346154 0.557143 0.420513 0.453571 0.430769 0.367857 0.453846 0.285714 0.471795 0.260714 0.510256 0.250000 0.512821 0.242857 0.497436 0.146429 0.487179 0.125000
0 0.366667 0.007143 0.320513 0.003571 0.289744 0.021429 0.271795 0.100000 0.269231 0.171429 0.212821 0.253571 0.187179 0.317857 0.182051 0.360714 0.187179 0.396429 0.253846 0.492857 0.264103 0.485714 0.271795 0.442857 0.292308 0.396429 0.361538 0.292857 0.366667 0.221429 0.379487 0.160714 0.400000 0.117857 0.389744 0.042857 0.382051 0.021429
0 0.302564 0.000000 0.184615 0.000000 0.184615 0.057143 0.179487 0.078571 0.123077 0.146429 0.112821 0.175000 0.141026 0.228571 0.164103 0.325000 0.174359 0.325000 0.182051 0.296429 0.192308 0.289286 0.223077 0.232143 0.261538 0.182143 0.276923 0.060714 0.287179 0.025000
0 0.000000 0.396429 0.000000 0.928571 0.038462 0.928571 0.051282 0.921429 0.053846 0.810714 0.074359 0.700000 0.107692 0.653571 0.151282 0.632143 0.205128 0.639286 0.233333 0.664286 0.282051 0.792857 0.289744 0.864286 0.305128 0.878571 0.315385 0.875000 0.312821 0.800000 0.305128 0.767857 0.297436 0.760714 0.294872 0.732143 0.279487 0.710714 0.274359 0.689286 0.261538 0.671429 0.253846 0.671429 0.251282 0.657143 0.176923 0.571429 0.161538 0.482143 0.130769 0.392857 0.117949 0.375000 0.071795 0.364286 0.041026 0.367857
0 0.023077 0.200000 0.007692 0.232143 0.005128 0.282143 0.000000 0.292857 0.000000 0.389286 0.043590 0.364286 0.064103 0.360714 0.115385 0.371429 0.133333 0.396429 0.171795 0.514286 0.179487 0.571429 0.187179 0.575000 0.189744 0.507143 0.197436 0.503571 0.225641 0.575000 0.228205 0.625000 0.274359 0.678571 0.276923 0.607143 0.264103 0.528571 0.228205 0.453571 0.169231 0.378571 0.158974 0.303571 0.128205 0.203571 0.112821 0.189286 0.079487 0.182143 0.048718 0.185714
