0 0.000000 0.385714 0.000000 0.860714 0.014409 0.875000 0.092219 0.671429 0.100865 0.532143 0.051873 0.514286 0.034582 0.471429 0.028818 0.414286 0.014409 0.389286
0 0.158501 0.028571 0.123919 0.025000 0.097983 0.032143 0.077810 0.046429 0.069164 0.067857 0.069164 0.242857 0.014409 0.378571 0.031700 0.417857 0.040346 0.482143 0.054755 0.514286 0.100865 0.517857 0.100865 0.471429 0.109510 0.450000 0.144092 0.421429 0.172911 0.417857 0.187320 0.407143 0.224784 0.292857 0.233429 0.185714 0.207493 0.171429 0.193084 0.128571 0.187320 0.057143 0.178674 0.039286
0 0.319885 0.071429 0.259366 0.078571 0.236311 0.107143 0.230548 0.285714 0.190202 0.403571 0.193084 0.417857 0.216138 0.425000 0.242075 0.457143 0.250720 0.535714 0.268012 0.560714 0.291066 0.560714 0.308357 0.535714 0.351585 0.507143 0.406340 0.332143 0.414986 0.232143 0.371758 0.217857 0.360231 0.189286 0.351585 0.096429 0.342939 0.082143
0 0.910663 0.000000 0.798271 0.000000 0.780980 0.117857 0.746398 0.292857 0.749280 0.317857 0.780980 0.346429 0.783862 0.375000 0.801153 0.282143 0.818444 0.260714 0.838617 0.250000 0.884726 0.250000 0.913545 0.264286 0.936599 0.175000 0.939481 0.096429 0.919308 0.067857
0 0.028818 0.000000 0.000000 0.000000 0.000000 0.378571 0.014409 0.378571 0.063401 0.250000 0.057637 0.132143 0.040346 0.082143
0 0.622478 0.000000 0.616715 0.060714 0.579251 0.214286 0.576369 0.260714 0.585014 0.271429 0.602305 0.267857 0.605187 0.210714 0.622478 0.182143 0.642651 0.171429 0.691643 0.171429 0.726225 0.200000 0.729107 0.271429 0.734870 0.303571 0.743516 0.307143 0.749280 0.246429 0.775216 0.132143 0.778098 0.039286 0.752161 0.021429 0.749280 0.000000
0 0.461095 0.117857 0.443804 0.125000 0.426513 0.146429 0.412104 0.325000 0.354467 0.507143 0.409222 0.521429 0.435159 0.550000 0.440922 0.628571 0.449568 0.646429 0.492795 0.657143 0.518732 0.678571 0.530259 0.678571 0.536023 0.582143 0.579251 0.410714 0.596542 0.282143 0.559078 0.264286 0.547550 0.225000 0.541787 0.146429 0.530259 0.128571 0.504323 0.117857
0 0.648415 0.171429 0.619597 0.185714 0.608069 0.200000 0.602305 0.296429 0.590778 0.335714 0.587896 0.389286 0.547550 0.550000 0.553314 0.553571 0.587896 0.532143 0.631124 0.532143 0.659942 0.546429 0.682997 0.582143 0.688761 0.671429 0.720461 0.685714 0.763689 0.485714 0.772334 0.339286 0.734870 0.310714 0.723343 0.196429 0.697406 0.175000
0 0.904899 0.260714 0.876081 0.250000 0.844380 0.250000 0.812680 0.264286 0.801153 0.285714 0.792507 0.375000 0.780980 0.396429 0.775216 0.457143 0.726225 0.671429 0.726225 0.700000 0.731988 0.710714 0.726225 0.796429 0.734870 0.839286 0.746398 0.832143 0.749280 0.792857 0.772334 0.750000 0.780980 0.682143 0.798271 0.657143 0.821326 0.642857 0.855908 0.639286 0.884726 0.646429 0.916427 0.671429 0.927954 0.671429 0.936599 0.567857 0.953890 0.467857 0.953890 0.410714 0.930836 0.385714 0.927954 0.289286
0 0.662824 0.550000 0.634006 0.535714 0.602305 0.532143 0.573487 0.539286 0.547550 0.560714 0.538905 0.607143 0.538905 0.664286 0.524496 0.700000 0.518732 0.782143 0.487032 0.914286 0.489914 0.928571 0.717579 0.925000 0.723343 0.700000 0.717579 0.689286 0.685879 0.671429 0.680115 0.650000 0.680115 0.575000
0 0.334294 0.521429 0.317003 0.532143 0.296830 0.560714 0.296830 0.628571 0.285303 0.678571 0.282421 0.764286 0.233429 0.925000 0.481268 0.925000 0.515850 0.771429 0.518732 0.685714 0.495677 0.664286 0.440922 0.646429 0.435159 0.557143 0.420749 0.532143 0.380403 0.514286
0 0.221902 0.432143 0.201729 0.421429 0.164265 0.421429 0.126801 0.435714 0.109510 0.453571 0.100865 0.653571 0.020173 0.867857 0.014409 0.925000 0.210375 0.928571 0.230548 0.921429 0.279539 0.757143 0.282421 0.675000 0.291066 0.642857 0.291066 0.571429 0.265130 0.564286 0.247839 0.535714 0.239193 0.457143
0 0.965418 0.000000 0.919308 0.271429 0.930836 0.296429 0.930836 0.375000 0.936599 0.389286 0.959654 0.414286 0.962536 0.442857 0.991354 0.446429 1.000000 0.435714 1.000000 0.000000
0 1.000000 0.442857 0.985591 0.467857 0.976945 0.532143 0.930836 0.682143 0.927954 0.785714 0.956772 0.817857 0.956772 0.925000 1.000000 0.925000
