0 0.664103 0.046429 0.638462 0.060714 0.630769 0.075000 0.620513 0.125000 0.607692 0.278571 0.648718 0.282143 0.687179 0.300000 0.725641 0.135714 0.743590 0.107143 0.743590 0.078571 0.712821 0.050000
0 0.656410 0.000000 0.566667 0.000000 0.556410 0.025000 0.548718 0.064286 0.551282 0.092857 0.543590 0.178571 0.582051 0.214286 0.587179 0.253571 0.594872 0.267857 0.615385 0.185714 0.617949 0.125000 0.630769 0.075000 0.664103 0.039286 0.664103 0.017857
0 0.197436 0.110714 0.156410 0.103571 0.117949 0.117857 0.102564 0.135714 0.094872 0.192857 0.094872 0.382143 0.120513 0.500000 0.125641 0.500000 0.138462 0.225000 0.161538 0.192857 0.220513 0.167857 0.217949 0.128571
0 0.423077 0.035714 0.392308 0.032143 0.343590 0.057143 0.328205 0.203571 0.328205 0.307143 0.343590 0.342857 0.369231 0.371429 0.376923 0.367857 0.389744 0.207143 0.402564 0.135714 0.412821 0.121429 0.453846 0.100000 0.453846 0.064286 0.443590 0.046429
0 0.241026 0.178571 0.207692 0.175000 0.174359 0.185714 0.148718 0.203571 0.138462 0.225000 0.125641 0.532143 0.141026 0.628571 0.148718 0.600000 0.148718 0.503571 0.156410 0.450000 0.153846 0.385714 0.164103 0.314286 0.184615 0.289286 0.210256 0.275000 0.279487 0.275000 0.264103 0.196429
0 0.497436 0.110714 0.441026 0.107143 0.407692 0.125000 0.400000 0.142857 0.382051 0.328571 0.382051 0.378571 0.407692 0.457143 0.423077 0.478571 0.430769 0.460714 0.430769 0.417857 0.443590 0.346429 0.441026 0.285714 0.451282 0.225000 0.466667 0.200000 0.517949 0.178571 0.517949 0.132143
0 0.548718 0.185714 0.510256 0.182143 0.461538 0.203571 0.451282 0.225000 0.441026 0.289286 0.446154 0.346429 0.435897 0.421429 0.435897 0.510714 0.464103 0.582143 0.494872 0.607143 0.507692 0.592857 0.510256 0.553571 0.533333 0.453571 0.538462 0.385714 0.548718 0.364286 0.551282 0.332143 0.566667 0.300000 0.589744 0.282143 0.579487 0.210714
0 0.758974 0.107143 0.728205 0.128571 0.723077 0.164286 0.712821 0.189286 0.712821 0.235714 0.697436 0.296429 0.700000 0.371429 0.710256 0.407143 0.746154 0.421429 0.771795 0.450000 0.782051 0.503571 0.787179 0.507143 0.835897 0.367857 0.848718 0.350000 0.861538 0.267857 0.851282 0.239286 0.853846 0.200000 0.843590 0.139286 0.810256 0.114286
0 0.948718 0.228571 0.905128 0.225000 0.884615 0.235714 0.874359 0.250000 0.869231 0.282143 0.853846 0.310714 0.853846 0.353571 0.830769 0.392857 0.797436 0.500000 0.797436 0.532143 0.810256 0.557143 0.817949 0.592857 0.876923 0.664286 0.884615 0.664286 0.917949 0.550000 0.961538 0.457143 0.969231 0.410714 0.984615 0.396429 1.000000 0.350000 1.000000 0.260714
0 0.661538 0.289286 0.607692 0.282143 0.566667 0.300000 0.553846 0.325000 0.551282 0.360714 0.541026 0.382143 0.541026 0.428571 0.517949 0.539286 0.512821 0.607143 0.520513 0.639286 0.564103 0.739286 0.569231 0.739286 0.587179 0.664286 0.600000 0.585714 0.600000 0.539286 0.612821 0.503571 0.617949 0.457143 0.633333 0.432143 0.648718 0.421429 0.705128 0.407143 0.705128 0.385714 0.694872 0.367857 0.694872 0.321429 0.679487 0.300000
0 0.264103 0.271429 0.228205 0.271429 0.194872 0.282143 0.169231 0.303571 0.158974 0.339286 0.153846 0.503571 0.156410 0.653571 0.187179 0.692857 0.210256 0.739286 0.217949 0.725000 0.220513 0.660714 0.230769 0.596429 0.230769 0.539286 0.241026 0.507143 0.241026 0.467857 0.253846 0.442857 0.312821 0.407143 0.315385 0.364286 0.302564 0.335714 0.297436 0.296429 0.282051 0.278571
0 0.000000 0.475000 0.000000 0.928571 0.233333 0.925000 0.217949 0.800000 0.184615 0.700000 0.164103 0.671429 0.102564 0.639286 0.066667 0.610714 0.030769 0.535714 0.025641 0.500000 0.010256 0.478571
0 0.256410 0.439286 0.241026 0.471429 0.220513 0.703571 0.220513 0.750000 0.233333 0.807143 0.246154 0.921429 0.253846 0.928571 0.548718 0.925000 0.553846 0.746429 0.515385 0.642857 0.482051 0.603571 0.430769 0.571429 0.415385 0.553571 0.412821 0.521429 0.400000 0.496429 0.394872 0.453571 0.374359 0.425000 0.351282 0.414286 0.312821 0.410714
0 0.628205 0.439286 0.617949 0.460714 0.615385 0.503571 0.602564 0.535714 0.605128 0.567857 0.582051 0.714286 0.574359 0.800000 0.574359 0.921429 0.612821 0.928571 0.897436 0.925000 0.910256 0.810714 0.905128 0.739286 0.858974 0.642857 0.787179 0.571429 0.784615 0.528571 0.774359 0.507143 0.774359 0.475000 0.766667 0.446429 0.738462 0.421429 0.717949 0.414286 0.661538 0.417857
