0 0.050147 0.435714 0.023599 0.478571 0.023599 0.521429 0.038348 0.557143 0.032448 0.617857 0.041298 0.650000 0.020649 0.707143 0.011799 0.757143 0.061947 0.925000 0.359882 0.925000 0.362832 0.900000 0.351032 0.775000 0.353982 0.625000 0.345133 0.603571 0.300885 0.564286 0.233038 0.542857 0.191740 0.492857 0.174041 0.439286 0.150442 0.417857 0.109145 0.410714 0.070796 0.421429
0 0.890855 0.000000 0.831858 0.000000 0.799410 0.089286 0.802360 0.100000 0.828909 0.121429 0.825959 0.185714 0.837758 0.246429 0.849558 0.246429 0.896755 0.207143 0.899705 0.128571 0.887906 0.103571
0 0.728614 0.000000 0.675516 0.000000 0.648968 0.089286 0.607670 0.139286 0.604720 0.196429 0.610619 0.250000 0.637168 0.296429 0.643068 0.296429 0.666667 0.250000 0.710914 0.214286 0.734513 0.164286 0.740413 0.117857 0.728614 0.050000
0 0.551622 0.000000 0.516224 0.000000 0.507375 0.007143 0.489676 0.096429 0.463127 0.128571 0.454277 0.164286 0.463127 0.267857 0.486726 0.250000 0.504425 0.192857 0.507375 0.142857 0.530973 0.117857 0.572271 0.117857 0.563422 0.010714
0 0.333333 0.010714 0.324484 0.025000 0.321534 0.117857 0.348083 0.135714 0.359882 0.196429 0.371681 0.210714 0.383481 0.250000 0.410029 0.267857 0.436578 0.310714 0.445428 0.314286 0.457227 0.250000 0.445428 0.164286 0.407080 0.107143 0.386431 0.014286 0.374631 0.007143
0 0.165192 0.003571 0.153392 0.014286 0.156342 0.121429 0.144543 0.150000 0.147493 0.185714 0.176991 0.239286 0.203540 0.250000 0.244838 0.285714 0.250737 0.282143 0.250737 0.239286 0.262537 0.210714 0.259587 0.150000 0.268437 0.125000 0.244838 0.100000 0.215339 0.007143
0 1.000000 0.096429 0.961652 0.103571 0.946903 0.128571 0.943953 0.150000 0.914454 0.189286 0.911504 0.207143 0.864307 0.235714 0.843658 0.267857 0.846608 0.367857 0.879056 0.364286 0.926254 0.378571 0.967552 0.428571 0.967552 0.471429 0.952802 0.507143 0.958702 0.521429 0.988201 0.510714 1.000000 0.496429
0 0.811209 0.103571 0.764012 0.100000 0.743363 0.117857 0.737463 0.160714 0.719764 0.185714 0.713864 0.217857 0.678466 0.239286 0.648968 0.285714 0.651917 0.567857 0.690265 0.528571 0.764012 0.500000 0.805310 0.446429 0.837758 0.321429 0.834808 0.253571 0.828909 0.242857 0.831858 0.207143 0.823009 0.182143 0.828909 0.121429
0 0.530973 0.117857 0.507375 0.139286 0.504425 0.196429 0.492625 0.214286 0.489676 0.246429 0.466077 0.271429 0.445428 0.328571 0.448378 0.396429 0.460177 0.396429 0.492625 0.375000 0.530973 0.375000 0.560472 0.392857 0.581121 0.425000 0.584071 0.482143 0.604720 0.532143 0.640118 0.571429 0.646018 0.532143 0.646018 0.346429 0.640118 0.317857 0.607670 0.260714 0.589971 0.135714 0.575221 0.121429
0 0.041298 0.132143 0.035398 0.157143 0.047198 0.203571 0.041298 0.221429 0.047198 0.271429 0.026549 0.346429 0.032448 0.432143 0.047198 0.435714 0.073746 0.417857 0.109145 0.407143 0.150442 0.414286 0.179941 0.446429 0.194690 0.492857 0.233038 0.535714 0.244838 0.535714 0.230088 0.407143 0.233038 0.285714 0.209440 0.260714 0.168142 0.235714 0.159292 0.203571 0.144543 0.189286 0.132743 0.142857 0.120944 0.125000 0.064897 0.121429
0 0.277286 0.128571 0.262537 0.146429 0.265487 0.214286 0.256637 0.232143 0.259587 0.271429 0.244838 0.300000 0.241888 0.339286 0.262537 0.400000 0.274336 0.492857 0.286136 0.503571 0.292035 0.550000 0.365782 0.621429 0.383481 0.567857 0.415929 0.532143 0.433628 0.492857 0.442478 0.389286 0.439528 0.325000 0.421829 0.282143 0.380531 0.246429 0.374631 0.217857 0.359882 0.196429 0.348083 0.135714 0.327434 0.121429
0 0.935103 0.385714 0.879056 0.367857 0.840708 0.378571 0.820059 0.403571 0.805310 0.453571 0.781711 0.475000 0.761062 0.517857 0.740413 0.514286 0.707965 0.525000 0.675516 0.546429 0.657817 0.571429 0.648968 0.600000 0.666667 0.696429 0.654867 0.842857 0.657817 0.928571 0.920354 0.925000 0.938053 0.832143 0.973451 0.717857 0.973451 0.671429 0.949853 0.600000 0.955752 0.571429 0.949853 0.510714 0.967552 0.439286 0.952802 0.403571
0 0.483776 0.378571 0.448378 0.407143 0.439528 0.432143 0.436578 0.492857 0.418879 0.532143 0.383481 0.571429 0.359882 0.657143 0.356932 0.750000 0.371681 0.925000 0.643068 0.928571 0.648968 0.925000 0.660767 0.685714 0.646018 0.610714 0.628319 0.560714 0.601770 0.532143 0.584071 0.489286 0.584071 0.442857 0.572271 0.407143 0.536873 0.378571
