0 0.594872 0.392857 0.569231 0.425000 0.533333 0.564286 0.579487 0.571429 0.602564 0.592857 0.617949 0.621429 0.623077 0.667857 0.607692 0.728571 0.607692 0.753571 0.648718 0.871429 0.658974 0.921429 0.666667 0.928571 0.766667 0.925000 0.764103 0.750000 0.756410 0.635714 0.746154 0.578571 0.743590 0.500000 0.730769 0.421429 0.715385 0.396429 0.679487 0.382143 0.633333 0.378571
0 0.592308 0.582143 0.564103 0.567857 0.543590 0.567857 0.523077 0.578571 0.476923 0.632143 0.446154 0.685714 0.405128 0.810714 0.405128 0.885714 0.420513 0.928571 0.656410 0.928571 0.656410 0.907143 0.641026 0.850000 0.602564 0.746429 0.620513 0.671429 0.620513 0.635714 0.607692 0.600000
0 0.169231 0.582143 0.146154 0.617857 0.138462 0.646429 0.117949 0.682143 0.092308 0.760714 0.094872 0.821429 0.107692 0.864286 0.125641 0.896429 0.161538 0.928571 0.392308 0.928571 0.394872 0.917857 0.356410 0.817857 0.312821 0.728571 0.284615 0.685714 0.305128 0.607143 0.305128 0.578571 0.294872 0.550000 0.269231 0.521429 0.248718 0.521429 0.230769 0.528571 0.215385 0.550000
0 0.374359 0.375000 0.358974 0.385714 0.282051 0.496429 0.279487 0.521429 0.307692 0.582143 0.305128 0.614286 0.287179 0.685714 0.335897 0.771429 0.384615 0.878571 0.397436 0.882143 0.400000 0.817857 0.446154 0.678571 0.433333 0.628571 0.407692 0.582143 0.435897 0.496429 0.443590 0.453571 0.435897 0.421429 0.417949 0.396429 0.400000 0.382143
0 0.469231 0.260714 0.435897 0.275000 0.376923 0.367857 0.410256 0.389286 0.441026 0.435714 0.443590 0.471429 0.412821 0.557143 0.410256 0.582143 0.443590 0.646429 0.466667 0.642857 0.523077 0.575000 0.517949 0.525000 0.482051 0.457143 0.515385 0.357143 0.517949 0.314286 0.500000 0.282143
0 0.671795 0.282143 0.651282 0.296429 0.643590 0.310714 0.628205 0.378571 0.697436 0.385714 0.723077 0.403571 0.733333 0.425000 0.769231 0.771429 0.771795 0.917857 0.776923 0.928571 0.805128 0.928571 0.817949 0.867857 0.810256 0.521429 0.792308 0.310714 0.779487 0.289286 0.758974 0.278571 0.697436 0.275000
0 0.776923 0.196429 0.751282 0.207143 0.743590 0.217857 0.738462 0.271429 0.779487 0.289286 0.794872 0.317857 0.805128 0.485714 0.812821 0.528571 0.820513 0.750000 0.825641 0.760714 0.825641 0.821429 0.830769 0.821429 0.874359 0.639286 0.884615 0.564286 0.871795 0.232143 0.851282 0.203571 0.830769 0.196429
0 0.766667 0.085714 0.743590 0.121429 0.702564 0.267857 0.735897 0.271429 0.743590 0.217857 0.764103 0.200000 0.815385 0.192857 0.861538 0.210714 0.871795 0.225000 0.879487 0.403571 0.889744 0.517857 0.897436 0.521429 0.902564 0.400000 0.889744 0.153571 0.882051 0.103571 0.871795 0.085714 0.856410 0.078571 0.820513 0.075000
0 0.820513 0.003571 0.782051 0.032143 0.774359 0.071429 0.779487 0.078571 0.858974 0.078571 0.882051 0.100000 0.889744 0.150000 0.905128 0.432143 0.912821 0.439286 0.928205 0.357143 0.925641 0.200000 0.912821 0.035714 0.907692 0.017857 0.889744 0.003571
0 0.502564 0.164286 0.469231 0.207143 0.438462 0.257143 0.438462 0.267857 0.458974 0.260714 0.476923 0.264286 0.512821 0.303571 0.517949 0.317857 0.515385 0.357143 0.487179 0.432143 0.484615 0.457143 0.515385 0.517857 0.530769 0.521429 0.543590 0.510714 0.561538 0.439286 0.561538 0.410714 0.533333 0.353571 0.533333 0.339286 0.558974 0.278571 0.569231 0.225000 0.561538 0.196429 0.541026 0.171429
0 0.656410 0.110714 0.638462 0.103571 0.617949 0.107143 0.558974 0.185714 0.569231 0.239286 0.535897 0.335714 0.535897 0.350000 0.566667 0.417857 0.589744 0.392857 0.625641 0.375000 0.646154 0.303571 0.648718 0.267857 0.682051 0.178571 0.679487 0.142857
0 0.664103 0.039286 0.635897 0.003571 0.602564 0.003571 0.556410 0.067857 0.507692 0.160714 0.561538 0.182143 0.574359 0.157143 0.625641 0.103571 0.656410 0.107143 0.666667 0.075000
0 0.038462 0.307143 0.000000 0.350000 0.000000 0.607143 0.076923 0.739286 0.092308 0.746429 0.115385 0.678571 0.161538 0.575000 0.141026 0.528571 0.097436 0.478571 0.112821 0.382143 0.107692 0.346429 0.074359 0.310714
0 0.141026 0.210714 0.117949 0.228571 0.079487 0.292857 0.076923 0.310714 0.107692 0.346429 0.112821 0.364286 0.107692 0.460714 0.115385 0.482143 0.156410 0.550000 0.174359 0.567857 0.217949 0.521429 0.251282 0.510714 0.253846 0.500000 0.212821 0.403571 0.184615 0.364286 0.197436 0.296429 0.197436 0.257143 0.192308 0.242857 0.169231 0.217857
0 0.205128 0.125000 0.166667 0.178571 0.156410 0.210714 0.176923 0.225000 0.194872 0.250000 0.197436 0.292857 0.192308 0.342857 0.197436 0.364286 0.261538 0.500000 0.274359 0.500000 0.320513 0.435714 0.323077 0.414286 0.294872 0.346429 0.251282 0.271429 0.251282 0.250000 0.264103 0.203571 0.258974 0.153571 0.235897 0.128571
0 0.343590 0.067857 0.323077 0.071429 0.287179 0.121429 0.269231 0.164286 0.269231 0.192857 0.256410 0.242857 0.266667 0.285714 0.325641 0.414286 0.335897 0.414286 0.374359 0.367857 0.384615 0.335714 0.428205 0.257143 0.400000 0.175000 0.379487 0.164286 0.384615 0.146429 0.379487 0.085714
