0 0.848341 0.253571 0.834123 0.264286 0.827014 0.282143 0.831754 0.346429 0.819905 0.375000 0.819905 0.428571 0.829384 0.489286 0.829384 0.589286 0.819905 0.714286 0.827014 0.714286 0.831754 0.682143 0.843602 0.660714 0.848341 0.625000 0.857820 0.607143 0.876777 0.596429 0.895735 0.596429 0.919431 0.610714 0.936019 0.642857 0.940758 0.746429 0.966825 0.828571 0.976303 0.925000 0.997630 0.928571 1.000000 0.485714 0.957346 0.453571 0.938389 0.353571 0.921801 0.332143 0.907583 0.257143 0.900474 0.250000
0 0.867299 0.600000 0.850711 0.617857 0.845972 0.653571 0.831754 0.685714 0.824645 0.725000 0.845972 0.782143 0.838863 0.828571 0.855450 0.925000 0.969194 0.928571 0.969194 0.853571 0.959716 0.803571 0.938389 0.742857 0.933649 0.635714 0.914692 0.607143
0 0.706161 0.050000 0.689573 0.060714 0.680095 0.078571 0.670616 0.135714 0.646919 0.182143 0.639810 0.239286 0.594787 0.357143 0.585308 0.417857 0.632701 0.492857 0.656398 0.553571 0.675355 0.546429 0.701422 0.560714 0.741706 0.564286 0.744076 0.517857 0.751185 0.514286 0.779621 0.564286 0.781991 0.585714 0.796209 0.614286 0.798578 0.646429 0.789100 0.689286 0.798578 0.707143 0.812796 0.714286 0.829384 0.564286 0.829384 0.514286 0.805687 0.364286 0.803318 0.314286 0.796209 0.292857 0.796209 0.257143 0.789100 0.242857 0.789100 0.192857 0.774882 0.164286 0.774882 0.128571 0.765403 0.103571 0.763033 0.071429 0.748815 0.053571
0 0.665877 0.550000 0.658768 0.560714 0.661137 0.585714 0.665877 0.592857 0.691943 0.596429 0.708531 0.632143 0.699052 0.657143 0.670616 0.657143 0.646919 0.671429 0.632701 0.714286 0.635071 0.760714 0.625592 0.778571 0.623223 0.810714 0.642180 0.850000 0.661137 0.921429 0.703791 0.928571 0.853081 0.925000 0.848341 0.871429 0.836493 0.832143 0.843602 0.771429 0.829384 0.739286 0.786730 0.692857 0.786730 0.675000 0.798578 0.639286 0.789100 0.596429 0.763033 0.571429 0.718009 0.567857
0 0.469194 0.585714 0.459716 0.607143 0.459716 0.632143 0.450237 0.657143 0.445498 0.692857 0.421801 0.725000 0.407583 0.764286 0.412322 0.850000 0.405213 0.921429 0.409953 0.928571 0.651659 0.925000 0.649289 0.892857 0.623223 0.814286 0.594787 0.760714 0.559242 0.710714 0.542654 0.596429 0.518957 0.575000 0.485782 0.575000
0 0.518957 0.235714 0.473934 0.232143 0.452607 0.242857 0.440758 0.271429 0.440758 0.300000 0.428910 0.328571 0.424171 0.375000 0.383886 0.421429 0.364929 0.467857 0.367299 0.507143 0.386256 0.564286 0.386256 0.739286 0.393365 0.860714 0.400474 0.885714 0.405213 0.885714 0.409953 0.842857 0.407583 0.753571 0.445498 0.692857 0.462085 0.596429 0.481043 0.575000 0.521327 0.575000 0.545024 0.600000 0.547393 0.646429 0.561611 0.678571 0.563981 0.714286 0.611374 0.789286 0.618483 0.789286 0.630332 0.750000 0.616114 0.750000 0.597156 0.710714 0.580569 0.635714 0.582938 0.621429 0.597156 0.617857 0.616114 0.635714 0.625592 0.660714 0.627962 0.696429 0.665877 0.653571 0.665877 0.621429 0.658768 0.603571 0.656398 0.567857 0.639810 0.517857 0.594787 0.435714 0.556872 0.385714 0.554502 0.339286 0.540284 0.310714 0.537915 0.260714
0 0.300948 0.003571 0.281991 0.014286 0.267773 0.039286 0.267773 0.075000 0.279621 0.096429 0.272512 0.185714 0.234597 0.282143 0.229858 0.314286 0.286730 0.314286 0.322275 0.335714 0.327014 0.357143 0.303318 0.389286 0.303318 0.410714 0.324645 0.442857 0.329384 0.478571 0.353081 0.500000 0.362559 0.500000 0.360190 0.478571 0.367299 0.453571 0.421801 0.371429 0.438389 0.292857 0.390995 0.167857 0.388626 0.107143 0.400474 0.075000 0.398104 0.035714 0.390995 0.021429 0.372038 0.007143 0.345972 0.000000
0 0.222749 0.317857 0.218009 0.335714 0.246445 0.357143 0.274882 0.403571 0.255924 0.432143 0.248815 0.460714 0.220379 0.475000 0.203791 0.503571 0.201422 0.550000 0.210900 0.635714 0.215640 0.771429 0.222749 0.771429 0.232227 0.728571 0.251185 0.710714 0.270142 0.707143 0.289100 0.717857 0.300948 0.739286 0.319905 0.817857 0.360190 0.871429 0.381517 0.917857 0.388626 0.917857 0.393365 0.885714 0.383886 0.757143 0.383886 0.557143 0.364929 0.514286 0.327014 0.475000 0.322275 0.435714 0.298578 0.403571 0.322275 0.367857 0.327014 0.342857 0.310427 0.325000 0.279621 0.314286
0 0.227488 0.735714 0.218009 0.814286 0.189573 0.878571 0.189573 0.925000 0.376777 0.925000 0.362559 0.878571 0.317536 0.817857 0.298578 0.735714 0.289100 0.717857 0.251185 0.710714
0 0.052133 0.785714 0.047393 0.803571 0.049763 0.835714 0.033175 0.871429 0.045024 0.928571 0.156398 0.925000 0.156398 0.878571 0.116114 0.817857 0.109005 0.775000 0.078199 0.764286
0 0.037915 0.375000 0.016588 0.400000 0.016588 0.450000 0.000000 0.475000 0.000000 0.714286 0.009479 0.796429 0.014218 0.803571 0.011848 0.846429 0.016588 0.885714 0.037915 0.907143 0.030806 0.871429 0.047393 0.839286 0.049763 0.792857 0.071090 0.767857 0.092417 0.764286 0.113744 0.785714 0.118483 0.821429 0.154028 0.871429 0.158768 0.892857 0.168246 0.896429 0.187204 0.871429 0.194313 0.850000 0.172986 0.603571 0.170616 0.489286 0.156398 0.467857 0.116114 0.432143 0.111374 0.392857 0.099526 0.375000 0.082938 0.367857
0 0.000000 0.096429 0.000000 0.125000 0.023697 0.117857 0.042654 0.146429 0.054502 0.150000 0.066351 0.175000 0.045024 0.207143 0.042654 0.250000 0.000000 0.296429 0.000000 0.360714 0.009479 0.435714 0.014218 0.439286 0.011848 0.414286 0.028436 0.382143 0.054502 0.367857 0.087678 0.367857 0.109005 0.389286 0.120853 0.435714 0.170616 0.489286 0.180095 0.682143 0.187204 0.732143 0.191943 0.735714 0.206161 0.685714 0.196682 0.542857 0.201422 0.457143 0.177725 0.282143 0.161137 0.260714 0.130332 0.242857 0.113744 0.196429 0.087678 0.175000 0.087678 0.157143 0.104265 0.132143 0.099526 0.085714 0.085308 0.075000 0.059242 0.075000 0.028436 0.092857
