0 0.130769 0.000000 0.123846 0.003756 0.121538 0.007512 0.105385 0.015962 0.095385 0.030986 0.090769 0.067606 0.085385 0.076056 0.079231 0.079812 0.064615 0.109859 0.060000 0.126761 0.060000 0.135211 0.061538 0.138967 0.074615 0.142723 0.084615 0.149296 0.093077 0.158685 0.096154 0.168075 0.106923 0.184977 0.130769 0.198122 0.138462 0.204695 0.155385 0.228169 0.165385 0.253521 0.170000 0.254460 0.174615 0.231925 0.183077 0.215023 0.201538 0.197183 0.220000 0.190610 0.226154 0.185915 0.226923 0.175587 0.233846 0.151174 0.246923 0.123005 0.248462 0.116432 0.247692 0.107042 0.230000 0.073239 0.217692 0.060094 0.196154 0.046948 0.186154 0.019718 0.178462 0.009390 0.163077 0.000000
0 0.306923 0.043192 0.290000 0.049765 0.282308 0.056338 0.275385 0.066667 0.266923 0.101408 0.250769 0.120188 0.243846 0.132394 0.235385 0.153991 0.230000 0.172770 0.229231 0.185915 0.233077 0.189671 0.253077 0.192488 0.272308 0.202817 0.276154 0.209390 0.283077 0.230986 0.290000 0.240376 0.304615 0.249765 0.319231 0.263850 0.334615 0.289202 0.344615 0.322066 0.351538 0.367136 0.353077 0.395305 0.360000 0.427230 0.361538 0.497653 0.373077 0.509859 0.375385 0.502347 0.381538 0.498592 0.382308 0.412207 0.384615 0.377465 0.386154 0.373709 0.386154 0.347418 0.384615 0.332394 0.383077 0.330516 0.384615 0.327700 0.384615 0.314554 0.388462 0.310798 0.392308 0.254460 0.397692 0.235681 0.406923 0.213146 0.420769 0.188732 0.421538 0.176526 0.420000 0.161502 0.413077 0.138967 0.405385 0.125822 0.388462 0.107042 0.374615 0.096714 0.366154 0.068545 0.358462 0.056338 0.340769 0.044131 0.326154 0.041315
0 0.491538 0.000000 0.483846 0.021596 0.468462 0.034742 0.456923 0.056338 0.446154 0.094836 0.443846 0.127700 0.445385 0.130516 0.448462 0.130516 0.460769 0.118310 0.478462 0.110798 0.506154 0.111737 0.520769 0.118310 0.530000 0.125822 0.536923 0.136150 0.546923 0.167136 0.568462 0.186854 0.577692 0.199061 0.582308 0.208451 0.588462 0.231925 0.590000 0.262911 0.592308 0.271362 0.596923 0.261972 0.603077 0.231925 0.603077 0.221596 0.608462 0.216901 0.609231 0.205634 0.617692 0.200939 0.623077 0.180282 0.623846 0.138028 0.622308 0.106103 0.616154 0.059155 0.605385 0.043192 0.591538 0.032864 0.582308 0.000000
0 0.206923 0.621596 0.188462 0.632864 0.180000 0.642254 0.172308 0.657277 0.166154 0.700469 0.156923 0.719249 0.152308 0.733333 0.149231 0.737089 0.145385 0.750235 0.145385 0.777465 0.147692 0.781221 0.170000 0.780282 0.184615 0.783099 0.200000 0.792488 0.210769 0.804695 0.221538 0.821596 0.228462 0.828169 0.239231 0.832864 0.255385 0.846009 0.264615 0.858216 0.271538 0.876995 0.275385 0.880751 0.279231 0.876995 0.280769 0.868545 0.283846 0.862911 0.295385 0.849765 0.300769 0.840376 0.301538 0.813146 0.305385 0.790610 0.320769 0.749296 0.321538 0.736150 0.323077 0.733333 0.320769 0.704225 0.312308 0.686385 0.300000 0.674178 0.286923 0.668545 0.282308 0.662911 0.273077 0.643192 0.258462 0.626291 0.244615 0.619718 0.233077 0.616901 0.218462 0.617840
0 0.084615 0.908920 0.084615 0.913615 0.263077 0.914554 0.267692 0.911737 0.270000 0.905164 0.270769 0.891080 0.264615 0.862911 0.256154 0.848826 0.241538 0.836620 0.228462 0.830986 0.209231 0.803756 0.196154 0.790610 0.177692 0.782160 0.163077 0.781221 0.148462 0.783099 0.126154 0.796244 0.112308 0.813146 0.105385 0.832864 0.100000 0.872300 0.089231 0.892019
0 0.000000 0.744601 0.000000 0.914554 0.077692 0.913615 0.081538 0.905164 0.083846 0.892019 0.080000 0.882629 0.076923 0.856338 0.073077 0.847887 0.070000 0.829108 0.065385 0.818779 0.060769 0.800939 0.048462 0.782160 0.036923 0.773709 0.017692 0.765258 0.002308 0.744601
0 0.064615 0.576526 0.044615 0.583099 0.032308 0.590610 0.022308 0.600939 0.014615 0.615023 0.010000 0.636620 0.006923 0.684507 0.000000 0.687324 0.000000 0.739906 0.006154 0.745540 0.016923 0.762441 0.045385 0.777465 0.059231 0.794366 0.068462 0.816901 0.076154 0.847887 0.083846 0.865728 0.086923 0.879812 0.091538 0.881690 0.094615 0.869484 0.099231 0.861972 0.102308 0.831925 0.110000 0.812207 0.118462 0.800939 0.139231 0.784038 0.141538 0.779343 0.143077 0.752113 0.150000 0.731455 0.163077 0.702347 0.166923 0.681690 0.166923 0.665728 0.164615 0.657277 0.154615 0.642254 0.126923 0.625352 0.115385 0.603756 0.106154 0.591549 0.084615 0.578404
0 0.141538 0.444131 0.118462 0.458216 0.110000 0.467606 0.104615 0.476995 0.101538 0.486385 0.098462 0.522066 0.079231 0.563380 0.079231 0.572770 0.098462 0.583099 0.106154 0.589671 0.113846 0.599061 0.129231 0.624413 0.146923 0.633803 0.153846 0.639437 0.166923 0.657277 0.170769 0.658216 0.173077 0.650704 0.190769 0.629108 0.203077 0.621596 0.225385 0.612207 0.230000 0.596244 0.233077 0.591549 0.233077 0.587793 0.245385 0.560563 0.247692 0.552113 0.247692 0.542723 0.241538 0.521127 0.226154 0.502347 0.216154 0.498592 0.212308 0.494836 0.201538 0.470423 0.193846 0.458216 0.186154 0.451643 0.170769 0.444131
0 0.005385 0.393427 0.000000 0.394366 0.000000 0.580282 0.010000 0.586854 0.016154 0.594366 0.023077 0.596244 0.037692 0.584977 0.048462 0.579343 0.069231 0.572770 0.073077 0.569014 0.094615 0.522066 0.100769 0.484507 0.100769 0.472300 0.091538 0.458216 0.077692 0.446948 0.068462 0.443192 0.046154 0.405634 0.026154 0.394366
0 0.305385 0.477934 0.282308 0.485446 0.266923 0.498592 0.258462 0.516432 0.250000 0.560563 0.242308 0.571831 0.233077 0.596244 0.231538 0.612207 0.235385 0.615962 0.248462 0.619718 0.263846 0.629108 0.276154 0.646009 0.282308 0.660094 0.306923 0.677934 0.317692 0.692019 0.326154 0.708920 0.329231 0.708920 0.335385 0.705164 0.344615 0.688263 0.353077 0.678873 0.373846 0.665728 0.376923 0.661972 0.390000 0.619718 0.398462 0.599061 0.400769 0.585915 0.400769 0.573709 0.397692 0.562441 0.389231 0.547418 0.381538 0.538967 0.368462 0.530516 0.358462 0.505164 0.349231 0.492958 0.346923 0.492958 0.342308 0.486385 0.330769 0.480751 0.320000 0.477934
0 0.456154 0.522066 0.431538 0.532394 0.423077 0.540845 0.416923 0.552113 0.412308 0.567136 0.406923 0.576526 0.401538 0.598122 0.384615 0.641315 0.381538 0.661972 0.384615 0.664789 0.404615 0.665728 0.420000 0.672300 0.427692 0.677934 0.437692 0.689202 0.452308 0.716432 0.475385 0.737089 0.483077 0.749296 0.486154 0.760563 0.490000 0.764319 0.500769 0.753991 0.509231 0.738028 0.519231 0.725822 0.536154 0.709859 0.550000 0.654460 0.550000 0.622535 0.544615 0.599061 0.536923 0.586854 0.523077 0.574648 0.516923 0.561502 0.514615 0.552113 0.506923 0.539906 0.498462 0.531455 0.486923 0.528638 0.483077 0.523944 0.468462 0.521127
0 0.442308 0.377465 0.429231 0.391549 0.423846 0.401878 0.420000 0.419718 0.407692 0.445070 0.405385 0.457277 0.398462 0.472300 0.391538 0.494836 0.391538 0.543662 0.403077 0.571831 0.405385 0.572770 0.409231 0.569014 0.416923 0.548357 0.431538 0.531455 0.446923 0.523005 0.468462 0.519249 0.490769 0.525822 0.503846 0.535211 0.513846 0.547418 0.516154 0.556808 0.523846 0.571831 0.533846 0.576526 0.539231 0.532394 0.546923 0.499531 0.550000 0.476056 0.550000 0.458216 0.544615 0.442254 0.536923 0.433803 0.531538 0.430986 0.516154 0.391549 0.506154 0.379343 0.480000 0.369014 0.461538 0.369953
0 0.195385 0.203756 0.185385 0.214085 0.180000 0.223474 0.172308 0.257277 0.166154 0.267606 0.160769 0.283568 0.159231 0.309859 0.154615 0.325822 0.150000 0.329577 0.142308 0.344601 0.137692 0.384977 0.138462 0.440376 0.174615 0.441315 0.186154 0.447887 0.203077 0.467606 0.212308 0.490141 0.220769 0.498592 0.225385 0.499531 0.232308 0.505164 0.247692 0.526761 0.251538 0.525822 0.256154 0.519249 0.261538 0.504225 0.270000 0.492958 0.280769 0.484507 0.293846 0.477934 0.306154 0.475117 0.326923 0.476056 0.353846 0.490141 0.356154 0.483568 0.356923 0.442254 0.351538 0.402817 0.350000 0.374648 0.339231 0.309859 0.335385 0.296714 0.326154 0.276056 0.310769 0.257277 0.303077 0.250704 0.293846 0.246948 0.286154 0.238498 0.281538 0.230986 0.272308 0.205634 0.266923 0.200939 0.247692 0.192488 0.221538 0.191549 0.206154 0.197183
0 0.033846 0.143662 0.017692 0.152113 0.000000 0.169953 0.000000 0.392488 0.021538 0.391549 0.033077 0.395305 0.045385 0.402817 0.053846 0.414085 0.065385 0.436620 0.090769 0.453521 0.100769 0.466667 0.104615 0.468545 0.108462 0.466667 0.112308 0.460094 0.130000 0.444131 0.132308 0.437559 0.131538 0.423474 0.133846 0.413146 0.135385 0.365258 0.138462 0.356808 0.140000 0.336150 0.154615 0.317371 0.157692 0.297653 0.157692 0.286385 0.163077 0.268545 0.163077 0.253521 0.154615 0.230986 0.148462 0.219718 0.135385 0.204695 0.114615 0.191549 0.108462 0.191549 0.102308 0.184038 0.091538 0.159624 0.083077 0.150235 0.071538 0.143662 0.057692 0.139906
0 0.518462 0.118310 0.503846 0.112676 0.482308 0.111737 0.463846 0.117371 0.453077 0.124883 0.446154 0.133333 0.433077 0.178404 0.422308 0.189671 0.413077 0.204695 0.399231 0.236620 0.395385 0.251643 0.391538 0.282629 0.389231 0.362441 0.386154 0.400000 0.387692 0.466667 0.391538 0.478873 0.396923 0.473239 0.404615 0.455399 0.407692 0.439437 0.417692 0.421596 0.423077 0.401878 0.427692 0.393427 0.440000 0.378404 0.463846 0.368075 0.482308 0.368075 0.505385 0.377465 0.515385 0.388732 0.520769 0.398122 0.526923 0.416901 0.533077 0.429108 0.545385 0.437559 0.547692 0.441315 0.551538 0.439437 0.555385 0.409390 0.563077 0.376526 0.574615 0.338967 0.584615 0.321127 0.586923 0.312676 0.589231 0.280751 0.586923 0.230047 0.584615 0.217840 0.577692 0.200939 0.566923 0.186854 0.545385 0.168075 0.536923 0.138028 0.528462 0.125822
0 0.985385 0.895775 0.983077 0.882629 0.977692 0.875117 0.971538 0.861033 0.966923 0.841315 0.960000 0.829108 0.950769 0.817840 0.929231 0.804695 0.913846 0.800939 0.900769 0.800939 0.884615 0.805634 0.876923 0.810329 0.856154 0.832864 0.844615 0.837559 0.835385 0.846948 0.829231 0.857277 0.822308 0.878873 0.816154 0.912676 0.817692 0.914554 0.833846 0.915493 0.983077 0.913615 0.984615 0.911737
0 0.940000 0.641315 0.923077 0.650704 0.904615 0.673239 0.894615 0.676995 0.883846 0.684507 0.876154 0.696714 0.868462 0.728638 0.863846 0.770892 0.860769 0.783099 0.860769 0.816901 0.865385 0.819718 0.876923 0.809390 0.897692 0.800000 0.913846 0.799061 0.928462 0.802817 0.950769 0.815962 0.966154 0.837559 0.972308 0.858216 0.978462 0.863850 0.988462 0.863850 1.000000 0.860094 1.000000 0.659155 0.973846 0.642254 0.963846 0.640376
0 0.807692 0.856338 0.803846 0.848826 0.802308 0.839437 0.786154 0.818779 0.778462 0.796244 0.761538 0.775587 0.749231 0.768075 0.736154 0.764319 0.719231 0.763380 0.704615 0.766197 0.689231 0.775587 0.653846 0.819718 0.650000 0.829108 0.641538 0.872300 0.633846 0.898592 0.633077 0.912676 0.799231 0.914554 0.803846 0.911737 0.807692 0.876056
0 0.531538 0.718310 0.520000 0.727700 0.508462 0.742723 0.506923 0.748357 0.493846 0.769953 0.486154 0.790610 0.469231 0.846009 0.468462 0.873239 0.471538 0.892019 0.477692 0.895775 0.506923 0.888263 0.533846 0.892019 0.544615 0.898592 0.558462 0.912676 0.567692 0.915493 0.615385 0.915493 0.622308 0.912676 0.630769 0.890141 0.646154 0.826291 0.646923 0.810329 0.641538 0.789671 0.630000 0.773709 0.616154 0.761502 0.606154 0.738967 0.588462 0.721127 0.564615 0.712676 0.548462 0.712676
0 0.611538 0.564319 0.597692 0.571831 0.586154 0.584038 0.569231 0.619718 0.560769 0.632864 0.547692 0.675117 0.543846 0.708920 0.567692 0.710798 0.592308 0.722066 0.608462 0.739906 0.618462 0.761502 0.630000 0.770892 0.643846 0.786854 0.653077 0.792488 0.666923 0.790610 0.673077 0.786854 0.679231 0.779343 0.694615 0.749296 0.699231 0.720188 0.689231 0.712676 0.689231 0.708920 0.684615 0.702347 0.684615 0.694836 0.686154 0.689202 0.690769 0.682629 0.700769 0.681690 0.705385 0.669484 0.704615 0.658216 0.706154 0.652582 0.702308 0.641315 0.687692 0.620657 0.680000 0.594366 0.670000 0.579343 0.646923 0.564319 0.636923 0.562441
0 0.774615 0.609390 0.766923 0.612207 0.752308 0.622535 0.742308 0.639437 0.736923 0.646009 0.727692 0.651643 0.720769 0.661033 0.712308 0.683568 0.710769 0.712676 0.706923 0.720188 0.703077 0.735211 0.700769 0.763380 0.706923 0.765258 0.716154 0.762441 0.733077 0.762441 0.756154 0.769953 0.773077 0.784977 0.780000 0.795305 0.783077 0.806573 0.789231 0.818779 0.810769 0.842254 0.810000 0.846009 0.816154 0.853521 0.826154 0.847887 0.838462 0.835681 0.843077 0.834742 0.850769 0.825352 0.852308 0.807512 0.859231 0.779343 0.861538 0.744601 0.866923 0.722066 0.866923 0.701408 0.858462 0.680751 0.853846 0.676056 0.843846 0.644131 0.835385 0.628169 0.820000 0.615962 0.810769 0.611268 0.800000 0.608451
0 0.651538 0.415023 0.636154 0.407512 0.621538 0.405634 0.605385 0.407512 0.595385 0.412207 0.579231 0.426291 0.568462 0.452582 0.556154 0.467606 0.547692 0.509859 0.540000 0.563380 0.540769 0.584038 0.546154 0.592488 0.551538 0.606573 0.556154 0.628169 0.560769 0.625352 0.562308 0.618779 0.576923 0.600939 0.580769 0.589671 0.588462 0.579343 0.596923 0.570892 0.610000 0.563380 0.619231 0.561502 0.647692 0.563380 0.654615 0.566197 0.670000 0.577465 0.676923 0.586854 0.681538 0.587793 0.683077 0.585915 0.686154 0.570892 0.693846 0.500469 0.686923 0.477934 0.680000 0.470423 0.676154 0.461972 0.669231 0.435681 0.660769 0.423474
0 0.808462 0.462911 0.790000 0.453521 0.780000 0.451643 0.766923 0.451643 0.751538 0.455399 0.736154 0.466667 0.727692 0.480751 0.725385 0.488263 0.703846 0.507981 0.697692 0.523944 0.693077 0.547418 0.688462 0.586854 0.688462 0.607512 0.694615 0.624413 0.715385 0.650704 0.720769 0.653521 0.733077 0.646009 0.740769 0.639437 0.752308 0.620657 0.766923 0.610329 0.778462 0.607512 0.795385 0.606573 0.809231 0.609390 0.826154 0.618779 0.832308 0.625352 0.838462 0.625352 0.841538 0.603756 0.841538 0.538967 0.838462 0.527700 0.829231 0.509859 0.828462 0.497653 0.823077 0.481690 0.818462 0.473239
0 0.963077 0.486385 0.935385 0.478873 0.923846 0.479812 0.909231 0.484507 0.898462 0.493897 0.891538 0.504225 0.887692 0.514554 0.880000 0.520188 0.876923 0.520188 0.862308 0.532394 0.853846 0.550235 0.850769 0.570892 0.850769 0.585915 0.845385 0.609390 0.845385 0.637559 0.853077 0.662911 0.870769 0.689202 0.873077 0.690141 0.880769 0.685446 0.892308 0.674178 0.904615 0.671362 0.924615 0.647887 0.939231 0.640376 0.950769 0.638498 0.973077 0.640376 0.983846 0.645070 0.993846 0.653521 1.000000 0.653521 1.000000 0.556808 0.996923 0.554930 0.993077 0.545540 0.990000 0.520188 0.983077 0.505164
0 0.610769 0.283568 0.594615 0.302347 0.590000 0.320188 0.584615 0.330516 0.579231 0.335211 0.574615 0.353991 0.571538 0.359624 0.569231 0.372770 0.563077 0.391549 0.560769 0.407512 0.559231 0.437559 0.557692 0.442254 0.558462 0.451643 0.561538 0.453521 0.567692 0.449765 0.578462 0.425352 0.588462 0.415023 0.597692 0.409390 0.616923 0.404695 0.636923 0.406573 0.652308 0.414085 0.664615 0.426291 0.670769 0.434742 0.673077 0.449765 0.678462 0.464789 0.686154 0.471362 0.690769 0.479812 0.694615 0.481690 0.700769 0.466667 0.703077 0.438498 0.710000 0.407512 0.711538 0.364319 0.708462 0.353991 0.702308 0.340845 0.695385 0.334272 0.690000 0.321127 0.686923 0.304225 0.683846 0.298592 0.667692 0.282629 0.651538 0.276995 0.631538 0.276056 0.619231 0.278873
0 0.760000 0.323005 0.750000 0.332394 0.743846 0.342723 0.739231 0.356808 0.729231 0.365258 0.719231 0.380282 0.713077 0.406573 0.705385 0.454460 0.703077 0.499531 0.703846 0.501408 0.708462 0.501408 0.725385 0.486385 0.729231 0.475117 0.737692 0.463850 0.744615 0.458216 0.760769 0.451643 0.778462 0.449765 0.801538 0.457277 0.817692 0.471362 0.826923 0.487324 0.830000 0.510798 0.832308 0.514554 0.839231 0.517371 0.842308 0.509859 0.845385 0.486385 0.847692 0.482629 0.850000 0.469484 0.854615 0.420657 0.854615 0.400939 0.850769 0.390610 0.843846 0.381221 0.836923 0.349296 0.828462 0.340845 0.825385 0.332394 0.816154 0.327700 0.810000 0.319249 0.793077 0.315493 0.781538 0.315493
0 0.966923 0.489202 0.959231 0.484507 0.936154 0.478873 0.920769 0.480751 0.907692 0.485446 0.898462 0.493897 0.886154 0.515493 0.868462 0.526761 0.860000 0.536150 0.853077 0.553052 0.850769 0.584977 0.845385 0.608451 0.844615 0.629108 0.845385 0.638498 0.853846 0.662911 0.864615 0.681690 0.871538 0.689202 0.879231 0.686385 0.893077 0.674178 0.904615 0.671362 0.924615 0.647887 0.939231 0.640376 0.949231 0.638498 0.971538 0.640376 0.982308 0.644131 0.993077 0.653521 1.000000 0.653521 1.000000 0.556808 0.996154 0.553991 0.993077 0.546479 0.990769 0.524883 0.983077 0.505164
0 0.966923 0.344601 0.943077 0.337089 0.924615 0.338028 0.907692 0.346479 0.899231 0.356808 0.890000 0.375587 0.882308 0.383099 0.876923 0.384977 0.867692 0.395305 0.859231 0.421596 0.848462 0.502347 0.848462 0.534272 0.851538 0.538967 0.856923 0.538028 0.859231 0.532394 0.868462 0.523944 0.884615 0.515493 0.890769 0.507042 0.893077 0.499531 0.906154 0.485446 0.916923 0.479812 0.928462 0.476995 0.950000 0.478873 0.964615 0.485446 0.983077 0.502347 0.989231 0.516432 0.993846 0.516432 0.995385 0.514554 0.997692 0.504225 1.000000 0.502347 1.000000 0.418779 0.996154 0.415023 0.992308 0.390610 0.989231 0.381221 0.990000 0.376526 0.985385 0.368075 0.983846 0.360563
0 0.650000 0.159624 0.633846 0.172770 0.626154 0.187793 0.618462 0.215023 0.609231 0.236620 0.606923 0.246948 0.603077 0.252582 0.596923 0.289202 0.599231 0.292019 0.610769 0.281690 0.631538 0.274178 0.652308 0.275117 0.670000 0.282629 0.685385 0.299531 0.696154 0.332394 0.711538 0.353991 0.714615 0.361502 0.717692 0.363380 0.727692 0.315493 0.730000 0.311737 0.734615 0.284507 0.736923 0.279812 0.738462 0.250704 0.734615 0.233803 0.723846 0.216901 0.719231 0.189671 0.716154 0.181221 0.701538 0.164319 0.693077 0.159624 0.678462 0.155869 0.663846 0.155869
0 0.783077 0.202817 0.770000 0.219718 0.747692 0.264789 0.735385 0.314554 0.735385 0.349296 0.736923 0.350235 0.740769 0.346479 0.750769 0.328638 0.760769 0.321127 0.783077 0.312676 0.795385 0.313615 0.803077 0.311737 0.804615 0.314554 0.817692 0.319249 0.828462 0.328638 0.830000 0.334272 0.840769 0.350235 0.846154 0.378404 0.853077 0.389671 0.858462 0.389671 0.862308 0.379343 0.866154 0.374648 0.866923 0.352113 0.868462 0.347418 0.867692 0.318310 0.873077 0.315493 0.874615 0.311737 0.875385 0.297653 0.874615 0.276056 0.866154 0.260094 0.858462 0.223474 0.843846 0.204695 0.826923 0.196244 0.805385 0.194366 0.796154 0.196244 0.786154 0.202817
0 0.940000 0.215962 0.924615 0.227230 0.916154 0.241315 0.912308 0.251643 0.905385 0.261033 0.895385 0.266667 0.891538 0.271362 0.886923 0.284507 0.884615 0.298592 0.883846 0.342723 0.885385 0.346479 0.879231 0.359624 0.876923 0.374648 0.880000 0.378404 0.887692 0.375587 0.890000 0.368075 0.896923 0.360563 0.898462 0.355869 0.908462 0.344601 0.916923 0.339906 0.930769 0.335211 0.950000 0.336150 0.970000 0.344601 0.983077 0.356808 0.993846 0.377465 0.994615 0.389671 0.998462 0.404695 0.997692 0.409390 1.000000 0.409390 1.000000 0.230047 0.983846 0.218779 0.970000 0.215023 0.962308 0.210329
0 0.680000 0.047887 0.672308 0.052582 0.661538 0.063850 0.656923 0.073239 0.652308 0.092019 0.649231 0.095775 0.646154 0.106103 0.641538 0.111737 0.633077 0.142723 0.630000 0.160563 0.630000 0.173709 0.651538 0.157746 0.663846 0.154930 0.688462 0.156808 0.700000 0.162441 0.716923 0.181221 0.726154 0.221596 0.734615 0.230047 0.740000 0.245070 0.743077 0.249765 0.745385 0.249765 0.749231 0.245070 0.753846 0.221596 0.756154 0.216901 0.755385 0.213146 0.762308 0.153991 0.761538 0.126761 0.749231 0.102347 0.745385 0.079812 0.741538 0.067606 0.733077 0.058216 0.723846 0.051643 0.711538 0.046948 0.688462 0.046009
0 0.842308 0.078873 0.836154 0.083568 0.821538 0.087324 0.813077 0.093897 0.806923 0.103286 0.796154 0.129577 0.790000 0.135211 0.782308 0.148357 0.778462 0.169953 0.774615 0.180282 0.771538 0.208451 0.775385 0.208451 0.793077 0.196244 0.812308 0.192488 0.825385 0.194366 0.843077 0.202817 0.857692 0.218779 0.867692 0.255399 0.873846 0.265728 0.876923 0.276056 0.881538 0.280751 0.889231 0.273239 0.899231 0.256338 0.907692 0.185915 0.906923 0.165258 0.905385 0.158685 0.898462 0.150235 0.893846 0.117371 0.889231 0.106103 0.880000 0.094836 0.863077 0.085446 0.853077 0.083568 0.847692 0.078873
0 0.363846 0.673239 0.345385 0.689202 0.340769 0.700469 0.336923 0.705164 0.326923 0.745540 0.313846 0.774648 0.306154 0.800000 0.304615 0.833803 0.310000 0.839437 0.331538 0.834742 0.357692 0.837559 0.371538 0.845070 0.375385 0.850704 0.380000 0.853521 0.389231 0.865728 0.391538 0.873239 0.396923 0.877934 0.398462 0.882629 0.421538 0.899531 0.430769 0.912676 0.452308 0.913615 0.460769 0.905164 0.463077 0.897653 0.464615 0.859155 0.469231 0.830986 0.476923 0.811268 0.476923 0.806573 0.483846 0.784977 0.484615 0.767136 0.481538 0.752113 0.465385 0.729577 0.455385 0.723005 0.450000 0.716432 0.437692 0.690141 0.420000 0.673239 0.409231 0.668545 0.395385 0.665728 0.380000 0.666667
