1 0.926471 0.130350 0.888889 0.126459 0.875817 0.132296 0.867647 0.167315 0.866013 0.206226 0.841503 0.313230 0.825163 0.356031 0.782680 0.431907 0.766340 0.474708 0.751634 0.577821 0.753268 0.595331 0.761438 0.616732 0.754902 0.669261 0.756536 0.692607 0.748366 0.708171 0.743464 0.747082 0.756536 0.764591 0.784314 0.780156 0.805556 0.784047 0.830065 0.782101 0.851307 0.772374 0.861111 0.760700 0.875817 0.717899 0.913399 0.562257 0.921569 0.515564 0.921569 0.451362 0.908497 0.371595 0.908497 0.326848 0.923203 0.212062 0.933007 0.184825 0.936275 0.163424 0.936275 0.138132
1 0.120915 0.157588 0.111111 0.167315 0.116013 0.221790 0.125817 0.252918 0.135621 0.359922 0.133987 0.420233 0.116013 0.531128 0.117647 0.579767 0.163399 0.811284 0.169935 0.828794 0.181373 0.844358 0.200980 0.856031 0.217320 0.859922 0.246732 0.857977 0.277778 0.842412 0.292484 0.828794 0.303922 0.811284 0.308824 0.787938 0.305556 0.735409 0.297386 0.698444 0.294118 0.645914 0.281046 0.570039 0.279412 0.538911 0.264706 0.494163 0.251634 0.470817 0.248366 0.453307 0.235294 0.431907 0.210784 0.361868 0.189542 0.252918 0.187908 0.208171 0.179739 0.163424 0.168301 0.153696
1 0.261438 0.071984 0.230392 0.071984 0.222222 0.075875 0.218954 0.083658 0.228758 0.175097 0.230392 0.231518 0.210784 0.266537 0.205882 0.282101 0.204248 0.307393 0.217320 0.375486 0.235294 0.422179 0.241830 0.414397 0.258170 0.336576 0.259804 0.243191 0.250000 0.124514 0.254902 0.114786 0.266340 0.110895 0.269608 0.103113 0.267974 0.085603
1 0.266340 0.110895 0.251634 0.118677 0.250000 0.134241 0.259804 0.223735 0.261438 0.309339 0.256536 0.352140 0.243464 0.402724 0.240196 0.429961 0.264706 0.482490 0.281046 0.529183 0.290850 0.587549 0.303922 0.719844 0.307190 0.727626 0.318627 0.727626 0.320261 0.708171 0.313725 0.671206 0.310458 0.616732 0.305556 0.599222 0.305556 0.564202 0.318627 0.533074 0.321895 0.513619 0.323529 0.406615 0.320261 0.350195 0.331699 0.334630 0.331699 0.321012 0.312092 0.219844 0.305556 0.120623 0.295752 0.110895
1 0.356209 0.334630 0.336601 0.336576 0.328431 0.340467 0.321895 0.350195 0.326797 0.433852 0.325163 0.500000 0.321895 0.529183 0.313725 0.542802 0.307190 0.566148 0.330065 0.785992 0.334967 0.785992 0.343137 0.772374 0.349673 0.735409 0.362745 0.717899 0.383987 0.704280 0.419935 0.700389 0.423203 0.694553 0.419935 0.558366 0.395425 0.503891 0.375817 0.385214 0.374183 0.344358
1 0.421569 0.079767 0.388889 0.079767 0.382353 0.087549 0.385621 0.208171 0.382353 0.250973 0.367647 0.321012 0.367647 0.334630 0.374183 0.340467 0.379085 0.361868 0.379085 0.385214 0.392157 0.463035 0.397059 0.463035 0.424837 0.252918 0.428105 0.091440
1 0.455882 0.163424 0.431373 0.167315 0.426471 0.182879 0.426471 0.254864 0.397059 0.461089 0.398693 0.507782 0.423203 0.564202 0.426471 0.659533 0.436275 0.638132 0.460784 0.554475 0.464052 0.529183 0.464052 0.455253 0.482026 0.435798 0.506536 0.435798 0.508170 0.429961 0.478758 0.237354 0.478758 0.175097 0.470588 0.165370
1 0.483660 0.437743 0.472222 0.443580 0.467320 0.451362 0.465686 0.544747 0.429739 0.659533 0.428105 0.696498 0.452614 0.729572 0.475490 0.801556 0.473856 0.854086 0.482026 0.859922 0.500000 0.859922 0.519608 0.852140 0.524510 0.844358 0.532680 0.760700 0.552288 0.719844 0.553922 0.688716 0.547386 0.651751 0.531046 0.599222 0.521242 0.542802 0.521242 0.523346 0.516340 0.509728 0.521242 0.476654 0.519608 0.453307 0.506536 0.437743
1 0.575163 0.085603 0.542484 0.085603 0.535948 0.093385 0.527778 0.239300 0.521242 0.256809 0.501634 0.287938 0.495098 0.311284 0.509804 0.429961 0.524510 0.461089 0.522876 0.513619 0.532680 0.554475 0.540850 0.453307 0.550654 0.416342 0.576797 0.354086 0.591503 0.285992 0.578431 0.229572 0.581699 0.095331
1 0.753268 0.091440 0.712418 0.093385 0.705882 0.103113 0.702614 0.161479 0.686275 0.268482 0.661765 0.334630 0.663399 0.369650 0.678105 0.429961 0.684641 0.482490 0.692810 0.455253 0.699346 0.406615 0.707516 0.391051 0.720588 0.385214 0.748366 0.389105 0.759804 0.398833 0.766340 0.396887 0.764706 0.367704 0.746732 0.285992 0.751634 0.161479 0.758170 0.116732 0.758170 0.101167
1 0.732026 0.387160 0.710784 0.389105 0.702614 0.396887 0.673203 0.562257 0.656863 0.591440 0.648693 0.618677 0.645425 0.657588 0.642157 0.661479 0.637255 0.657588 0.637255 0.663424 0.642157 0.667315 0.637255 0.677043 0.638889 0.710117 0.663399 0.750973 0.669935 0.789883 0.669935 0.828794 0.683007 0.834630 0.717320 0.826848 0.732026 0.805447 0.738562 0.770428 0.745098 0.688716 0.756536 0.642023 0.756536 0.612840 0.746732 0.579767 0.761438 0.406615 0.753268 0.392996
3 0.405229 0.702335 0.379085 0.708171 0.352941 0.729572 0.343137 0.776265 0.333333 0.793774 0.333333 0.828794 0.359477 0.939689 0.369281 0.951362 0.385621 0.961089 0.418301 0.963035 0.444444 0.951362 0.462418 0.928016 0.470588 0.883268 0.473856 0.809339 0.467320 0.774319 0.446078 0.723735 0.426471 0.704280
3 0.580065 0.710117 0.555556 0.719844 0.549020 0.727626 0.532680 0.772374 0.524510 0.869650 0.526144 0.908560 0.535948 0.929961 0.562092 0.951362 0.581699 0.957198 0.611111 0.957198 0.637255 0.943580 0.653595 0.918288 0.668301 0.793774 0.661765 0.752918 0.655229 0.739300 0.642157 0.725681 0.607843 0.710117
