2 0.015385 0.742857 0.013462 0.785714 0.000000 0.825000 0.000000 0.875000 0.007692 0.925000 0.192308 0.925000 0.190385 0.853571 0.196154 0.800000 0.171154 0.710714 0.153846 0.685714 0.132692 0.671429 0.069231 0.678571 0.038462 0.700000
2 0.209615 0.753571 0.192308 0.850000 0.194231 0.917857 0.198077 0.928571 0.388462 0.925000 0.388462 0.817857 0.367308 0.735714 0.346154 0.703571 0.313462 0.685714 0.259615 0.692857 0.234615 0.710714
2 0.105769 0.525000 0.078846 0.503571 0.044231 0.503571 0.000000 0.528571 0.000000 0.735714 0.013462 0.739286 0.034615 0.703571 0.069231 0.675000 0.126923 0.667857 0.130769 0.660714 0.132692 0.625000 0.128846 0.596429
2 0.286538 0.539286 0.263462 0.517857 0.234615 0.510714 0.203846 0.517857 0.175000 0.535714 0.150000 0.567857 0.134615 0.667857 0.161538 0.692857 0.178846 0.739286 0.192308 0.753571 0.209615 0.750000 0.232692 0.710714 0.255769 0.692857 0.309615 0.682143 0.311538 0.628571
2 0.394231 0.835714 0.394231 0.921429 0.398077 0.928571 0.586538 0.928571 0.590385 0.921429 0.592308 0.839286 0.571154 0.742857 0.546154 0.703571 0.523077 0.689286 0.475000 0.685714 0.436538 0.707143 0.415385 0.742857
2 0.598077 0.839286 0.598077 0.907143 0.603846 0.928571 0.796154 0.925000 0.798077 0.857143 0.780769 0.764286 0.757692 0.721429 0.715385 0.696429 0.686538 0.692857 0.644231 0.710714 0.625000 0.739286
2 0.798077 0.842857 0.801923 0.921429 0.807692 0.928571 0.988462 0.928571 0.998077 0.896429 0.996154 0.860714 0.984615 0.810714 0.982692 0.771429 0.959615 0.728571 0.942308 0.710714 0.919231 0.700000 0.867308 0.696429 0.842308 0.710714 0.828846 0.728571
2 0.438462 0.517857 0.384615 0.514286 0.342308 0.546429 0.328846 0.578571 0.326923 0.610714 0.315385 0.650000 0.315385 0.682143 0.353846 0.710714 0.386538 0.782143 0.403846 0.782143 0.415385 0.739286 0.434615 0.707143 0.457692 0.689286 0.492308 0.682143 0.496154 0.650000 0.475000 0.557143 0.461538 0.535714
2 0.540385 0.532143 0.523077 0.550000 0.515385 0.567857 0.513462 0.596429 0.500000 0.639286 0.498077 0.667857 0.501923 0.682143 0.530769 0.689286 0.557692 0.714286 0.578846 0.760714 0.588462 0.767857 0.590385 0.782143 0.596154 0.764286 0.615385 0.764286 0.642308 0.710714 0.675000 0.689286 0.675000 0.646429 0.665385 0.610714 0.663462 0.578571 0.648077 0.546429 0.632692 0.532143 0.594231 0.517857
2 0.717308 0.539286 0.700000 0.567857 0.680769 0.646429 0.678846 0.671429 0.684615 0.692857 0.711538 0.692857 0.748077 0.710714 0.761538 0.725000 0.792308 0.782143 0.798077 0.771429 0.811538 0.767857 0.830769 0.725000 0.861538 0.692857 0.861538 0.671429 0.850000 0.628571 0.848077 0.600000 0.826923 0.553571 0.778846 0.525000 0.748077 0.525000
2 0.894231 0.553571 0.871154 0.621429 0.867308 0.646429 0.869231 0.689286 0.936538 0.703571 0.965385 0.735714 0.984615 0.771429 1.000000 0.767857 1.000000 0.553571 0.963462 0.532143 0.923077 0.532143
2 1.000000 0.389286 0.963462 0.400000 0.946154 0.425000 0.926923 0.492857 0.930769 0.528571 0.955769 0.528571 1.000000 0.546429
2 0.784615 0.414286 0.761538 0.489286 0.759615 0.517857 0.792308 0.528571 0.826923 0.553571 0.853846 0.607143 0.873077 0.607143 0.896154 0.550000 0.923077 0.528571 0.923077 0.503571 0.913462 0.450000 0.903846 0.428571 0.882692 0.407143 0.828846 0.389286 0.798077 0.400000
2 0.588462 0.492857 0.588462 0.514286 0.617308 0.521429 0.642308 0.539286 0.671154 0.596429 0.690385 0.596429 0.709615 0.546429 0.723077 0.532143 0.750000 0.525000 0.753846 0.517857 0.742308 0.446429 0.730769 0.414286 0.701923 0.392857 0.673077 0.382143 0.642308 0.385714 0.615385 0.403571 0.607692 0.417857
2 0.419231 0.492857 0.423077 0.514286 0.442308 0.517857 0.459615 0.532143 0.490385 0.589286 0.509615 0.585714 0.525000 0.546429 0.542308 0.528571 0.582692 0.510714 0.571154 0.432143 0.559615 0.403571 0.530769 0.382143 0.505769 0.375000 0.461538 0.385714 0.440385 0.407143 0.432692 0.425000
2 0.388462 0.396429 0.367308 0.378571 0.346154 0.371429 0.317308 0.375000 0.284615 0.392857 0.263462 0.421429 0.259615 0.457143 0.250000 0.489286 0.250000 0.510714 0.282692 0.532143 0.296154 0.560714 0.300000 0.582143 0.325000 0.585714 0.353846 0.532143 0.378846 0.514286 0.409615 0.510714 0.413462 0.503571 0.398077 0.414286
2 0.226923 0.403571 0.205769 0.378571 0.190385 0.371429 0.163462 0.371429 0.126923 0.385714 0.103846 0.407143 0.094231 0.428571 0.082692 0.500000 0.103846 0.521429 0.125000 0.578571 0.142308 0.582143 0.159615 0.550000 0.176923 0.532143 0.205769 0.514286 0.244231 0.507143 0.244231 0.478571
2 0.000000 0.371429 0.000000 0.525000 0.038462 0.503571 0.078846 0.500000 0.078846 0.453571 0.055769 0.389286 0.036538 0.371429
2 0.171154 0.285714 0.161538 0.267857 0.136538 0.253571 0.107692 0.250000 0.078846 0.257143 0.046154 0.292857 0.034615 0.367857 0.051923 0.382143 0.076923 0.439286 0.090385 0.439286 0.107692 0.403571 0.121154 0.389286 0.155769 0.371429 0.184615 0.367857 0.184615 0.346429
2 0.188462 0.357143 0.190385 0.371429 0.219231 0.389286 0.242308 0.442857 0.255769 0.442857 0.271154 0.407143 0.288462 0.389286 0.340385 0.367857 0.326923 0.289286 0.307692 0.264286 0.284615 0.253571 0.248077 0.253571 0.211538 0.278571 0.198077 0.303571 0.198077 0.328571
2 0.346154 0.357143 0.346154 0.371429 0.365385 0.375000 0.384615 0.389286 0.407692 0.446429 0.425000 0.446429 0.440385 0.407143 0.459615 0.385714 0.498077 0.371429 0.482692 0.292857 0.465385 0.267857 0.442308 0.257143 0.398077 0.257143 0.361538 0.282143
2 0.503846 0.357143 0.505769 0.375000 0.528846 0.378571 0.553846 0.396429 0.569231 0.421429 0.576923 0.446429 0.598077 0.446429 0.617308 0.400000 0.655769 0.378571 0.655769 0.360714 0.640385 0.292857 0.625000 0.271429 0.594231 0.257143 0.555769 0.257143 0.528846 0.271429 0.517308 0.289286
2 0.661538 0.360714 0.661538 0.378571 0.700000 0.389286 0.725000 0.407143 0.738462 0.428571 0.746154 0.457143 0.767308 0.457143 0.786538 0.410714 0.813462 0.389286 0.813462 0.364286 0.801923 0.303571 0.782692 0.278571 0.746154 0.260714 0.717308 0.260714 0.688462 0.275000 0.678846 0.289286
2 0.819231 0.367857 0.821154 0.389286 0.855769 0.392857 0.888462 0.410714 0.921154 0.464286 0.936538 0.457143 0.946154 0.425000 0.973077 0.389286 0.959615 0.310714 0.932692 0.282143 0.903846 0.271429 0.865385 0.271429 0.846154 0.282143 0.836538 0.296429
2 0.876923 0.182143 0.861538 0.239286 0.861538 0.267857 0.896154 0.267857 0.926923 0.278571 0.950000 0.296429 0.967308 0.328571 0.982692 0.325000 1.000000 0.289286 1.000000 0.246429 0.992308 0.203571 0.967308 0.171429 0.944231 0.160714 0.905769 0.160714
2 0.711538 0.242857 0.713462 0.260714 0.748077 0.260714 0.778846 0.275000 0.800000 0.300000 0.809615 0.321429 0.828846 0.314286 0.855769 0.271429 0.855769 0.250000 0.846154 0.221429 0.844231 0.196429 0.830769 0.171429 0.786538 0.150000 0.750000 0.153571 0.736538 0.164286 0.725000 0.189286
2 0.565385 0.235714 0.565385 0.253571 0.590385 0.253571 0.625000 0.271429 0.648077 0.317857 0.671154 0.314286 0.684615 0.278571 0.707692 0.257143 0.694231 0.182143 0.675000 0.157143 0.653846 0.146429 0.615385 0.146429 0.586538 0.164286 0.578846 0.175000
2 0.434615 0.171429 0.426923 0.189286 0.417308 0.250000 0.461538 0.264286 0.473077 0.275000 0.490385 0.317857 0.507692 0.317857 0.530769 0.267857 0.559615 0.250000 0.546154 0.175000 0.528846 0.157143 0.490385 0.142857 0.453846 0.153571
2 0.388462 0.160714 0.351923 0.142857 0.319231 0.146429 0.301923 0.157143 0.282692 0.178571 0.271154 0.250000 0.309615 0.264286 0.326923 0.289286 0.330769 0.310714 0.350000 0.314286 0.367308 0.275000 0.411538 0.250000 0.403846 0.196429
2 0.123077 0.228571 0.125000 0.250000 0.144231 0.253571 0.161538 0.267857 0.180769 0.310714 0.196154 0.307143 0.203846 0.289286 0.234615 0.257143 0.263462 0.246429 0.259615 0.214286 0.250000 0.192857 0.248077 0.167857 0.232692 0.150000 0.207692 0.139286 0.186538 0.139286 0.142308 0.164286 0.128846 0.192857
2 0.000000 0.164286 0.000000 0.250000 0.009615 0.257143 0.028846 0.303571 0.038462 0.303571 0.076923 0.257143 0.119231 0.242857 0.119231 0.217857 0.100000 0.157143 0.084615 0.142857 0.028846 0.139286
2 0.201923 0.075000 0.194231 0.060714 0.171154 0.046429 0.109615 0.060714 0.094231 0.078571 0.090385 0.114286 0.082692 0.139286 0.098077 0.153571 0.111538 0.189286 0.128846 0.196429 0.142308 0.167857 0.157692 0.153571 0.186538 0.139286 0.213462 0.139286 0.201923 0.096429
2 0.336538 0.078571 0.309615 0.053571 0.263462 0.053571 0.236538 0.071429 0.226923 0.089286 0.219231 0.139286 0.242308 0.157143 0.257692 0.203571 0.275000 0.207143 0.280769 0.185714 0.294231 0.164286 0.317308 0.146429 0.348077 0.139286
2 0.476923 0.085714 0.459615 0.064286 0.428846 0.046429 0.415385 0.046429 0.380769 0.064286 0.369231 0.078571 0.361538 0.100000 0.357692 0.142857 0.390385 0.160714 0.401923 0.182143 0.407692 0.207143 0.421154 0.207143 0.440385 0.164286 0.455769 0.150000 0.484615 0.139286
2 0.496154 0.128571 0.500000 0.142857 0.509615 0.142857 0.538462 0.164286 0.555769 0.203571 0.569231 0.207143 0.576923 0.178571 0.588462 0.160714 0.625000 0.139286 0.619231 0.092857 0.609615 0.071429 0.573077 0.053571 0.546154 0.053571 0.515385 0.067857 0.507692 0.078571
2 0.634615 0.132143 0.638462 0.142857 0.661538 0.146429 0.686538 0.167857 0.703846 0.210714 0.721154 0.207143 0.726923 0.178571 0.736538 0.160714 0.765385 0.146429 0.755769 0.092857 0.742308 0.071429 0.717308 0.057143 0.659615 0.064286 0.646154 0.082143
2 0.773077 0.132143 0.773077 0.146429 0.825000 0.164286 0.853846 0.217857 0.865385 0.217857 0.871154 0.207143 0.882692 0.157143 0.890385 0.164286 0.903846 0.157143 0.896154 0.107143 0.886538 0.085714 0.873077 0.071429 0.848077 0.060714 0.798077 0.067857 0.782692 0.089286
2 0.923077 0.089286 0.921154 0.110714 0.909615 0.146429 0.911538 0.157143 0.959615 0.164286 0.980769 0.182143 0.994231 0.207143 0.996154 0.221429 1.000000 0.221429 1.000000 0.071429 0.948077 0.067857
