5 0.151667 0.567696 0.146667 0.572447 0.145000 0.603325 0.136667 0.622328 0.128333 0.883610 0.121667 0.938242 0.126667 0.947743 0.195000 0.945368 0.198333 0.935867 0.196667 0.619952 0.190000 0.608076 0.190000 0.579572 0.186667 0.570071
5 0.883333 0.572447 0.881667 0.605701 0.873333 0.624703 0.875000 0.935867 0.881667 0.942993 0.925000 0.945368 0.938333 0.938242 0.933333 0.757720 0.935000 0.631829 0.926667 0.608076 0.925000 0.579572 0.920000 0.570071
5 0.820000 0.565321 0.811667 0.574822 0.811667 0.605701 0.805000 0.617577 0.801667 0.935867 0.810000 0.940618 0.855000 0.940618 0.860000 0.935867 0.861667 0.624703 0.855000 0.605701 0.853333 0.572447 0.843333 0.565321
5 0.746667 0.567696 0.740000 0.577197 0.740000 0.608076 0.733333 0.619952 0.731667 0.636580 0.733333 0.845606 0.726667 0.933492 0.745000 0.940618 0.790000 0.940618 0.796667 0.935867 0.798333 0.912114 0.793333 0.776722 0.793333 0.619952 0.785000 0.605701 0.785000 0.577197 0.781667 0.570071
5 0.676667 0.565321 0.670000 0.574822 0.670000 0.605701 0.661667 0.617577 0.663333 0.795724 0.658333 0.938242 0.716667 0.940618 0.720000 0.938242 0.721667 0.627078 0.715000 0.605701 0.715000 0.579572 0.710000 0.567696
5 0.593333 0.572447 0.590000 0.577197 0.588333 0.610451 0.580000 0.629454 0.583333 0.790974 0.576667 0.938242 0.643333 0.940618 0.646667 0.935867 0.646667 0.907363 0.641667 0.866983 0.638333 0.624703 0.631667 0.612827 0.631667 0.579572 0.626667 0.572447
5 0.525000 0.567696 0.518333 0.577197 0.516667 0.608076 0.508333 0.631829 0.508333 0.774347 0.501667 0.935867 0.506667 0.940618 0.566667 0.938242 0.570000 0.931116 0.565000 0.762470 0.568333 0.741093 0.568333 0.624703 0.563333 0.612827 0.561667 0.574822 0.558333 0.570071
5 0.476667 0.567696 0.450000 0.570071 0.445000 0.577197 0.443333 0.612827 0.436667 0.631829 0.438333 0.814727 0.435000 0.919240 0.438333 0.938242 0.488333 0.938242 0.495000 0.931116 0.498333 0.627078 0.490000 0.608076 0.488333 0.574822
5 0.385000 0.574822 0.375000 0.584323 0.375000 0.605701 0.366667 0.627078 0.368333 0.821853 0.365000 0.843230 0.363333 0.935867 0.368333 0.942993 0.416667 0.942993 0.425000 0.938242 0.426667 0.895487 0.423333 0.793349 0.425000 0.641330 0.418333 0.612827 0.416667 0.581948 0.408333 0.574822
5 0.295000 0.567696 0.290000 0.574822 0.288333 0.610451 0.281667 0.622328 0.280000 0.840855 0.273333 0.923990 0.275000 0.938242 0.280000 0.942993 0.335000 0.942993 0.343333 0.938242 0.341667 0.622328 0.335000 0.610451 0.335000 0.581948 0.330000 0.570071
5 0.248333 0.565321 0.220000 0.570071 0.216667 0.605701 0.210000 0.617577 0.210000 0.779097 0.203333 0.942993 0.261667 0.945368 0.268333 0.938242 0.270000 0.624703 0.263333 0.608076 0.260000 0.570071
5 0.080000 0.567696 0.071667 0.572447 0.068333 0.605701 0.061667 0.619952 0.060000 0.805226 0.048333 0.938242 0.051667 0.945368 0.113333 0.945368 0.120000 0.935867 0.125000 0.895487 0.120000 0.786223 0.123333 0.624703 0.116667 0.605701 0.116667 0.577197 0.113333 0.570071
