0 0.340769 0.102510 0.329231 0.107741 0.306923 0.126569 0.295385 0.140167 0.283077 0.160042 0.278462 0.182008 0.265385 0.213389 0.261538 0.230126 0.263077 0.238494 0.261538 0.266736 0.266154 0.298117 0.281538 0.342050 0.289231 0.356695 0.300769 0.373431 0.322308 0.390167 0.343846 0.402720 0.370769 0.408996 0.393077 0.408996 0.403846 0.406904 0.420769 0.399582 0.435385 0.384937 0.440769 0.376569 0.462308 0.358787 0.468462 0.350418 0.483077 0.319038 0.492308 0.264644 0.490769 0.215481 0.487692 0.209205 0.484615 0.189331 0.475385 0.166318 0.460000 0.142259 0.435385 0.124477 0.411538 0.103556 0.393846 0.099372 0.366923 0.099372
0 0.383846 0.000000 0.384615 0.015690 0.386923 0.019874 0.386923 0.026151 0.391538 0.044979 0.413077 0.091004 0.418462 0.094142 0.423077 0.103556 0.434615 0.112971 0.440000 0.121339 0.454615 0.131799 0.470000 0.139121 0.498462 0.141213 0.529231 0.135983 0.551538 0.124477 0.569231 0.108787 0.583077 0.092050 0.592308 0.076360 0.595385 0.065900 0.601538 0.060669 0.601538 0.056485 0.610769 0.030335 0.615385 0.006276 0.614615 0.000000
0 0.131538 0.003138 0.132308 0.015690 0.140000 0.044979 0.148462 0.061715 0.153846 0.067992 0.156923 0.077406 0.161538 0.080544 0.168462 0.093096 0.181538 0.106695 0.193077 0.114017 0.203846 0.124477 0.220769 0.132845 0.239231 0.138075 0.267692 0.137029 0.294615 0.128661 0.304615 0.123431 0.326923 0.104603 0.336154 0.093096 0.337692 0.087866 0.354615 0.060669 0.370000 0.014644 0.370000 0.000000 0.132308 0.000000
0 0.117692 0.097280 0.091538 0.107741 0.083846 0.115063 0.072308 0.120293 0.040000 0.153766 0.024615 0.185146 0.020000 0.203975 0.019231 0.214435 0.016154 0.222803 0.010769 0.254184 0.009231 0.287657 0.016154 0.316946 0.023846 0.332636 0.046154 0.367155 0.072308 0.394351 0.089231 0.404812 0.110000 0.413180 0.126923 0.416318 0.152308 0.414226 0.178462 0.404812 0.198462 0.383891 0.212308 0.374477 0.226154 0.355649 0.237692 0.329498 0.240769 0.326360 0.252308 0.292887 0.254615 0.268828 0.253846 0.230126 0.251538 0.216527 0.236154 0.168410 0.225385 0.149582 0.216923 0.140167 0.213846 0.139121 0.209231 0.132845 0.191538 0.122385 0.170769 0.102510
0 0.000000 0.140167 0.024615 0.145397 0.039231 0.145397 0.047692 0.140167 0.080769 0.107741 0.096923 0.098326 0.106154 0.096234 0.115385 0.091004 0.124615 0.078452 0.126154 0.072176 0.133077 0.060669 0.136154 0.040795 0.129231 0.013598 0.127692 0.000000 0.000000 0.000000
0 0.903077 0.000000 0.899231 0.010460 0.900000 0.047071 0.906154 0.076360 0.912308 0.092050 0.925385 0.111925 0.951538 0.139121 0.970769 0.164226 0.976154 0.165272 0.979231 0.169456 1.000000 0.169456 1.000000 0.000000
0 0.970000 0.354603 0.963077 0.357741 0.957692 0.366109 0.946154 0.376569 0.943077 0.382845 0.938462 0.384937 0.927692 0.397490 0.898462 0.414226 0.890769 0.423640 0.883077 0.439331 0.876154 0.463389 0.873077 0.492678 0.876154 0.547071 0.883077 0.567992 0.889231 0.576360 0.900000 0.599372 0.916154 0.621339 0.929231 0.632845 0.960769 0.648536 0.997692 0.654812 1.000000 0.653766 1.000000 0.356695 0.988462 0.353556
0 0.762308 0.368201 0.733077 0.368201 0.721538 0.372385 0.714615 0.372385 0.707692 0.376569 0.695385 0.390167 0.666154 0.411088 0.656923 0.421548 0.643077 0.446653 0.633077 0.483264 0.630769 0.498954 0.629231 0.546025 0.632308 0.565900 0.640000 0.583682 0.649231 0.616109 0.656923 0.628661 0.657692 0.632845 0.692308 0.669456 0.717692 0.684100 0.730769 0.688285 0.747692 0.688285 0.784615 0.679916 0.800769 0.671548 0.819231 0.654812 0.836154 0.631799 0.858462 0.576360 0.862308 0.552301 0.861538 0.535565 0.864615 0.529289 0.863846 0.517782 0.860769 0.509414 0.861538 0.497908 0.859231 0.490586 0.858462 0.478033 0.841538 0.429916 0.834615 0.420502 0.811538 0.398536 0.797692 0.390167 0.780769 0.375523 0.768462 0.372385
0 0.515385 0.359833 0.476923 0.362971 0.461538 0.368201 0.446154 0.378661 0.412308 0.421548 0.392308 0.470711 0.388462 0.492678 0.387692 0.528243 0.390769 0.558577 0.393846 0.573222 0.407692 0.608787 0.426923 0.638075 0.440769 0.652720 0.458462 0.666318 0.478462 0.674686 0.499231 0.676778 0.530769 0.671548 0.560000 0.654812 0.576154 0.640167 0.593077 0.619247 0.606923 0.593096 0.612308 0.566946 0.615385 0.561715 0.617692 0.547071 0.618462 0.497908 0.616154 0.478033 0.616923 0.471757 0.612308 0.449791 0.606154 0.433054 0.592308 0.413180 0.562308 0.395397 0.537692 0.367155
0 0.219231 0.376569 0.189231 0.400628 0.173846 0.417364 0.158462 0.448745 0.156154 0.458159 0.150000 0.470711 0.145385 0.500000 0.145385 0.519874 0.150000 0.540795 0.148462 0.554393 0.149231 0.596234 0.157692 0.622385 0.167692 0.639121 0.180769 0.651674 0.189231 0.656904 0.215385 0.666318 0.217692 0.669456 0.216923 0.674686 0.235385 0.685146 0.248462 0.687238 0.279231 0.686192 0.296154 0.680962 0.308462 0.672594 0.342308 0.642259 0.360000 0.616109 0.367692 0.599372 0.375385 0.575314 0.378462 0.552301 0.377692 0.495816 0.373077 0.471757 0.360000 0.439331 0.348462 0.422594 0.326154 0.399582 0.293846 0.376569 0.277692 0.371339 0.249231 0.371339
0 0.000000 0.374477 0.000000 0.671548 0.010000 0.676778 0.020769 0.678870 0.052308 0.678870 0.068462 0.673640 0.095385 0.650628 0.117692 0.639121 0.125385 0.630753 0.137692 0.608787 0.142308 0.595188 0.143846 0.580544 0.140000 0.502092 0.145385 0.467573 0.138462 0.444561 0.131538 0.432008 0.123846 0.423640 0.106154 0.418410 0.071538 0.399582 0.046154 0.373431 0.040769 0.371339 0.023846 0.371339
0 0.837692 0.092050 0.836154 0.095188 0.830000 0.097280 0.810769 0.117155 0.782308 0.137029 0.766154 0.160042 0.763846 0.167364 0.759231 0.173640 0.751538 0.197699 0.749231 0.220711 0.751538 0.275105 0.754615 0.286611 0.754615 0.293933 0.758462 0.311715 0.770000 0.342050 0.773077 0.345188 0.782308 0.366109 0.799231 0.385983 0.830000 0.406904 0.852308 0.414226 0.880000 0.414226 0.896923 0.410042 0.910769 0.403766 0.928462 0.391213 0.945385 0.374477 0.960000 0.354603 0.972308 0.317992 0.976923 0.309623 0.983077 0.279289 0.983077 0.242678 0.980000 0.217573 0.975385 0.194561 0.963846 0.166318 0.935385 0.128661 0.914615 0.108787 0.904615 0.102510 0.876923 0.094142 0.855385 0.091004
0 0.633846 0.005230 0.637692 0.029289 0.643077 0.043933 0.647692 0.050209 0.656923 0.075314 0.670000 0.094142 0.696154 0.119247 0.712308 0.130753 0.748462 0.134937 0.777692 0.129707 0.798462 0.120293 0.810769 0.110879 0.815385 0.103556 0.826923 0.093096 0.843846 0.069038 0.844615 0.063808 0.850769 0.053347 0.859231 0.030335 0.862308 0.014644 0.862308 0.000000 0.636154 0.000000
0 0.610000 0.092050 0.587692 0.099372 0.571538 0.110879 0.568462 0.116109 0.556923 0.124477 0.546154 0.135983 0.533077 0.155858 0.525385 0.172594 0.514615 0.203975 0.508462 0.237448 0.508462 0.250000 0.510000 0.252092 0.509231 0.264644 0.510769 0.266736 0.511538 0.280335 0.516923 0.309623 0.533077 0.352510 0.542308 0.366109 0.556923 0.382845 0.587692 0.404812 0.617692 0.414226 0.636923 0.414226 0.661538 0.406904 0.676923 0.398536 0.695385 0.383891 0.706154 0.371339 0.726923 0.333682 0.735385 0.311715 0.735385 0.306485 0.742308 0.281381 0.743077 0.252092 0.733846 0.200837 0.728462 0.189331 0.729231 0.184100 0.726923 0.173640 0.718462 0.149582 0.707692 0.134937 0.677692 0.108787 0.673077 0.107741 0.670769 0.103556 0.654615 0.096234 0.640000 0.093096
