0 0.547386 0.170404 0.535948 0.183857 0.535948 0.255605 0.516340 0.367713 0.514706 0.614350 0.519608 0.807175 0.514706 0.883408 0.516340 0.914798 0.522876 0.937220 0.540850 0.950673 0.576797 0.950673 0.586601 0.932735 0.591503 0.883408 0.586601 0.802691 0.586601 0.735426 0.591503 0.668161 0.591503 0.381166 0.570261 0.255605 0.568627 0.179372
0 0.450980 0.134529 0.441176 0.147982 0.442810 0.210762 0.424837 0.273543 0.421569 0.300448 0.423203 0.739910 0.418301 0.829596 0.421569 0.910314 0.429739 0.946188 0.437908 0.950673 0.450980 0.937220 0.460784 0.955157 0.472222 0.955157 0.496732 0.932735 0.501634 0.874439 0.498366 0.744395 0.500000 0.300448 0.496732 0.273543 0.478758 0.219731 0.478758 0.143498
0 0.357843 0.130045 0.344771 0.134529 0.344771 0.210762 0.331699 0.260090 0.323529 0.345291 0.326797 0.919283 0.334967 0.946188 0.382353 0.955157 0.398693 0.946188 0.406863 0.905830 0.405229 0.313901 0.397059 0.255605 0.385621 0.210762 0.385621 0.139013
0 0.251634 0.040359 0.246732 0.053812 0.248366 0.116592 0.227124 0.179372 0.222222 0.215247 0.230392 0.372197 0.218954 0.475336 0.220588 0.878924 0.225490 0.919283 0.238562 0.950673 0.250000 0.955157 0.266340 0.941704 0.274510 0.955157 0.282680 0.955157 0.297386 0.928251 0.303922 0.883408 0.305556 0.470852 0.295752 0.376682 0.295752 0.318386 0.303922 0.228700 0.300654 0.192825 0.276144 0.112108 0.277778 0.049327 0.272876 0.040359
0 0.153595 0.089686 0.140523 0.103139 0.140523 0.188341 0.119281 0.318386 0.119281 0.618834 0.124183 0.677130 0.119281 0.883408 0.125817 0.937220 0.138889 0.955157 0.156863 0.946188 0.183007 0.955157 0.194444 0.932735 0.202614 0.869955 0.197712 0.744395 0.197712 0.659193 0.202614 0.614350 0.202614 0.318386 0.179739 0.188341 0.178105 0.098655
0 0.037582 0.067265 0.034314 0.076233 0.035948 0.147982 0.022876 0.201794 0.014706 0.269058 0.014706 0.901345 0.019608 0.937220 0.031046 0.950673 0.083333 0.950673 0.093137 0.941704 0.101307 0.901345 0.101307 0.757848 0.098039 0.713004 0.101307 0.627803 0.101307 0.260090 0.080065 0.143498 0.080065 0.071749
0 0.732026 0.098655 0.727124 0.116592 0.728758 0.165919 0.707516 0.246637 0.699346 0.313901 0.699346 0.367713 0.704248 0.421525 0.704248 0.488789 0.699346 0.542601 0.699346 0.856502 0.704248 0.914798 0.720588 0.950673 0.736928 0.950673 0.741830 0.941704 0.769608 0.950673 0.782680 0.923767 0.790850 0.829596 0.790850 0.529148 0.787582 0.497758 0.790850 0.304933 0.779412 0.228700 0.761438 0.174888 0.761438 0.107623 0.756536 0.098655
0 0.643791 0.031390 0.635621 0.049327 0.630719 0.103139 0.614379 0.183857 0.607843 0.237668 0.609477 0.591928 0.606209 0.852018 0.611111 0.914798 0.622549 0.950673 0.650327 0.946188 0.665033 0.955157 0.678105 0.932735 0.686275 0.865471 0.683007 0.654709 0.686275 0.278027 0.681373 0.206278 0.660131 0.094170 0.660131 0.044843
0 0.933007 0.089686 0.928105 0.098655 0.928105 0.179372 0.913399 0.251121 0.903595 0.358744 0.903595 0.896861 0.908497 0.932735 0.918301 0.950673 0.960784 0.955157 0.978758 0.932735 0.985294 0.869955 0.985294 0.363229 0.978758 0.273543 0.960784 0.183857 0.959150 0.094170
0 0.830065 0.107623 0.825163 0.130045 0.826797 0.201794 0.803922 0.336323 0.803922 0.636771 0.810458 0.739910 0.803922 0.878924 0.805556 0.910314 0.812092 0.937220 0.846405 0.955157 0.851307 0.946188 0.875817 0.946188 0.882353 0.928251 0.887255 0.887892 0.882353 0.793722 0.887255 0.614350 0.887255 0.336323 0.862745 0.192825 0.862745 0.116592 0.857843 0.107623
