0 0.803846 0.126569 0.783846 0.120293 0.770000 0.121339 0.760769 0.126569 0.756154 0.137029 0.752308 0.161088 0.743077 0.173640 0.739231 0.184100 0.718462 0.199791 0.703077 0.220711 0.686923 0.251046 0.683846 0.274059 0.683846 0.304393 0.689231 0.324268 0.693846 0.331590 0.704615 0.359833 0.709231 0.357741 0.720000 0.330544 0.735385 0.301255 0.746923 0.285565 0.752308 0.282427 0.774615 0.252092 0.780000 0.247908 0.790769 0.219665 0.799231 0.214435 0.808462 0.212343 0.830769 0.213389 0.826154 0.190377 0.820769 0.184100 0.820000 0.177824 0.814615 0.166318 0.813846 0.145397 0.811538 0.134937
0 1.000000 0.135983 0.989231 0.132845 0.970769 0.132845 0.962308 0.138075 0.956923 0.163180 0.953077 0.172594 0.908462 0.212343 0.883846 0.253138 0.875385 0.289749 0.876923 0.310669 0.883077 0.336820 0.890000 0.351464 0.893077 0.369247 0.896923 0.376569 0.900769 0.376569 0.904615 0.370293 0.906154 0.361925 0.924615 0.325314 0.944615 0.301255 0.949231 0.290795 0.955385 0.287657 0.965385 0.275105 0.974615 0.267782 0.978462 0.259414 0.986923 0.253138 0.990769 0.246862 0.993077 0.237448 1.000000 0.231172
0 0.982308 0.060669 0.967692 0.051255 0.957692 0.048117 0.945385 0.048117 0.940000 0.051255 0.934615 0.059623 0.929231 0.079498 0.925385 0.083682 0.916154 0.087866 0.900000 0.104603 0.868462 0.151674 0.866923 0.158996 0.853077 0.189331 0.849231 0.208159 0.848462 0.229079 0.852308 0.238494 0.853077 0.248954 0.856154 0.252092 0.860769 0.278243 0.869231 0.291841 0.873846 0.288703 0.882308 0.253138 0.886923 0.247908 0.899231 0.222803 0.907692 0.211297 0.950000 0.172594 0.955385 0.161088 0.960769 0.141213 0.965385 0.134937 0.970769 0.131799 0.996154 0.130753 0.996923 0.126569 0.993846 0.120293 0.993846 0.114017 0.990000 0.103556 0.990769 0.096234 0.987692 0.091004 0.986154 0.069038
0 0.055385 0.901674 0.056154 0.905858 0.223077 0.906904 0.237692 0.904812 0.235385 0.897490 0.230000 0.892259 0.230769 0.887029 0.221538 0.878661 0.216154 0.867155 0.209231 0.861925 0.185385 0.833682 0.181538 0.832636 0.168462 0.810669 0.156154 0.800209 0.136923 0.796025 0.125385 0.797071 0.109231 0.804393 0.097692 0.815900 0.089231 0.834728 0.083846 0.857741
0 0.332308 0.900628 0.332308 0.904812 0.345385 0.906904 0.491538 0.906904 0.500769 0.903766 0.490769 0.884937 0.476923 0.867155 0.472308 0.857741 0.466923 0.854603 0.460769 0.828452 0.454615 0.817992 0.440000 0.805439 0.429231 0.801255 0.406154 0.802301 0.392308 0.808577 0.386154 0.813808 0.375385 0.829498 0.373077 0.839958 0.367692 0.842050 0.364615 0.847280 0.361538 0.848326 0.344615 0.873431
0 1.000000 0.813808 0.972308 0.798117 0.953077 0.797071 0.941538 0.801255 0.930769 0.810669 0.919231 0.830544 0.915385 0.831590 0.903846 0.843096 0.892308 0.849372 0.887692 0.856695 0.876154 0.864017 0.872308 0.873431 0.860000 0.876569 0.844615 0.892259 0.839231 0.903766 0.844615 0.905858 0.896154 0.906904 1.000000 0.905858
0 0.228462 0.020921 0.223077 0.029289 0.221538 0.055439 0.209231 0.081590 0.196923 0.099372 0.188462 0.119247 0.185385 0.131799 0.179231 0.143305 0.173077 0.166318 0.173077 0.199791 0.177692 0.199791 0.193846 0.173640 0.201538 0.154812 0.206154 0.123431 0.213846 0.110879 0.227692 0.105649 0.245385 0.105649 0.256154 0.109833 0.264615 0.120293 0.266923 0.139121 0.280000 0.163180 0.281538 0.170502 0.287692 0.175732 0.322308 0.222803 0.325385 0.230126 0.330769 0.235356 0.334615 0.223849 0.336923 0.172594 0.336154 0.148536 0.333077 0.138075 0.320000 0.112971 0.303846 0.087866 0.280000 0.056485 0.277692 0.031381 0.272308 0.020921 0.260769 0.015690 0.242308 0.015690
0 0.213077 0.111925 0.206154 0.124477 0.204615 0.146444 0.201538 0.157950 0.186923 0.187238 0.173077 0.205021 0.170000 0.216527 0.166154 0.220711 0.157692 0.243724 0.154615 0.267782 0.154615 0.291841 0.156154 0.296025 0.163846 0.297071 0.170000 0.294979 0.178462 0.283473 0.190769 0.255230 0.194615 0.250000 0.201538 0.216527 0.206154 0.209205 0.212308 0.203975 0.223846 0.199791 0.243077 0.199791 0.254615 0.203975 0.263846 0.217573 0.266154 0.234310 0.270769 0.245816 0.280000 0.257322 0.282308 0.264644 0.307692 0.300209 0.321538 0.323222 0.326154 0.325314 0.329231 0.287657 0.328462 0.246862 0.326154 0.235356 0.320000 0.220711 0.273077 0.156904 0.266923 0.143305 0.264615 0.122385 0.256923 0.110879 0.243077 0.105649 0.228462 0.105649
0 0.205385 0.210251 0.200769 0.219665 0.199231 0.235356 0.195385 0.250000 0.181538 0.276151 0.176923 0.288703 0.170769 0.297071 0.165385 0.299163 0.158462 0.313808 0.156154 0.331590 0.150000 0.348326 0.150000 0.355649 0.146923 0.362971 0.144615 0.376569 0.143846 0.405858 0.146154 0.427824 0.150769 0.428870 0.162308 0.410042 0.171538 0.387029 0.185385 0.361925 0.190000 0.337866 0.199231 0.321130 0.208462 0.314854 0.231538 0.311715 0.248462 0.316946 0.258462 0.329498 0.267692 0.357741 0.282308 0.380753 0.295385 0.395397 0.298462 0.404812 0.312308 0.424686 0.314615 0.432008 0.326154 0.445607 0.330000 0.436192 0.330769 0.366109 0.326923 0.337866 0.319231 0.320084 0.267692 0.243724 0.263077 0.217573 0.256154 0.206067 0.246154 0.200837 0.224615 0.199791 0.212308 0.203975
0 0.205385 0.316946 0.198462 0.322176 0.193846 0.329498 0.190000 0.341004 0.186154 0.364017 0.149231 0.434100 0.145385 0.445607 0.145385 0.450837 0.164615 0.443515 0.178462 0.442469 0.191538 0.445607 0.201538 0.451883 0.210000 0.464435 0.219231 0.496862 0.229231 0.510460 0.262308 0.546025 0.276154 0.564854 0.284615 0.583682 0.290769 0.603556 0.295385 0.607741 0.302308 0.594142 0.306923 0.579498 0.310000 0.576360 0.322308 0.550209 0.326923 0.544979 0.329231 0.537657 0.332308 0.490586 0.331538 0.476987 0.326154 0.452929 0.319231 0.438285 0.296154 0.400628 0.264615 0.355649 0.260000 0.344142 0.257692 0.329498 0.252308 0.321130 0.245385 0.315900 0.235385 0.312762 0.217692 0.312762
0 0.031538 0.033473 0.023846 0.043933 0.020000 0.076360 0.014615 0.089958 0.013846 0.099372 0.006923 0.110879 0.006154 0.117155 0.013077 0.117155 0.033077 0.110879 0.043077 0.111925 0.052308 0.116109 0.060000 0.127615 0.062308 0.140167 0.072308 0.162134 0.110769 0.205021 0.118462 0.217573 0.123846 0.220711 0.126154 0.232218 0.132308 0.240586 0.134615 0.264644 0.140769 0.268828 0.140000 0.282427 0.141538 0.290795 0.146154 0.290795 0.149231 0.281381 0.148462 0.274059 0.153077 0.233264 0.153077 0.191423 0.147692 0.157950 0.140000 0.141213 0.133846 0.133891 0.124615 0.116109 0.109231 0.098326 0.098462 0.079498 0.087692 0.067992 0.077692 0.036611 0.073846 0.031381 0.060769 0.026151 0.049231 0.026151
0 0.000000 0.125523 0.000000 0.213389 0.017692 0.209205 0.029231 0.209205 0.044615 0.215481 0.050000 0.221757 0.056154 0.240586 0.061538 0.250000 0.092308 0.289749 0.095385 0.297071 0.099231 0.299163 0.111538 0.317992 0.117692 0.320084 0.120000 0.323222 0.124615 0.323222 0.124615 0.321130 0.120769 0.320084 0.120769 0.316946 0.123846 0.313808 0.131538 0.313808 0.133846 0.310669 0.132308 0.305439 0.136923 0.291841 0.134615 0.285565 0.136154 0.277197 0.133077 0.248954 0.123846 0.225941 0.107692 0.203975 0.103846 0.201883 0.100000 0.195607 0.097692 0.195607 0.093077 0.188285 0.080000 0.176778 0.070000 0.164226 0.062308 0.148536 0.059231 0.127615 0.053077 0.118201 0.041538 0.112971 0.026154 0.112971 0.009231 0.119247
0 0.000000 0.215481 0.000000 0.323222 0.011538 0.323222 0.028462 0.330544 0.034615 0.339958 0.040000 0.358787 0.046923 0.370293 0.108462 0.447699 0.122308 0.478033 0.124615 0.479079 0.132308 0.467573 0.135385 0.444561 0.135385 0.417364 0.132308 0.372385 0.123077 0.338912 0.117692 0.328452 0.084615 0.281381 0.056154 0.248954 0.052308 0.232218 0.044615 0.216527 0.037692 0.212343 0.026923 0.210251
0 0.000000 0.324268 0.000000 0.540795 0.013077 0.551255 0.020769 0.560669 0.039231 0.588912 0.046154 0.603556 0.054615 0.631799 0.056154 0.646444 0.059231 0.653766 0.057692 0.660042 0.060769 0.667364 0.065385 0.647490 0.069231 0.641213 0.070000 0.628661 0.086154 0.581590 0.102308 0.551255 0.117692 0.529289 0.123077 0.515690 0.123077 0.487448 0.116923 0.465481 0.107692 0.447699 0.084615 0.417364 0.050769 0.379707 0.040000 0.370293 0.034615 0.341004 0.030000 0.332636 0.015385 0.325314
0 0.427692 0.453975 0.409231 0.447699 0.396923 0.447699 0.383846 0.450837 0.376154 0.456067 0.367692 0.469665 0.365385 0.493724 0.359231 0.508368 0.348462 0.524059 0.335385 0.535565 0.313077 0.571130 0.298462 0.609833 0.295385 0.632845 0.293846 0.664226 0.294615 0.699791 0.296923 0.708159 0.298462 0.731172 0.302308 0.743724 0.306154 0.742678 0.310769 0.737448 0.313077 0.731172 0.334615 0.701883 0.345385 0.679916 0.372308 0.640167 0.376923 0.624477 0.386154 0.614017 0.403846 0.605649 0.427692 0.607741 0.441538 0.616109 0.450769 0.628661 0.456154 0.650628 0.469231 0.680962 0.477692 0.694561 0.490000 0.707113 0.498462 0.709205 0.500769 0.712343 0.506154 0.710251 0.510769 0.663180 0.510000 0.637029 0.506154 0.609833 0.502308 0.605649 0.499231 0.587866 0.490000 0.565900 0.443846 0.502092 0.440769 0.494770 0.437692 0.467573
0 0.384615 0.616109 0.376154 0.626569 0.373077 0.643305 0.365385 0.663180 0.344615 0.689331 0.340000 0.699791 0.330769 0.709205 0.312308 0.734310 0.306154 0.745816 0.299231 0.765690 0.292308 0.825314 0.292308 0.857741 0.297692 0.903766 0.300769 0.905858 0.325385 0.905858 0.329231 0.903766 0.335385 0.896444 0.336923 0.888075 0.343846 0.875523 0.346154 0.865063 0.362308 0.844142 0.366923 0.843096 0.373077 0.837866 0.386923 0.813808 0.403846 0.803347 0.428462 0.801255 0.443077 0.807531 0.457692 0.824268 0.470769 0.856695 0.476923 0.862971 0.484615 0.879707 0.496923 0.895397 0.500000 0.903766 0.522308 0.904812 0.526923 0.889121 0.529231 0.865063 0.529231 0.809623 0.522308 0.767782 0.519231 0.762552 0.514615 0.743724 0.497692 0.714435 0.490769 0.710251 0.479231 0.697699 0.460000 0.666318 0.456154 0.655858 0.451538 0.632845 0.443077 0.618201 0.433846 0.610879 0.415385 0.606695 0.400000 0.607741
0 0.150000 0.450837 0.140769 0.461297 0.136154 0.472803 0.132308 0.501046 0.124615 0.520921 0.095385 0.565900 0.079231 0.605649 0.071538 0.639121 0.069231 0.662134 0.070000 0.691423 0.072308 0.700837 0.076923 0.703975 0.083846 0.703975 0.092308 0.691423 0.094615 0.683054 0.106923 0.657950 0.110000 0.644351 0.116154 0.628661 0.127692 0.611925 0.137692 0.605649 0.150000 0.601464 0.168462 0.602510 0.186154 0.612971 0.216923 0.651674 0.234615 0.683054 0.264615 0.721757 0.267692 0.732218 0.275385 0.738494 0.281538 0.752092 0.283846 0.767782 0.287692 0.771967 0.291538 0.759414 0.289231 0.689331 0.292308 0.618201 0.287692 0.597280 0.279231 0.572176 0.263077 0.548117 0.229231 0.513598 0.218462 0.498954 0.212308 0.485356 0.210000 0.466527 0.201538 0.452929 0.183077 0.444561 0.165385 0.444561
0 0.126923 0.614017 0.118462 0.624477 0.108462 0.660042 0.091538 0.694561 0.079231 0.713389 0.076154 0.728033 0.072308 0.736402 0.067692 0.742678 0.064615 0.743724 0.054615 0.766736 0.047692 0.794979 0.045385 0.824268 0.046923 0.873431 0.051538 0.893305 0.061538 0.892259 0.078462 0.866109 0.079231 0.860879 0.083846 0.857741 0.090000 0.832636 0.098462 0.814854 0.105385 0.807531 0.120000 0.798117 0.143077 0.796025 0.159231 0.801255 0.165385 0.806485 0.181538 0.829498 0.192308 0.837866 0.195385 0.843096 0.200769 0.845188 0.210769 0.858787 0.215385 0.860879 0.221538 0.873431 0.232308 0.882845 0.233846 0.889121 0.243846 0.903766 0.250769 0.905858 0.283846 0.904812 0.286923 0.897490 0.288462 0.875523 0.288462 0.793933 0.280769 0.758368 0.272308 0.738494 0.266154 0.732218 0.252308 0.708159 0.243846 0.700837 0.224615 0.672594 0.221538 0.671548 0.215385 0.661088 0.210769 0.657950 0.209231 0.652720 0.200000 0.647490 0.196923 0.642259 0.193846 0.626569 0.184615 0.612971 0.171538 0.605649 0.156923 0.602510 0.140769 0.605649
0 0.645385 0.219665 0.626923 0.211297 0.608462 0.211297 0.595385 0.217573 0.590000 0.228033 0.586923 0.248954 0.583846 0.258368 0.571538 0.273013 0.560769 0.291841 0.532308 0.330544 0.525385 0.345188 0.520769 0.371339 0.520769 0.426778 0.530000 0.442469 0.530000 0.447699 0.533077 0.455021 0.533077 0.465481 0.534615 0.467573 0.538462 0.466527 0.538462 0.463389 0.544615 0.457113 0.554615 0.437238 0.577692 0.402720 0.590000 0.380753 0.607692 0.356695 0.613077 0.338912 0.620000 0.329498 0.630769 0.323222 0.653846 0.323222 0.671538 0.332636 0.680000 0.346234 0.681538 0.357741 0.686154 0.368201 0.689231 0.384937 0.699231 0.403766 0.702308 0.403766 0.703077 0.384937 0.701538 0.367155 0.693846 0.338912 0.656923 0.261506 0.651538 0.245816 0.650769 0.231172
0 0.670769 0.332636 0.655385 0.324268 0.644615 0.322176 0.629231 0.324268 0.619231 0.330544 0.610769 0.346234 0.607692 0.362971 0.594615 0.380753 0.591538 0.388075 0.585385 0.392259 0.548462 0.450837 0.540000 0.478033 0.536154 0.503138 0.536154 0.536611 0.533846 0.571130 0.534615 0.593096 0.536154 0.597280 0.546154 0.579498 0.560000 0.560669 0.590769 0.530335 0.603846 0.513598 0.611538 0.497908 0.613846 0.482218 0.617692 0.471757 0.622308 0.465481 0.631538 0.459205 0.646154 0.456067 0.667692 0.461297 0.680000 0.472803 0.685385 0.483264 0.688462 0.515690 0.692308 0.526151 0.705385 0.551255 0.717692 0.565900 0.720769 0.574268 0.726154 0.578452 0.730000 0.577406 0.733077 0.565900 0.734615 0.547071 0.733846 0.501046 0.726154 0.471757 0.721538 0.465481 0.716154 0.444561 0.694615 0.394351 0.686154 0.379707 0.680769 0.361925 0.678462 0.343096
0 0.670000 0.463389 0.656923 0.458159 0.636154 0.458159 0.623846 0.464435 0.616923 0.473849 0.612308 0.497908 0.606923 0.511506 0.583077 0.539749 0.563846 0.556485 0.548462 0.577406 0.539231 0.594142 0.533077 0.615063 0.528462 0.661088 0.529231 0.677824 0.526923 0.697699 0.528462 0.709205 0.524615 0.745816 0.525385 0.760460 0.533846 0.794979 0.536923 0.791841 0.540000 0.776151 0.548462 0.753138 0.553077 0.747908 0.554615 0.742678 0.584615 0.701883 0.595385 0.683054 0.609231 0.664226 0.615385 0.658996 0.616154 0.652720 0.636154 0.628661 0.648462 0.619247 0.658462 0.616109 0.677692 0.617155 0.695385 0.626569 0.708462 0.644351 0.711538 0.670502 0.717692 0.680962 0.719231 0.688285 0.728462 0.700837 0.736923 0.701883 0.740769 0.698745 0.743077 0.686192 0.743077 0.653766 0.740769 0.629707 0.733077 0.600418 0.726154 0.581590 0.695385 0.534519 0.686923 0.513598 0.685385 0.485356 0.680769 0.473849
0 0.700769 0.632845 0.691538 0.624477 0.675385 0.618201 0.655385 0.618201 0.641538 0.624477 0.632308 0.637029 0.623077 0.668410 0.576923 0.714435 0.550000 0.753138 0.540769 0.779289 0.536154 0.805439 0.533077 0.885983 0.534615 0.899582 0.536923 0.904812 0.567692 0.906904 0.593077 0.905858 0.600000 0.899582 0.606154 0.897490 0.610769 0.902720 0.620769 0.897490 0.620769 0.893305 0.609231 0.891213 0.607692 0.885983 0.613077 0.877615 0.624615 0.874477 0.628462 0.861925 0.642308 0.846234 0.654615 0.838912 0.668462 0.820084 0.682308 0.811715 0.690000 0.809623 0.703077 0.809623 0.716154 0.813808 0.731538 0.824268 0.740000 0.836820 0.743077 0.846234 0.743846 0.856695 0.747692 0.864017 0.749231 0.878661 0.755385 0.888075 0.758462 0.897490 0.764615 0.897490 0.764615 0.894351 0.770000 0.889121 0.772308 0.839958 0.771538 0.824268 0.765385 0.782427 0.753846 0.753138 0.741538 0.735356 0.740769 0.724895 0.736154 0.708159 0.733077 0.709205 0.723077 0.698745 0.716154 0.684100 0.712308 0.679916 0.710000 0.673640 0.710000 0.653766 0.706154 0.641213
0 0.400000 0.024059 0.393077 0.037657 0.390000 0.061715 0.353846 0.119247 0.344615 0.139121 0.340769 0.161088 0.341538 0.185146 0.340000 0.188285 0.340000 0.201883 0.341538 0.214435 0.344615 0.217573 0.346923 0.216527 0.352308 0.206067 0.366154 0.189331 0.380769 0.165272 0.386154 0.152720 0.392308 0.119247 0.400769 0.109833 0.420769 0.105649 0.438462 0.109833 0.445385 0.117155 0.450000 0.128661 0.454615 0.152720 0.479231 0.190377 0.490000 0.212343 0.493846 0.217573 0.498462 0.218619 0.498462 0.156904 0.490769 0.133891 0.484615 0.126569 0.483077 0.120293 0.470769 0.101464 0.460769 0.079498 0.453846 0.072176 0.448462 0.057531 0.448462 0.044979 0.445385 0.031381 0.441538 0.026151 0.429231 0.019874 0.413077 0.019874
0 0.443077 0.114017 0.436154 0.108787 0.428462 0.106695 0.409231 0.106695 0.399231 0.110879 0.391538 0.122385 0.390000 0.146444 0.380000 0.169456 0.360769 0.194561 0.344615 0.219665 0.342308 0.230126 0.336923 0.240586 0.333077 0.271967 0.333077 0.325314 0.336923 0.338912 0.341538 0.335774 0.342308 0.330544 0.365385 0.294979 0.377692 0.268828 0.390000 0.248954 0.394615 0.224895 0.399231 0.213389 0.407692 0.205021 0.416154 0.201883 0.437692 0.201883 0.450769 0.208159 0.459231 0.220711 0.461538 0.233264 0.466154 0.241632 0.470769 0.258368 0.481538 0.274059 0.485385 0.287657 0.492308 0.297071 0.500000 0.302301 0.501538 0.282427 0.503846 0.280335 0.503846 0.266736 0.501538 0.260460 0.502308 0.255230 0.498462 0.225941 0.479231 0.196653 0.477692 0.191423 0.470000 0.182008 0.467692 0.174686 0.452308 0.152720 0.449231 0.128661
0 0.450000 0.208159 0.435385 0.201883 0.417692 0.201883 0.407692 0.205021 0.400769 0.211297 0.395385 0.224895 0.392308 0.248954 0.383846 0.260460 0.365385 0.294979 0.344615 0.327406 0.336923 0.346234 0.333846 0.384937 0.336923 0.447699 0.340769 0.453975 0.352308 0.430962 0.373846 0.400628 0.384615 0.379707 0.396923 0.361925 0.405385 0.327406 0.415385 0.316946 0.426154 0.312762 0.446154 0.312762 0.458462 0.317992 0.465385 0.324268 0.469231 0.331590 0.473077 0.353556 0.482308 0.369247 0.486154 0.380753 0.510769 0.418410 0.514615 0.418410 0.516923 0.403766 0.513846 0.345188 0.506923 0.327406 0.502308 0.324268 0.498462 0.306485 0.483846 0.285565 0.475385 0.265690 0.461538 0.243724 0.458462 0.220711
0 0.422308 0.313808 0.415385 0.316946 0.406154 0.325314 0.402308 0.336820 0.400000 0.356695 0.397692 0.362971 0.373846 0.401674 0.360000 0.420502 0.343846 0.448745 0.336923 0.472803 0.334615 0.509414 0.336154 0.529289 0.341538 0.530335 0.356154 0.511506 0.359231 0.502092 0.362308 0.498954 0.366923 0.470711 0.377692 0.453975 0.396923 0.446653 0.413077 0.447699 0.428462 0.453975 0.438462 0.467573 0.444615 0.498954 0.467692 0.534519 0.489231 0.562762 0.507692 0.609833 0.514615 0.652720 0.514615 0.686192 0.512308 0.688285 0.513077 0.701883 0.510000 0.710251 0.514615 0.716527 0.513846 0.720711 0.517692 0.721757 0.521538 0.706067 0.520769 0.697699 0.522308 0.692469 0.523846 0.648536 0.529231 0.610879 0.532308 0.532427 0.532308 0.495816 0.529231 0.473849 0.513846 0.424686 0.505385 0.410042 0.497692 0.401674 0.475385 0.362971 0.467692 0.327406 0.462308 0.321130 0.448462 0.313808
0 0.623077 0.122385 0.615385 0.118201 0.601538 0.115063 0.589231 0.116109 0.579231 0.120293 0.572308 0.129707 0.570769 0.150628 0.567692 0.162134 0.531538 0.212343 0.516923 0.236402 0.509231 0.256276 0.507692 0.313808 0.510000 0.326360 0.520769 0.353556 0.530000 0.337866 0.531538 0.331590 0.554615 0.299163 0.571538 0.267782 0.584615 0.251046 0.590000 0.226987 0.593077 0.220711 0.603846 0.212343 0.623077 0.210251 0.632308 0.212343 0.645385 0.219665 0.650769 0.228033 0.658462 0.263598 0.663846 0.271967 0.665385 0.278243 0.671538 0.286611 0.673846 0.294979 0.678462 0.294979 0.678462 0.266736 0.674615 0.265690 0.672308 0.261506 0.672308 0.244770 0.669231 0.229079 0.662308 0.211297 0.656154 0.202929 0.653846 0.194561 0.633077 0.158996 0.629231 0.132845
0 0.616923 0.033473 0.600769 0.027197 0.586923 0.027197 0.573846 0.032427 0.569231 0.043933 0.567692 0.060669 0.532308 0.111925 0.521538 0.134937 0.515385 0.143305 0.513077 0.151674 0.508462 0.158996 0.506154 0.178870 0.506154 0.224895 0.510000 0.244770 0.513846 0.243724 0.514615 0.238494 0.522308 0.229079 0.523846 0.223849 0.561538 0.170502 0.568462 0.155858 0.573077 0.127615 0.587692 0.116109 0.603846 0.115063 0.623077 0.122385 0.629231 0.131799 0.633846 0.154812 0.639231 0.163180 0.640769 0.169456 0.646923 0.177824 0.649231 0.186192 0.656154 0.196653 0.660000 0.208159 0.664615 0.214435 0.667692 0.213389 0.668462 0.188285 0.663846 0.157950 0.658462 0.150628 0.658462 0.143305 0.646923 0.105649 0.636923 0.083682 0.625385 0.072176 0.623077 0.043933
0 0.944615 0.624477 0.920000 0.610879 0.900769 0.609833 0.892308 0.612971 0.885385 0.618201 0.873846 0.637029 0.863846 0.648536 0.813846 0.694561 0.790000 0.728033 0.787692 0.736402 0.782308 0.743724 0.774615 0.761506 0.771538 0.779289 0.771538 0.796025 0.775385 0.831590 0.774615 0.858787 0.776154 0.869247 0.774615 0.873431 0.774615 0.898536 0.776923 0.904812 0.826923 0.905858 0.833077 0.903766 0.854615 0.877615 0.862308 0.874477 0.885385 0.852510 0.905385 0.837866 0.925385 0.819038 0.933846 0.806485 0.947692 0.798117 0.959231 0.796025 0.973846 0.798117 0.978462 0.802301 0.989231 0.805439 0.994615 0.811715 1.000000 0.811715 1.000000 0.787657 0.993077 0.776151 0.991538 0.765690 0.987692 0.759414 0.983077 0.738494 0.961538 0.678870 0.953077 0.639121
0 0.897692 0.468619 0.888462 0.462343 0.876923 0.458159 0.858462 0.458159 0.846154 0.463389 0.837692 0.478033 0.834615 0.498954 0.827692 0.508368 0.810769 0.524059 0.782308 0.544979 0.758462 0.577406 0.750769 0.591004 0.744615 0.616109 0.746923 0.697699 0.755385 0.729079 0.754615 0.733264 0.757692 0.736402 0.760769 0.753138 0.767692 0.768828 0.771538 0.766736 0.773077 0.758368 0.791538 0.723849 0.809231 0.698745 0.864615 0.644351 0.884615 0.618201 0.897692 0.609833 0.913077 0.608787 0.927692 0.612971 0.945385 0.624477 0.949231 0.623431 0.947692 0.611925 0.943077 0.596234 0.939231 0.591004 0.934615 0.572176 0.914615 0.532427 0.910769 0.517782 0.910000 0.496862 0.906154 0.480126
0 0.873846 0.330544 0.851538 0.324268 0.836154 0.325314 0.827692 0.329498 0.822308 0.336820 0.818462 0.352510 0.813077 0.362971 0.775385 0.406904 0.741538 0.453975 0.734615 0.473849 0.736923 0.531381 0.735385 0.593096 0.740000 0.606695 0.744615 0.606695 0.750000 0.587866 0.783077 0.542887 0.819231 0.514644 0.832308 0.500000 0.840000 0.470711 0.845385 0.463389 0.855385 0.458159 0.865385 0.456067 0.881538 0.458159 0.890000 0.462343 0.902308 0.472803 0.906154 0.478033 0.909231 0.488494 0.911538 0.512552 0.914615 0.520921 0.915385 0.530335 0.926923 0.552301 0.930000 0.551255 0.932308 0.547071 0.933846 0.518828 0.927692 0.487448 0.922308 0.478033 0.923077 0.472803 0.913077 0.437238 0.909231 0.430962 0.905385 0.415272 0.890769 0.377615 0.885385 0.349372 0.882308 0.341004
0 0.836923 0.220711 0.826154 0.215481 0.814615 0.213389 0.798462 0.215481 0.791538 0.219665 0.780000 0.254184 0.760769 0.274059 0.753846 0.284519 0.743846 0.291841 0.734615 0.304393 0.713077 0.347280 0.706923 0.371339 0.706923 0.404812 0.708462 0.416318 0.713846 0.434100 0.719231 0.441423 0.720769 0.451883 0.731538 0.471757 0.733077 0.471757 0.737692 0.458159 0.743077 0.448745 0.770769 0.411088 0.812308 0.359833 0.824615 0.332636 0.830000 0.327406 0.844615 0.322176 0.853077 0.322176 0.871538 0.326360 0.873077 0.324268 0.866154 0.299163 0.860769 0.292887 0.858462 0.282427 0.851538 0.267782 0.846923 0.236402 0.842308 0.225941
0 0.780000 0.039749 0.772308 0.035565 0.753077 0.034519 0.743077 0.038703 0.735385 0.052301 0.732308 0.069038 0.724615 0.079498 0.712308 0.091004 0.700000 0.107741 0.671538 0.156904 0.670000 0.170502 0.672308 0.189331 0.673077 0.230126 0.681538 0.257322 0.685385 0.256276 0.686923 0.250000 0.698462 0.228033 0.718462 0.198745 0.737692 0.184100 0.741538 0.174686 0.752308 0.157950 0.755385 0.139121 0.761538 0.125523 0.773077 0.120293 0.788462 0.120293 0.810769 0.128661 0.795385 0.080544 0.790769 0.072176 0.788462 0.052301
