0 0.962418 0.029412 0.946078 0.036765 0.937908 0.053922 0.937908 0.129902 0.941176 0.149510 0.900327 0.193627 0.874183 0.250000 0.866013 0.291667 0.864379 0.343137 0.875817 0.406863 0.893791 0.443627 0.928105 0.473039 0.991830 0.485294 1.000000 0.482843 1.000000 0.029412
0 0.124183 0.137255 0.088235 0.137255 0.075163 0.144608 0.068627 0.154412 0.065359 0.171569 0.073529 0.223039 0.047386 0.262255 0.032680 0.306373 0.032680 0.362745 0.047386 0.419118 0.062092 0.438725 0.094771 0.455882 0.112745 0.450980 0.106209 0.394608 0.109477 0.343137 0.119281 0.308824 0.132353 0.281863 0.140523 0.279412 0.143791 0.264706 0.143791 0.240196 0.138889 0.218137 0.138889 0.161765 0.135621 0.147059
0 0.194444 0.176471 0.161765 0.181373 0.143791 0.198529 0.143791 0.235294 0.151961 0.269608 0.148693 0.281863 0.117647 0.323529 0.109477 0.355392 0.109477 0.421569 0.124183 0.475490 0.138889 0.500000 0.148693 0.507353 0.187908 0.517157 0.197712 0.512255 0.194444 0.421569 0.199346 0.379902 0.207516 0.360294 0.233660 0.323529 0.236928 0.311275 0.233660 0.279412 0.220588 0.259804 0.222222 0.242647 0.217320 0.193627 0.214052 0.186275
0 0.269608 0.223039 0.241830 0.232843 0.233660 0.245098 0.233660 0.274510 0.240196 0.318627 0.202614 0.379902 0.196078 0.416667 0.194444 0.453431 0.196078 0.485294 0.202614 0.517157 0.225490 0.563725 0.253268 0.578431 0.287582 0.580882 0.294118 0.575980 0.289216 0.502451 0.295752 0.455882 0.307190 0.424020 0.333333 0.382353 0.336601 0.355392 0.333333 0.338235 0.313725 0.316176 0.315359 0.259804 0.312092 0.237745 0.299020 0.225490
0 0.369281 0.274510 0.346405 0.281863 0.336601 0.294118 0.334967 0.335784 0.339869 0.375000 0.312092 0.419118 0.297386 0.455882 0.290850 0.497549 0.290850 0.539216 0.297386 0.580882 0.308824 0.610294 0.320261 0.627451 0.352941 0.651961 0.401961 0.654412 0.405229 0.651961 0.400327 0.580882 0.406863 0.526961 0.421569 0.482843 0.452614 0.441176 0.452614 0.416667 0.446078 0.399510 0.418301 0.375000 0.421569 0.352941 0.418301 0.289216 0.401961 0.276961
0 0.504902 0.333333 0.468954 0.338235 0.454248 0.350490 0.450980 0.397059 0.457516 0.438725 0.415033 0.502451 0.406863 0.531863 0.401961 0.575980 0.403595 0.632353 0.418301 0.688725 0.437908 0.718137 0.483660 0.740196 0.514706 0.740196 0.519608 0.735294 0.516340 0.659314 0.526144 0.598039 0.540850 0.558824 0.563725 0.529412 0.573529 0.507353 0.570261 0.473039 0.540850 0.441176 0.542484 0.365196 0.539216 0.350490 0.534314 0.343137
0 0.602941 0.404412 0.588235 0.409314 0.575163 0.424020 0.573529 0.468137 0.576797 0.514706 0.545752 0.556373 0.527778 0.598039 0.517974 0.654412 0.517974 0.713235 0.531046 0.772059 0.552288 0.808824 0.593137 0.835784 0.650327 0.838235 0.665033 0.830882 0.660131 0.747549 0.656863 0.740196 0.594771 0.737745 0.589869 0.730392 0.589869 0.605392 0.596405 0.595588 0.714052 0.595588 0.717320 0.588235 0.694444 0.546569 0.666667 0.519608 0.671569 0.500000 0.668301 0.421569 0.643791 0.404412
0 0.782680 0.475490 0.741830 0.485294 0.730392 0.502451 0.728758 0.593137 0.732026 0.598039 0.722222 0.610294 0.707516 0.666667 0.687908 0.688725 0.687908 0.705882 0.699346 0.727941 0.699346 0.735294 0.673203 0.737745 0.663399 0.750000 0.663399 0.789216 0.671569 0.843137 0.694444 0.904412 0.723856 0.931373 0.761438 0.946078 0.794118 0.946078 0.828431 0.938725 0.857843 0.914216 0.880719 0.877451 0.895425 0.828431 0.900327 0.789216 0.900327 0.754902 0.887255 0.691176 0.862745 0.639706 0.831699 0.600490 0.836601 0.553922 0.836601 0.514706 0.833333 0.500000 0.818627 0.485294
0 0.779412 0.000000 0.777778 0.061275 0.784314 0.093137 0.777778 0.105392 0.743464 0.139706 0.723856 0.193627 0.717320 0.232843 0.718954 0.299020 0.735294 0.355392 0.746732 0.375000 0.758170 0.384804 0.792484 0.401961 0.839869 0.404412 0.859477 0.399510 0.869281 0.389706 0.862745 0.340686 0.862745 0.303922 0.869281 0.254902 0.892157 0.200980 0.913399 0.176471 0.915033 0.161765 0.895425 0.125000 0.867647 0.100490 0.862745 0.090686 0.872549 0.066176 0.872549 0.000000
0 0.637255 0.000000 0.643791 0.049020 0.607843 0.090686 0.593137 0.127451 0.586601 0.159314 0.584967 0.227941 0.589869 0.257353 0.602941 0.296569 0.617647 0.318627 0.629085 0.325980 0.665033 0.338235 0.715686 0.333333 0.722222 0.328431 0.715686 0.272059 0.720588 0.198529 0.738562 0.142157 0.761438 0.117647 0.764706 0.107843 0.756536 0.088235 0.715686 0.041667 0.723856 0.014706 0.722222 0.000000
0 0.044118 0.517157 0.000000 0.529412 0.000000 0.855392 0.016340 0.862745 0.034314 0.860294 0.031046 0.806373 0.035948 0.759804 0.045752 0.730392 0.075163 0.676471 0.068627 0.617647 0.071895 0.598039 0.068627 0.539216 0.058824 0.522059
0 0.129085 0.583333 0.086601 0.590686 0.071895 0.605392 0.070261 0.627451 0.076797 0.681373 0.039216 0.752451 0.032680 0.794118 0.034314 0.845588 0.050654 0.906863 0.063725 0.928922 0.078431 0.941176 0.111111 0.950980 0.120915 0.946078 0.119281 0.877451 0.124183 0.845588 0.137255 0.801471 0.165033 0.754902 0.163399 0.703431 0.160131 0.681373 0.155229 0.674020 0.151961 0.610294 0.143791 0.590686
0 0.238562 0.661765 0.227124 0.656863 0.194444 0.656863 0.178105 0.664216 0.165033 0.678922 0.163399 0.708333 0.168301 0.759804 0.135621 0.818627 0.124183 0.852941 0.120915 0.879902 0.124183 0.950980 0.142157 1.000000 0.215686 1.000000 0.222222 0.948529 0.238562 0.889706 0.251634 0.867647 0.267974 0.852941 0.269608 0.835784 0.264706 0.774510 0.250000 0.754902 0.250000 0.688725 0.246732 0.671569
0 0.351307 0.754902 0.334967 0.745098 0.310458 0.742647 0.284314 0.750000 0.267974 0.767157 0.266340 0.808824 0.271242 0.852941 0.250000 0.879902 0.236928 0.906863 0.220588 0.965686 0.218954 1.000000 0.352941 1.000000 0.377451 0.970588 0.385621 0.953431 0.382353 0.875000 0.359477 0.848039 0.357843 0.772059
0 0.387255 0.865196 0.385621 0.914216 0.390523 0.960784 0.361111 0.992647 0.361111 1.000000 0.517974 1.000000 0.506536 0.977941 0.483660 0.958333 0.483660 0.875000 0.473856 0.852941 0.450980 0.840686 0.418301 0.840686 0.395425 0.852941
