0 0.462308 0.155869 0.453846 0.165258 0.451538 0.174648 0.451538 0.201878 0.455385 0.215023 0.452308 0.230047 0.447692 0.237559 0.444615 0.247887 0.437692 0.254460 0.417692 0.284507 0.410769 0.305164 0.405385 0.339906 0.406154 0.349296 0.404615 0.373709 0.403077 0.377465 0.408462 0.434742 0.410000 0.436620 0.414615 0.435681 0.420769 0.429108 0.423077 0.422535 0.445385 0.400939 0.451538 0.386854 0.448462 0.373709 0.447692 0.358685 0.453077 0.329577 0.456154 0.323005 0.463846 0.316432 0.480000 0.310798 0.505385 0.315493 0.514615 0.325822 0.518462 0.346479 0.517692 0.355869 0.522308 0.362441 0.521538 0.367136 0.517692 0.369014 0.517692 0.370892 0.520000 0.369953 0.521538 0.371831 0.516923 0.377465 0.516154 0.388732 0.517692 0.395305 0.524615 0.405634 0.529231 0.407512 0.533077 0.414085 0.543846 0.421596 0.549231 0.430047 0.553077 0.431925 0.556154 0.429108 0.557692 0.401878 0.561538 0.379343 0.560769 0.343662 0.553846 0.310798 0.546154 0.289202 0.538462 0.275117 0.520000 0.253521 0.510769 0.238498 0.506154 0.216901 0.507692 0.209390 0.506923 0.176526 0.503846 0.164319 0.499231 0.157746 0.489231 0.153991 0.474615 0.153052
0 0.196923 0.307042 0.187692 0.316432 0.185385 0.322066 0.184615 0.341784 0.189231 0.368075 0.198462 0.388732 0.198462 0.400000 0.193846 0.417840 0.180769 0.437559 0.164615 0.474178 0.162308 0.512676 0.163846 0.516432 0.164615 0.538028 0.167692 0.545540 0.171538 0.549296 0.173846 0.559624 0.178462 0.564319 0.179231 0.569014 0.186923 0.580282 0.189231 0.592488 0.223846 0.600000 0.256154 0.612207 0.259231 0.616901 0.263077 0.617840 0.266154 0.622535 0.272308 0.625352 0.275385 0.630986 0.280000 0.633803 0.282308 0.639437 0.289231 0.644131 0.298462 0.661033 0.310769 0.675117 0.313846 0.686385 0.320769 0.694836 0.330000 0.694836 0.351538 0.676995 0.366923 0.655399 0.376154 0.621596 0.376923 0.602817 0.373077 0.559624 0.368462 0.536150 0.365385 0.505164 0.360000 0.491080 0.358462 0.481690 0.347692 0.455399 0.325385 0.422535 0.303846 0.402817 0.275385 0.385915 0.263846 0.372770 0.260769 0.366197 0.260769 0.350235 0.256923 0.331455 0.250000 0.313615 0.243846 0.306103 0.232308 0.300469 0.218462 0.299531
0 0.000000 0.304225 0.000000 0.602817 0.027692 0.623474 0.058462 0.661972 0.072308 0.676056 0.077692 0.676995 0.083846 0.675117 0.093846 0.659155 0.096923 0.649765 0.095385 0.643192 0.082308 0.617840 0.076923 0.600939 0.074615 0.579343 0.078462 0.565258 0.084615 0.554930 0.096154 0.541784 0.111538 0.532394 0.129231 0.527700 0.156154 0.530516 0.157692 0.523944 0.157692 0.483568 0.156154 0.472300 0.139231 0.438498 0.106923 0.402817 0.082308 0.387793 0.046154 0.372770 0.023077 0.354930 0.020000 0.350235 0.013077 0.322066 0.006154 0.308920 0.002308 0.304225
0 0.050000 0.153991 0.040000 0.160563 0.035385 0.169953 0.035385 0.178404 0.040769 0.199061 0.044615 0.208451 0.053846 0.222535 0.054615 0.234742 0.053846 0.248826 0.050769 0.261972 0.038462 0.299531 0.036923 0.317371 0.038462 0.359624 0.040769 0.365258 0.046923 0.369953 0.083077 0.384977 0.098462 0.393427 0.110000 0.404695 0.115385 0.407512 0.118462 0.413146 0.125385 0.420657 0.130769 0.423474 0.151538 0.455399 0.156923 0.469484 0.160769 0.474178 0.163077 0.474178 0.172308 0.452582 0.173077 0.446948 0.185385 0.429108 0.196154 0.405634 0.196154 0.387793 0.188462 0.370892 0.183077 0.350235 0.182308 0.325822 0.188462 0.310798 0.186154 0.298592 0.171538 0.275117 0.166154 0.269484 0.162308 0.260094 0.153846 0.251643 0.143846 0.246948 0.126923 0.234742 0.103846 0.207512 0.100000 0.180282 0.088462 0.156808 0.073846 0.150235 0.060000 0.150235
0 0.446154 0.549296 0.431538 0.559624 0.423077 0.571831 0.417692 0.598122 0.418462 0.603756 0.415385 0.632864 0.400000 0.644131 0.383846 0.661972 0.360769 0.700469 0.347692 0.735211 0.344615 0.756808 0.346154 0.824413 0.365385 0.903286 0.369231 0.911737 0.372308 0.913615 0.403846 0.916432 0.506923 0.916432 0.567692 0.913615 0.570000 0.911737 0.573846 0.896714 0.580000 0.859155 0.579231 0.853521 0.585385 0.828169 0.587692 0.803756 0.584615 0.751174 0.576154 0.713615 0.560000 0.676995 0.546154 0.657277 0.516923 0.630986 0.513077 0.630986 0.509231 0.627230 0.505385 0.590610 0.496923 0.564319 0.484615 0.553052 0.472308 0.547418 0.460000 0.546479
0 0.866923 0.593427 0.844615 0.578404 0.830769 0.575587 0.813846 0.576526 0.799231 0.586854 0.790000 0.599061 0.780000 0.617840 0.773846 0.636620 0.770000 0.643192 0.736923 0.640376 0.718462 0.645070 0.695385 0.657277 0.680000 0.673239 0.676923 0.678873 0.664615 0.690141 0.650000 0.710798 0.640000 0.731455 0.640000 0.737089 0.633846 0.753052 0.630000 0.774648 0.619231 0.815023 0.619231 0.824413 0.611538 0.874178 0.613077 0.904225 0.617692 0.914554 0.851538 0.916432 0.864615 0.915493 0.868462 0.911737 0.873846 0.897653 0.876923 0.877934 0.891538 0.843192 0.893077 0.830047 0.893077 0.792488 0.887692 0.752113 0.880769 0.734272 0.863846 0.706103 0.862308 0.700469 0.863077 0.693897 0.873846 0.673239 0.883846 0.639437 0.883846 0.626291 0.881538 0.615962 0.875385 0.603756
0 0.779231 0.333333 0.768462 0.328638 0.743846 0.325822 0.732308 0.332394 0.727692 0.338028 0.720769 0.353052 0.714615 0.379343 0.714615 0.393427 0.705385 0.404695 0.671538 0.422535 0.650769 0.439437 0.626923 0.473239 0.613846 0.502347 0.609231 0.520188 0.607692 0.539906 0.602308 0.565258 0.596154 0.625352 0.596923 0.654460 0.603077 0.686385 0.606154 0.689202 0.609231 0.697653 0.608462 0.702347 0.611538 0.705164 0.610000 0.709859 0.611538 0.712676 0.616154 0.714554 0.613077 0.722066 0.622308 0.725822 0.626923 0.730516 0.628462 0.737089 0.626154 0.738967 0.626923 0.741784 0.630000 0.741784 0.631538 0.738967 0.630769 0.728638 0.638462 0.725822 0.640000 0.721127 0.656154 0.697653 0.690769 0.658216 0.707692 0.646948 0.731538 0.637559 0.743846 0.635681 0.764615 0.636620 0.769231 0.634742 0.790000 0.596244 0.797692 0.586854 0.810000 0.576526 0.813846 0.569953 0.816923 0.545540 0.816923 0.517371 0.813846 0.504225 0.800769 0.468545 0.783846 0.438498 0.778462 0.422535 0.778462 0.414085 0.786923 0.396244 0.793077 0.366197 0.793077 0.353052 0.790000 0.344601
0 1.000000 0.337089 0.993077 0.340845 0.977692 0.365258 0.973077 0.375587 0.970769 0.396244 0.969231 0.398122 0.964615 0.399061 0.959231 0.404695 0.943077 0.413146 0.916923 0.420657 0.891538 0.431925 0.874615 0.445070 0.852308 0.469484 0.837692 0.489202 0.829231 0.503286 0.821538 0.527700 0.820769 0.553991 0.821538 0.562441 0.824615 0.565258 0.824615 0.568075 0.829231 0.572770 0.850000 0.578404 0.856154 0.582160 0.867692 0.593427 0.872308 0.595305 0.876154 0.604695 0.882308 0.612207 0.883846 0.622535 0.886923 0.628169 0.886923 0.636620 0.879231 0.661972 0.876923 0.664789 0.874615 0.676995 0.867692 0.687324 0.865385 0.698592 0.869231 0.709859 0.872308 0.711737 0.883077 0.734272 0.887692 0.739906 0.891538 0.738967 0.896154 0.734272 0.906154 0.717371 0.946154 0.672300 0.981538 0.656338 1.000000 0.642254
0 0.940769 0.172770 0.927692 0.169953 0.913846 0.169953 0.908462 0.171831 0.900000 0.182160 0.890000 0.205634 0.888462 0.221596 0.882308 0.230986 0.863846 0.248826 0.835385 0.264789 0.813077 0.282629 0.790000 0.313615 0.782308 0.328638 0.783077 0.334272 0.792308 0.345540 0.795385 0.358685 0.787692 0.398122 0.780000 0.414085 0.780000 0.424413 0.783846 0.436620 0.789231 0.443192 0.803846 0.471362 0.812308 0.492958 0.818462 0.517371 0.823077 0.512676 0.836154 0.487324 0.861538 0.453521 0.893077 0.428169 0.931538 0.411268 0.936154 0.405634 0.939231 0.392488 0.942308 0.388732 0.943846 0.378404 0.946923 0.372770 0.953077 0.350235 0.953846 0.338028 0.949231 0.316432 0.938462 0.280751 0.936154 0.265728 0.936154 0.249765 0.937692 0.242254 0.945385 0.231925 0.953077 0.215023 0.957692 0.200000 0.957692 0.191549 0.951538 0.180282
0 0.705385 0.170892 0.693846 0.167136 0.680000 0.166197 0.666154 0.169953 0.662308 0.174648 0.656923 0.188732 0.654615 0.205634 0.655385 0.227230 0.653846 0.230986 0.630769 0.261972 0.602308 0.292958 0.594615 0.305164 0.585385 0.328638 0.579231 0.352113 0.576923 0.370892 0.573846 0.461972 0.580769 0.498592 0.588462 0.508920 0.597692 0.512676 0.601538 0.517371 0.607692 0.516432 0.613077 0.499531 0.626923 0.471362 0.650769 0.437559 0.666923 0.423474 0.701538 0.405634 0.710000 0.397183 0.713077 0.389671 0.713846 0.374648 0.720000 0.353991 0.726154 0.338967 0.736923 0.325822 0.736923 0.313615 0.732308 0.299531 0.714615 0.267606 0.704615 0.237559 0.711538 0.217840 0.714615 0.201878 0.714615 0.186854 0.710769 0.175587
0 0.873846 0.067606 0.856923 0.061972 0.846154 0.061972 0.836923 0.067606 0.829231 0.086385 0.827692 0.107981 0.824615 0.114554 0.808462 0.135211 0.783077 0.155869 0.766154 0.175587 0.756154 0.201878 0.743846 0.215962 0.736154 0.238498 0.732308 0.260094 0.726154 0.273239 0.726154 0.279812 0.743077 0.323005 0.779231 0.327700 0.796923 0.299531 0.816154 0.276995 0.838462 0.261033 0.863077 0.247887 0.873846 0.238498 0.883077 0.226291 0.884615 0.220657 0.884615 0.204695 0.881538 0.188732 0.869231 0.154930 0.866923 0.138967 0.866923 0.120188 0.874615 0.108920 0.881538 0.083568 0.880769 0.076056
0 0.685385 0.056338 0.663077 0.055399 0.657692 0.057277 0.653846 0.062911 0.650000 0.076056 0.648462 0.104225 0.645385 0.113615 0.633846 0.134272 0.601538 0.173709 0.593077 0.194366 0.586923 0.204695 0.579231 0.236620 0.579231 0.247887 0.577692 0.251643 0.573077 0.328638 0.575385 0.345540 0.580000 0.342723 0.586154 0.321127 0.595385 0.301408 0.652308 0.231925 0.654615 0.221596 0.653846 0.209390 0.655385 0.197183 0.660769 0.177465 0.666154 0.170892 0.678462 0.166197 0.688462 0.166197 0.698462 0.169014 0.705385 0.169014 0.706154 0.167136 0.701538 0.149296 0.695385 0.134272 0.695385 0.126761 0.692308 0.121127 0.691538 0.111737 0.693846 0.105164 0.696923 0.076995 0.696154 0.066667 0.693846 0.061972
0 0.468462 0.313615 0.457692 0.321127 0.454615 0.324883 0.450000 0.348357 0.450000 0.373709 0.453077 0.385915 0.451538 0.392488 0.443077 0.405634 0.425385 0.421596 0.406923 0.446009 0.396923 0.470423 0.391538 0.498592 0.388462 0.505164 0.386154 0.521127 0.386154 0.547418 0.394615 0.627230 0.396923 0.634742 0.400000 0.638498 0.403846 0.638498 0.413846 0.631925 0.416154 0.619718 0.416154 0.597183 0.420000 0.579343 0.425385 0.567136 0.434615 0.555869 0.450000 0.547418 0.460769 0.545540 0.472308 0.546479 0.489231 0.555869 0.500000 0.569014 0.505385 0.584038 0.508462 0.609390 0.512308 0.622535 0.544615 0.652582 0.556154 0.665728 0.560000 0.666667 0.563077 0.662911 0.566154 0.644131 0.568462 0.639437 0.578462 0.553052 0.579231 0.525822 0.577692 0.502347 0.570769 0.473239 0.562308 0.450704 0.555385 0.437559 0.542308 0.421596 0.526154 0.407512 0.515385 0.390610 0.518462 0.368075 0.517692 0.341784 0.513846 0.325822 0.506154 0.317371 0.496923 0.312676 0.475385 0.311737
0 0.321538 0.000000 0.321538 0.012207 0.326923 0.024413 0.324615 0.046009 0.331538 0.058216 0.335385 0.070423 0.337692 0.103286 0.344615 0.118310 0.361538 0.139906 0.367692 0.144601 0.383077 0.165258 0.390769 0.179343 0.398462 0.206573 0.403846 0.241315 0.409231 0.260094 0.415385 0.248826 0.414615 0.236620 0.416923 0.232864 0.416923 0.217840 0.420769 0.195305 0.417692 0.145540 0.414615 0.133333 0.413846 0.121127 0.410000 0.107981 0.396923 0.077934 0.376154 0.051643 0.363077 0.028169 0.359231 0.015962 0.360769 0.007512 0.359231 0.000000
0 0.683077 0.000000 0.642308 0.000000 0.640769 0.007512 0.641538 0.025352 0.636154 0.038498 0.623846 0.059155 0.610000 0.073239 0.587692 0.115493 0.579231 0.141784 0.573846 0.190610 0.571538 0.248826 0.575385 0.253521 0.577692 0.249765 0.580000 0.221596 0.584615 0.215023 0.586154 0.204695 0.591538 0.197183 0.596923 0.175587 0.603846 0.170892 0.609231 0.160563 0.631538 0.135211 0.643077 0.115493 0.646923 0.104225 0.647692 0.084507 0.651538 0.065728 0.659231 0.055399 0.675385 0.054460 0.680769 0.051643 0.681538 0.043192 0.679231 0.028169 0.682308 0.015023
0 0.470000 0.050704 0.462308 0.058216 0.460769 0.062911 0.460000 0.082629 0.463846 0.105164 0.460000 0.122066 0.444615 0.151174 0.438462 0.156808 0.436154 0.169953 0.430769 0.173709 0.426154 0.189671 0.420769 0.228169 0.421538 0.264789 0.423846 0.266667 0.430769 0.265728 0.436923 0.258216 0.438462 0.251643 0.443846 0.247887 0.452308 0.230047 0.453846 0.211268 0.451538 0.200939 0.451538 0.176526 0.453846 0.167136 0.464615 0.155869 0.483077 0.153052 0.497692 0.157746 0.508462 0.174648 0.508462 0.186854 0.514615 0.193427 0.511538 0.196244 0.510000 0.202817 0.512308 0.200000 0.513846 0.200939 0.513846 0.231925 0.516154 0.247887 0.524615 0.251643 0.525385 0.256338 0.527692 0.253521 0.530000 0.255399 0.530769 0.263850 0.536154 0.268545 0.540769 0.279812 0.544615 0.279812 0.546923 0.282629 0.547692 0.290141 0.550000 0.292958 0.553077 0.289202 0.553846 0.234742 0.549231 0.228169 0.550769 0.215962 0.546923 0.200000 0.546154 0.187793 0.536923 0.165258 0.533846 0.163380 0.528462 0.150235 0.519231 0.138967 0.508462 0.118310 0.506154 0.107042 0.507692 0.086385 0.506923 0.063850 0.502308 0.055399 0.496923 0.050704 0.486923 0.048826
0 0.096154 0.543662 0.086154 0.553991 0.079231 0.566197 0.076923 0.572770 0.076154 0.586854 0.078462 0.601878 0.088462 0.630986 0.099231 0.645070 0.100769 0.650704 0.083846 0.681690 0.076923 0.721127 0.070769 0.730516 0.068462 0.746479 0.068462 0.780282 0.071538 0.801878 0.073846 0.807512 0.073077 0.810329 0.077692 0.822535 0.081538 0.843192 0.089231 0.865728 0.101538 0.889202 0.115385 0.907981 0.122308 0.913615 0.130000 0.915493 0.319231 0.914554 0.323846 0.912676 0.330000 0.905164 0.336923 0.887324 0.343077 0.851643 0.342308 0.824413 0.334615 0.769014 0.328462 0.759624 0.328462 0.745540 0.326154 0.730516 0.311538 0.688263 0.300769 0.669484 0.279231 0.639437 0.268462 0.628169 0.240769 0.610329 0.218462 0.601878 0.186154 0.599061 0.181538 0.580282 0.170769 0.556808 0.163077 0.543662 0.155385 0.536150 0.146154 0.530516 0.125385 0.529577 0.109231 0.535211
0 0.025385 0.000000 0.025385 0.005634 0.032308 0.018779 0.033077 0.038498 0.030000 0.058216 0.019231 0.092019 0.019231 0.106103 0.032308 0.121127 0.044615 0.128638 0.063846 0.144601 0.075385 0.148357 0.090000 0.156808 0.096154 0.169014 0.100769 0.169014 0.106154 0.153991 0.106154 0.144601 0.110000 0.137089 0.110769 0.103286 0.107692 0.087324 0.109231 0.073239 0.108462 0.061033 0.079231 0.031925 0.068462 0.011268 0.068462 0.000000
0 0.834615 0.000000 0.792308 0.000000 0.789231 0.010329 0.789231 0.029108 0.785385 0.038498 0.770769 0.060094 0.751538 0.077934 0.736154 0.097653 0.731538 0.109859 0.720000 0.129577 0.711538 0.156808 0.711538 0.166197 0.718462 0.188732 0.723077 0.219718 0.723077 0.242254 0.720000 0.252582 0.719231 0.265728 0.720769 0.273239 0.723846 0.276995 0.727692 0.273239 0.732308 0.261033 0.735385 0.238498 0.746154 0.207512 0.756154 0.195305 0.760769 0.183099 0.781538 0.155869 0.810000 0.132394 0.825385 0.108920 0.827692 0.075117 0.823077 0.049765 0.823077 0.040376 0.831538 0.022535 0.833846 0.014085
0 0.983077 0.000000 0.944615 0.000000 0.938462 0.015962 0.936923 0.035681 0.934615 0.040376 0.916923 0.061972 0.884615 0.092019 0.877692 0.103286 0.872308 0.120188 0.870769 0.140845 0.876154 0.170892 0.879231 0.174648 0.882308 0.185915 0.885385 0.190610 0.884615 0.193427 0.888462 0.194366 0.892308 0.187793 0.897692 0.186854 0.900000 0.180282 0.908462 0.170892 0.918462 0.168075 0.939231 0.169014 0.955385 0.156808 0.966923 0.150235 0.983846 0.133333 0.985385 0.125822 0.983077 0.110798 0.977692 0.098592 0.970769 0.072300 0.970769 0.048826 0.983846 0.021596 0.984615 0.004695
0 0.119231 0.048826 0.111538 0.058216 0.111538 0.070423 0.116154 0.090141 0.123846 0.103286 0.123846 0.122066 0.116154 0.146479 0.110000 0.157746 0.107692 0.170892 0.104615 0.177465 0.103846 0.193427 0.105385 0.204695 0.110769 0.215962 0.123846 0.230047 0.142308 0.244131 0.153846 0.249765 0.160769 0.256338 0.196154 0.302347 0.203077 0.302347 0.217692 0.297653 0.221538 0.294836 0.230000 0.270423 0.233846 0.264789 0.237692 0.253521 0.241538 0.248826 0.246923 0.225352 0.246923 0.214085 0.233077 0.178404 0.225385 0.162441 0.214615 0.149296 0.184615 0.122066 0.166154 0.098592 0.163846 0.092958 0.162308 0.066667 0.154615 0.049765 0.146923 0.045070 0.140000 0.044131
0 0.297692 0.048826 0.289231 0.054460 0.286154 0.063850 0.286923 0.077934 0.290000 0.095775 0.293846 0.104225 0.293846 0.110798 0.285385 0.143662 0.294615 0.166197 0.300769 0.205634 0.306154 0.217840 0.316154 0.230986 0.340000 0.251643 0.356923 0.271362 0.367692 0.291080 0.375385 0.314554 0.376923 0.325822 0.382308 0.333333 0.383846 0.341784 0.393846 0.346479 0.397692 0.342723 0.405385 0.320188 0.407692 0.281690 0.405385 0.254460 0.399231 0.218779 0.390000 0.182160 0.382308 0.166197 0.350769 0.127700 0.337692 0.107042 0.334615 0.098592 0.334615 0.072300 0.328462 0.053521 0.321538 0.047887
0 0.250769 0.150235 0.243077 0.154930 0.238462 0.168075 0.242308 0.198122 0.249231 0.212207 0.248462 0.227230 0.243077 0.246948 0.229231 0.275117 0.225385 0.289202 0.225385 0.295775 0.228462 0.299531 0.242308 0.305164 0.249231 0.311737 0.258462 0.334272 0.262308 0.350235 0.262308 0.364319 0.266154 0.373709 0.282308 0.388732 0.301538 0.399061 0.326154 0.420657 0.341538 0.440376 0.346154 0.451643 0.350000 0.455399 0.364615 0.492958 0.371538 0.492958 0.383077 0.479812 0.390000 0.466667 0.392308 0.454460 0.393077 0.433803 0.390000 0.395305 0.383846 0.350235 0.376154 0.330516 0.365385 0.288263 0.358462 0.275117 0.349231 0.262911 0.314615 0.230047 0.306154 0.218779 0.298462 0.202817 0.297692 0.182160 0.293077 0.163380 0.286154 0.150235 0.276154 0.146479 0.262308 0.146479
