0 0.410405 0.110714 0.369942 0.110714 0.346821 0.125000 0.343931 0.164286 0.352601 0.207143 0.326590 0.235714 0.297688 0.296429 0.297688 0.317857 0.323699 0.339286 0.349711 0.375000 0.352601 0.332143 0.375723 0.300000 0.424855 0.292857 0.465318 0.317857 0.491329 0.289286 0.479769 0.250000 0.430636 0.196429 0.430636 0.128571
0 0.768786 0.003571 0.725434 0.000000 0.702312 0.014286 0.702312 0.085714 0.670520 0.121429 0.653179 0.157143 0.653179 0.178571 0.676301 0.246429 0.702312 0.225000 0.702312 0.146429 0.722543 0.125000 0.765896 0.121429 0.791908 0.132143 0.797688 0.146429 0.797688 0.203571 0.809249 0.203571 0.826590 0.182143 0.826590 0.160714 0.812139 0.132143 0.774566 0.082143 0.780347 0.025000
0 0.910405 0.503571 0.890173 0.514286 0.881503 0.528571 0.867052 0.632143 0.820809 0.671429 0.800578 0.700000 0.800578 0.710714 0.826590 0.746429 0.829480 0.850000 0.890173 0.928571 1.000000 0.928571 1.000000 0.517857 0.950867 0.500000
0 0.546243 0.060714 0.537572 0.075000 0.543353 0.139286 0.514451 0.182143 0.566474 0.182143 0.580925 0.189286 0.592486 0.214286 0.592486 0.285714 0.630058 0.328571 0.644509 0.328571 0.670520 0.235714 0.650289 0.175000 0.618497 0.142857 0.618497 0.067857 0.592486 0.053571
0 0.167630 0.067857 0.161850 0.078571 0.161850 0.107143 0.170520 0.150000 0.138728 0.189286 0.130058 0.217857 0.132948 0.239286 0.182081 0.292857 0.187861 0.292857 0.190751 0.232143 0.216763 0.214286 0.265896 0.214286 0.280347 0.225000 0.294798 0.260714 0.303468 0.264286 0.309249 0.250000 0.303468 0.203571 0.283237 0.171429 0.242775 0.135714 0.245665 0.100000 0.239884 0.064286 0.202312 0.057143
0 0.364162 0.021429 0.358382 0.028571 0.358382 0.085714 0.364162 0.100000 0.352601 0.117857 0.369942 0.110714 0.410405 0.110714 0.421965 0.117857 0.433526 0.146429 0.433526 0.200000 0.482659 0.246429 0.491329 0.217857 0.485549 0.164286 0.468208 0.125000 0.433526 0.089286 0.436416 0.046429 0.430636 0.021429 0.421965 0.014286
0 0.231214 0.000000 0.231214 0.032143 0.245665 0.085714 0.245665 0.135714 0.317919 0.217857 0.326590 0.150000 0.346821 0.117857 0.343931 0.089286 0.303468 0.050000 0.300578 0.000000
0 0.000000 0.000000 0.000000 0.075000 0.020231 0.078571 0.028902 0.089286 0.037572 0.142857 0.101156 0.142857 0.124277 0.171429 0.115607 0.110714 0.060694 0.046429 0.060694 0.003571
0 0.676301 0.371429 0.638728 0.375000 0.618497 0.389286 0.609827 0.414286 0.609827 0.496429 0.557803 0.553571 0.531792 0.621429 0.534682 0.657143 0.606936 0.742857 0.641618 0.825000 0.641618 0.842857 0.647399 0.842857 0.647399 0.825000 0.661850 0.800000 0.667630 0.732143 0.684971 0.707143 0.725434 0.689286 0.797688 0.700000 0.815029 0.675000 0.812139 0.632143 0.794798 0.578571 0.728324 0.492857 0.728324 0.400000 0.708092 0.378571
0 0.786127 0.239286 0.763006 0.246429 0.748555 0.260714 0.742775 0.350000 0.716763 0.382143 0.734104 0.421429 0.734104 0.500000 0.789017 0.567857 0.812139 0.617857 0.817919 0.657143 0.826590 0.664286 0.864162 0.632143 0.861272 0.617857 0.872832 0.582143 0.878613 0.528571 0.893064 0.510714 0.919075 0.500000 0.921965 0.489286 0.904624 0.428571 0.881503 0.389286 0.849711 0.353571 0.855491 0.339286 0.846821 0.257143 0.823699 0.242857
0 0.586705 0.917857 0.586705 0.928571 0.878613 0.928571 0.867052 0.900000 0.826590 0.853571 0.826590 0.760714 0.817919 0.732143 0.800578 0.710714 0.760116 0.692857 0.696532 0.700000 0.673410 0.721429 0.656069 0.839286
0 0.404624 0.535714 0.390173 0.557143 0.387283 0.667857 0.335260 0.735714 0.306358 0.814286 0.300578 0.846429 0.303468 0.925000 0.580925 0.925000 0.632948 0.860714 0.632948 0.828571 0.604046 0.739286 0.528902 0.650000 0.520231 0.546429 0.508671 0.532143 0.482659 0.521429 0.436416 0.521429
0 0.164740 0.425000 0.130058 0.453571 0.127168 0.500000 0.135838 0.557143 0.086705 0.635714 0.066474 0.707143 0.063584 0.782143 0.083815 0.921429 0.089595 0.928571 0.294798 0.928571 0.306358 0.807143 0.349711 0.703571 0.341040 0.635714 0.320809 0.592857 0.257225 0.532143 0.251445 0.457143 0.239884 0.432143 0.222543 0.421429
0 0.000000 0.317857 0.000000 0.925000 0.078035 0.925000 0.078035 0.885714 0.060694 0.767857 0.063584 0.707143 0.086705 0.632143 0.130058 0.560714 0.124277 0.453571 0.080925 0.417857 0.080925 0.367857 0.069364 0.325000 0.046243 0.314286
0 0.436416 0.296429 0.401734 0.292857 0.361272 0.310714 0.355491 0.325000 0.361272 0.407143 0.320809 0.460714 0.294798 0.550000 0.297688 0.564286 0.338150 0.617857 0.358382 0.685714 0.369942 0.685714 0.384393 0.667857 0.387283 0.564286 0.410405 0.532143 0.447977 0.517857 0.502890 0.528571 0.523121 0.553571 0.528902 0.600000 0.552023 0.560714 0.549133 0.528571 0.537572 0.500000 0.500000 0.439286 0.468208 0.407143 0.462428 0.321429 0.450867 0.303571
0 0.216763 0.214286 0.187861 0.235714 0.196532 0.321429 0.156069 0.378571 0.141618 0.417857 0.141618 0.435714 0.196532 0.417857 0.236994 0.428571 0.248555 0.442857 0.257225 0.475000 0.265896 0.542857 0.289017 0.553571 0.312139 0.475000 0.352601 0.417857 0.352601 0.392857 0.329480 0.346429 0.286127 0.307143 0.289017 0.253571 0.280347 0.225000 0.265896 0.214286
0 0.031792 0.153571 0.023121 0.167857 0.031792 0.246429 0.000000 0.296429 0.000000 0.314286 0.043353 0.310714 0.066474 0.321429 0.078035 0.342857 0.089595 0.421429 0.130058 0.446429 0.153179 0.382143 0.182081 0.335714 0.187861 0.310714 0.161850 0.267857 0.118497 0.228571 0.121387 0.203571 0.109827 0.150000 0.072254 0.142857
0 0.528902 0.182143 0.508671 0.189286 0.497110 0.203571 0.500000 0.285714 0.465318 0.328571 0.465318 0.375000 0.471098 0.407143 0.526012 0.475000 0.554913 0.550000 0.560694 0.550000 0.606936 0.496429 0.609827 0.403571 0.621387 0.385714 0.644509 0.371429 0.644509 0.357143 0.632948 0.328571 0.589595 0.282143 0.592486 0.228571 0.586705 0.196429 0.563584 0.182143
0 0.884393 0.057143 0.864162 0.071429 0.861272 0.146429 0.809249 0.210714 0.806358 0.235714 0.841040 0.250000 0.852601 0.267857 0.861272 0.360714 0.907514 0.432143 0.921965 0.489286 0.936416 0.492857 0.976879 0.450000 0.985549 0.382143 1.000000 0.328571 0.997110 0.235714 0.982659 0.196429 0.945087 0.146429 0.947977 0.071429 0.930636 0.057143
0 0.789017 0.128571 0.748555 0.121429 0.722543 0.125000 0.705202 0.139286 0.705202 0.221429 0.656069 0.282143 0.650289 0.325000 0.656069 0.367857 0.716763 0.375000 0.739884 0.350000 0.748555 0.260714 0.765896 0.242857 0.794798 0.235714 0.797688 0.146429
