0 0.383333 0.440741 0.372917 0.448148 0.358333 0.477778 0.358333 0.600000 0.331250 0.662963 0.333333 0.748148 0.366667 0.811111 0.383333 0.877778 0.387500 0.948148 0.379167 1.000000 0.495833 1.000000 0.489583 0.940741 0.489583 0.885185 0.512500 0.777778 0.512500 0.729630 0.495833 0.655556 0.462500 0.588889 0.460417 0.488889 0.456250 0.466667 0.443750 0.448148 0.425000 0.437037
0 0.081250 0.500000 0.062500 0.533333 0.062500 0.611111 0.068750 0.666667 0.035417 0.755556 0.033333 0.814815 0.047917 0.825926 0.079167 0.788889 0.108333 0.777778 0.131250 0.781481 0.150000 0.796296 0.164583 0.822222 0.172917 0.862963 0.177083 0.862963 0.206250 0.781481 0.208333 0.718519 0.202083 0.688889 0.177083 0.644444 0.168750 0.522222 0.156250 0.496296 0.145833 0.488889 0.100000 0.488889
0 0.533333 0.307407 0.518750 0.318519 0.508333 0.340741 0.506250 0.451852 0.475000 0.525926 0.468750 0.555556 0.468750 0.588889 0.500000 0.662963 0.516667 0.748148 0.514583 0.781481 0.491667 0.885185 0.493750 0.962963 0.500000 1.000000 0.643750 1.000000 0.643750 0.918519 0.622917 0.814815 0.622917 0.748148 0.650000 0.633333 0.645833 0.562963 0.629167 0.507407 0.606250 0.462963 0.606250 0.355556 0.600000 0.329630 0.566667 0.303704
0 0.647917 0.203704 0.622917 0.218519 0.614583 0.240741 0.610417 0.466667 0.639583 0.533333 0.652083 0.607407 0.647917 0.651852 0.625000 0.744444 0.625000 0.814815 0.645833 0.914815 0.647917 1.000000 0.720833 1.000000 0.731250 0.803704 0.714583 0.722222 0.712500 0.644444 0.720833 0.596296 0.739583 0.533333 0.741667 0.500000 0.733333 0.437037 0.706250 0.362963 0.706250 0.233333 0.697917 0.218519 0.681250 0.207407
0 0.737500 0.070370 0.714583 0.085185 0.706250 0.122222 0.708333 0.359259 0.733333 0.425926 0.741667 0.474074 0.741667 0.529630 0.718750 0.611111 0.714583 0.655556 0.718750 0.733333 0.733333 0.803704 0.725000 0.929630 0.725000 1.000000 0.800000 1.000000 0.812500 0.640741 0.797917 0.544444 0.797917 0.503704 0.827083 0.377778 0.827083 0.325926 0.816667 0.274074 0.793750 0.218519 0.797917 0.181481 0.795833 0.100000 0.781250 0.077778
0 0.795833 0.000000 0.787500 0.022222 0.785417 0.081481 0.795833 0.100000 0.800000 0.129630 0.797917 0.229630 0.818750 0.274074 0.829167 0.325926 0.827083 0.385185 0.802083 0.496296 0.802083 0.551852 0.816667 0.644444 0.810417 0.737037 0.806250 0.959259 0.808333 0.974074 0.822917 0.970370 0.841667 0.977778 0.858333 0.955556 0.872917 0.851852 0.883333 0.670370 0.885417 0.537037 0.870833 0.444444 0.870833 0.403704 0.897917 0.281481 0.897917 0.229630 0.889583 0.185185 0.868750 0.125926 0.875000 0.055556 0.872917 0.014815 0.864583 0.000000
0 0.954167 0.000000 0.879167 0.000000 0.875000 0.133333 0.891667 0.177778 0.902083 0.244444 0.902083 0.266667 0.875000 0.388889 0.875000 0.455556 0.889583 0.544444 0.883333 0.722222 0.877083 0.766667 0.877083 0.844444 0.885417 0.855556 0.908333 0.840741 0.935417 0.844444 0.952083 0.781481 0.954167 0.629630 0.966667 0.448148 0.964583 0.403704 0.956250 0.370370 0.954167 0.314815 0.968750 0.222222 0.985417 0.170370 0.983333 0.111111 0.952083 0.037037
0 0.306250 0.362963 0.291667 0.351852 0.264583 0.348148 0.243750 0.355556 0.222917 0.381481 0.218750 0.403704 0.220833 0.514815 0.204167 0.540741 0.185417 0.603704 0.185417 0.651852 0.193750 0.670370 0.206250 0.681481 0.208333 0.644444 0.218750 0.611111 0.250000 0.581481 0.285417 0.577778 0.300000 0.585185 0.320833 0.614815 0.329167 0.640741 0.350000 0.603704 0.352083 0.566667 0.320833 0.507407 0.318750 0.385185
0 0.354167 0.248148 0.345833 0.270370 0.347917 0.374074 0.325000 0.425926 0.327083 0.514815 0.343750 0.544444 0.352083 0.548148 0.354167 0.496296 0.362500 0.462963 0.387500 0.437037 0.416667 0.433333 0.441667 0.444444 0.458333 0.470370 0.462500 0.533333 0.466667 0.533333 0.479167 0.507407 0.479167 0.488889 0.466667 0.433333 0.437500 0.377778 0.439583 0.300000 0.433333 0.255556 0.418750 0.237037 0.397917 0.229630 0.372917 0.233333
0 0.520833 0.125926 0.477083 0.129630 0.458333 0.162963 0.458333 0.266667 0.443750 0.307407 0.441667 0.377778 0.470833 0.440741 0.481250 0.488889 0.491667 0.485185 0.500000 0.470370 0.508333 0.337037 0.518750 0.318519 0.552083 0.296296 0.547917 0.274074 0.547917 0.162963 0.539583 0.140741
0 0.070833 0.296296 0.060417 0.329630 0.066667 0.440741 0.045833 0.500000 0.039583 0.529630 0.039583 0.559259 0.052083 0.581481 0.060417 0.585185 0.062500 0.533333 0.072917 0.511111 0.100000 0.488889 0.141667 0.485185 0.162500 0.503704 0.170833 0.529630 0.177083 0.600000 0.181250 0.600000 0.208333 0.529630 0.202083 0.481481 0.164583 0.411111 0.162500 0.340741 0.154167 0.300000 0.143750 0.281481 0.129167 0.274074 0.093750 0.277778
0 0.264583 0.166667 0.220833 0.166667 0.202083 0.181481 0.193750 0.203704 0.197917 0.303704 0.193750 0.325926 0.172917 0.374074 0.170833 0.411111 0.210417 0.496296 0.218750 0.488889 0.218750 0.396296 0.231250 0.366667 0.256250 0.348148 0.289583 0.348148 0.318750 0.377778 0.322917 0.396296 0.318750 0.359259 0.289583 0.307407 0.285417 0.203704
0 0.587500 0.033333 0.572917 0.044444 0.564583 0.062963 0.562500 0.170370 0.552083 0.200000 0.550000 0.266667 0.558333 0.296296 0.608333 0.329630 0.616667 0.229630 0.629167 0.211111 0.652083 0.200000 0.647917 0.177778 0.650000 0.066667 0.645833 0.051852 0.631250 0.037037
0 0.377083 0.066667 0.335417 0.070370 0.322917 0.081481 0.314583 0.103704 0.318750 0.200000 0.297917 0.259259 0.295833 0.311111 0.325000 0.362963 0.333333 0.388889 0.343750 0.377778 0.343750 0.285185 0.350000 0.255556 0.368750 0.233333 0.406250 0.225926 0.402083 0.196296 0.402083 0.096296 0.395833 0.081481
0 0.122917 0.118519 0.085417 0.111111 0.062500 0.122222 0.050000 0.148148 0.056250 0.251852 0.029167 0.325926 0.027083 0.359259 0.031250 0.377778 0.056250 0.422222 0.062500 0.418519 0.060417 0.322222 0.075000 0.292593 0.102083 0.274074 0.143750 0.281481 0.160417 0.322222 0.164583 0.374074 0.170833 0.374074 0.181250 0.344444 0.179167 0.314815 0.145833 0.248148 0.137500 0.151852 0.133333 0.133333
0 0.502083 0.000000 0.427083 0.000000 0.425000 0.100000 0.408333 0.151852 0.406250 0.188889 0.414583 0.225926 0.437500 0.259259 0.443750 0.285185 0.454167 0.274074 0.456250 0.170370 0.460417 0.151852 0.477083 0.129630 0.508333 0.118519 0.508333 0.018519
0 0.220833 0.607407 0.210417 0.637037 0.214583 0.777778 0.187500 0.833333 0.177083 0.907407 0.187500 0.955556 0.216667 1.000000 0.375000 1.000000 0.383333 0.959259 0.379167 0.870370 0.358333 0.796296 0.329167 0.748148 0.327083 0.662963 0.318750 0.611111 0.306250 0.592593 0.287500 0.581481 0.245833 0.585185
