0 0.630833 0.004582 0.607500 0.004582 0.594167 0.008018 0.582500 0.016037 0.578333 0.021764 0.575833 0.032073 0.573333 0.063001 0.578333 0.085911 0.576667 0.096220 0.554167 0.126002 0.549167 0.136312 0.549167 0.143184 0.560000 0.158076 0.561667 0.167239 0.563333 0.239404 0.559167 0.252005 0.560000 0.262314 0.576667 0.305842 0.582500 0.326460 0.585833 0.331042 0.595000 0.372279 0.598333 0.378007 0.607500 0.372279 0.624167 0.342497 0.631667 0.324170 0.635000 0.292096 0.640833 0.268041 0.642500 0.219931 0.648333 0.197022 0.658333 0.184422 0.680000 0.175258 0.682500 0.171821 0.678333 0.130584 0.658333 0.089347 0.663333 0.064147 0.660833 0.025200 0.654167 0.014891
0 0.642500 0.568156 0.626667 0.580756 0.618333 0.596793 0.615000 0.630011 0.615000 0.674685 0.610000 0.694158 0.612500 0.719359 0.595000 0.737686 0.579167 0.762887 0.565000 0.791523 0.555833 0.824742 0.550000 0.871707 0.549167 0.951890 0.551667 1.000000 0.768333 1.000000 0.768333 0.972509 0.770833 0.967927 0.773333 0.925544 0.776667 0.904926 0.777500 0.879725 0.775000 0.839633 0.769167 0.808706 0.756667 0.774341 0.748333 0.756014 0.725833 0.723940 0.728333 0.709049 0.727500 0.693013 0.725833 0.689576 0.728333 0.621993 0.725000 0.597938 0.715833 0.581901 0.692500 0.568156 0.678333 0.564719 0.653333 0.564719
0 0.670833 0.360825 0.657500 0.369989 0.651667 0.376861 0.648333 0.386025 0.645833 0.403207 0.645000 0.439863 0.640000 0.458190 0.640000 0.468499 0.643333 0.485682 0.637500 0.495991 0.625833 0.506300 0.610833 0.526919 0.594167 0.556701 0.587500 0.576174 0.584167 0.594502 0.588333 0.738832 0.591667 0.738832 0.608333 0.719359 0.608333 0.689576 0.612500 0.671249 0.615833 0.603666 0.620000 0.589920 0.627500 0.578465 0.643333 0.565865 0.660833 0.562428 0.684167 0.563574 0.700000 0.569301 0.712500 0.577320 0.725000 0.594502 0.728333 0.609393 0.729167 0.648339 0.727500 0.683849 0.730833 0.697595 0.730000 0.723940 0.733333 0.731959 0.749167 0.753723 0.751667 0.762887 0.765833 0.792669 0.773333 0.819015 0.778333 0.854525 0.780000 0.856816 0.781667 0.875143 0.784167 0.875143 0.785833 0.872852 0.785833 0.855670 0.788333 0.843070 0.787500 0.817869 0.790000 0.736541 0.795000 0.650630 0.799167 0.616266 0.798333 0.576174 0.792500 0.556701 0.780000 0.534937 0.750833 0.502864 0.745000 0.493700 0.752500 0.468499 0.749167 0.447881 0.750833 0.436426 0.750833 0.400916 0.745833 0.380298 0.733333 0.366552 0.715833 0.358534 0.688333 0.356243
0 0.725000 0.186712 0.692500 0.176403 0.675000 0.178694 0.657500 0.186712 0.650000 0.195876 0.647500 0.202749 0.643333 0.231386 0.644167 0.265750 0.646667 0.273769 0.645833 0.284078 0.631667 0.329897 0.604167 0.380298 0.600833 0.390607 0.601667 0.418099 0.609167 0.455899 0.611667 0.493700 0.615000 0.513173 0.625833 0.506300 0.640000 0.487973 0.638333 0.458190 0.643333 0.438717 0.645000 0.404353 0.650000 0.379152 0.659167 0.367698 0.667500 0.361970 0.681667 0.356243 0.692500 0.355097 0.725000 0.360825 0.739167 0.371134 0.746667 0.381443 0.751667 0.403207 0.750833 0.450172 0.754167 0.461627 0.750833 0.477663 0.750000 0.495991 0.751667 0.500573 0.762500 0.510882 0.765833 0.508591 0.766667 0.502864 0.771667 0.497136 0.780000 0.471936 0.784167 0.437572 0.782500 0.408935 0.778333 0.394044 0.751667 0.337915 0.739167 0.298969 0.737500 0.280641 0.743333 0.264605 0.745000 0.248568 0.743333 0.214204 0.740833 0.203895 0.732500 0.192440
0 0.704167 0.090493 0.695833 0.095074 0.688333 0.105384 0.684167 0.131730 0.684167 0.161512 0.686667 0.170676 0.691667 0.175258 0.712500 0.179840 0.730000 0.189003 0.740000 0.201604 0.743333 0.209622 0.745833 0.256586 0.739167 0.276060 0.739167 0.292096 0.751667 0.335624 0.781667 0.399771 0.786667 0.426117 0.785000 0.459336 0.780000 0.482245 0.771667 0.501718 0.770833 0.512027 0.775000 0.517755 0.775000 0.521191 0.782500 0.530355 0.784167 0.537228 0.791667 0.539519 0.794167 0.533792 0.792500 0.525773 0.795000 0.517755 0.794167 0.505155 0.798333 0.476518 0.797500 0.445590 0.800000 0.436426 0.806667 0.378007 0.815833 0.326460 0.816667 0.309278 0.813333 0.280641 0.803333 0.250859 0.782500 0.215349 0.774167 0.197022 0.772500 0.180985 0.776667 0.169530 0.778333 0.156930 0.778333 0.122566 0.775000 0.106529 0.763333 0.095074 0.744167 0.087056 0.715833 0.087056
0 0.943333 0.064147 0.925000 0.058419 0.898333 0.059565 0.884167 0.064147 0.875833 0.072165 0.872500 0.079038 0.868333 0.103093 0.867500 0.148912 0.863333 0.161512 0.863333 0.169530 0.868333 0.182131 0.868333 0.189003 0.830833 0.284078 0.820833 0.315006 0.805000 0.406644 0.802500 0.435281 0.802500 0.459336 0.805000 0.463918 0.829167 0.438717 0.855000 0.422680 0.874167 0.414662 0.876667 0.411226 0.879167 0.403207 0.884167 0.357388 0.897500 0.334479 0.900833 0.315006 0.909167 0.296678 0.916667 0.289805 0.931667 0.284078 0.950000 0.284078 0.966667 0.289805 0.970833 0.295533 0.975000 0.295533 0.975000 0.285223 0.970833 0.274914 0.967500 0.250859 0.953333 0.197022 0.954167 0.189003 0.960833 0.177549 0.961667 0.171821 0.960000 0.155785 0.962500 0.140893 0.963333 0.097365 0.958333 0.079038 0.951667 0.069874
0 0.498333 0.253150 0.478333 0.260023 0.470833 0.265750 0.463333 0.276060 0.458333 0.294387 0.459167 0.332188 0.455833 0.341352 0.455833 0.358534 0.458333 0.364261 0.450833 0.375716 0.446667 0.376861 0.440833 0.383734 0.435833 0.392898 0.453333 0.395189 0.465000 0.399771 0.475000 0.406644 0.485833 0.422680 0.490000 0.438717 0.492500 0.463918 0.488333 0.510882 0.507500 0.537228 0.523333 0.563574 0.531667 0.584192 0.541667 0.618557 0.545833 0.643757 0.547500 0.671249 0.546667 0.773196 0.544167 0.792669 0.535833 0.821306 0.534167 0.839633 0.535833 0.910653 0.537500 0.932417 0.539167 0.934708 0.537500 0.940435 0.545000 0.942726 0.545833 0.883162 0.550000 0.839633 0.565000 0.783505 0.569167 0.778923 0.584167 0.747995 0.585000 0.668958 0.584167 0.644903 0.580000 0.611684 0.580833 0.601375 0.586667 0.572738 0.608333 0.523482 0.608333 0.471936 0.600000 0.422680 0.593333 0.408935 0.576667 0.384880 0.559167 0.369989 0.560833 0.341352 0.557500 0.331042 0.557500 0.302405 0.553333 0.276060 0.546667 0.266896 0.530000 0.256586 0.519167 0.253150
0 0.934167 0.056128 0.937500 0.060710 0.950833 0.068729 0.959167 0.080183 0.963333 0.093929 0.964167 0.123711 0.960833 0.154639 0.963333 0.172967 0.955833 0.187858 0.955000 0.199313 0.984167 0.318442 0.993333 0.376861 0.994167 0.418099 1.000000 0.426117 1.000000 0.226804 0.997500 0.224513 0.980000 0.170676 0.980000 0.166094 0.988333 0.155785 0.990000 0.148912 0.988333 0.135166 0.989167 0.080183 0.980833 0.066438 0.966667 0.058419 0.951667 0.054983
0 0.965833 0.290951 0.947500 0.285223 0.932500 0.285223 0.915833 0.290951 0.910833 0.295533 0.904167 0.306987 0.898333 0.336770 0.888333 0.349370 0.885000 0.357388 0.879167 0.412371 0.875000 0.416953 0.853333 0.424971 0.829167 0.439863 0.816667 0.452463 0.805833 0.470790 0.800000 0.498282 0.798333 0.534937 0.799167 0.563574 0.802500 0.586483 0.802500 0.611684 0.797500 0.648339 0.792500 0.750286 0.791667 0.800687 0.794167 0.819015 0.802500 0.797251 0.805833 0.762887 0.812500 0.736541 0.829167 0.696449 0.855000 0.658648 0.873333 0.641466 0.879167 0.632302 0.878333 0.602520 0.885000 0.564719 0.895833 0.544101 0.900000 0.539519 0.914167 0.532646 0.944167 0.530355 0.974167 0.539519 0.990833 0.553265 0.997500 0.562428 1.000000 0.562428 1.000000 0.434135 0.993333 0.429553 0.990833 0.424971 0.990000 0.369989 0.988333 0.363116 0.979167 0.345934 0.975000 0.306987
0 0.984167 0.548683 0.956667 0.534937 0.923333 0.532646 0.908333 0.536082 0.900833 0.540664 0.890000 0.554410 0.884167 0.573883 0.880833 0.594502 0.880000 0.617411 0.881667 0.634593 0.854167 0.662085 0.836667 0.686140 0.820833 0.719359 0.808333 0.761741 0.796667 0.854525 0.795000 0.924399 0.790000 0.947308 0.790833 0.956472 0.787500 0.995418 0.790000 1.000000 1.000000 1.000000 1.000000 0.671249 0.994167 0.665521 0.991667 0.658648 1.000000 0.634593 1.000000 0.567010
0 0.120833 0.469645 0.109167 0.479954 0.104167 0.487973 0.100833 0.500573 0.100833 0.539519 0.098333 0.564719 0.105000 0.595647 0.080000 0.643757 0.065000 0.681558 0.055000 0.727377 0.065833 0.957617 0.070000 0.993127 0.075000 1.000000 0.280833 1.000000 0.283333 0.994273 0.283333 0.973654 0.285833 0.965636 0.283333 0.949599 0.283333 0.892325 0.281667 0.887743 0.279167 0.801833 0.276667 0.777778 0.277500 0.734250 0.272500 0.701031 0.267500 0.693013 0.267500 0.688431 0.255833 0.663230 0.242500 0.644903 0.211667 0.586483 0.211667 0.580756 0.215833 0.569301 0.215833 0.554410 0.211667 0.539519 0.208333 0.498282 0.204167 0.482245 0.191667 0.468499 0.170833 0.460481 0.140833 0.461627
0 0.189167 0.321879 0.173333 0.333333 0.166667 0.344788 0.165000 0.351661 0.164167 0.378007 0.165833 0.412371 0.164167 0.420389 0.169167 0.452463 0.176667 0.460481 0.195000 0.469645 0.203333 0.479954 0.209167 0.499427 0.211667 0.533792 0.217500 0.558992 0.215000 0.584192 0.235000 0.627721 0.262500 0.672394 0.270833 0.690722 0.276667 0.710195 0.279167 0.725086 0.280000 0.806415 0.284167 0.916380 0.286667 0.941581 0.285833 0.995418 0.287500 1.000000 0.333333 1.000000 0.326667 0.717068 0.329167 0.619702 0.324167 0.583047 0.319167 0.560137 0.304167 0.513173 0.288333 0.477663 0.265833 0.439863 0.265000 0.432990 0.270000 0.421535 0.270833 0.410080 0.270000 0.402062 0.266667 0.395189 0.265833 0.355097 0.261667 0.339061 0.250000 0.325315 0.232500 0.318442 0.204167 0.318442
0 0.000000 0.365407 0.000000 0.995418 0.012500 0.993127 0.020000 0.996564 0.025000 0.994273 0.032500 0.996564 0.045000 0.995418 0.053333 0.998855 0.065000 0.995418 0.065833 0.989691 0.060000 0.876289 0.057500 0.868270 0.058333 0.860252 0.056667 0.853379 0.054167 0.757159 0.051667 0.743414 0.051667 0.728522 0.058333 0.693013 0.080833 0.634593 0.100000 0.600229 0.100833 0.589920 0.095000 0.571592 0.093333 0.555556 0.072500 0.524628 0.053333 0.504009 0.056667 0.476518 0.052500 0.461627 0.052500 0.428408 0.050000 0.404353 0.043333 0.382589 0.037500 0.375716 0.027500 0.369989
0 0.121667 0.126002 0.101667 0.126002 0.080000 0.134021 0.070000 0.140893 0.062500 0.152348 0.060000 0.166094 0.060000 0.193585 0.063333 0.218786 0.061667 0.249714 0.069167 0.268041 0.048333 0.350515 0.045833 0.367698 0.045833 0.382589 0.052500 0.410080 0.054167 0.455899 0.055833 0.466208 0.060000 0.473081 0.060000 0.484536 0.056667 0.500573 0.065000 0.514318 0.094167 0.548683 0.096667 0.548683 0.099167 0.534937 0.099167 0.506300 0.102500 0.487973 0.111667 0.475372 0.120000 0.468499 0.133333 0.461627 0.159167 0.457045 0.163333 0.453608 0.164167 0.351661 0.167500 0.340206 0.181667 0.323024 0.180000 0.310424 0.158333 0.260023 0.162500 0.243986 0.162500 0.230241 0.158333 0.216495 0.158333 0.174112 0.155000 0.148912 0.145000 0.135166
0 0.086667 0.095074 0.055000 0.092784 0.040833 0.096220 0.020000 0.109966 0.015000 0.122566 0.014167 0.161512 0.021667 0.186712 0.000000 0.224513 0.000000 0.285223 0.007500 0.288660 0.027500 0.304696 0.037500 0.321879 0.045000 0.343643 0.047500 0.341352 0.053333 0.325315 0.054167 0.315006 0.060833 0.296678 0.065000 0.272623 0.064167 0.262314 0.060000 0.252005 0.061667 0.235968 0.061667 0.216495 0.058333 0.191294 0.060000 0.158076 0.063333 0.148912 0.075000 0.136312 0.105000 0.122566 0.105000 0.114548 0.100833 0.104238
0 0.046667 0.000000 0.044167 0.026346 0.047500 0.036655 0.056667 0.048110 0.053333 0.081329 0.054167 0.089347 0.090000 0.095074 0.102500 0.105384 0.109167 0.123711 0.130833 0.126002 0.150000 0.138603 0.151667 0.137457 0.148333 0.114548 0.135000 0.067583 0.130833 0.044674 0.137500 0.026346 0.135833 0.000000
0 0.304167 0.207331 0.290833 0.211913 0.276667 0.221077 0.267500 0.237113 0.265000 0.270332 0.265833 0.286369 0.273333 0.306987 0.272500 0.321879 0.266667 0.341352 0.268333 0.391753 0.273333 0.407789 0.273333 0.419244 0.267500 0.436426 0.295000 0.489118 0.310833 0.526919 0.326667 0.587629 0.330000 0.604811 0.334167 0.604811 0.345000 0.572738 0.360833 0.544101 0.379167 0.517755 0.375833 0.479954 0.377500 0.435281 0.384167 0.418099 0.392500 0.407789 0.403333 0.400916 0.405000 0.392898 0.378333 0.348225 0.367500 0.321879 0.363333 0.300115 0.368333 0.282932 0.368333 0.261168 0.364167 0.232532 0.360000 0.222222 0.350000 0.213058 0.335000 0.207331
0 0.250833 0.089347 0.221667 0.100802 0.211667 0.108820 0.208333 0.116838 0.206667 0.156930 0.213333 0.180985 0.211667 0.205040 0.195833 0.257732 0.188333 0.272623 0.184167 0.294387 0.180833 0.297824 0.180833 0.303551 0.188333 0.319588 0.213333 0.316151 0.234167 0.317297 0.247500 0.321879 0.256667 0.328751 0.259167 0.334479 0.265000 0.335624 0.270000 0.318442 0.270000 0.305842 0.266667 0.296678 0.263333 0.271478 0.267500 0.233677 0.279167 0.217640 0.300000 0.205040 0.300833 0.200458 0.298333 0.191294 0.297500 0.174112 0.302500 0.161512 0.303333 0.146621 0.299167 0.116838 0.296667 0.107675 0.292500 0.101947 0.277500 0.093929
0 0.255000 0.000000 0.245833 0.017182 0.242500 0.030928 0.243333 0.058419 0.247500 0.079038 0.250833 0.085911 0.283333 0.095074 0.293333 0.103093 0.297500 0.109966 0.304167 0.144330 0.304167 0.155785 0.299167 0.172967 0.299167 0.183276 0.305833 0.203895 0.335000 0.205040 0.350000 0.210767 0.360833 0.221077 0.367500 0.235968 0.369167 0.249714 0.374167 0.253150 0.375833 0.269187 0.374167 0.287514 0.367500 0.297824 0.366667 0.308133 0.368333 0.312715 0.375000 0.317297 0.376667 0.337915 0.380000 0.342497 0.382500 0.342497 0.382500 0.331042 0.385000 0.326460 0.383333 0.321879 0.385000 0.319588 0.384167 0.315006 0.385833 0.312715 0.388333 0.289805 0.391667 0.226804 0.390000 0.182131 0.390833 0.143184 0.389167 0.132875 0.383333 0.123711 0.354167 0.100802 0.337500 0.092784 0.328333 0.083620 0.331667 0.061856 0.330000 0.028637 0.326667 0.014891 0.316667 0.000000
0 0.504167 0.000000 0.420000 0.000000 0.420000 0.068729 0.423333 0.095074 0.419167 0.127148 0.407500 0.164948 0.397500 0.207331 0.393333 0.242841 0.390000 0.309278 0.391667 0.360825 0.400000 0.380298 0.410000 0.394044 0.418333 0.395189 0.426667 0.388316 0.439167 0.336770 0.462500 0.273769 0.469167 0.263459 0.470833 0.250859 0.466667 0.239404 0.465833 0.224513 0.468333 0.207331 0.470000 0.166094 0.472500 0.155785 0.480833 0.143184 0.505833 0.131730 0.500833 0.103093 0.500833 0.075601 0.504167 0.059565 0.505833 0.021764
0 0.405833 0.402062 0.388333 0.414662 0.380000 0.431844 0.377500 0.484536 0.378333 0.495991 0.383333 0.510882 0.382500 0.517755 0.354167 0.557847 0.345833 0.575029 0.335833 0.604811 0.333333 0.619702 0.332500 0.759450 0.334167 0.784651 0.341667 0.807560 0.344167 0.822451 0.347500 1.000000 0.530000 1.000000 0.533333 0.970218 0.532500 0.830470 0.543333 0.786942 0.545833 0.734250 0.545000 0.650630 0.537500 0.605956 0.527500 0.576174 0.518333 0.556701 0.485833 0.510882 0.490000 0.484536 0.490833 0.455899 0.486667 0.427262 0.483333 0.419244 0.471667 0.405498 0.454167 0.397480 0.429167 0.396334
0 0.480833 0.144330 0.472500 0.156930 0.470000 0.175258 0.467500 0.235968 0.475000 0.252005 0.474167 0.260023 0.494167 0.253150 0.512500 0.252005 0.534167 0.257732 0.545833 0.265750 0.554167 0.277205 0.556667 0.287514 0.558333 0.332188 0.561667 0.341352 0.560833 0.368843 0.581667 0.390607 0.596667 0.412371 0.596667 0.387171 0.590833 0.356243 0.569167 0.288660 0.555000 0.255441 0.562500 0.234822 0.560000 0.213058 0.560833 0.167239 0.559167 0.158076 0.552500 0.147766 0.545000 0.140893 0.529167 0.136312 0.503333 0.136312
