0 0.366569 0.140762 0.341153 0.142229 0.336266 0.145161 0.332356 0.152493 0.331378 0.171554 0.334311 0.206745 0.314761 0.252199 0.311828 0.290323 0.313783 0.423754 0.316716 0.480938 0.349951 0.500000 0.355816 0.508798 0.358749 0.519062 0.358749 0.536657 0.351906 0.548387 0.351906 0.577713 0.356794 0.596774 0.365591 0.592375 0.369501 0.570381 0.368524 0.564516 0.370479 0.561584 0.369501 0.555718 0.372434 0.548387 0.374389 0.527859 0.377322 0.521994 0.389052 0.514663 0.416422 0.514663 0.418377 0.507331 0.412512 0.329912 0.409580 0.319648 0.411535 0.313783 0.409580 0.255132 0.404692 0.237537 0.383187 0.199413 0.381232 0.149560 0.374389 0.142229
0 0.132942 0.189150 0.126100 0.197947 0.122190 0.217009 0.122190 0.234604 0.125122 0.243402 0.123167 0.259531 0.110459 0.282991 0.099707 0.313783 0.100684 0.464809 0.104594 0.473607 0.130987 0.475073 0.137830 0.478006 0.141740 0.483871 0.145650 0.502933 0.147605 0.535191 0.149560 0.545455 0.154448 0.552786 0.157380 0.585044 0.162268 0.596774 0.171065 0.583578 0.186706 0.542522 0.189638 0.530792 0.189638 0.504399 0.196481 0.478006 0.204301 0.467742 0.205279 0.420821 0.202346 0.341642 0.198436 0.299120 0.193548 0.284457 0.182796 0.266862 0.175953 0.249267 0.176931 0.200880 0.174976 0.192082 0.169110 0.187683
0 0.344086 0.051320 0.340176 0.057185 0.337243 0.068915 0.340176 0.111437 0.322581 0.143695 0.318671 0.159824 0.315738 0.233138 0.317693 0.236070 0.320626 0.234604 0.326491 0.225806 0.332356 0.209677 0.329423 0.181818 0.331378 0.152493 0.339198 0.142229 0.360704 0.139296 0.372434 0.140762 0.382209 0.149560 0.384164 0.202346 0.398827 0.230205 0.408602 0.244868 0.412512 0.244868 0.413490 0.186217 0.411535 0.156891 0.404692 0.134897 0.387097 0.111437 0.387097 0.071848 0.384164 0.058651 0.380254 0.052786 0.369501 0.046921 0.352884 0.046921
0 0.842620 0.211144 0.819159 0.211144 0.801564 0.219941 0.799609 0.225806 0.799609 0.241935 0.803519 0.266862 0.797654 0.282991 0.797654 0.294721 0.806452 0.291789 0.839687 0.294721 0.842620 0.291789 0.842620 0.258065 0.847507 0.244868 0.846530 0.219941
0 0.432063 0.120235 0.423265 0.131965 0.422287 0.153959 0.424242 0.181818 0.415445 0.211144 0.415445 0.277126 0.419355 0.328446 0.424242 0.328446 0.426197 0.324047 0.426197 0.313783 0.421310 0.309384 0.423265 0.272727 0.437928 0.256598 0.459433 0.252199 0.466276 0.255132 0.472141 0.268328 0.479961 0.310850 0.486804 0.324047 0.499511 0.332845 0.501466 0.300587 0.499511 0.290323 0.500489 0.239003 0.498534 0.219941 0.491691 0.202346 0.473118 0.177419 0.467253 0.127566 0.458456 0.118768 0.451613 0.117302
0 0.563050 0.107038 0.540567 0.104106 0.526882 0.105572 0.521994 0.111437 0.521017 0.142229 0.523949 0.167155 0.508309 0.203812 0.502444 0.227273 0.505376 0.329912 0.508309 0.335777 0.519062 0.319648 0.529814 0.290323 0.529814 0.272727 0.526882 0.265396 0.524927 0.236070 0.526882 0.228739 0.533724 0.221408 0.556207 0.217009 0.574780 0.218475 0.578690 0.228739 0.579668 0.277126 0.596285 0.302053 0.600196 0.300587 0.599218 0.266862 0.595308 0.260997 0.598240 0.244868 0.593353 0.205279 0.570870 0.164223 0.567937 0.112903
0 0.653959 0.074780 0.623656 0.076246 0.613881 0.080645 0.611926 0.104106 0.615836 0.131965 0.594330 0.180352 0.594330 0.203812 0.603128 0.249267 0.620723 0.208211 0.632454 0.187683 0.633431 0.142229 0.635386 0.133431 0.643206 0.126100 0.659824 0.123167 0.661779 0.114370 0.661779 0.090909 0.659824 0.080645
0 0.244379 0.014663 0.242424 0.024927 0.243402 0.048387 0.248289 0.064516 0.248289 0.076246 0.243402 0.092375 0.255132 0.096774 0.273705 0.096774 0.281525 0.104106 0.283480 0.115836 0.281525 0.159824 0.293255 0.181818 0.305963 0.212610 0.305963 0.217009 0.310850 0.221408 0.317693 0.136364 0.311828 0.109971 0.298143 0.086510 0.292278 0.070381 0.292278 0.020528 0.288368 0.013196 0.250244 0.011730
0 0.235582 0.099707 0.231672 0.111437 0.232649 0.145161 0.267840 0.149560 0.273705 0.158358 0.273705 0.215543 0.296188 0.256598 0.302053 0.274194 0.304985 0.275660 0.306940 0.268328 0.306940 0.244868 0.304008 0.212610 0.279570 0.155425 0.283480 0.127566 0.281525 0.102639 0.272727 0.096774 0.239492 0.096774
0 0.232649 0.149560 0.221896 0.152493 0.217986 0.158358 0.217986 0.186217 0.222874 0.205279 0.222874 0.214076 0.205279 0.258065 0.200391 0.278592 0.208211 0.466276 0.216031 0.472141 0.241447 0.476540 0.258065 0.489736 0.260997 0.501466 0.258065 0.532258 0.259042 0.570381 0.266862 0.590909 0.269795 0.590909 0.279570 0.567449 0.288368 0.502933 0.295210 0.489736 0.311828 0.482405 0.311828 0.417889 0.304008 0.293255 0.296188 0.258065 0.272727 0.215543 0.271750 0.156891 0.268817 0.152493 0.260997 0.149560
0 0.457478 0.252199 0.432063 0.259531 0.426197 0.268328 0.425220 0.296188 0.429130 0.315249 0.429130 0.326979 0.416422 0.359238 0.416422 0.391496 0.423265 0.510264 0.425220 0.517595 0.439883 0.536657 0.443793 0.530792 0.446725 0.502933 0.450635 0.488270 0.475073 0.451613 0.478006 0.442815 0.478983 0.413490 0.482893 0.390029 0.489736 0.381232 0.507331 0.373900 0.506354 0.356305 0.500489 0.340176 0.478006 0.310850 0.474096 0.281525 0.468231 0.258065
0 0.676442 0.127566 0.644184 0.127566 0.636364 0.133431 0.633431 0.151026 0.634409 0.184751 0.614858 0.222874 0.607038 0.252199 0.607038 0.310850 0.613881 0.346041 0.616813 0.376833 0.625611 0.542522 0.629521 0.571848 0.634409 0.585044 0.639296 0.585044 0.642229 0.579179 0.662757 0.580645 0.678397 0.558651 0.682307 0.545455 0.681329 0.516129 0.683284 0.504399 0.693060 0.485337 0.702835 0.478006 0.704790 0.467742 0.709677 0.249267 0.707722 0.237537 0.686217 0.192082 0.684262 0.183284 0.684262 0.134897 0.682307 0.130499
0 0.571848 0.217009 0.538612 0.219941 0.528837 0.224340 0.524927 0.241935 0.531769 0.282991 0.529814 0.293255 0.510264 0.344575 0.512219 0.372434 0.517107 0.379765 0.527859 0.385630 0.534702 0.400293 0.535679 0.420821 0.532747 0.456012 0.545455 0.485337 0.552297 0.510264 0.552297 0.558651 0.547410 0.629032 0.540567 0.673021 0.539589 0.714076 0.536657 0.734604 0.536657 0.749267 0.542522 0.765396 0.545455 0.765396 0.545455 0.759531 0.549365 0.750733 0.554252 0.749267 0.560117 0.731672 0.564027 0.705279 0.568915 0.702346 0.571848 0.690616 0.581623 0.674487 0.615836 0.642229 0.624633 0.623167 0.628543 0.596774 0.621701 0.516129 0.617791 0.420821 0.611926 0.344575 0.607038 0.322581 0.577713 0.272727 0.576735 0.219941
0 0.736070 0.109971 0.707722 0.111437 0.695992 0.118768 0.693060 0.126100 0.693060 0.148094 0.698925 0.170088 0.695992 0.190616 0.695992 0.209677 0.710655 0.239003 0.716520 0.236070 0.722385 0.221408 0.721408 0.192082 0.724340 0.170088 0.728250 0.164223 0.740958 0.158358 0.742913 0.153959 0.741935 0.124633 0.739003 0.112903
0 0.753666 0.159824 0.736070 0.161290 0.728250 0.165689 0.723363 0.173021 0.722385 0.202346 0.724340 0.219941 0.712610 0.243402 0.710655 0.258065 0.707722 0.470674 0.713587 0.479472 0.730205 0.485337 0.739980 0.502933 0.746823 0.500000 0.753666 0.442815 0.752688 0.435484 0.760508 0.398827 0.789834 0.357771 0.791789 0.348974 0.792766 0.281525 0.787879 0.258065 0.777126 0.236070 0.773216 0.221408 0.773216 0.170088 0.767351 0.162757
0 0.851417 0.244868 0.844575 0.250733 0.842620 0.265396 0.843597 0.288856 0.851417 0.306452 0.851417 0.326979 0.847507 0.362170 0.854350 0.381232 0.871945 0.416422 0.871945 0.482405 0.874878 0.482405 0.877810 0.476540 0.878788 0.451613 0.886608 0.428152 0.892473 0.425220 0.915934 0.425220 0.916911 0.359238 0.913001 0.344575 0.891496 0.302053 0.893451 0.290323 0.892473 0.252199 0.883675 0.244868
0 0.823069 0.293255 0.805474 0.293255 0.801564 0.296188 0.797654 0.304985 0.796676 0.347507 0.794721 0.353372 0.765396 0.392962 0.758553 0.409091 0.748778 0.500000 0.747801 0.539589 0.748778 0.545455 0.765396 0.567449 0.773216 0.583578 0.780059 0.627566 0.782014 0.670088 0.786901 0.690616 0.794721 0.683284 0.798631 0.673021 0.803519 0.670088 0.820137 0.646628 0.823069 0.611437 0.827957 0.589443 0.837732 0.580645 0.856305 0.579179 0.860215 0.574780 0.866080 0.519062 0.871945 0.420821 0.865103 0.400293 0.852395 0.378299 0.845552 0.360704 0.850440 0.328446 0.850440 0.307918 0.846530 0.299120
0 0.091887 0.478006 0.080156 0.482405 0.077224 0.488270 0.075269 0.502933 0.075269 0.519062 0.079179 0.532258 0.079179 0.542522 0.066471 0.620235 0.070381 0.740469 0.073314 0.753666 0.078201 0.762463 0.086999 0.765396 0.091887 0.771261 0.083089 0.790323 0.083089 0.797654 0.086999 0.803519 0.098729 0.804985 0.113392 0.821114 0.125122 0.825513 0.131965 0.813783 0.132942 0.799120 0.144673 0.749267 0.156403 0.649560 0.158358 0.605572 0.146628 0.543988 0.142717 0.533724 0.142717 0.489736 0.140762 0.482405 0.131965 0.476540 0.120235 0.475073
0 0.225806 0.473607 0.203324 0.473607 0.194526 0.486804 0.192571 0.497067 0.192571 0.532258 0.161290 0.618768 0.150538 0.700880 0.146628 0.749267 0.142717 0.762463 0.132942 0.824047 0.133920 0.832845 0.141740 0.843109 0.154448 0.851906 0.173021 0.875367 0.177908 0.876833 0.181818 0.882698 0.185728 0.882698 0.194526 0.891496 0.196481 0.897361 0.205279 0.894428 0.205279 0.885630 0.217986 0.838710 0.224829 0.800587 0.232649 0.780059 0.238514 0.753666 0.242424 0.747801 0.256109 0.656891 0.256109 0.611437 0.253177 0.599707 0.255132 0.590909 0.252199 0.571848 0.252199 0.548387 0.257087 0.523460 0.258065 0.494135 0.253177 0.485337 0.247312 0.480938
0 0.340176 0.495601 0.317693 0.488270 0.297165 0.489736 0.291300 0.501466 0.288368 0.549853 0.266862 0.618768 0.258065 0.696481 0.248289 0.759531 0.235582 0.804985 0.225806 0.854839 0.219941 0.901760 0.221896 0.917889 0.225806 0.922287 0.239492 0.925220 0.297165 0.923754 0.303030 0.920821 0.310850 0.903226 0.321603 0.831378 0.327468 0.809384 0.338221 0.747801 0.347996 0.662757 0.346041 0.563050 0.351906 0.533724 0.352884 0.511730 0.348974 0.501466
0 0.424242 0.523460 0.403715 0.517595 0.387097 0.517595 0.381232 0.520528 0.376344 0.527859 0.374389 0.545455 0.375367 0.571848 0.351906 0.664223 0.349951 0.699413 0.345064 0.727273 0.342131 0.762463 0.328446 0.835777 0.326491 0.870968 0.318671 0.907625 0.318671 0.920821 0.325513 0.925220 0.396872 0.926686 0.408602 0.920821 0.415445 0.846041 0.420332 0.819648 0.421310 0.782991 0.428152 0.740469 0.434995 0.664223 0.433040 0.593842 0.436950 0.568915 0.437928 0.543988 0.434995 0.532258
0 0.501466 0.378299 0.492669 0.379765 0.483871 0.388563 0.479961 0.413490 0.479961 0.444282 0.455523 0.479472 0.448680 0.504399 0.438905 0.577713 0.434995 0.689150 0.423265 0.777126 0.420332 0.844575 0.422287 0.856305 0.427175 0.860704 0.462366 0.870968 0.511241 0.876833 0.516129 0.873900 0.523949 0.857771 0.530792 0.809384 0.533724 0.719941 0.537634 0.674487 0.544477 0.636364 0.548387 0.598240 0.551320 0.510264 0.547410 0.492669 0.529814 0.456012 0.533724 0.431085 0.533724 0.398827 0.531769 0.391496 0.519062 0.381232
0 0.674487 0.601173 0.654936 0.587977 0.641251 0.587977 0.634409 0.593842 0.626588 0.618768 0.623656 0.639296 0.614858 0.651026 0.594330 0.667155 0.579668 0.689150 0.563050 0.733138 0.554252 0.768328 0.547410 0.784457 0.517107 0.897361 0.515152 0.923754 0.517107 0.926686 0.542522 0.931085 0.608016 0.929619 0.617791 0.923754 0.627566 0.878299 0.661779 0.796188 0.672532 0.752199 0.679374 0.734604 0.679374 0.714076 0.672532 0.686217 0.671554 0.665689 0.677419 0.655425 0.683284 0.636364 0.684262 0.618768
0 0.704790 0.482405 0.694037 0.488270 0.686217 0.501466 0.685239 0.527859 0.687195 0.545455 0.671554 0.585044 0.672532 0.596774 0.678397 0.604106 0.685239 0.620235 0.684262 0.639296 0.677419 0.664223 0.679374 0.695015 0.685239 0.724340 0.685239 0.744868 0.682307 0.752199 0.682307 0.766862 0.680352 0.771261 0.680352 0.819648 0.682307 0.829912 0.680352 0.832845 0.680352 0.881232 0.682307 0.885630 0.682307 0.904692 0.685239 0.920821 0.696970 0.926686 0.749756 0.928152 0.772239 0.925220 0.774194 0.922287 0.777126 0.894428 0.781036 0.885630 0.796676 0.870968 0.795699 0.831378 0.787879 0.766862 0.783969 0.753666 0.783969 0.715543 0.773216 0.592375 0.768328 0.574780 0.739003 0.538123 0.732160 0.494135 0.722385 0.483871
0 0.839687 0.583578 0.827957 0.592375 0.826002 0.605572 0.826002 0.643695 0.802542 0.680352 0.796676 0.697947 0.795699 0.719941 0.793744 0.724340 0.794721 0.788856 0.802542 0.857771 0.805474 0.866569 0.824047 0.875367 0.831867 0.884164 0.841642 0.900293 0.847507 0.925220 0.863148 0.926686 0.872923 0.922287 0.876833 0.916422 0.876833 0.909091 0.881720 0.904692 0.880743 0.901760 0.884653 0.897361 0.885630 0.891496 0.891496 0.888563 0.894428 0.869501 0.908113 0.846041 0.909091 0.831378 0.912023 0.826979 0.914956 0.737537 0.913001 0.718475 0.898338 0.693548 0.880743 0.649560 0.881720 0.605572 0.877810 0.590909 0.864125 0.583578
0 0.888563 0.426686 0.882698 0.436950 0.881720 0.478006 0.872923 0.494135 0.869013 0.511730 0.866080 0.576246 0.869013 0.583578 0.880743 0.595308 0.883675 0.626100 0.902248 0.642229 0.908113 0.661290 0.927664 0.662757 0.938416 0.673021 0.943304 0.673021 0.960899 0.643695 0.959922 0.558651 0.951124 0.527859 0.930596 0.489736 0.935484 0.460411 0.935484 0.441349 0.932551 0.434018 0.920821 0.428152
