2 0.119808 0.211196 0.095847 0.231552 0.078275 0.259542 0.063898 0.302799 0.060703 0.376590 0.067093 0.412214 0.078275 0.442748 0.094249 0.470738 0.126198 0.498728 0.148562 0.506361 0.172524 0.506361 0.206070 0.491094 0.233227 0.452926 0.250799 0.399491 0.255591 0.351145 0.249201 0.300254 0.225240 0.244275 0.191693 0.211196 0.172524 0.203562 0.138978 0.203562
2 0.306709 0.351145 0.273163 0.374046 0.250799 0.409669 0.234824 0.465649 0.233227 0.511450 0.236422 0.539440 0.242812 0.564885 0.257188 0.597964 0.282748 0.631043 0.309904 0.646310 0.348243 0.646310 0.380192 0.625954 0.407348 0.582697 0.418530 0.547074 0.421725 0.521628 0.420128 0.458015 0.413738 0.430025 0.400958 0.399491 0.375399 0.366412 0.349840 0.351145
2 0.297125 0.045802 0.271565 0.063613 0.258786 0.078880 0.234824 0.134860 0.230032 0.180662 0.234824 0.246819 0.250799 0.292621 0.279553 0.330789 0.311502 0.346056 0.356230 0.343511 0.380192 0.323155 0.397764 0.297710 0.415335 0.249364 0.418530 0.180662 0.413738 0.142494 0.400958 0.101781 0.370607 0.061069 0.335463 0.043257
2 0.118211 0.513995 0.079872 0.547074 0.055911 0.595420 0.047923 0.648855 0.047923 0.679389 0.054313 0.717557 0.067093 0.755725 0.083067 0.781170 0.102236 0.798982 0.127796 0.811705 0.161342 0.811705 0.180511 0.804071 0.201278 0.786260 0.217252 0.763359 0.238019 0.709924 0.244409 0.666667 0.239617 0.610687 0.222045 0.562341 0.194888 0.526718 0.166134 0.511450
2 0.329073 0.653944 0.287540 0.659033 0.258786 0.681934 0.234824 0.725191 0.220447 0.783715 0.222045 0.844784 0.234824 0.893130 0.265176 0.938931 0.297125 0.956743 0.316294 0.959288 0.338658 0.954198 0.367412 0.933842 0.391374 0.898219 0.407348 0.842239 0.407348 0.773537 0.399361 0.732824 0.389776 0.709924 0.367412 0.676845 0.349840 0.661578
2 0.498403 0.358779 0.471246 0.374046 0.439297 0.414758 0.426518 0.460560 0.424920 0.547074 0.437700 0.592875 0.468051 0.633588 0.498403 0.651399 0.538339 0.651399 0.573482 0.623410 0.584665 0.608142 0.600639 0.572519 0.608626 0.539440 0.607029 0.463104 0.592652 0.417303 0.571885 0.384224 0.538339 0.358779
2 0.455272 0.664122 0.429712 0.694656 0.413738 0.737913 0.412141 0.844784 0.420128 0.875318 0.444089 0.921120 0.482428 0.949109 0.520767 0.951654 0.554313 0.931298 0.579872 0.893130 0.594249 0.844784 0.595847 0.783715 0.587859 0.735369 0.563898 0.687023 0.541534 0.664122 0.511182 0.653944 0.479233 0.653944
2 0.477636 0.063613 0.460064 0.078880 0.439297 0.109415 0.423323 0.157761 0.421725 0.249364 0.428115 0.279898 0.448882 0.323155 0.484026 0.351145 0.538339 0.353690 0.555911 0.343511 0.586262 0.305344 0.600639 0.267176 0.607029 0.218830 0.602236 0.152672 0.587859 0.109415 0.573482 0.086514 0.549521 0.063613 0.530351 0.055980 0.495208 0.055980
2 0.674121 0.061069 0.642173 0.086514 0.623003 0.117048 0.611821 0.147583 0.608626 0.226463 0.611821 0.277354 0.626198 0.323155 0.642173 0.340967 0.678914 0.353690 0.725240 0.351145 0.755591 0.325700 0.781150 0.282443 0.790735 0.246819 0.793930 0.218830 0.787540 0.152672 0.774760 0.109415 0.744409 0.071247 0.715655 0.058524
2 0.685304 0.358779 0.648562 0.381679 0.634185 0.396947 0.624601 0.417303 0.611821 0.473282 0.611821 0.549618 0.615016 0.572519 0.623003 0.592875 0.650160 0.631043 0.683706 0.651399 0.723642 0.651399 0.758786 0.625954 0.782748 0.582697 0.795527 0.529262 0.793930 0.470738 0.777955 0.414758 0.749201 0.374046 0.726837 0.358779
2 0.960064 0.091603 0.939297 0.068702 0.913738 0.053435 0.872204 0.050891 0.853035 0.058524 0.789137 0.117048 0.787540 0.139949 0.795527 0.175573 0.795527 0.241730 0.789137 0.284987 0.795527 0.312977 0.819489 0.338422 0.841853 0.346056 0.902556 0.346056 0.945687 0.318066 0.961661 0.295165 0.972843 0.269720 0.985623 0.211196 0.985623 0.173028 0.980831 0.139949
2 0.851438 0.358779 0.814696 0.384224 0.800319 0.402036 0.797125 0.414758 0.797125 0.544529 0.793930 0.559796 0.797125 0.587786 0.814696 0.613232 0.838658 0.631043 0.867412 0.643766 0.905751 0.646310 0.940895 0.625954 0.961661 0.600509 0.982428 0.547074 0.987220 0.486005 0.980831 0.437659 0.963259 0.399491 0.923323 0.356234 0.913738 0.351145 0.873802 0.351145
2 0.803514 0.664122 0.784345 0.684478 0.777955 0.707379 0.784345 0.783715 0.784345 0.829517 0.779553 0.877863 0.837061 0.931298 0.869010 0.944020 0.912141 0.936387 0.944089 0.905852 0.960064 0.875318 0.972843 0.819338 0.971246 0.763359 0.964856 0.735369 0.947284 0.694656 0.929712 0.671756 0.891374 0.648855 0.837061 0.648855
2 0.634185 0.664122 0.610224 0.689567 0.599042 0.715013 0.600639 0.725191 0.595847 0.760814 0.599042 0.783715 0.597444 0.865140 0.600639 0.875318 0.634185 0.923664 0.661342 0.946565 0.709265 0.951654 0.736422 0.936387 0.761981 0.903308 0.779553 0.849873 0.782748 0.786260 0.771565 0.730280 0.746006 0.684478 0.715655 0.659033 0.672524 0.653944
