2 0.222857 0.539615 0.180000 0.539615 0.164286 0.543897 0.141429 0.558887 0.114286 0.593148 0.095714 0.646681 0.092857 0.708779 0.095714 0.734475 0.105714 0.766595 0.132857 0.813704 0.165714 0.837259 0.201429 0.841542 0.240000 0.824411 0.274286 0.785867 0.284286 0.768737 0.294286 0.736617 0.295714 0.638116 0.288571 0.605996 0.268571 0.569593 0.261429 0.567452 0.257143 0.558887 0.238571 0.543897
2 0.390000 0.541756 0.368571 0.548180 0.345714 0.563169 0.314286 0.605996 0.298571 0.657388 0.297143 0.717345 0.302857 0.749465 0.312857 0.779443 0.335714 0.815846 0.352857 0.830835 0.378571 0.843683 0.412857 0.843683 0.434286 0.835118 0.452857 0.820128 0.482857 0.775161 0.497143 0.728051 0.498571 0.670236 0.491429 0.623126 0.482857 0.601713 0.458571 0.563169 0.435714 0.548180
2 0.310000 0.933619 0.295714 0.888651 0.278571 0.865096 0.245714 0.837259 0.235714 0.835118 0.184286 0.845824 0.155714 0.862955 0.125714 0.905782 0.111429 0.952891 0.108571 0.995717 0.110000 1.000000 0.307143 1.000000
2 0.508571 0.974304 0.498571 0.916488 0.482857 0.884368 0.457143 0.854390 0.414286 0.847966 0.375714 0.854390 0.350000 0.875803 0.330000 0.907923 0.328571 0.918630 0.315714 0.946467 0.311429 0.997859 0.508571 1.000000
2 0.710000 0.952891 0.701429 0.918630 0.685714 0.880086 0.654286 0.845824 0.625714 0.843683 0.570000 0.850107 0.550000 0.865096 0.532857 0.892934 0.522857 0.922912 0.514286 0.961456 0.512857 1.000000 0.712857 1.000000
2 0.717143 0.955032 0.717143 1.000000 0.915714 1.000000 0.915714 0.978587 0.911429 0.957173 0.904286 0.942184 0.901429 0.922912 0.890000 0.901499 0.871429 0.875803 0.850000 0.858672 0.834286 0.854390 0.797143 0.854390 0.765714 0.871520 0.735714 0.903640 0.732857 0.916488 0.720000 0.940043
2 0.000000 0.233405 0.000000 0.528908 0.012857 0.528908 0.027143 0.522484 0.044286 0.503212 0.057143 0.498929 0.061429 0.492505 0.064286 0.471092 0.077143 0.445396 0.084286 0.411135 0.084286 0.340471 0.071429 0.295503 0.061429 0.274090 0.045714 0.252677 0.014286 0.235546
2 0.000000 0.535332 0.000000 0.832976 0.008571 0.832976 0.028571 0.824411 0.057143 0.802998 0.075714 0.777302 0.085714 0.751606 0.088571 0.732334 0.090000 0.644540 0.087143 0.620985 0.080000 0.597430 0.061429 0.563169 0.050000 0.550321 0.035714 0.546039 0.030000 0.539615
2 0.991429 0.550321 0.961429 0.565310 0.940000 0.588865 0.921429 0.620985 0.912857 0.670236 0.911429 0.717345 0.917143 0.758030 0.930000 0.790150 0.962857 0.832976 0.978571 0.843683 1.000000 0.850107 1.000000 0.552463
2 0.994286 0.244111 0.954286 0.267666 0.937143 0.297645 0.935714 0.310493 0.931429 0.312634 0.931429 0.325482 0.924286 0.329764 0.915714 0.413276 0.922857 0.468951 0.928571 0.473233 0.937143 0.498929 0.951429 0.518201 0.967143 0.531049 1.000000 0.541756 1.000000 0.244111
2 0.937143 0.000000 0.930000 0.017131 0.922857 0.051392 0.922857 0.094218 0.927143 0.098501 0.924286 0.113490 0.925714 0.139186 0.930000 0.143469 0.930000 0.154176 0.937143 0.160600 0.937143 0.171306 0.944286 0.177730 0.942857 0.182013 0.952857 0.192719 0.955714 0.203426 0.967143 0.218415 0.981429 0.224839 0.985714 0.239829 1.000000 0.233405 1.000000 0.000000
2 0.000000 0.000000 0.000000 0.229122 0.040000 0.235546 0.062857 0.226981 0.092857 0.192719 0.110000 0.156317 0.110000 0.137045 0.104286 0.113490 0.104286 0.038544 0.100000 0.010707 0.094286 0.000000
2 0.320000 0.000000 0.308571 0.053533 0.307143 0.081370 0.312857 0.128480 0.321429 0.156317 0.335714 0.184154 0.360000 0.211991 0.382857 0.224839 0.444286 0.229122 0.470000 0.209850 0.498571 0.162741 0.507143 0.126338 0.508571 0.072805 0.507143 0.047109 0.495714 0.000000
2 0.524286 0.000000 0.517143 0.019272 0.511429 0.051392 0.511429 0.107066 0.517143 0.139186 0.532857 0.179872 0.555714 0.216274 0.574286 0.229122 0.640000 0.233405 0.660000 0.222698 0.685714 0.188437 0.701429 0.147752 0.711429 0.096360 0.710000 0.042827 0.698571 0.000000
2 0.727143 0.002141 0.720000 0.025696 0.715714 0.059957 0.715714 0.145610 0.720000 0.169165 0.728571 0.190578 0.748571 0.220557 0.771429 0.233405 0.832857 0.233405 0.850000 0.224839 0.872857 0.203426 0.890000 0.179872 0.904286 0.149893 0.914286 0.102784 0.914286 0.053533 0.905714 0.008565 0.901429 0.000000
2 0.145714 0.250535 0.117143 0.282655 0.095714 0.336188 0.091429 0.402570 0.095714 0.436831 0.104286 0.464668 0.114286 0.486081 0.132857 0.511777 0.170000 0.535332 0.212857 0.535332 0.251429 0.518201 0.274286 0.492505 0.285714 0.471092 0.291429 0.445396 0.288571 0.331906 0.281429 0.306210 0.255714 0.265525 0.217143 0.239829 0.178571 0.235546
2 0.358571 0.235546 0.322857 0.267666 0.305714 0.299786 0.298571 0.321199 0.292857 0.359743 0.292857 0.400428 0.297143 0.432548 0.307143 0.464668 0.327143 0.498929 0.357143 0.524625 0.392857 0.535332 0.412857 0.533191 0.455714 0.511777 0.475714 0.486081 0.491429 0.436831 0.492857 0.357602 0.490000 0.329764 0.482857 0.304069 0.455714 0.259101 0.427143 0.235546 0.405714 0.229122 0.375714 0.229122
2 0.578571 0.235546 0.548571 0.250535 0.517143 0.289079 0.501429 0.329764 0.498571 0.346895 0.498571 0.370450 0.495714 0.376874 0.497143 0.413276 0.501429 0.443255 0.510000 0.466809 0.540000 0.513919 0.562857 0.531049 0.575714 0.535332 0.611429 0.537473 0.645714 0.520343 0.665714 0.498929 0.680000 0.473233 0.688571 0.451820 0.694286 0.423983 0.695714 0.359743 0.685714 0.312634 0.672857 0.284797 0.644286 0.250535 0.615714 0.235546
2 0.772857 0.241970 0.737143 0.274090 0.720000 0.301927 0.710000 0.331906 0.704286 0.361884 0.704286 0.423983 0.710000 0.453961 0.725714 0.492505 0.741429 0.511777 0.768571 0.531049 0.790000 0.539615 0.821429 0.539615 0.842857 0.531049 0.874286 0.501071 0.888571 0.475375 0.898571 0.447537 0.905714 0.408994 0.905714 0.366167 0.901429 0.340471 0.882857 0.289079 0.852857 0.252677 0.815714 0.235546
2 0.744286 0.563169 0.720000 0.597430 0.710000 0.625268 0.704286 0.659529 0.705714 0.734475 0.711429 0.760171 0.725714 0.796574 0.755714 0.832976 0.791429 0.850107 0.828571 0.847966 0.844286 0.841542 0.864286 0.824411 0.891429 0.781585 0.904286 0.732334 0.904286 0.663812 0.890000 0.614561 0.860000 0.569593 0.822857 0.546039 0.778571 0.546039
2 0.124286 0.000000 0.122857 0.012848 0.117143 0.017131 0.110000 0.038544 0.107143 0.064240 0.108571 0.122056 0.125714 0.177730 0.150000 0.211991 0.178571 0.231263 0.251429 0.239829 0.282857 0.222698 0.304286 0.194861 0.312857 0.171306 0.312857 0.152034 0.305714 0.107066 0.302857 0.042827 0.291429 0.000000
2 0.562857 0.548180 0.538571 0.569593 0.517143 0.601713 0.507143 0.631692 0.500000 0.665953 0.500000 0.721627 0.504286 0.747323 0.520000 0.788009 0.531429 0.807281 0.565714 0.837259 0.581429 0.843683 0.615714 0.843683 0.641429 0.832976 0.671429 0.802998 0.694286 0.751606 0.700000 0.719486 0.701429 0.687366 0.694286 0.633833 0.680000 0.595289 0.662857 0.569593 0.647143 0.554604 0.618571 0.541756 0.585714 0.541756
