0 0.417949 0.160714 0.384615 0.182143 0.366667 0.210714 0.358974 0.235714 0.364103 0.310714 0.382051 0.342857 0.405128 0.360714 0.428205 0.367857 0.453846 0.364286 0.482051 0.342857 0.500000 0.303571 0.502564 0.242857 0.492308 0.210714 0.469231 0.178571 0.443590 0.160714
0 0.274359 0.175000 0.251282 0.189286 0.228205 0.221429 0.220513 0.246429 0.220513 0.300000 0.233333 0.335714 0.251282 0.357143 0.279487 0.367857 0.307692 0.367857 0.338462 0.342857 0.353846 0.310714 0.353846 0.242857 0.343590 0.210714 0.320513 0.185714 0.300000 0.175000
0 0.205128 0.353571 0.164103 0.382143 0.148718 0.428571 0.148718 0.471429 0.161538 0.510714 0.176923 0.532143 0.200000 0.542857 0.235897 0.542857 0.258974 0.528571 0.279487 0.500000 0.287179 0.467857 0.284615 0.414286 0.264103 0.371429 0.230769 0.353571
0 0.125641 0.535714 0.094872 0.564286 0.079487 0.600000 0.079487 0.650000 0.105128 0.703571 0.133333 0.717857 0.164103 0.714286 0.202564 0.682143 0.215385 0.646429 0.215385 0.603571 0.200000 0.560714 0.179487 0.539286 0.164103 0.532143
0 0.164103 0.010714 0.141026 0.046429 0.133333 0.107143 0.141026 0.146429 0.156410 0.175000 0.187179 0.196429 0.223077 0.196429 0.243590 0.185714 0.266667 0.153571 0.276923 0.125000 0.279487 0.085714 0.266667 0.039286 0.241026 0.010714 0.192308 0.000000
0 0.058974 0.707143 0.038462 0.721429 0.015385 0.764286 0.015385 0.835714 0.033333 0.867857 0.064103 0.889286 0.107692 0.885714 0.125641 0.871429 0.148718 0.832143 0.148718 0.764286 0.133333 0.732143 0.102564 0.707143
0 0.202564 0.700000 0.164103 0.739286 0.156410 0.760714 0.156410 0.821429 0.182051 0.867857 0.205128 0.882143 0.238462 0.882143 0.266667 0.860714 0.287179 0.828571 0.287179 0.757143 0.264103 0.717857 0.246154 0.703571
0 0.264103 0.532143 0.235897 0.567857 0.225641 0.596429 0.225641 0.639286 0.233333 0.667857 0.253846 0.700000 0.271795 0.710714 0.312821 0.710714 0.338462 0.696429 0.358974 0.650000 0.361538 0.628571 0.358974 0.585714 0.351282 0.564286 0.312821 0.528571 0.287179 0.525000
0 0.341026 0.703571 0.323077 0.717857 0.305128 0.746429 0.300000 0.771429 0.302564 0.828571 0.328205 0.871429 0.343590 0.882143 0.379487 0.885714 0.397436 0.878571 0.423077 0.850000 0.430769 0.828571 0.430769 0.757143 0.420513 0.732143 0.392308 0.707143 0.374359 0.700000
0 0.410256 0.532143 0.392308 0.546429 0.369231 0.589286 0.366667 0.642857 0.374359 0.671429 0.389744 0.696429 0.423077 0.717857 0.451282 0.717857 0.479487 0.703571 0.497436 0.675000 0.505128 0.646429 0.507692 0.607143 0.500000 0.571429 0.484615 0.546429 0.456410 0.528571
0 0.348718 0.350000 0.305128 0.382143 0.292308 0.414286 0.289744 0.453571 0.297436 0.492857 0.317949 0.525000 0.346154 0.542857 0.374359 0.542857 0.397436 0.532143 0.423077 0.500000 0.433333 0.467857 0.433333 0.410714 0.415385 0.371429 0.382051 0.350000
0 0.930769 0.675000 0.876923 0.721429 0.871795 0.764286 0.876923 0.803571 0.897436 0.842857 0.917949 0.857143 0.946154 0.860714 0.979487 0.842857 1.000000 0.814286 1.000000 0.707143 0.966667 0.678571
0 0.843590 0.517857 0.815385 0.542857 0.802564 0.571429 0.800000 0.653571 0.815385 0.682143 0.835897 0.696429 0.879487 0.703571 0.917949 0.675000 0.933333 0.635714 0.930769 0.567857 0.915385 0.539286 0.889744 0.517857
0 0.779487 0.689286 0.758974 0.703571 0.735897 0.735714 0.728205 0.764286 0.728205 0.800000 0.738462 0.839286 0.748718 0.853571 0.784615 0.875000 0.815385 0.875000 0.841026 0.857143 0.858974 0.832143 0.869231 0.792857 0.866667 0.750000 0.856410 0.721429 0.833333 0.696429 0.820513 0.689286
0 0.915385 0.335714 0.874359 0.367857 0.861538 0.410714 0.866667 0.478571 0.879487 0.500000 0.902564 0.517857 0.928205 0.521429 0.953846 0.514286 0.984615 0.492857 0.997436 0.442857 0.997436 0.403571 0.984615 0.367857 0.964103 0.346429
0 0.892308 0.007143 0.866667 0.046429 0.866667 0.139286 0.882051 0.164286 0.920513 0.189286 0.966667 0.175000 0.982051 0.157143 1.000000 0.092857 0.984615 0.032143 0.966667 0.010714 0.946154 0.000000 0.902564 0.000000
0 0.851282 0.160714 0.825641 0.175000 0.805128 0.203571 0.810256 0.260714 0.805128 0.310714 0.825641 0.342857 0.848718 0.353571 0.874359 0.353571 0.897436 0.342857 0.920513 0.314286 0.930769 0.267857 0.930769 0.239286 0.920513 0.203571 0.902564 0.182143 0.876923 0.164286
0 0.782051 0.350000 0.743590 0.378571 0.730769 0.410714 0.728205 0.475000 0.733333 0.500000 0.774359 0.532143 0.807692 0.532143 0.828205 0.517857 0.846154 0.492857 0.856410 0.467857 0.858974 0.425000 0.843590 0.382143 0.825641 0.360714
0 0.720513 0.164286 0.692308 0.182143 0.671795 0.210714 0.661538 0.257143 0.664103 0.296429 0.671795 0.325000 0.697436 0.353571 0.746154 0.364286 0.792308 0.328571 0.802564 0.300000 0.805128 0.253571 0.797436 0.214286 0.776923 0.185714 0.746154 0.164286
0 0.766667 0.003571 0.748718 0.017857 0.730769 0.050000 0.730769 0.125000 0.743590 0.157143 0.784615 0.182143 0.805128 0.182143 0.838462 0.157143 0.856410 0.125000 0.858974 0.064286 0.843590 0.039286 0.843590 0.025000 0.833333 0.021429 0.825641 0.007143 0.810256 0.000000
0 0.646154 0.000000 0.610256 0.017857 0.594872 0.042857 0.587179 0.067857 0.587179 0.125000 0.594872 0.146429 0.638462 0.192857 0.661538 0.196429 0.684615 0.185714 0.717949 0.146429 0.725641 0.121429 0.725641 0.064286 0.717949 0.039286 0.687179 0.007143
0 0.676923 0.342857 0.625641 0.346429 0.602564 0.367857 0.587179 0.400000 0.587179 0.475000 0.600000 0.507143 0.620513 0.528571 0.641026 0.535714 0.676923 0.532143 0.700000 0.514286 0.717949 0.485714 0.723077 0.457143 0.720513 0.392857 0.702564 0.364286
0 0.720513 0.514286 0.697436 0.525000 0.671795 0.553571 0.656410 0.589286 0.656410 0.628571 0.664103 0.660714 0.689744 0.696429 0.702564 0.703571 0.746154 0.703571 0.779487 0.675000 0.794872 0.635714 0.797436 0.596429 0.776923 0.539286 0.748718 0.517857
0 0.633333 0.700000 0.610256 0.717857 0.594872 0.742857 0.587179 0.771429 0.587179 0.810714 0.594872 0.842857 0.612821 0.867857 0.638462 0.882143 0.666667 0.882143 0.700000 0.860714 0.712821 0.839286 0.720513 0.803571 0.720513 0.760714 0.702564 0.721429 0.687179 0.707143 0.661538 0.696429
0 0.494872 0.703571 0.466667 0.721429 0.446154 0.753571 0.441026 0.785714 0.443590 0.821429 0.453846 0.853571 0.471795 0.875000 0.500000 0.889286 0.517949 0.889286 0.548718 0.875000 0.564103 0.853571 0.576923 0.821429 0.576923 0.767857 0.561538 0.728571 0.533333 0.703571
0 0.571795 0.525000 0.523077 0.564286 0.515385 0.585714 0.515385 0.650000 0.523077 0.671429 0.546154 0.700000 0.569231 0.710714 0.592308 0.710714 0.633333 0.682143 0.648718 0.635714 0.648718 0.592857 0.638462 0.560714 0.615385 0.532143
0 0.492308 0.346429 0.453846 0.378571 0.438462 0.421429 0.438462 0.471429 0.446154 0.500000 0.464103 0.525000 0.489744 0.542857 0.523077 0.542857 0.548718 0.528571 0.571795 0.496429 0.579487 0.453571 0.576923 0.417857 0.566667 0.385714 0.538462 0.353571
0 0.569231 0.160714 0.553846 0.167857 0.517949 0.207143 0.507692 0.242857 0.507692 0.300000 0.517949 0.328571 0.533333 0.346429 0.564103 0.364286 0.587179 0.364286 0.625641 0.342857 0.635897 0.328571 0.648718 0.289286 0.651282 0.246429 0.630769 0.189286 0.600000 0.164286
0 0.487179 0.000000 0.446154 0.032143 0.438462 0.053571 0.438462 0.125000 0.446154 0.146429 0.479487 0.185714 0.512821 0.196429 0.561538 0.157143 0.576923 0.110714 0.576923 0.060714 0.561538 0.025000 0.533333 0.003571
0 0.335897 0.000000 0.297436 0.039286 0.289744 0.060714 0.289744 0.117857 0.300000 0.150000 0.320513 0.182143 0.338462 0.192857 0.371795 0.192857 0.423077 0.146429 0.430769 0.121429 0.430769 0.071429 0.423077 0.039286 0.400000 0.007143 0.389744 0.000000
0 0.041026 0.014286 0.000000 0.050000 0.000000 0.167857 0.030769 0.203571 0.076923 0.207143 0.125641 0.167857 0.130769 0.146429 0.128205 0.078571 0.117949 0.050000 0.089744 0.021429
0 0.107692 0.189286 0.079487 0.214286 0.069231 0.239286 0.066667 0.285714 0.071795 0.317857 0.087179 0.350000 0.117949 0.375000 0.156410 0.375000 0.187179 0.350000 0.202564 0.317857 0.202564 0.235714 0.187179 0.207143 0.164103 0.189286 0.141026 0.182143
0 0.048718 0.357143 0.023077 0.371429 0.000000 0.407143 0.000000 0.507143 0.015385 0.535714 0.061538 0.557143 0.087179 0.550000 0.123077 0.514286 0.133333 0.482143 0.133333 0.435714 0.107692 0.378571 0.079487 0.360714
