0 0.626198 0.345324 0.623003 0.357314 0.624601 0.410072 0.595847 0.453237 0.592652 0.467626 0.591054 0.630695 0.597444 0.865707 0.602236 0.882494 0.615016 0.894484 0.669329 0.896882 0.690096 0.887290 0.698083 0.865707 0.698083 0.479616 0.693291 0.453237 0.666134 0.410072 0.667732 0.364508 0.664537 0.350120 0.653355 0.342926
0 0.654952 0.223022 0.630990 0.223022 0.623003 0.232614 0.624601 0.290168 0.591054 0.390887 0.591054 0.458034 0.623003 0.412470 0.619808 0.364508 0.626198 0.345324 0.658147 0.342926 0.669329 0.364508 0.678914 0.357314 0.678914 0.342926 0.659744 0.290168 0.662939 0.232614
0 0.519169 0.206235 0.501597 0.203837 0.485623 0.213429 0.484026 0.247002 0.487220 0.268585 0.456869 0.321343 0.456869 0.378897 0.466454 0.503597 0.469649 0.407674 0.500000 0.366906 0.501597 0.316547 0.509585 0.297362 0.530351 0.294964 0.539936 0.297362 0.544728 0.304556 0.543131 0.357314 0.547923 0.371703 0.557508 0.383693 0.563898 0.381295 0.559105 0.309353 0.552716 0.294964 0.525559 0.266187 0.523962 0.211031
0 0.517572 0.294964 0.507987 0.297362 0.503195 0.304556 0.504792 0.352518 0.500000 0.366906 0.469649 0.412470 0.469649 0.529976 0.476038 0.529976 0.476038 0.517986 0.482428 0.501199 0.480831 0.470024 0.482428 0.455635 0.487220 0.448441 0.515974 0.446043 0.528754 0.458034 0.527157 0.496403 0.530351 0.520384 0.539936 0.546763 0.544728 0.549161 0.551118 0.582734 0.546326 0.628297 0.539936 0.640288 0.539936 0.661871 0.546326 0.676259 0.546326 0.695444 0.554313 0.738609 0.551118 0.757794 0.551118 0.808153 0.562300 0.812950 0.571885 0.803357 0.579872 0.781775 0.579872 0.419664 0.575080 0.405276 0.546326 0.366906 0.543131 0.354916 0.544728 0.304556 0.539936 0.297362
0 0.488818 0.448441 0.480831 0.458034 0.482428 0.496403 0.461661 0.570743 0.469649 0.654676 0.460064 0.724221 0.456869 0.882494 0.461661 0.901679 0.471246 0.911271 0.498403 0.923261 0.520767 0.923261 0.543131 0.911271 0.549521 0.882494 0.551118 0.731415 0.538339 0.649880 0.549521 0.594724 0.549521 0.573141 0.527157 0.510791 0.525559 0.453237 0.517572 0.448441
0 0.400958 0.258993 0.392971 0.266187 0.389776 0.309353 0.375399 0.335731 0.372204 0.354916 0.380192 0.359712 0.386581 0.374101 0.386581 0.431655 0.415335 0.467626 0.423323 0.467626 0.434505 0.388489 0.432907 0.359712 0.426518 0.330935 0.431310 0.304556 0.431310 0.270983 0.421725 0.261391
0 0.346645 0.359712 0.340256 0.369305 0.340256 0.414868 0.343450 0.426859 0.313099 0.470024 0.303514 0.491607 0.313099 0.882494 0.317891 0.899281 0.335463 0.918465 0.364217 0.928058 0.386581 0.928058 0.420128 0.908873 0.429712 0.894484 0.434505 0.877698 0.428115 0.494005 0.423323 0.477218 0.383387 0.426859 0.386581 0.405276 0.383387 0.364508 0.378594 0.359712
0 0.325879 0.223022 0.305112 0.223022 0.301917 0.227818 0.298722 0.251799 0.300319 0.282974 0.297125 0.294964 0.258786 0.378897 0.258786 0.393285 0.274760 0.426859 0.273163 0.721823 0.277955 0.726619 0.300319 0.726619 0.305112 0.721823 0.300319 0.508393 0.306709 0.479616 0.340256 0.431655 0.338658 0.374101 0.348243 0.357314 0.337061 0.292566 0.341853 0.268585 0.341853 0.235012
0 0.202875 0.297362 0.194888 0.309353 0.194888 0.342926 0.198083 0.354916 0.162939 0.407674 0.158147 0.434053 0.156550 0.781775 0.161342 0.800959 0.182109 0.827338 0.226837 0.832134 0.257188 0.822542 0.268371 0.796163 0.266773 0.721823 0.271565 0.642686 0.273163 0.434053 0.266773 0.407674 0.236422 0.364508 0.236422 0.302158
0 0.704473 0.275779 0.694888 0.280576 0.691693 0.287770 0.691693 0.340528 0.670927 0.369305 0.667732 0.410072 0.694888 0.455635 0.699681 0.479616 0.701278 0.781775 0.706070 0.788969 0.718850 0.788969 0.749201 0.776978 0.765176 0.748201 0.768371 0.407674 0.761981 0.381295 0.731629 0.340528 0.731629 0.282974 0.720447 0.275779
