1 0.216887 0.062092 0.182119 0.063725 0.172185 0.066993 0.168874 0.071895 0.167219 0.102941 0.172185 0.125817 0.172185 0.186275 0.165563 0.248366 0.153974 0.300654 0.117550 0.410131 0.105960 0.477124 0.105960 0.774510 0.117550 0.805556 0.125828 0.813725 0.150662 0.823529 0.162252 0.823529 0.165563 0.812092 0.163907 0.619281 0.172185 0.588235 0.197020 0.545752 0.200331 0.498366 0.206954 0.464052 0.226821 0.454248 0.266556 0.454248 0.276490 0.457516 0.281457 0.462418 0.291391 0.500000 0.289735 0.531046 0.298013 0.552288 0.302980 0.553922 0.306291 0.488562 0.302980 0.452614 0.288079 0.387255 0.251656 0.274510 0.243377 0.220588 0.240066 0.150327 0.245033 0.076797 0.241722 0.066993
1 0.397351 0.075163 0.352649 0.075163 0.342715 0.080065 0.339404 0.101307 0.342715 0.135621 0.341060 0.251634 0.334437 0.266340 0.312914 0.285948 0.298013 0.307190 0.289735 0.336601 0.289735 0.377451 0.311258 0.498366 0.309603 0.562092 0.312914 0.568627 0.317881 0.568627 0.324503 0.553922 0.331126 0.516340 0.329470 0.405229 0.332781 0.379085 0.347682 0.348039 0.375828 0.321895 0.384106 0.305556 0.387417 0.183007 0.384106 0.129085 0.394040 0.114379 0.408940 0.107843 0.405629 0.080065
1 0.226821 0.457516 0.213576 0.460784 0.206954 0.470588 0.201987 0.540850 0.172185 0.591503 0.165563 0.622549 0.167219 0.820261 0.170530 0.839869 0.178808 0.859477 0.195364 0.874183 0.228477 0.882353 0.271523 0.882353 0.301325 0.872549 0.309603 0.854575 0.312914 0.836601 0.314570 0.794118 0.304636 0.666667 0.304636 0.627451 0.311258 0.601307 0.311258 0.580065 0.296358 0.557190 0.283113 0.524510 0.284768 0.488562 0.279801 0.465686 0.271523 0.459150 0.258278 0.455882
1 0.395695 0.428105 0.369205 0.428105 0.344371 0.434641 0.341060 0.460784 0.342715 0.501634 0.336093 0.517974 0.327815 0.562092 0.314570 0.593137 0.309603 0.624183 0.309603 0.676471 0.317881 0.790850 0.314570 0.844771 0.307947 0.883987 0.309603 0.901961 0.326159 0.918301 0.370861 0.926471 0.408940 0.924837 0.437086 0.918301 0.451987 0.908497 0.456954 0.897059 0.456954 0.867647 0.448675 0.825163 0.450331 0.751634 0.456954 0.694444 0.453642 0.620915 0.420530 0.511438 0.420530 0.459150 0.417219 0.442810 0.408940 0.431373
1 0.405629 0.112745 0.390728 0.117647 0.385762 0.127451 0.389073 0.184641 0.385762 0.303922 0.374172 0.325163 0.350993 0.344771 0.336093 0.367647 0.331126 0.392157 0.331126 0.436275 0.334437 0.446078 0.342715 0.429739 0.377483 0.423203 0.402318 0.424837 0.417219 0.434641 0.422185 0.455882 0.422185 0.509804 0.455298 0.607843 0.460265 0.629085 0.461921 0.666667 0.466887 0.673203 0.461921 0.679739 0.461921 0.699346 0.466887 0.704248 0.461921 0.710784 0.461921 0.745098 0.466887 0.745098 0.466887 0.754902 0.458609 0.751634 0.455298 0.764706 0.453642 0.830065 0.460265 0.861111 0.475166 0.862745 0.481788 0.851307 0.483444 0.782680 0.476821 0.736928 0.473510 0.637255 0.485099 0.580065 0.496689 0.553922 0.508278 0.500000 0.508278 0.462418 0.516556 0.428105 0.514901 0.377451 0.504967 0.352941 0.491722 0.336601 0.468543 0.318627 0.461921 0.303922 0.456954 0.222222 0.460265 0.129085 0.456954 0.119281 0.440397 0.112745
1 0.541391 0.426471 0.523179 0.429739 0.516556 0.436275 0.511589 0.465686 0.509934 0.517974 0.485099 0.593137 0.478477 0.627451 0.488411 0.820261 0.480132 0.892157 0.485099 0.911765 0.498344 0.921569 0.526490 0.928105 0.566225 0.929739 0.612583 0.921569 0.624172 0.913399 0.629139 0.900327 0.629139 0.866013 0.620861 0.821895 0.627483 0.645425 0.622517 0.604575 0.594371 0.508170 0.592715 0.439542 0.581126 0.429739
1 0.609272 0.107843 0.594371 0.117647 0.594371 0.297386 0.586093 0.313725 0.548013 0.352941 0.539735 0.377451 0.539735 0.415033 0.546358 0.423203 0.576159 0.426471 0.592715 0.434641 0.597682 0.467320 0.597682 0.511438 0.622517 0.591503 0.629139 0.624183 0.629139 0.740196 0.625828 0.751634 0.624172 0.808824 0.625828 0.839869 0.630795 0.854575 0.640728 0.857843 0.647351 0.851307 0.652318 0.810458 0.645695 0.620915 0.650662 0.588235 0.675497 0.504902 0.678808 0.431373 0.690397 0.418301 0.723510 0.415033 0.726821 0.393791 0.716887 0.352941 0.706954 0.338235 0.675497 0.308824 0.668874 0.292484 0.665563 0.254902 0.665563 0.117647 0.657285 0.109477
1 0.564570 0.070261 0.556291 0.071895 0.548013 0.080065 0.548013 0.251634 0.539735 0.267974 0.514901 0.290850 0.500000 0.321895 0.500000 0.341503 0.514901 0.367647 0.521523 0.419935 0.526490 0.424837 0.536424 0.421569 0.538079 0.380719 0.549669 0.351307 0.584437 0.315359 0.592715 0.299020 0.592715 0.122549 0.599338 0.111111 0.610927 0.107843 0.615894 0.101307 0.612583 0.078431 0.607616 0.071895
1 0.750000 0.078431 0.740066 0.081699 0.733444 0.094771 0.733444 0.261438 0.725166 0.277778 0.695364 0.308824 0.692053 0.318627 0.718543 0.352941 0.726821 0.377451 0.731788 0.413399 0.754967 0.421569 0.759934 0.428105 0.764901 0.459150 0.766556 0.508170 0.771523 0.513072 0.774834 0.506536 0.773179 0.485294 0.778146 0.452614 0.786424 0.441176 0.798013 0.437908 0.839404 0.439542 0.847682 0.442810 0.855960 0.455882 0.859272 0.455882 0.860927 0.364379 0.859272 0.338235 0.850993 0.315359 0.837748 0.297386 0.814570 0.277778 0.806291 0.263072 0.801325 0.088235 0.794702 0.080065
1 0.688742 0.421569 0.682119 0.431373 0.678808 0.503268 0.649007 0.612745 0.647351 0.648693 0.655629 0.761438 0.655629 0.825163 0.649007 0.856209 0.649007 0.888889 0.657285 0.905229 0.687086 0.915033 0.748344 0.916667 0.781457 0.906863 0.788079 0.900327 0.793046 0.885621 0.793046 0.857843 0.786424 0.828431 0.786424 0.753268 0.793046 0.624183 0.788079 0.591503 0.759934 0.501634 0.754967 0.428105 0.751656 0.423203 0.736755 0.419935
1 0.811258 0.439542 0.793046 0.441176 0.781457 0.447712 0.774834 0.537582 0.793046 0.602941 0.796358 0.637255 0.789735 0.745098 0.791391 0.843137 0.798013 0.859477 0.831126 0.861111 0.855960 0.857843 0.877483 0.849673 0.885762 0.843137 0.894040 0.826797 0.897351 0.813725 0.895695 0.604575 0.889073 0.580065 0.870861 0.550654 0.859272 0.521242 0.855960 0.504902 0.857616 0.473856 0.852649 0.452614 0.846026 0.444444 0.837748 0.441176
