2 0.016250 0.874296 0.008750 0.911820 0.008750 0.953096 0.015000 0.983114 0.023750 1.000000 0.148750 1.000000 0.155000 0.984991 0.161250 0.930582 0.157500 0.900563 0.152500 0.891182 0.147500 0.866792 0.147500 0.855535 0.142500 0.846154 0.136250 0.844278 0.095000 0.804878 0.091250 0.812383 0.087500 0.812383 0.080000 0.804878 0.077500 0.812383 0.063750 0.814259 0.061250 0.819887 0.056250 0.819887 0.052500 0.827392 0.046250 0.829268 0.032500 0.844278
2 0.000000 0.606004 0.000000 0.829268 0.015000 0.829268 0.035000 0.819887 0.060000 0.791745 0.065000 0.769231 0.071250 0.756098 0.071250 0.690432 0.062500 0.664165 0.046250 0.634146 0.022500 0.611632
2 0.000000 0.363977 0.000000 0.590994 0.006250 0.590994 0.035000 0.577861 0.057500 0.549719 0.070000 0.515947 0.073750 0.467167 0.070000 0.437148 0.061250 0.410882 0.048750 0.390244 0.038750 0.378987 0.021250 0.367730
2 0.136250 0.615385 0.111250 0.636023 0.097500 0.658537 0.086250 0.696060 0.085000 0.731707 0.095000 0.782364 0.108750 0.806754 0.127500 0.827392 0.156250 0.838649 0.178750 0.836773 0.191250 0.831144 0.216250 0.804878 0.231250 0.769231 0.236250 0.742964 0.236250 0.707317 0.233750 0.694184 0.218750 0.651032 0.197500 0.624765 0.181250 0.613508 0.166250 0.609756
2 0.143750 0.367730 0.127500 0.375235 0.117500 0.384615 0.102500 0.405253 0.095000 0.422139 0.087500 0.454034 0.087500 0.500938 0.098750 0.542214 0.120000 0.574109 0.146250 0.590994 0.173750 0.592871 0.192500 0.583490 0.208750 0.568480 0.225000 0.540338 0.235000 0.499062 0.233750 0.448405 0.217500 0.403377 0.201250 0.382739 0.175000 0.367730
2 0.032500 0.127580 0.010000 0.138837 0.000000 0.148218 0.000000 0.333959 0.010000 0.343340 0.032500 0.354597 0.056250 0.354597 0.081250 0.343340 0.108750 0.303940 0.120000 0.258912 0.118750 0.219512 0.108750 0.180113 0.085000 0.144465 0.061250 0.129456
2 0.205000 0.133208 0.173750 0.150094 0.148750 0.189493 0.140000 0.227017 0.141250 0.277674 0.156250 0.320826 0.172500 0.343340 0.195000 0.358349 0.222500 0.362101 0.253750 0.347092 0.273750 0.320826 0.290000 0.281426 0.291250 0.230769 0.288750 0.210131 0.280000 0.183865 0.268750 0.165103 0.245000 0.140713 0.227500 0.133208
2 0.052500 0.007505 0.055000 0.050657 0.062500 0.076923 0.070000 0.091932 0.090000 0.116323 0.116250 0.129456 0.137500 0.129456 0.163750 0.116323 0.187500 0.082552 0.195000 0.061914 0.201250 0.028143 0.200000 0.000000 0.055000 0.000000
2 0.221250 0.005629 0.220000 0.048780 0.227500 0.084428 0.236250 0.105066 0.248750 0.123827 0.268750 0.140713 0.283750 0.146341 0.305000 0.146341 0.320000 0.140713 0.335000 0.129456 0.350000 0.110694 0.366250 0.069418 0.368750 0.048780 0.366250 0.000000 0.223750 0.000000
2 0.372500 0.140713 0.358750 0.144465 0.337500 0.157598 0.313750 0.191370 0.303750 0.230769 0.303750 0.281426 0.312500 0.317073 0.328750 0.345216 0.343750 0.360225 0.358750 0.367730 0.390000 0.369606 0.415000 0.356473 0.437500 0.328330 0.452500 0.285178 0.455000 0.245779 0.451250 0.215760 0.437500 0.180113 0.426250 0.165103 0.406250 0.148218
2 0.313750 0.375235 0.282500 0.392120 0.260000 0.424015 0.251250 0.450281 0.247500 0.497186 0.255000 0.540338 0.277500 0.581614 0.303750 0.600375 0.331250 0.604128 0.345000 0.600375 0.362500 0.589118 0.387500 0.553471 0.397500 0.519700 0.398750 0.470919 0.390000 0.431520 0.371250 0.399625 0.345000 0.378987
2 0.353750 0.619137 0.322500 0.621013 0.295000 0.637899 0.275000 0.666041 0.263750 0.703565 0.261250 0.737336 0.267500 0.780488 0.281250 0.812383 0.301250 0.834897 0.315000 0.844278 0.341250 0.848030 0.360000 0.844278 0.373750 0.834897 0.398750 0.804878 0.413750 0.754221 0.413750 0.718574 0.406250 0.682927 0.390000 0.651032 0.375000 0.634146
2 0.192500 0.934334 0.190000 0.975610 0.193750 1.000000 0.338750 1.000000 0.342500 0.983114 0.343750 0.958724 0.340000 0.934334 0.326250 0.894934 0.311250 0.874296 0.287500 0.857411 0.257500 0.853659 0.233750 0.863039 0.223750 0.874296 0.220000 0.874296 0.205000 0.896811
2 0.360000 0.898687 0.355000 0.932458 0.355000 0.966229 0.363750 1.000000 0.500000 1.000000 0.507500 0.971857 0.507500 0.934334 0.498750 0.887430 0.481250 0.859287 0.458750 0.838649 0.426250 0.831144 0.407500 0.834897 0.383750 0.853659 0.368750 0.876173
2 0.470000 0.611632 0.455000 0.624765 0.437500 0.651032 0.428750 0.675422 0.422500 0.712946 0.425000 0.750469 0.441250 0.795497 0.465000 0.823640 0.488750 0.834897 0.523750 0.831144 0.547500 0.812383 0.562500 0.787992 0.571250 0.763602 0.575000 0.744841 0.575000 0.701689 0.570000 0.673546 0.553750 0.637899 0.530000 0.615385 0.510000 0.607880
2 0.467500 0.367730 0.443750 0.384615 0.423750 0.416510 0.413750 0.452158 0.412500 0.484053 0.416250 0.519700 0.431250 0.555347 0.446250 0.574109 0.461250 0.585366 0.478750 0.590994 0.498750 0.590994 0.513750 0.585366 0.538750 0.562852 0.548750 0.545966 0.550000 0.534709 0.555000 0.530957 0.562500 0.499062 0.561250 0.450281 0.546250 0.405253 0.521250 0.375235 0.498750 0.365854
2 0.525000 0.133208 0.501250 0.150094 0.478750 0.185741 0.470000 0.213884 0.468750 0.249531 0.473750 0.285178 0.485000 0.317073 0.497500 0.335835 0.517500 0.352720 0.528750 0.358349 0.553750 0.360225 0.578750 0.350844 0.603750 0.318949 0.616250 0.283302 0.621250 0.251407 0.621250 0.232645 0.616250 0.202627 0.601250 0.166979 0.577500 0.140713 0.555000 0.131332
2 0.382500 0.005629 0.387500 0.061914 0.398750 0.093809 0.415000 0.118199 0.431250 0.131332 0.448750 0.138837 0.482500 0.135084 0.507500 0.116323 0.527500 0.080675 0.537500 0.035647 0.537500 0.016886 0.533750 0.000000 0.385000 0.000000
2 0.551250 0.043152 0.567500 0.091932 0.578750 0.108818 0.595000 0.123827 0.615000 0.131332 0.646250 0.127580 0.672500 0.108818 0.686250 0.086304 0.690000 0.069418 0.695000 0.061914 0.702500 0.011257 0.700000 0.000000 0.552500 0.000000
2 0.690000 0.121951 0.673750 0.131332 0.657500 0.148218 0.641250 0.180113 0.632500 0.225141 0.635000 0.266417 0.648750 0.305816 0.670000 0.333959 0.682500 0.343340 0.698750 0.348968 0.721250 0.348968 0.737500 0.343340 0.757500 0.326454 0.772500 0.303940 0.780000 0.285178 0.786250 0.249531 0.783750 0.198874 0.772500 0.165103 0.747500 0.133208 0.721250 0.120075
2 0.637500 0.362101 0.611250 0.377111 0.595000 0.395872 0.587500 0.410882 0.576250 0.452158 0.576250 0.499062 0.587500 0.542214 0.606250 0.570356 0.635000 0.589118 0.662500 0.590994 0.690000 0.575985 0.712500 0.545966 0.726250 0.500938 0.726250 0.452158 0.717500 0.414634 0.697500 0.382739 0.671250 0.363977 0.658750 0.360225
2 0.656250 0.609756 0.653750 0.615385 0.646250 0.617261 0.625000 0.639775 0.611250 0.666041 0.601250 0.709193 0.602500 0.748593 0.613750 0.787992 0.638750 0.823640 0.668750 0.838649 0.701250 0.834897 0.728750 0.812383 0.748750 0.772983 0.755000 0.739212 0.755000 0.716698 0.750000 0.681051 0.742500 0.658537 0.717500 0.624765 0.687500 0.609756
2 0.525000 0.893058 0.517500 0.924953 0.517500 0.966229 0.526250 1.000000 0.662500 1.000000 0.671250 0.964353 0.668750 0.911820 0.655000 0.874296 0.638750 0.851782 0.622500 0.838649 0.580000 0.827392 0.576250 0.834897 0.565000 0.838649 0.542500 0.859287
2 0.723750 0.005629 0.727500 0.046904 0.742500 0.086304 0.758750 0.106942 0.773750 0.118199 0.798750 0.125704 0.822500 0.121951 0.848750 0.101313 0.858750 0.088180 0.873750 0.056285 0.880000 0.022514 0.878750 0.000000 0.725000 0.000000
2 0.868750 0.133208 0.860000 0.138837 0.836250 0.170732 0.820000 0.210131 0.816250 0.240150 0.818750 0.279550 0.827500 0.305816 0.843750 0.333959 0.861250 0.350844 0.890000 0.362101 0.903750 0.362101 0.925000 0.354597 0.945000 0.337711 0.961250 0.311445 0.968750 0.288931 0.972500 0.264540 0.972500 0.232645 0.967500 0.195122 0.951250 0.161351 0.927500 0.138837 0.903750 0.129456
2 0.790000 0.352720 0.768750 0.371482 0.751250 0.399625 0.743750 0.422139 0.740000 0.444653 0.742500 0.500938 0.758750 0.540338 0.786250 0.570356 0.805000 0.577861 0.828750 0.577861 0.845000 0.570356 0.863750 0.553471 0.875000 0.538462 0.882500 0.521576 0.890000 0.493433 0.892500 0.470919 0.890000 0.427767 0.875000 0.386492 0.852500 0.360225 0.842500 0.352720 0.821250 0.347092
2 0.837500 0.589118 0.820000 0.602251 0.796250 0.643527 0.790000 0.664165 0.787500 0.692308 0.791250 0.737336 0.805000 0.772983 0.827500 0.801126 0.851250 0.812383 0.876250 0.812383 0.895000 0.804878 0.917500 0.782364 0.926250 0.767355 0.937500 0.735460 0.940000 0.682927 0.936250 0.654784 0.925000 0.624765 0.911250 0.606004 0.896250 0.592871 0.880000 0.585366 0.848750 0.585366
2 0.687500 0.902439 0.681250 0.926829 0.678750 0.953096 0.680000 0.973734 0.687500 1.000000 0.828750 1.000000 0.831250 0.992495 0.836250 0.953096 0.831250 0.909944 0.816250 0.872420 0.793750 0.849906 0.767500 0.838649 0.742500 0.840525 0.712500 0.859287 0.696250 0.881801
2 0.861250 0.917448 0.858750 0.973734 0.861250 0.990619 0.866250 1.000000 1.000000 1.000000 1.000000 0.878049 0.990000 0.863039 0.967500 0.844278 0.951250 0.838649 0.928750 0.838649 0.907500 0.846154 0.891250 0.859287 0.876250 0.878049
2 0.968750 0.354597 0.953750 0.360225 0.937500 0.373358 0.915000 0.409006 0.906250 0.440901 0.906250 0.497186 0.921250 0.542214 0.937500 0.564728 0.963750 0.581614 0.988750 0.583490 1.000000 0.579737 1.000000 0.358349
2 0.907500 0.000000 0.905000 0.020638 0.906250 0.058161 0.910000 0.076923 0.922500 0.106942 0.938750 0.129456 0.961250 0.144465 0.972500 0.148218 0.992500 0.148218 1.000000 0.144465 1.000000 0.000000
