3 0.494286 0.363112 0.494286 0.403458 0.485714 0.438040 0.488571 0.602305 0.508571 0.625360 0.522857 0.631124 0.568571 0.634006 0.600000 0.628242 0.625714 0.602305 0.625714 0.423631 0.614286 0.391931 0.620000 0.365994 0.614286 0.360231
3 0.185714 0.360231 0.174286 0.368876 0.180000 0.397695 0.171429 0.423631 0.174286 0.605187 0.188571 0.622478 0.208571 0.631124 0.282857 0.628242 0.300000 0.616715 0.311429 0.593660 0.311429 0.440922 0.300000 0.397695 0.302857 0.363112
3 0.342857 0.659942 0.334286 0.668588 0.340000 0.691643 0.331429 0.720461 0.331429 0.896254 0.362857 0.927954 0.437143 0.927954 0.454286 0.919308 0.468571 0.899135 0.468571 0.720461 0.460000 0.697406 0.462857 0.665706 0.434286 0.657061
3 0.180000 0.659942 0.171429 0.665706 0.177143 0.697406 0.168571 0.723343 0.171429 0.902017 0.200000 0.927954 0.251429 0.930836 0.288571 0.922190 0.300000 0.910663 0.308571 0.881844 0.305714 0.723343 0.297143 0.700288 0.297143 0.662824 0.274286 0.657061
3 0.657143 0.060519 0.651429 0.069164 0.657143 0.083573 0.651429 0.112392 0.651429 0.299712 0.671429 0.322767 0.685714 0.328530 0.754286 0.328530 0.771429 0.319885 0.788571 0.296830 0.788571 0.121037 0.777143 0.092219 0.782857 0.063401 0.745714 0.054755
3 0.494286 0.060519 0.491429 0.080692 0.497143 0.092219 0.488571 0.115274 0.491429 0.305476 0.522857 0.328530 0.597143 0.325648 0.625714 0.296830 0.625714 0.121037 0.617143 0.097983 0.620000 0.063401 0.611429 0.057637
3 0.340000 0.057637 0.331429 0.063401 0.337143 0.095101 0.328571 0.118156 0.331429 0.299712 0.351429 0.322767 0.371429 0.328530 0.437143 0.325648 0.462857 0.305476 0.468571 0.291066 0.465714 0.115274 0.457143 0.095101 0.460000 0.060519 0.440000 0.054755
3 0.182857 0.057637 0.174286 0.063401 0.180000 0.095101 0.171429 0.118156 0.171429 0.293948 0.202857 0.325648 0.262857 0.328530 0.285714 0.322767 0.305714 0.305476 0.311429 0.291066 0.308571 0.115274 0.300000 0.095101 0.305714 0.063401 0.285714 0.054755
3 0.665714 0.659942 0.660000 0.665706 0.662857 0.700288 0.657143 0.711816 0.657143 0.899135 0.685714 0.927954 0.745714 0.930836 0.768571 0.925072 0.794286 0.899135 0.794286 0.720461 0.782857 0.691643 0.788571 0.665706 0.774286 0.657061
3 0.508571 0.659942 0.497143 0.665706 0.494286 0.896254 0.508571 0.919308 0.525714 0.927954 0.580000 0.930836 0.608571 0.925072 0.631429 0.899135 0.631429 0.720461 0.622857 0.697406 0.625714 0.665706 0.605714 0.657061
3 0.657143 0.357349 0.657143 0.397695 0.651429 0.412104 0.651429 0.596542 0.682857 0.625360 0.757143 0.625360 0.788571 0.593660 0.788571 0.417867 0.777143 0.386167 0.782857 0.363112 0.771429 0.354467
3 0.337143 0.363112 0.331429 0.368876 0.337143 0.397695 0.328571 0.423631 0.328571 0.596542 0.342857 0.619597 0.365714 0.631124 0.440000 0.628242 0.462857 0.608069 0.468571 0.593660 0.465714 0.417867 0.457143 0.397695 0.460000 0.365994 0.454286 0.360231
