5 0.707000 0.498000 0.689000 0.499000 0.685000 0.502000 0.679000 0.553000 0.681000 0.749000 0.684000 0.768000 0.690000 0.771000 0.717000 0.769000 0.725000 0.764000 0.726000 0.759000 0.721000 0.608000 0.723000 0.553000 0.717000 0.507000 0.712000 0.499000
5 0.657000 0.499000 0.646000 0.501000 0.640000 0.510000 0.636000 0.559000 0.638000 0.633000 0.642000 0.685000 0.642000 0.729000 0.645000 0.754000 0.651000 0.769000 0.655000 0.771000 0.668000 0.771000 0.678000 0.768000 0.681000 0.765000 0.679000 0.551000 0.674000 0.528000 0.672000 0.504000 0.669000 0.500000
5 0.608000 0.503000 0.598000 0.504000 0.594000 0.507000 0.583000 0.564000 0.579000 0.625000 0.576000 0.731000 0.571000 0.755000 0.571000 0.765000 0.576000 0.769000 0.613000 0.769000 0.618000 0.767000 0.620000 0.763000 0.622000 0.648000 0.625000 0.599000 0.624000 0.519000 0.621000 0.507000
5 0.573000 0.499000 0.552000 0.499000 0.548000 0.501000 0.540000 0.549000 0.538000 0.662000 0.533000 0.741000 0.533000 0.768000 0.536000 0.771000 0.559000 0.771000 0.569000 0.768000 0.571000 0.758000 0.579000 0.593000 0.583000 0.560000 0.579000 0.511000 0.577000 0.503000
5 0.781000 0.501000 0.776000 0.503000 0.772000 0.509000 0.767000 0.553000 0.768000 0.750000 0.771000 0.766000 0.797000 0.767000 0.808000 0.765000 0.811000 0.757000 0.809000 0.731000 0.810000 0.555000 0.803000 0.504000 0.798000 0.501000
5 0.124000 0.515000 0.103000 0.516000 0.099000 0.520000 0.097000 0.531000 0.093000 0.776000 0.095000 0.781000 0.098000 0.782000 0.131000 0.780000 0.137000 0.776000 0.136000 0.751000 0.139000 0.734000 0.138000 0.588000 0.131000 0.528000 0.128000 0.518000
5 0.168000 0.508000 0.151000 0.508000 0.146000 0.510000 0.141000 0.517000 0.141000 0.549000 0.139000 0.559000 0.141000 0.700000 0.138000 0.769000 0.141000 0.779000 0.186000 0.776000 0.189000 0.773000 0.182000 0.562000 0.174000 0.517000
5 0.206000 0.508000 0.189000 0.510000 0.187000 0.513000 0.183000 0.564000 0.190000 0.768000 0.192000 0.774000 0.196000 0.776000 0.209000 0.775000 0.212000 0.772000 0.213000 0.751000 0.218000 0.726000 0.225000 0.561000 0.218000 0.515000 0.214000 0.509000
5 0.254000 0.506000 0.240000 0.507000 0.235000 0.510000 0.230000 0.550000 0.227000 0.558000 0.217000 0.743000 0.217000 0.773000 0.220000 0.775000 0.252000 0.774000 0.258000 0.770000 0.264000 0.683000 0.268000 0.545000 0.266000 0.513000 0.262000 0.508000
5 0.299000 0.510000 0.282000 0.510000 0.278000 0.514000 0.268000 0.572000 0.265000 0.673000 0.260000 0.742000 0.261000 0.772000 0.265000 0.775000 0.294000 0.774000 0.300000 0.772000 0.304000 0.767000 0.312000 0.575000 0.308000 0.517000 0.306000 0.513000
5 0.340000 0.504000 0.321000 0.506000 0.317000 0.513000 0.313000 0.557000 0.311000 0.670000 0.308000 0.690000 0.305000 0.769000 0.309000 0.774000 0.334000 0.774000 0.353000 0.771000 0.357000 0.757000 0.354000 0.563000 0.350000 0.518000 0.347000 0.508000
5 0.745000 0.498000 0.735000 0.499000 0.728000 0.503000 0.723000 0.554000 0.723000 0.628000 0.727000 0.709000 0.728000 0.765000 0.733000 0.768000 0.750000 0.768000 0.765000 0.765000 0.767000 0.762000 0.768000 0.741000 0.766000 0.555000 0.758000 0.503000 0.756000 0.500000
5 0.875000 0.495000 0.868000 0.496000 0.864000 0.502000 0.857000 0.545000 0.856000 0.591000 0.854000 0.596000 0.851000 0.665000 0.843000 0.761000 0.847000 0.763000 0.892000 0.764000 0.900000 0.760000 0.903000 0.750000 0.900000 0.558000 0.893000 0.502000 0.889000 0.497000
5 0.839000 0.498000 0.823000 0.499000 0.818000 0.502000 0.815000 0.510000 0.811000 0.545000 0.811000 0.744000 0.813000 0.763000 0.822000 0.765000 0.836000 0.764000 0.842000 0.759000 0.847000 0.709000 0.854000 0.551000 0.849000 0.505000 0.845000 0.499000
5 0.527000 0.507000 0.509000 0.507000 0.503000 0.509000 0.500000 0.523000 0.496000 0.598000 0.495000 0.764000 0.496000 0.769000 0.501000 0.772000 0.528000 0.770000 0.532000 0.765000 0.537000 0.648000 0.538000 0.556000 0.533000 0.515000 0.531000 0.509000
5 0.482000 0.503000 0.469000 0.503000 0.460000 0.506000 0.457000 0.518000 0.454000 0.550000 0.450000 0.745000 0.448000 0.760000 0.449000 0.768000 0.453000 0.772000 0.488000 0.770000 0.494000 0.764000 0.495000 0.553000 0.489000 0.509000
5 0.434000 0.501000 0.424000 0.501000 0.415000 0.505000 0.411000 0.543000 0.408000 0.552000 0.407000 0.693000 0.404000 0.767000 0.405000 0.772000 0.410000 0.775000 0.444000 0.772000 0.448000 0.764000 0.448000 0.704000 0.453000 0.582000 0.452000 0.552000 0.449000 0.543000 0.445000 0.504000
5 0.375000 0.507000 0.369000 0.510000 0.367000 0.515000 0.365000 0.562000 0.367000 0.772000 0.372000 0.777000 0.396000 0.776000 0.404000 0.771000 0.407000 0.561000 0.400000 0.511000 0.394000 0.507000
