0 0.929739 0.150990 0.898693 0.150990 0.885621 0.158416 0.877451 0.170792 0.869281 0.242574 0.874183 0.269802 0.843137 0.299505 0.836601 0.324257 0.834967 0.381188 0.879085 0.391089 0.895425 0.405941 0.901961 0.418317 0.934641 0.386139 0.944444 0.289604 0.960784 0.264851 0.965686 0.247525 0.967320 0.185644 0.952614 0.160891
0 0.243464 0.606436 0.232026 0.621287 0.227124 0.648515 0.225490 0.707921 0.230392 0.727723 0.204248 0.754950 0.187908 0.779703 0.169935 0.821782 0.166667 0.844059 0.169935 0.920792 0.176471 0.940594 0.183007 0.948020 0.184641 0.960396 0.192810 0.972772 0.214052 0.987624 0.228758 0.987624 0.236928 0.995050 0.248366 0.995050 0.251634 0.990099 0.303922 0.995050 0.339869 0.987624 0.354575 0.975248 0.366013 0.952970 0.374183 0.896040 0.374183 0.858911 0.370915 0.831683 0.357843 0.792079 0.321895 0.737624 0.330065 0.712871 0.326797 0.628713 0.312092 0.608911 0.295752 0.599010 0.261438 0.599010
0 0.026144 0.626238 0.009804 0.650990 0.003268 0.722772 0.008170 0.757426 0.000000 0.764851 0.000000 1.000000 0.147059 1.000000 0.153595 0.990099 0.165033 0.952970 0.165033 0.868812 0.147059 0.814356 0.109477 0.762376 0.114379 0.688119 0.111111 0.648515 0.099673 0.631188 0.080065 0.621287 0.037582 0.621287
0 0.006536 0.497525 0.000000 0.519802 0.000000 0.732673 0.004902 0.710396 0.008170 0.653465 0.019608 0.631188 0.050654 0.618812 0.089869 0.623762 0.106209 0.641089 0.114379 0.668317 0.111111 0.764851 0.142157 0.806931 0.148693 0.809406 0.153595 0.792079 0.150327 0.712871 0.132353 0.663366 0.102941 0.621287 0.104575 0.534653 0.099673 0.502475 0.084967 0.487624 0.060458 0.480198 0.029412 0.482673
0 0.299020 0.470297 0.281046 0.457921 0.248366 0.452970 0.227124 0.460396 0.212418 0.480198 0.207516 0.537129 0.207516 0.569307 0.210784 0.579208 0.173203 0.626238 0.160131 0.653465 0.153595 0.680693 0.158497 0.816832 0.169935 0.814356 0.199346 0.759901 0.227124 0.730198 0.223856 0.683168 0.230392 0.623762 0.253268 0.599010 0.300654 0.594059 0.307190 0.561881 0.308824 0.504950 0.307190 0.487624
0 0.462418 0.586634 0.446078 0.606436 0.439542 0.670792 0.444444 0.710396 0.405229 0.754950 0.387255 0.789604 0.379085 0.816832 0.377451 0.866337 0.382353 0.908416 0.392157 0.928218 0.390523 0.935644 0.397059 0.940594 0.401961 0.955446 0.421569 0.970297 0.464052 0.980198 0.524510 0.980198 0.553922 0.970297 0.576797 0.945545 0.584967 0.888614 0.584967 0.839109 0.578431 0.794554 0.568627 0.767327 0.539216 0.725248 0.544118 0.693069 0.544118 0.628713 0.540850 0.611386 0.529412 0.594059 0.513072 0.584158 0.480392 0.581683
0 0.500000 0.460396 0.470588 0.448020 0.446078 0.448020 0.433007 0.452970 0.421569 0.465347 0.413399 0.527228 0.413399 0.559406 0.416667 0.571782 0.380719 0.616337 0.362745 0.653465 0.356209 0.680693 0.356209 0.772277 0.369281 0.806931 0.377451 0.809406 0.400327 0.762376 0.441176 0.710396 0.437908 0.675743 0.447712 0.601485 0.467320 0.584158 0.508170 0.576733 0.513072 0.549505 0.513072 0.485149
0 0.655229 0.571782 0.650327 0.586634 0.643791 0.648515 0.645425 0.688119 0.609477 0.732673 0.586601 0.784653 0.584967 0.826733 0.591503 0.908416 0.589869 0.952970 0.594771 0.997525 0.772876 1.000000 0.781046 0.955446 0.781046 0.908416 0.789216 0.876238 0.790850 0.816832 0.787582 0.792079 0.774510 0.750000 0.754902 0.710396 0.741830 0.695545 0.741830 0.683168 0.748366 0.663366 0.746732 0.591584 0.738562 0.574257 0.723856 0.561881 0.709150 0.556931 0.674837 0.556931
0 0.928105 0.529703 0.893791 0.517327 0.859477 0.527228 0.849673 0.542079 0.838235 0.648515 0.830065 0.663366 0.807190 0.685644 0.789216 0.720297 0.781046 0.750000 0.790850 0.804455 0.794118 0.853960 0.785948 0.918317 0.787582 0.977723 0.782680 0.992574 0.785948 1.000000 0.967320 1.000000 0.973856 0.985149 0.988562 0.811881 0.985294 0.759901 0.967320 0.702970 0.941176 0.660891 0.946078 0.631188 0.944444 0.551980
0 0.880719 0.396040 0.846405 0.386139 0.813725 0.396040 0.803922 0.420792 0.797386 0.477723 0.797386 0.512376 0.759804 0.561881 0.750000 0.586634 0.750000 0.648515 0.756536 0.707921 0.766340 0.722772 0.767974 0.732673 0.779412 0.740099 0.797386 0.698020 0.834967 0.648515 0.849673 0.542079 0.862745 0.524752 0.890523 0.514851 0.897059 0.500000 0.898693 0.420792 0.892157 0.405941
0 0.700980 0.438119 0.686275 0.428218 0.651961 0.423267 0.632353 0.430693 0.619281 0.448020 0.609477 0.547030 0.571895 0.603960 0.553922 0.658416 0.558824 0.735149 0.563725 0.754950 0.580065 0.787129 0.584967 0.784653 0.589869 0.764851 0.602941 0.740099 0.642157 0.685644 0.640523 0.658416 0.650327 0.584158 0.655229 0.571782 0.674837 0.556931 0.702614 0.554455 0.709150 0.544554 0.710784 0.457921
0 0.625817 0.304455 0.583333 0.299505 0.560458 0.316832 0.555556 0.341584 0.550654 0.423267 0.531046 0.450495 0.517974 0.482673 0.514706 0.576733 0.534314 0.594059 0.547386 0.613861 0.550654 0.636139 0.553922 0.636139 0.604575 0.547030 0.617647 0.448020 0.622549 0.435644 0.640523 0.423267 0.648693 0.405941 0.648693 0.329208 0.640523 0.314356
0 0.816993 0.277228 0.774510 0.267327 0.750000 0.279703 0.741830 0.304455 0.735294 0.386139 0.704248 0.428218 0.704248 0.440594 0.712418 0.460396 0.712418 0.529703 0.718954 0.554455 0.746732 0.574257 0.794118 0.512376 0.805556 0.408416 0.816993 0.391089 0.828431 0.383663 0.831699 0.373762 0.834967 0.304455 0.830065 0.289604
0 0.222222 0.329208 0.186275 0.329208 0.165033 0.339109 0.158497 0.349010 0.151961 0.418317 0.153595 0.448020 0.145425 0.467822 0.133987 0.480198 0.109477 0.524752 0.106209 0.621287 0.145425 0.685644 0.150327 0.683168 0.156863 0.658416 0.171569 0.628713 0.205882 0.584158 0.204248 0.551980 0.214052 0.475248 0.223856 0.460396 0.254902 0.448020 0.250000 0.415842 0.248366 0.353960 0.243464 0.344059
0 0.436275 0.321782 0.397059 0.311881 0.367647 0.324257 0.359477 0.346535 0.356209 0.400990 0.359477 0.435644 0.334967 0.467822 0.313725 0.509901 0.310458 0.566832 0.305556 0.591584 0.313725 0.606436 0.326797 0.616337 0.334967 0.638614 0.343137 0.648515 0.349673 0.670792 0.357843 0.665842 0.375817 0.621287 0.411765 0.576733 0.410131 0.542079 0.419935 0.467822 0.431373 0.452970 0.441176 0.448020 0.450980 0.423267 0.454248 0.405941 0.452614 0.341584
0 0.578431 0.188119 0.562092 0.180693 0.532680 0.178218 0.519608 0.183168 0.508170 0.195545 0.501634 0.225248 0.500000 0.297030 0.468954 0.339109 0.457516 0.366337 0.454248 0.438119 0.496732 0.452970 0.509804 0.467822 0.519608 0.467822 0.537582 0.438119 0.550654 0.398515 0.558824 0.321782 0.565359 0.309406 0.586601 0.297030 0.591503 0.284653 0.594771 0.215347 0.593137 0.205446
0 0.764706 0.165842 0.732026 0.153465 0.704248 0.153465 0.687908 0.170792 0.681373 0.215347 0.681373 0.269802 0.648693 0.314356 0.651961 0.344059 0.650327 0.418317 0.699346 0.428218 0.727124 0.396040 0.733660 0.378713 0.743464 0.292079 0.753268 0.274752 0.766340 0.267327 0.772876 0.252475 0.774510 0.185644
0 0.390523 0.202970 0.374183 0.195545 0.348039 0.193069 0.321895 0.205446 0.313725 0.222772 0.313725 0.316832 0.284314 0.351485 0.266340 0.383663 0.259804 0.425743 0.263072 0.445545 0.267974 0.452970 0.279412 0.452970 0.303922 0.470297 0.313725 0.497525 0.356209 0.433168 0.354575 0.405941 0.361111 0.339109 0.372549 0.321782 0.397059 0.311881 0.403595 0.297030 0.405229 0.222772
0 0.199346 0.217822 0.181373 0.207921 0.155229 0.205446 0.133987 0.212871 0.124183 0.225248 0.117647 0.282178 0.119281 0.324257 0.086601 0.373762 0.073529 0.403465 0.062092 0.443069 0.063725 0.477723 0.091503 0.490099 0.106209 0.514851 0.111111 0.514851 0.140523 0.472772 0.148693 0.450495 0.155229 0.361386 0.161765 0.341584 0.169935 0.334158 0.200980 0.326733 0.210784 0.319307 0.212418 0.242574 0.209150 0.230198
0 0.145425 0.099010 0.125817 0.091584 0.091503 0.091584 0.078431 0.099010 0.071895 0.108911 0.066993 0.150990 0.066993 0.185644 0.071895 0.210396 0.039216 0.252475 0.021242 0.299505 0.019608 0.346535 0.045752 0.368812 0.053922 0.396040 0.057190 0.423267 0.066993 0.418317 0.083333 0.378713 0.102941 0.351485 0.116013 0.324257 0.117647 0.269802 0.124183 0.225248 0.130719 0.215347 0.158497 0.198020 0.160131 0.121287
0 0.326797 0.084158 0.287582 0.079208 0.263072 0.094059 0.256536 0.131188 0.258170 0.200495 0.233660 0.235149 0.222222 0.259901 0.218954 0.277228 0.218954 0.321782 0.233660 0.329208 0.250000 0.346535 0.251634 0.371287 0.256536 0.381188 0.254902 0.388614 0.259804 0.388614 0.310458 0.311881 0.313725 0.220297 0.323529 0.202970 0.344771 0.188119 0.346405 0.108911 0.339869 0.094059
0 0.504902 0.066832 0.465686 0.064356 0.452614 0.071782 0.444444 0.084158 0.439542 0.118812 0.441176 0.175743 0.408497 0.227723 0.406863 0.309406 0.429739 0.314356 0.447712 0.329208 0.455882 0.346535 0.467320 0.339109 0.495098 0.297030 0.503268 0.205446 0.508170 0.190594 0.522876 0.178218 0.527778 0.165842 0.531046 0.094059 0.522876 0.079208
0 0.687908 0.047030 0.647059 0.042079 0.625817 0.054455 0.617647 0.101485 0.619281 0.158416 0.593137 0.193069 0.596405 0.217822 0.593137 0.257426 0.594771 0.294554 0.647059 0.309406 0.676471 0.272277 0.681373 0.190594 0.687908 0.168317 0.704248 0.146040 0.710784 0.111386 0.710784 0.079208 0.707516 0.066832
0 0.859477 0.044554 0.826797 0.044554 0.807190 0.061881 0.800654 0.121287 0.805556 0.153465 0.782680 0.183168 0.777778 0.245050 0.774510 0.250000 0.777778 0.264851 0.816993 0.274752 0.836601 0.297030 0.843137 0.297030 0.867647 0.269802 0.867647 0.232673 0.874183 0.180693 0.893791 0.136139 0.893791 0.076733 0.890523 0.064356 0.874183 0.049505
