2 0.000000 0.286765 0.000000 0.524510 0.016340 0.531863 0.031046 0.546569 0.050654 0.553922 0.076797 0.551471 0.099673 0.536765 0.124183 0.500000 0.132353 0.473039 0.135621 0.426471 0.132353 0.399510 0.124183 0.372549 0.078431 0.311275 0.052288 0.289216 0.031046 0.281863
2 0.145425 0.024510 0.119281 0.039216 0.093137 0.078431 0.084967 0.102941 0.081699 0.129902 0.084967 0.178922 0.098039 0.215686 0.130719 0.257353 0.160131 0.274510 0.189542 0.272059 0.218954 0.250000 0.236928 0.220588 0.248366 0.178922 0.245098 0.117647 0.227124 0.073529 0.202614 0.039216 0.178105 0.024510
2 0.000000 0.610294 0.000000 0.914216 0.032680 0.970588 0.053922 0.980392 0.078431 0.975490 0.106209 0.948529 0.137255 0.906863 0.147059 0.875000 0.147059 0.843137 0.135621 0.811275 0.037582 0.625000 0.013072 0.610294
2 0.158497 0.546569 0.138889 0.563725 0.124183 0.585784 0.111111 0.622549 0.107843 0.678922 0.116013 0.718137 0.132353 0.750000 0.156863 0.774510 0.187908 0.786765 0.227124 0.781863 0.259804 0.750000 0.274510 0.715686 0.279412 0.693627 0.279412 0.644608 0.274510 0.622549 0.253268 0.580882 0.218954 0.546569 0.202614 0.539216 0.178105 0.539216
2 0.431373 0.431373 0.408497 0.438725 0.387255 0.453431 0.351307 0.500000 0.336601 0.536765 0.328431 0.571078 0.326797 0.634804 0.343137 0.705882 0.374183 0.754902 0.408497 0.781863 0.428105 0.789216 0.464052 0.789216 0.503268 0.769608 0.522876 0.750000 0.544118 0.715686 0.563725 0.654412 0.566993 0.615196 0.565359 0.575980 0.560458 0.546569 0.549020 0.512255 0.519608 0.465686 0.485294 0.438725 0.464052 0.431373
2 0.258170 0.828431 0.241830 0.872549 0.238562 0.936275 0.243464 0.963235 0.259804 1.000000 0.377451 1.000000 0.385621 0.990196 0.400327 0.950980 0.403595 0.894608 0.397059 0.862745 0.374183 0.821078 0.346405 0.796569 0.312092 0.789216 0.289216 0.796569
2 0.532680 0.188725 0.508170 0.208333 0.485294 0.250000 0.478758 0.281863 0.478758 0.323529 0.483660 0.350490 0.506536 0.401961 0.524510 0.421569 0.549020 0.433824 0.583333 0.431373 0.612745 0.404412 0.629085 0.372549 0.638889 0.325980 0.637255 0.274510 0.622549 0.227941 0.596405 0.196078 0.570261 0.183824
2 0.405229 0.259804 0.397059 0.242647 0.382353 0.227941 0.354575 0.215686 0.320261 0.215686 0.289216 0.227941 0.272876 0.225490 0.263072 0.230392 0.246732 0.250000 0.225490 0.262255 0.187908 0.330882 0.173203 0.392157 0.179739 0.438725 0.200980 0.468137 0.233660 0.482843 0.287582 0.477941 0.334967 0.450980 0.367647 0.416667 0.393791 0.375000 0.410131 0.313725 0.410131 0.284314
2 0.328431 0.000000 0.330065 0.044118 0.338235 0.075980 0.375817 0.169118 0.398693 0.196078 0.421569 0.205882 0.452614 0.203431 0.483660 0.178922 0.501634 0.144608 0.508170 0.125000 0.509804 0.085784 0.508170 0.058824 0.498366 0.026961 0.496732 0.000000
2 0.818627 0.345588 0.800654 0.328431 0.784314 0.323529 0.741830 0.328431 0.689542 0.367647 0.660131 0.406863 0.642157 0.441176 0.622549 0.504902 0.619281 0.571078 0.630719 0.607843 0.655229 0.632353 0.691176 0.637255 0.722222 0.625000 0.745098 0.607843 0.777778 0.571078 0.800654 0.534314 0.828431 0.458333 0.831699 0.387255 0.826797 0.362745
2 0.645425 0.000000 0.637255 0.031863 0.635621 0.075980 0.647059 0.171569 0.663399 0.218137 0.681373 0.242647 0.707516 0.257353 0.753268 0.254902 0.782680 0.232843 0.808824 0.171569 0.826797 0.093137 0.828431 0.041667 0.820261 0.000000
2 0.874183 0.007353 0.866013 0.056373 0.869281 0.107843 0.879085 0.139706 0.898693 0.171569 0.915033 0.186275 0.936275 0.196078 0.968954 0.196078 1.000000 0.178922 1.000000 0.000000 0.879085 0.000000
2 1.000000 0.250000 0.972222 0.240196 0.946078 0.242647 0.913399 0.264706 0.890523 0.299020 0.867647 0.379902 0.864379 0.421569 0.872549 0.470588 0.883987 0.504902 0.898693 0.526961 0.915033 0.536765 0.950980 0.539216 0.973856 0.531863 1.000000 0.504902
2 0.571895 0.742647 0.547386 0.776961 0.531046 0.818627 0.527778 0.840686 0.527778 0.897059 0.535948 0.936275 0.547386 0.963235 0.576797 1.000000 0.673203 0.997549 0.702614 0.955882 0.717320 0.909314 0.720588 0.875000 0.718954 0.838235 0.705882 0.791667 0.694444 0.767157 0.678105 0.747549 0.642157 0.725490 0.602941 0.725490
2 0.852941 0.625000 0.821895 0.656863 0.790850 0.703431 0.784314 0.725490 0.787582 0.774510 0.813725 0.828431 0.905229 0.985294 0.929739 1.000000 0.957516 0.995098 1.000000 0.946078 1.000000 0.801471 0.905229 0.639706 0.882353 0.622549
