3 0.604000 0.424509 0.601333 0.435342 0.601333 0.467163 0.606667 0.484089 0.610000 0.563981 0.613333 0.572106 0.626000 0.581584 0.649333 0.589709 0.680667 0.593771 0.713333 0.593771 0.737333 0.590386 0.748667 0.587001 0.764000 0.579553 0.770667 0.572783 0.774000 0.563304 0.777333 0.493568 0.778667 0.486798 0.787333 0.467840 0.786667 0.434665 0.782667 0.425186 0.780000 0.422478 0.764667 0.416385 0.737333 0.412322 0.705333 0.409614 0.664000 0.409614 0.640667 0.411645 0.620000 0.415708 0.610000 0.419770
3 0.207333 0.624238 0.204667 0.626947 0.202667 0.637779 0.202667 0.667569 0.208667 0.689235 0.211333 0.765741 0.213333 0.771158 0.219333 0.777928 0.240000 0.788084 0.257333 0.792146 0.280667 0.794854 0.304667 0.795531 0.330667 0.793500 0.342667 0.790792 0.365333 0.781313 0.374000 0.772512 0.376000 0.763710 0.379333 0.697360 0.380667 0.689235 0.388000 0.670955 0.389333 0.663507 0.388667 0.637102 0.384000 0.625592 0.372667 0.619499 0.354667 0.615437 0.300000 0.610697 0.264000 0.611374 0.234000 0.614083 0.218000 0.618145
3 0.407333 0.622884 0.404000 0.626947 0.402667 0.632363 0.402000 0.668923 0.407333 0.688558 0.410000 0.763710 0.412667 0.772512 0.416667 0.776574 0.430000 0.784699 0.448667 0.790792 0.475333 0.794854 0.506000 0.795531 0.533333 0.792823 0.548000 0.788761 0.559333 0.784022 0.570000 0.775897 0.574000 0.768450 0.579333 0.689912 0.586000 0.673663 0.588000 0.662153 0.587333 0.636425 0.584667 0.627624 0.575333 0.620853 0.565333 0.617468 0.534667 0.612729 0.502667 0.610697 0.460667 0.611374 0.437333 0.613406 0.417333 0.618145
3 0.603333 0.625592 0.600667 0.638456 0.600667 0.667569 0.606667 0.690589 0.609333 0.767773 0.611333 0.773189 0.617333 0.779959 0.630000 0.787407 0.661333 0.795531 0.680000 0.797563 0.718000 0.797563 0.747333 0.792146 0.764667 0.784022 0.772000 0.778605 0.776667 0.767773 0.782000 0.689235 0.788000 0.675017 0.790000 0.666215 0.789333 0.633040 0.787333 0.627624 0.784667 0.624915 0.770000 0.618145 0.738000 0.612729 0.708667 0.610697 0.657333 0.610697 0.626000 0.614760 0.611333 0.619499
3 0.205333 0.219364 0.202667 0.230196 0.203333 0.245091 0.202000 0.262018 0.208000 0.287745 0.210667 0.360190 0.216000 0.369668 0.222000 0.374408 0.240667 0.382532 0.258667 0.386594 0.285333 0.389303 0.330000 0.387271 0.350000 0.381855 0.367333 0.373053 0.372000 0.366960 0.374000 0.361544 0.378667 0.287745 0.387333 0.256601 0.386667 0.230196 0.385333 0.224780 0.381333 0.219364 0.377333 0.216655 0.362667 0.211916 0.350000 0.210562 0.345333 0.208531 0.316667 0.205823 0.304667 0.206500 0.300667 0.205146 0.236667 0.207854 0.212667 0.213947
3 0.406667 0.215978 0.402667 0.220041 0.400000 0.226811 0.399333 0.262018 0.402000 0.267434 0.404667 0.281652 0.407333 0.354096 0.408667 0.362221 0.414667 0.371022 0.433333 0.381178 0.448000 0.385240 0.474667 0.389303 0.508667 0.389303 0.534667 0.385917 0.552000 0.380501 0.562667 0.374408 0.570667 0.364929 0.572667 0.354096 0.576000 0.291131 0.577333 0.282329 0.584667 0.263372 0.585333 0.255924 0.584667 0.230873 0.580000 0.220041 0.562667 0.211916 0.551333 0.211239 0.542667 0.208531 0.504667 0.205146 0.468667 0.205146 0.435333 0.207854 0.416000 0.211916
3 0.010667 0.419770 0.006667 0.424509 0.004667 0.430603 0.004000 0.466486 0.008000 0.475965 0.010000 0.490183 0.012667 0.562627 0.017333 0.572106 0.030667 0.580907 0.040667 0.584970 0.056000 0.589032 0.085333 0.592417 0.116667 0.592417 0.141333 0.588355 0.162667 0.580230 0.172667 0.572106 0.176667 0.561950 0.180667 0.494245 0.182667 0.484089 0.189333 0.466486 0.189333 0.435342 0.185333 0.422478 0.174000 0.417062 0.144000 0.410968 0.112000 0.408260 0.064000 0.408260 0.039333 0.410968 0.017333 0.416385
3 0.208000 0.421124 0.205333 0.423832 0.203333 0.430603 0.202667 0.464455 0.208000 0.484766 0.212000 0.565335 0.217333 0.573460 0.229333 0.580907 0.242000 0.585647 0.258667 0.589709 0.282000 0.592417 0.316000 0.592417 0.335333 0.589709 0.356667 0.582938 0.366667 0.577522 0.370667 0.573460 0.375333 0.563981 0.380667 0.486798 0.382667 0.478673 0.388667 0.465809 0.389333 0.459716 0.388000 0.432634 0.384000 0.423155 0.376000 0.418416 0.360667 0.414353 0.332000 0.410291 0.300667 0.408260 0.265333 0.408937 0.234667 0.411645 0.219333 0.415030
3 0.408667 0.419770 0.404667 0.423832 0.403333 0.427894 0.402667 0.465809 0.406667 0.479350 0.408000 0.491537 0.411333 0.563981 0.416000 0.572783 0.423333 0.578199 0.439333 0.584970 0.462000 0.590386 0.478667 0.592417 0.513333 0.592417 0.535333 0.589709 0.559333 0.581584 0.570667 0.572783 0.574000 0.567366 0.575333 0.561273 0.580000 0.486798 0.588000 0.465809 0.587333 0.431957 0.582667 0.422478 0.576000 0.418416 0.561333 0.414353 0.534000 0.410291 0.504667 0.408260 0.469333 0.408260 0.438000 0.410968 0.416667 0.415708
3 0.010000 0.622884 0.004667 0.631686 0.004000 0.668246 0.008000 0.681110 0.010000 0.697360 0.012667 0.765741 0.017333 0.775220 0.028667 0.782668 0.042000 0.788084 0.057333 0.792146 0.082667 0.794854 0.116667 0.794854 0.140667 0.791469 0.155333 0.786730 0.164667 0.781991 0.172667 0.775220 0.176667 0.765064 0.180667 0.696005 0.189333 0.666215 0.189333 0.637102 0.187333 0.628301 0.185333 0.625592 0.173333 0.619499 0.158667 0.616114 0.128667 0.612051 0.098000 0.610697 0.062667 0.611374 0.040000 0.613406 0.018667 0.618145
3 0.814667 0.825999 0.810667 0.833446 0.809333 0.865944 0.816000 0.900474 0.818667 0.967502 0.821333 0.974949 0.825333 0.979689 0.838667 0.987136 0.867333 0.995261 0.920000 0.997292 0.940667 0.995261 0.959333 0.989844 0.971333 0.983751 0.979333 0.976303 0.982000 0.970210 0.983333 0.961408 0.986000 0.900474 0.990000 0.884902 0.995333 0.873392 0.995333 0.840894 0.994000 0.833446 0.990667 0.828030 0.978667 0.821936 0.957333 0.817197 0.916667 0.813812 0.853333 0.815166 0.830000 0.819228 0.821333 0.821936
3 0.610667 0.829384 0.608667 0.841571 0.608667 0.870684 0.612667 0.884225 0.614667 0.899120 0.616667 0.964116 0.619333 0.974272 0.625333 0.981043 0.634667 0.986459 0.664667 0.995261 0.692000 0.997292 0.717333 0.997292 0.736667 0.995938 0.748667 0.993230 0.771333 0.983074 0.778667 0.975626 0.782000 0.958700 0.784667 0.899797 0.788667 0.882871 0.794000 0.872038 0.794000 0.841571 0.792000 0.832092 0.788000 0.827353 0.776000 0.821259 0.755333 0.817197 0.715333 0.813812 0.670667 0.813812 0.642000 0.816520 0.626000 0.819905 0.618000 0.823290
3 0.409333 0.829384 0.407333 0.834800 0.406667 0.870684 0.412667 0.893703 0.415333 0.965471 0.418667 0.975626 0.423333 0.980366 0.435333 0.987136 0.463333 0.995261 0.488667 0.997292 0.516000 0.997292 0.533333 0.995938 0.552667 0.991198 0.569333 0.983751 0.577333 0.975626 0.580000 0.964116 0.583333 0.901151 0.586667 0.884902 0.592667 0.871361 0.592667 0.840217 0.591333 0.833446 0.587333 0.828030 0.576000 0.821936 0.549333 0.816520 0.518000 0.813812 0.470000 0.813812 0.439333 0.816520 0.416667 0.822613
3 0.208000 0.828707 0.205333 0.838186 0.205333 0.871361 0.210667 0.890318 0.214000 0.967502 0.216667 0.974949 0.220000 0.979012 0.232000 0.986459 0.261333 0.994584 0.278000 0.996615 0.323333 0.996615 0.336000 0.995261 0.350667 0.991198 0.366667 0.984428 0.375333 0.976303 0.378000 0.967502 0.382000 0.901151 0.385333 0.886256 0.390667 0.873392 0.390667 0.836831 0.388667 0.830738 0.385333 0.827353 0.372667 0.821259 0.347333 0.816520 0.308000 0.813812 0.273333 0.813812 0.250667 0.815166 0.227333 0.818551 0.212667 0.823968
3 0.010000 0.825322 0.004667 0.836154 0.004000 0.871361 0.009333 0.894381 0.012000 0.964116 0.013333 0.970887 0.016667 0.976980 0.032667 0.987136 0.058000 0.994584 0.074667 0.996615 0.120000 0.996615 0.132667 0.995261 0.146667 0.991875 0.162667 0.985782 0.172667 0.977657 0.176667 0.968179 0.180667 0.899797 0.189333 0.872038 0.189333 0.839540 0.187333 0.830738 0.185333 0.828030 0.174000 0.821936 0.159333 0.818551 0.114000 0.813812 0.064000 0.813812 0.047333 0.815166 0.026667 0.818551 0.015333 0.821936
3 0.809333 0.620853 0.806000 0.624238 0.804000 0.630332 0.802667 0.663507 0.809333 0.690589 0.812000 0.765064 0.814667 0.772512 0.819333 0.777928 0.834667 0.786730 0.852667 0.792146 0.884000 0.796209 0.914667 0.796209 0.936000 0.794177 0.952000 0.790115 0.966000 0.784022 0.976000 0.775897 0.978667 0.771158 0.980000 0.763710 0.984667 0.689912 0.990667 0.676371 0.993333 0.663507 0.992000 0.631009 0.990667 0.626947 0.987333 0.623561 0.978000 0.618145 0.948000 0.612051 0.885333 0.608666 0.846000 0.610697 0.822000 0.615437
3 0.009333 0.015572 0.005333 0.027759 0.005333 0.060934 0.011333 0.083954 0.014000 0.154367 0.016000 0.162492 0.020667 0.167908 0.032667 0.175355 0.056000 0.182803 0.074000 0.185511 0.098667 0.186865 0.118667 0.186188 0.142667 0.182803 0.158667 0.177387 0.171333 0.169939 0.176000 0.163846 0.178667 0.155044 0.182000 0.088016 0.190667 0.060257 0.190667 0.025728 0.186667 0.016249 0.173333 0.010156 0.134000 0.004062 0.099333 0.002708 0.047333 0.004062 0.018000 0.010156
3 0.206667 0.016249 0.203333 0.024374 0.202667 0.058226 0.208000 0.073798 0.210000 0.090724 0.212000 0.157075 0.213333 0.161814 0.220667 0.169939 0.236667 0.178064 0.260000 0.184157 0.304000 0.186865 0.330667 0.184834 0.345333 0.181449 0.366667 0.171970 0.374000 0.164523 0.376667 0.151659 0.380000 0.088693 0.383333 0.073121 0.388667 0.062288 0.390000 0.054164 0.389333 0.026405 0.384667 0.016249 0.367333 0.008802 0.340667 0.004739 0.314667 0.002708 0.241333 0.004062 0.218667 0.008802 0.211333 0.012187
3 0.403333 0.018280 0.402000 0.024374 0.401333 0.060257 0.406667 0.078538 0.409333 0.153013 0.411333 0.162492 0.415333 0.167908 0.432000 0.177387 0.446667 0.182126 0.472667 0.186188 0.508667 0.186865 0.536000 0.183480 0.552667 0.178741 0.568667 0.168585 0.572667 0.161814 0.574000 0.155721 0.578667 0.082600 0.582000 0.071767 0.584667 0.067705 0.586667 0.054164 0.586000 0.026405 0.584667 0.020988 0.580667 0.016249 0.566000 0.009479 0.552667 0.008802 0.535333 0.004739 0.463333 0.003385 0.435333 0.005416 0.427333 0.008125 0.415333 0.009479
3 0.680667 0.023697 0.677333 0.027759 0.673333 0.038592 0.673333 0.080569 0.671333 0.090047 0.671333 0.100203 0.679333 0.122546 0.682667 0.138118 0.687333 0.267434 0.692667 0.279621 0.697333 0.284360 0.709333 0.293162 0.718667 0.297901 0.743333 0.307380 0.788667 0.314827 0.835333 0.317536 0.877333 0.315504 0.897333 0.312796 0.928000 0.303995 0.945333 0.295870 0.963333 0.280975 0.967333 0.272850 0.968667 0.264726 0.972667 0.182126 0.976000 0.143534 0.978667 0.130670 0.984000 0.122546 0.992667 0.100203 0.990000 0.072444 0.990667 0.040623 0.985333 0.029113 0.970667 0.020311 0.947333 0.013541 0.914667 0.008802 0.856667 0.004062 0.782000 0.004062 0.742667 0.006770 0.712667 0.011510 0.692000 0.017603
3 0.010000 0.216655 0.005333 0.223426 0.004000 0.230873 0.004000 0.262695 0.008000 0.274882 0.010000 0.290454 0.012667 0.358835 0.017333 0.368991 0.025333 0.375085 0.040667 0.381855 0.056000 0.385917 0.090000 0.389303 0.118667 0.388626 0.141333 0.385240 0.160000 0.378470 0.172000 0.370345 0.176667 0.358835 0.181333 0.285714 0.189333 0.261341 0.189333 0.230873 0.186000 0.220041 0.174667 0.213947 0.145333 0.207854 0.112667 0.205146 0.063333 0.205146 0.048000 0.206500 0.017333 0.212593
