5 0.840268 0.274000 0.833557 0.270667 0.814765 0.270667 0.794631 0.273333 0.748993 0.275333 0.719463 0.274667 0.710067 0.276000 0.703356 0.274667 0.629530 0.275333 0.595973 0.274000 0.583893 0.275333 0.531544 0.274667 0.475168 0.276667 0.359732 0.276000 0.316779 0.277333 0.242953 0.276000 0.228188 0.279333 0.213423 0.286667 0.142282 0.288667 0.116779 0.292667 0.110067 0.297333 0.108725 0.318667 0.114094 0.326000 0.123490 0.328667 0.144966 0.331333 0.209396 0.334000 0.216107 0.335333 0.233557 0.344667 0.245638 0.346667 0.710067 0.348000 0.720805 0.345333 0.720805 0.321333 0.724832 0.314667 0.735570 0.308000 0.763758 0.300000 0.833557 0.292000 0.840268 0.285333
5 0.110067 0.700000 0.112752 0.706000 0.119463 0.709333 0.146309 0.712667 0.212081 0.714667 0.220134 0.716000 0.236242 0.724667 0.265772 0.727333 0.362416 0.728667 0.516779 0.728000 0.532886 0.726667 0.702013 0.728000 0.710067 0.726000 0.714094 0.721333 0.716779 0.702667 0.722148 0.693333 0.730201 0.689333 0.754362 0.684000 0.793289 0.679333 0.817450 0.678667 0.826846 0.676667 0.830872 0.671333 0.830872 0.664000 0.822819 0.659333 0.802685 0.658000 0.625503 0.658000 0.350336 0.655333 0.318121 0.657333 0.297987 0.656000 0.242953 0.656667 0.234899 0.658667 0.224161 0.665333 0.214765 0.668000 0.139597 0.670667 0.120805 0.673333 0.111409 0.681333
5 0.108725 0.850667 0.111409 0.857333 0.120805 0.860667 0.209396 0.866667 0.230872 0.876667 0.251007 0.879333 0.451007 0.880000 0.597315 0.878000 0.702013 0.878667 0.710067 0.876000 0.711409 0.851333 0.714094 0.846000 0.731544 0.838667 0.750336 0.834667 0.818792 0.830000 0.829530 0.823333 0.830872 0.812667 0.826846 0.810000 0.814765 0.808667 0.748993 0.810000 0.688591 0.808667 0.684564 0.810000 0.657718 0.809333 0.629530 0.810667 0.579866 0.808667 0.553020 0.809333 0.543624 0.808000 0.426846 0.808667 0.375839 0.807333 0.330201 0.809333 0.244295 0.807333 0.236242 0.808000 0.209396 0.818667 0.150336 0.820667 0.126174 0.823333 0.112752 0.828000 0.110067 0.830667
5 0.825503 0.886667 0.820134 0.882000 0.808054 0.880000 0.747651 0.882667 0.704698 0.882667 0.660403 0.880667 0.629530 0.881333 0.605369 0.879333 0.532886 0.880000 0.526174 0.881333 0.459060 0.882667 0.369128 0.882000 0.302013 0.883333 0.284564 0.882000 0.236242 0.882000 0.226846 0.884000 0.208054 0.893333 0.140940 0.895333 0.115436 0.898000 0.110067 0.900000 0.107383 0.905333 0.107383 0.924667 0.111409 0.932667 0.119463 0.935333 0.153020 0.938667 0.206711 0.941333 0.213423 0.942667 0.226846 0.949333 0.245638 0.952000 0.327517 0.953333 0.332886 0.952000 0.499329 0.952667 0.506040 0.951333 0.617450 0.950667 0.634899 0.952667 0.688591 0.953333 0.697987 0.950667 0.702013 0.946000 0.704698 0.925333 0.722148 0.915333 0.761074 0.909333 0.812081 0.905333 0.822819 0.897333
5 0.838926 0.197333 0.834899 0.193333 0.826846 0.192667 0.750336 0.196667 0.747651 0.198000 0.687248 0.197333 0.679195 0.198667 0.669799 0.196667 0.648322 0.198000 0.520805 0.198000 0.511409 0.196667 0.365101 0.197333 0.358389 0.196000 0.335570 0.197333 0.306040 0.196667 0.302013 0.198000 0.275168 0.197333 0.271141 0.198667 0.242953 0.198000 0.229530 0.202000 0.226846 0.205333 0.216107 0.208667 0.142282 0.211333 0.119463 0.214667 0.111409 0.220000 0.110067 0.240667 0.112752 0.246667 0.119463 0.250000 0.216107 0.258000 0.236242 0.268000 0.257718 0.271333 0.491275 0.271333 0.532886 0.272667 0.622819 0.271333 0.634899 0.273333 0.702013 0.273333 0.714094 0.272000 0.718121 0.270000 0.720805 0.240000 0.734228 0.230667 0.742282 0.227333 0.783893 0.220000 0.830872 0.215333 0.837584 0.209333
5 0.108725 0.779333 0.115436 0.784000 0.124832 0.786000 0.154362 0.788667 0.193289 0.789333 0.218792 0.792000 0.236242 0.801333 0.248322 0.803333 0.532886 0.804000 0.583893 0.802000 0.691275 0.803333 0.710067 0.800000 0.712752 0.778000 0.716779 0.771333 0.724832 0.766000 0.734228 0.762667 0.766443 0.757333 0.800000 0.756000 0.822819 0.753333 0.829530 0.748000 0.830872 0.736000 0.825503 0.733333 0.759732 0.734667 0.755705 0.736000 0.671141 0.734667 0.600000 0.737333 0.475168 0.737333 0.378523 0.734667 0.336913 0.736000 0.320805 0.734667 0.315436 0.736000 0.311409 0.733333 0.245638 0.732667 0.236242 0.735333 0.224161 0.742000 0.217450 0.743333 0.140940 0.746000 0.118121 0.748667 0.110067 0.751333
5 0.837584 0.352667 0.832215 0.348667 0.769128 0.348000 0.716779 0.350667 0.649664 0.350000 0.630872 0.351333 0.353020 0.352667 0.334228 0.354000 0.324832 0.352667 0.251007 0.352000 0.234899 0.354000 0.216107 0.362000 0.157047 0.364000 0.118121 0.369333 0.110067 0.376000 0.110067 0.397333 0.116779 0.404000 0.136913 0.407333 0.216107 0.411333 0.236242 0.421333 0.248322 0.424000 0.280537 0.424667 0.291275 0.423333 0.311409 0.424667 0.320805 0.423333 0.342282 0.424000 0.354362 0.422667 0.374497 0.424000 0.377181 0.422667 0.401342 0.424000 0.477852 0.423333 0.528859 0.425333 0.570470 0.424000 0.591946 0.425333 0.612081 0.424000 0.652349 0.426000 0.702013 0.426000 0.718121 0.424000 0.723490 0.396000 0.730201 0.385333 0.765101 0.376667 0.830872 0.370000 0.837584 0.364000
5 0.108725 0.474667 0.116779 0.480000 0.161074 0.485333 0.181208 0.485333 0.209396 0.488000 0.233557 0.498000 0.263087 0.500000 0.625503 0.500000 0.714094 0.498667 0.718121 0.497333 0.722148 0.470667 0.727517 0.463333 0.746309 0.457333 0.766443 0.453333 0.826846 0.448000 0.834899 0.445333 0.838926 0.436000 0.836242 0.432667 0.829530 0.430667 0.769128 0.429333 0.679195 0.430667 0.516779 0.430000 0.480537 0.428667 0.375839 0.428667 0.326174 0.430667 0.261745 0.428667 0.236242 0.429333 0.228188 0.431333 0.214765 0.438667 0.208054 0.440000 0.158389 0.441333 0.116779 0.446667 0.108725 0.453333
5 0.837584 0.504000 0.834899 0.501333 0.826846 0.500000 0.795973 0.500667 0.767785 0.499333 0.600000 0.502000 0.382550 0.502000 0.308725 0.505333 0.242953 0.504000 0.232215 0.505333 0.214765 0.513333 0.185235 0.516000 0.144966 0.517333 0.116779 0.521333 0.108725 0.525333 0.106040 0.537333 0.108725 0.553333 0.115436 0.556667 0.147651 0.560667 0.213423 0.564000 0.230872 0.572667 0.240268 0.574667 0.497987 0.575333 0.500671 0.576667 0.629530 0.574667 0.655034 0.576667 0.711409 0.576667 0.719463 0.572667 0.728859 0.540667 0.753020 0.532000 0.779866 0.528000 0.820134 0.525333 0.830872 0.523333 0.836242 0.517333
5 0.834899 0.582000 0.830872 0.579333 0.821477 0.578667 0.759732 0.579333 0.740940 0.581333 0.656376 0.580667 0.634899 0.582000 0.531544 0.582000 0.528859 0.583333 0.488591 0.581333 0.369128 0.580667 0.330201 0.582000 0.324832 0.583333 0.311409 0.582000 0.271141 0.582667 0.251007 0.581333 0.234899 0.582667 0.216107 0.592000 0.138255 0.594667 0.116779 0.598667 0.108725 0.603333 0.108725 0.626667 0.111409 0.630667 0.123490 0.634000 0.155705 0.637333 0.190604 0.638000 0.210738 0.640000 0.232215 0.649333 0.251007 0.652000 0.422819 0.653333 0.629530 0.652000 0.699329 0.653333 0.710067 0.652000 0.715436 0.648667 0.718121 0.644000 0.719463 0.622000 0.726174 0.615333 0.763758 0.606000 0.826846 0.600667 0.834899 0.592667
5 0.836242 0.043333 0.830872 0.038000 0.820134 0.038000 0.762416 0.042667 0.714094 0.042000 0.695302 0.043333 0.561074 0.043333 0.428188 0.045333 0.371812 0.044667 0.303356 0.047333 0.241611 0.046667 0.232215 0.048000 0.210738 0.058000 0.142282 0.060667 0.115436 0.064667 0.110067 0.070667 0.110067 0.090000 0.114094 0.096000 0.126174 0.100000 0.214765 0.106000 0.236242 0.116667 0.375839 0.118667 0.493960 0.118000 0.500671 0.119333 0.597315 0.120000 0.649664 0.118667 0.702013 0.119333 0.716779 0.115333 0.719463 0.084000 0.724832 0.078667 0.735570 0.073333 0.753020 0.068667 0.828188 0.059333 0.834899 0.053333
5 0.837584 0.124000 0.836242 0.119333 0.829530 0.116000 0.782550 0.118000 0.732886 0.122667 0.646980 0.122667 0.625503 0.121333 0.616107 0.122667 0.361074 0.122000 0.253691 0.123333 0.244295 0.122000 0.236242 0.123333 0.217450 0.133333 0.210738 0.134667 0.128859 0.138667 0.112752 0.142000 0.110067 0.144667 0.110067 0.168667 0.115436 0.174000 0.128859 0.176667 0.212081 0.182000 0.236242 0.192667 0.246980 0.194000 0.299329 0.193333 0.328859 0.194667 0.637584 0.195333 0.652349 0.196667 0.707383 0.196667 0.716779 0.195333 0.719463 0.193333 0.720805 0.162667 0.728859 0.154000 0.736913 0.150667 0.763758 0.145333 0.832215 0.137333 0.836242 0.134000
