0 0.806250 0.454333 0.767188 0.451991 0.748437 0.468384 0.743750 0.482436 0.742188 0.548009 0.712500 0.594848 0.703125 0.625293 0.701562 0.651054 0.717187 0.688525 0.718750 0.700234 0.725000 0.709602 0.746875 0.723653 0.751563 0.733021 0.757812 0.733021 0.787500 0.688525 0.787500 0.637002 0.792188 0.611241 0.801562 0.597190 0.815625 0.587822 0.845313 0.585480 0.842187 0.571429 0.828125 0.548009 0.831250 0.524590 0.829688 0.482436 0.821875 0.466042
0 0.292187 0.491803 0.265625 0.491803 0.250000 0.498829 0.239063 0.510539 0.232813 0.531616 0.235937 0.592506 0.212500 0.629977 0.201563 0.667447 0.198437 0.721311 0.217188 0.761124 0.220312 0.782201 0.232813 0.805621 0.235937 0.822014 0.240625 0.822014 0.248438 0.784543 0.276562 0.730679 0.275000 0.674473 0.282813 0.644028 0.304688 0.625293 0.329688 0.618267 0.318750 0.587822 0.321875 0.562061 0.318750 0.517564 0.309375 0.501171
0 0.345313 0.625293 0.307812 0.625293 0.281250 0.646370 0.276562 0.667447 0.279687 0.730679 0.251563 0.782201 0.239063 0.845433 0.240625 0.885246 0.265625 0.927400 0.279687 0.960187 0.284375 0.995316 0.287500 0.995316 0.306250 0.934426 0.329688 0.889930 0.329688 0.807963 0.339062 0.789227 0.354687 0.775176 0.387500 0.768150 0.382812 0.747073 0.368750 0.723653 0.371875 0.702576 0.368750 0.655738 0.364063 0.641686
0 0.471875 0.515222 0.435937 0.515222 0.414062 0.533958 0.409375 0.552693 0.412500 0.615925 0.389062 0.648712 0.373437 0.704918 0.376563 0.733021 0.393750 0.763466 0.420312 0.782201 0.437500 0.814988 0.471875 0.751756 0.473438 0.686183 0.478125 0.669789 0.485938 0.658080 0.507812 0.641686 0.507812 0.634660 0.496875 0.613583 0.496875 0.548009 0.489063 0.529274
0 0.820312 0.266979 0.806250 0.274005 0.796875 0.290398 0.795312 0.355972 0.770312 0.400468 0.764062 0.419204 0.764062 0.440281 0.767188 0.447307 0.803125 0.451991 0.823438 0.468384 0.832812 0.496487 0.832812 0.543326 0.845313 0.559719 0.845313 0.569087 0.857812 0.573770 0.859375 0.564403 0.865625 0.559719 0.865625 0.550351 0.873437 0.538642 0.879687 0.515222 0.889062 0.437939 0.889062 0.400468 0.875000 0.362998 0.881250 0.332553 0.881250 0.302108 0.876563 0.288056 0.864062 0.274005 0.848437 0.266979
0 0.554688 0.409836 0.535937 0.421546 0.528125 0.437939 0.528125 0.510539 0.509375 0.536300 0.501563 0.557377 0.500000 0.611241 0.504687 0.625293 0.515625 0.639344 0.535937 0.641686 0.573438 0.669789 0.592187 0.644028 0.600000 0.569087 0.617188 0.538642 0.617188 0.526932 0.610938 0.512881 0.614062 0.454333 0.610938 0.435597 0.603125 0.421546 0.584375 0.409836
0 0.537500 0.646370 0.506250 0.646370 0.481250 0.665105 0.475000 0.683841 0.475000 0.751756 0.451562 0.791569 0.435937 0.840749 0.435937 0.880562 0.473438 0.941452 0.478125 0.962529 0.487500 0.974239 0.484375 0.976581 0.485938 0.985948 0.493750 0.990632 0.485938 0.995316 0.498437 0.990632 0.498437 0.978923 0.518750 0.957845 0.520312 0.889930 0.526563 0.864169 0.534375 0.852459 0.560937 0.836066 0.582812 0.833724 0.606250 0.838407 0.606250 0.826698 0.568750 0.754098 0.571875 0.700234 0.567187 0.672131 0.560937 0.660422
0 0.650000 0.533958 0.632812 0.533958 0.617188 0.540984 0.603125 0.559719 0.598437 0.634660 0.578125 0.665105 0.573438 0.683841 0.575000 0.716628 0.571875 0.749415 0.607812 0.817330 0.610938 0.831382 0.623437 0.836066 0.640625 0.836066 0.654687 0.814988 0.657813 0.751756 0.667188 0.728337 0.679688 0.716628 0.712500 0.707260 0.715625 0.702576 0.712500 0.683841 0.701562 0.655738 0.687500 0.632319 0.689063 0.583138 0.685937 0.559719 0.668750 0.540984
0 0.990625 0.374707 0.946875 0.367681 0.932813 0.374707 0.926562 0.384075 0.920312 0.412178 0.921875 0.463700 0.884375 0.512881 0.871875 0.557377 0.870313 0.576112 0.873437 0.592506 0.882812 0.615925 0.889062 0.646370 0.887500 0.660422 0.892188 0.702576 0.906250 0.721311 0.907813 0.737705 0.918750 0.756440 0.929688 0.733021 0.935937 0.700234 0.956250 0.658080 0.981250 0.632319 0.979688 0.599532 0.984375 0.566745 1.000000 0.545667 1.000000 0.381733
0 0.670312 0.725995 0.664062 0.735363 0.659375 0.754098 0.659375 0.814988 0.632812 0.866511 0.632812 0.962529 0.639062 0.978923 0.640625 1.000000 0.773438 1.000000 0.801562 0.983607 0.803125 0.941452 0.795312 0.894614 0.779687 0.852459 0.757812 0.817330 0.759375 0.756440 0.756250 0.744731 0.739062 0.721311 0.721875 0.711944 0.695312 0.711944
0 0.846875 0.587822 0.812500 0.590164 0.795312 0.604215 0.789062 0.625293 0.789062 0.690867 0.768750 0.716628 0.762500 0.737705 0.767188 0.775176 0.767188 0.826698 0.778125 0.840749 0.796875 0.887588 0.804688 0.922717 0.809375 0.971897 0.818750 0.964871 0.823438 0.950820 0.851562 0.906323 0.856250 0.887588 0.859375 0.833724 0.867188 0.807963 0.881250 0.791569 0.917188 0.782201 0.904687 0.737705 0.879687 0.693208 0.882812 0.644028 0.878125 0.615925 0.870313 0.601874
0 0.865625 0.812646 0.859375 0.838407 0.859375 0.896956 0.828125 0.948478 0.817187 0.978923 0.820312 0.992974 0.845313 1.000000 1.000000 1.000000 1.000000 0.981265 0.965625 0.911007 0.965625 0.840749 0.960938 0.819672 0.954688 0.810304 0.926562 0.791569 0.896875 0.789227 0.878125 0.796253
0 0.215625 0.786885 0.200000 0.775176 0.178125 0.770492 0.150000 0.777518 0.129688 0.796253 0.121875 0.822014 0.125000 0.892272 0.095312 0.960187 0.092188 1.000000 0.150000 1.000000 0.170313 0.964871 0.200000 0.946136 0.231250 0.946136 0.260937 0.976581 0.265625 0.988290 0.273438 0.983607 0.273438 0.967213 0.264062 0.934426 0.228125 0.878220 0.226562 0.814988
0 0.664062 0.231850 0.626563 0.234192 0.612500 0.243560 0.603125 0.264637 0.603125 0.304450 0.606250 0.316159 0.595313 0.339578 0.582812 0.400468 0.609375 0.428571 0.617188 0.459016 0.618750 0.489461 0.634375 0.489461 0.668750 0.423888 0.670312 0.372365 0.682813 0.339578 0.689063 0.304450 0.689063 0.264637 0.684375 0.248244
0 0.725000 0.339578 0.692187 0.341920 0.676562 0.355972 0.670312 0.386417 0.673438 0.428571 0.642188 0.489461 0.635938 0.519906 0.640625 0.531616 0.662500 0.533958 0.678125 0.545667 0.687500 0.559719 0.695312 0.608899 0.703125 0.608899 0.709375 0.601874 0.720313 0.573770 0.737500 0.548009 0.743750 0.475410 0.754687 0.451991 0.757812 0.372365 0.750000 0.353630
0 0.521875 0.292740 0.487500 0.295082 0.468750 0.313817 0.465625 0.330211 0.468750 0.391101 0.454688 0.412178 0.442188 0.456674 0.443750 0.489461 0.453125 0.508197 0.481250 0.517564 0.500000 0.538642 0.525000 0.503513 0.526563 0.440281 0.548438 0.405152 0.546875 0.393443 0.551562 0.360656 0.548438 0.313817 0.535937 0.297424
0 0.192188 0.259953 0.165625 0.259953 0.148438 0.266979 0.134375 0.283372 0.131250 0.295082 0.135937 0.365340 0.123438 0.402810 0.115625 0.459016 0.118750 0.475410 0.131250 0.484778 0.139063 0.496487 0.142187 0.515222 0.151562 0.524590 0.157812 0.522248 0.181250 0.482436 0.181250 0.409836 0.192188 0.386417 0.206250 0.377049 0.214062 0.365340 0.217188 0.327869 0.215625 0.285714 0.207813 0.269321
0 0.070312 0.358314 0.051562 0.355972 0.031250 0.360656 0.017188 0.370023 0.007812 0.386417 0.007812 0.437939 0.014063 0.463700 0.000000 0.503513 0.000000 0.573770 0.007812 0.622951 0.015625 0.634660 0.023438 0.634660 0.029687 0.627635 0.034375 0.608899 0.051562 0.576112 0.050000 0.522248 0.054688 0.501171 0.064062 0.487119 0.093750 0.470726 0.095312 0.419204 0.092188 0.386417 0.081250 0.365340
0 0.250000 0.377049 0.231250 0.372365 0.212500 0.374707 0.187500 0.393443 0.181250 0.416862 0.187500 0.477752 0.164062 0.515222 0.156250 0.536300 0.153125 0.559719 0.156250 0.587822 0.178125 0.618267 0.196875 0.658080 0.201563 0.658080 0.212500 0.627635 0.232813 0.592506 0.231250 0.536300 0.235937 0.517564 0.246875 0.501171 0.265625 0.491803 0.270313 0.484778 0.268750 0.409836 0.265625 0.395785
0 0.412500 0.391101 0.378125 0.391101 0.357812 0.407494 0.351562 0.428571 0.354687 0.487119 0.332813 0.529274 0.325000 0.564403 0.326562 0.592506 0.332813 0.608899 0.343750 0.622951 0.356250 0.627635 0.371875 0.648712 0.375000 0.662763 0.379688 0.662763 0.409375 0.611241 0.407813 0.557377 0.410938 0.540984 0.417187 0.529274 0.439063 0.508197 0.439063 0.496487 0.434375 0.484778 0.437500 0.468384 0.435937 0.416862 0.431250 0.405152
0 0.990625 0.555035 0.984375 0.576112 0.984375 0.637002 0.956250 0.665105 0.942187 0.693208 0.928125 0.754098 0.929688 0.789227 0.950000 0.803279 0.964063 0.824356 0.968750 0.861827 0.968750 0.911007 0.993750 0.960187 1.000000 0.964871 1.000000 0.548009
0 0.337500 0.791569 0.328125 0.817330 0.328125 0.857143 0.332813 0.892272 0.306250 0.939110 0.296875 0.969555 0.293750 1.000000 0.482812 1.000000 0.471875 0.953162 0.431250 0.880562 0.429688 0.805621 0.417187 0.782201 0.393750 0.770492 0.373437 0.770492 0.353125 0.777518
0 0.107813 0.475410 0.076563 0.480094 0.062500 0.489461 0.051562 0.510539 0.054688 0.580796 0.029687 0.629977 0.020313 0.665105 0.018750 0.695550 0.056250 0.772834 0.065625 0.768150 0.087500 0.733021 0.085938 0.665105 0.089063 0.648712 0.096875 0.634660 0.126562 0.618267 0.170313 0.622951 0.143750 0.571429 0.137500 0.501171 0.129688 0.487119
0 0.162500 0.622951 0.126562 0.618267 0.107813 0.625293 0.096875 0.634660 0.087500 0.653396 0.085938 0.688525 0.090625 0.728337 0.070312 0.761124 0.062500 0.782201 0.060937 0.800937 0.054688 0.817330 0.053125 0.859485 0.090625 0.934426 0.089063 0.941452 0.100000 0.936768 0.120313 0.894614 0.120313 0.826698 0.125000 0.805621 0.134375 0.789227 0.150000 0.777518 0.170313 0.770492 0.190625 0.770492 0.204687 0.777518 0.210938 0.772834 0.203125 0.742389 0.184375 0.711944 0.182812 0.653396 0.178125 0.639344
