1 0.529412 0.424020 0.500000 0.421569 0.472222 0.431373 0.454248 0.448529 0.447712 0.470588 0.446078 0.497549 0.452614 0.519608 0.452614 0.541667 0.436275 0.664216 0.434641 0.703431 0.449346 0.727941 0.459150 0.757353 0.475490 0.759804 0.495098 0.737745 0.498366 0.720588 0.500000 0.629902 0.506536 0.593137 0.526144 0.571078 0.570261 0.561275 0.575163 0.549020 0.583333 0.502451 0.580065 0.468137 0.563725 0.446078
1 0.328431 0.703431 0.313725 0.723039 0.307190 0.762255 0.312092 0.799020 0.307190 0.840686 0.308824 0.892157 0.299020 1.000000 0.428105 1.000000 0.439542 0.914216 0.439542 0.877451 0.444444 0.843137 0.442810 0.816176 0.454248 0.781863 0.449346 0.735294 0.436275 0.713235 0.405229 0.696078 0.362745 0.691176
1 0.259804 0.517157 0.236928 0.544118 0.230392 0.568627 0.228758 0.590686 0.233660 0.620098 0.223856 0.740196 0.223856 0.781863 0.230392 0.791667 0.261438 0.796569 0.282680 0.823529 0.299020 0.833333 0.305556 0.803922 0.303922 0.757353 0.315359 0.715686 0.325163 0.703431 0.357843 0.686275 0.359477 0.644608 0.369281 0.607843 0.370915 0.578431 0.366013 0.553922 0.348039 0.531863 0.313725 0.517157
1 0.184641 0.330882 0.156863 0.345588 0.142157 0.372549 0.142157 0.468137 0.138889 0.502451 0.124183 0.573529 0.120915 0.686275 0.125817 0.698529 0.151961 0.730392 0.183007 0.730392 0.196078 0.740196 0.207516 0.740196 0.218954 0.725490 0.222222 0.710784 0.228758 0.566176 0.236928 0.541667 0.264706 0.507353 0.274510 0.482843 0.271242 0.431373 0.277778 0.392157 0.269608 0.360294 0.256536 0.345588 0.227124 0.333333
1 0.204248 0.205882 0.179739 0.196078 0.127451 0.198529 0.106209 0.210784 0.094771 0.235294 0.093137 0.272059 0.098039 0.286765 0.096405 0.377451 0.086601 0.490196 0.080065 0.512255 0.076797 0.551471 0.088235 0.593137 0.094771 0.598039 0.124183 0.546569 0.132353 0.507353 0.140523 0.426471 0.138889 0.392157 0.148693 0.355392 0.158497 0.343137 0.181373 0.330882 0.218954 0.328431 0.218954 0.301471 0.228758 0.269608 0.228758 0.237745 0.218954 0.218137
1 0.441176 0.014706 0.406863 0.004902 0.374183 0.004902 0.352941 0.014706 0.343137 0.029412 0.341503 0.073529 0.344771 0.102941 0.341503 0.188725 0.312092 0.453431 0.312092 0.509804 0.315359 0.514706 0.344771 0.519608 0.351307 0.500000 0.357843 0.424020 0.354575 0.328431 0.361111 0.299020 0.374183 0.281863 0.388889 0.274510 0.447712 0.274510 0.452614 0.269608 0.454248 0.144608 0.457516 0.120098 0.470588 0.088235 0.470588 0.056373 0.460784 0.029412
1 0.397059 0.274510 0.375817 0.281863 0.359477 0.308824 0.361111 0.406863 0.351307 0.522059 0.366013 0.549020 0.372549 0.571078 0.370915 0.632353 0.398693 0.664216 0.418301 0.669118 0.436275 0.649510 0.444444 0.593137 0.447712 0.531863 0.446078 0.475490 0.454248 0.448529 0.475490 0.421569 0.480392 0.375000 0.486928 0.355392 0.486928 0.323529 0.483660 0.306373 0.460784 0.281863
1 0.534314 0.568627 0.516340 0.578431 0.508170 0.590686 0.501634 0.620098 0.501634 0.723039 0.498366 0.747549 0.483660 0.799020 0.478758 0.892157 0.482026 0.938725 0.508170 0.950980 0.517974 0.938725 0.531046 0.936275 0.545752 0.953431 0.550654 0.970588 0.562092 0.985294 0.578431 0.990196 0.616013 0.985294 0.627451 0.975490 0.633987 0.958333 0.638889 0.914216 0.640523 0.801471 0.627451 0.735294 0.627451 0.710784 0.624183 0.705882 0.638889 0.615196 0.627451 0.588235 0.601307 0.571078 0.575163 0.563725
1 0.696078 0.181373 0.687908 0.188725 0.684641 0.208333 0.687908 0.235294 0.684641 0.375000 0.671569 0.428922 0.666667 0.480392 0.660131 0.507353 0.665033 0.544118 0.671569 0.556373 0.666667 0.573529 0.669935 0.585784 0.681373 0.590686 0.727124 0.590686 0.733660 0.585784 0.740196 0.561275 0.748366 0.500000 0.751634 0.382353 0.759804 0.357843 0.781046 0.350490 0.785948 0.343137 0.794118 0.296569 0.795752 0.259804 0.805556 0.247549 0.807190 0.227941 0.797386 0.203431 0.743464 0.183824
1 0.836601 0.507353 0.830065 0.517157 0.826797 0.536765 0.830065 0.561275 0.820261 0.715686 0.810458 0.752451 0.803922 0.803922 0.802288 0.850490 0.812092 0.850490 0.815359 0.843137 0.825163 0.838235 0.844771 0.840686 0.887255 0.860294 0.913399 0.882353 0.928105 0.887255 0.933007 0.882353 0.941176 0.843137 0.941176 0.762255 0.937908 0.735294 0.955882 0.625000 0.952614 0.573529 0.965686 0.561275 0.960784 0.531863 0.946078 0.517157 0.893791 0.514706 0.872549 0.504902
1 0.870915 0.372549 0.799020 0.355392 0.764706 0.355392 0.754902 0.372549 0.756536 0.463235 0.738562 0.605392 0.738562 0.671569 0.745098 0.676471 0.743464 0.686275 0.750000 0.691176 0.745098 0.732843 0.736928 0.750000 0.741830 0.794118 0.748366 0.803922 0.764706 0.808824 0.772876 0.796569 0.797386 0.796569 0.799020 0.784314 0.803922 0.779412 0.818627 0.696078 0.821895 0.551471 0.828431 0.519608 0.834967 0.507353 0.866013 0.500000 0.869281 0.441176 0.882353 0.416667 0.882353 0.392157
