2 0.116013 0.127451 0.093137 0.110294 0.070261 0.110294 0.000000 0.151961 0.000000 0.365196 0.111111 0.303922 0.132353 0.281863 0.140523 0.254902 0.143791 0.213235 0.125817 0.149510
2 0.032680 0.357843 0.000000 0.375000 0.000000 0.666667 0.024510 0.676471 0.063725 0.676471 0.101307 0.654412 0.125817 0.620098 0.130719 0.607843 0.133987 0.566176 0.153595 0.517157 0.153595 0.482843 0.140523 0.431373 0.107843 0.382353 0.076797 0.360294
2 0.107843 0.678922 0.070261 0.696078 0.047386 0.725490 0.032680 0.774510 0.032680 0.823529 0.049020 0.870098 0.063725 0.889706 0.093137 0.906863 0.124183 0.906863 0.143791 0.894608 0.150327 0.850490 0.158497 0.825980 0.192810 0.762255 0.194444 0.750000 0.176471 0.713235 0.156863 0.696078 0.132353 0.681373
2 0.334967 0.740196 0.303922 0.718137 0.272876 0.718137 0.256536 0.725490 0.245098 0.737745 0.202614 0.757353 0.174837 0.791667 0.156863 0.833333 0.147059 0.882353 0.150327 0.938725 0.156863 0.965686 0.173203 1.000000 0.305556 1.000000 0.315359 0.987745 0.328431 0.958333 0.349673 0.889706 0.339869 0.799020 0.341503 0.754902
2 0.431373 0.632353 0.400327 0.649510 0.367647 0.688725 0.346405 0.747549 0.344771 0.823529 0.361111 0.882353 0.383987 0.916667 0.415033 0.938725 0.449346 0.943627 0.468954 0.938725 0.491830 0.924020 0.522876 0.882353 0.539216 0.828431 0.540850 0.769608 0.532680 0.720588 0.521242 0.688725 0.508170 0.676471 0.493464 0.651961 0.464052 0.632353
2 0.165033 0.198529 0.155229 0.210784 0.145425 0.235294 0.138889 0.279412 0.142157 0.340686 0.160131 0.401961 0.179739 0.443627 0.212418 0.487745 0.254902 0.507353 0.277778 0.500000 0.292484 0.482843 0.307190 0.436275 0.303922 0.360294 0.277778 0.274510 0.256536 0.235294 0.227124 0.203431 0.199346 0.188725 0.179739 0.188725
2 0.192810 0.492647 0.165033 0.509804 0.147059 0.539216 0.133987 0.590686 0.133987 0.627451 0.148693 0.676471 0.169935 0.700980 0.196078 0.713235 0.225490 0.710784 0.258170 0.686275 0.274510 0.654412 0.279412 0.634804 0.279412 0.605392 0.272876 0.578431 0.272876 0.549020 0.266340 0.529412 0.248366 0.509804 0.217320 0.492647
2 0.426471 0.343137 0.400327 0.338235 0.382353 0.350490 0.313725 0.468137 0.277778 0.541667 0.274510 0.578431 0.282680 0.615196 0.323529 0.671569 0.338235 0.681373 0.361111 0.683824 0.383987 0.666667 0.473856 0.504902 0.490196 0.468137 0.490196 0.443627 0.482026 0.406863 0.455882 0.370098
2 0.493464 0.460784 0.488562 0.463235 0.473856 0.502451 0.408497 0.617647 0.398693 0.647059 0.442810 0.622549 0.490196 0.585784 0.501634 0.571078 0.508170 0.556373 0.513072 0.524510 0.508170 0.492647
2 0.452614 0.120098 0.434641 0.115196 0.411765 0.093137 0.374183 0.090686 0.336601 0.107843 0.320261 0.125000 0.303922 0.151961 0.282680 0.220588 0.282680 0.279412 0.303922 0.348039 0.320261 0.375000 0.344771 0.397059 0.352941 0.397059 0.379085 0.352941 0.397059 0.338235 0.415033 0.335784 0.426471 0.340686 0.454248 0.367647 0.464052 0.367647 0.477124 0.345588 0.496732 0.276961 0.496732 0.220588 0.482026 0.166667
2 0.555556 0.232843 0.524510 0.252451 0.508170 0.274510 0.495098 0.303922 0.485294 0.350490 0.486928 0.414216 0.500000 0.465686 0.516340 0.492647 0.562092 0.509804 0.596405 0.507353 0.630719 0.485294 0.655229 0.453431 0.671569 0.401961 0.671569 0.345588 0.661765 0.303922 0.647059 0.272059 0.629085 0.247549 0.601307 0.232843
2 0.524510 0.049020 0.508170 0.080882 0.500000 0.115196 0.500000 0.181373 0.508170 0.220588 0.521242 0.237745 0.540850 0.237745 0.562092 0.230392 0.620915 0.235294 0.638889 0.208333 0.653595 0.156863 0.653595 0.112745 0.650327 0.093137 0.638889 0.063725 0.620915 0.039216 0.591503 0.022059 0.553922 0.024510
2 0.741830 0.098039 0.704248 0.115196 0.679739 0.142157 0.656863 0.188725 0.647059 0.230392 0.645425 0.262255 0.669935 0.323529 0.673203 0.375000 0.687908 0.406863 0.702614 0.421569 0.735294 0.438725 0.782680 0.438725 0.805556 0.428922 0.821895 0.414216 0.857843 0.360294 0.870915 0.311275 0.872549 0.242647 0.866013 0.203431 0.851307 0.164216 0.826797 0.127451 0.782680 0.100490
2 0.758170 0.539216 0.735294 0.563725 0.718954 0.607843 0.715686 0.627451 0.718954 0.683824 0.728758 0.708333 0.743464 0.730392 0.758170 0.742647 0.787582 0.752451 0.816993 0.745098 0.836601 0.725490 0.857843 0.671569 0.861111 0.654412 0.857843 0.605392 0.844771 0.573529 0.813725 0.539216 0.794118 0.531863
2 0.723856 0.500000 0.702614 0.473039 0.684641 0.465686 0.658497 0.465686 0.617647 0.500000 0.586601 0.517157 0.573529 0.531863 0.549020 0.573529 0.531046 0.627451 0.529412 0.678922 0.539216 0.713235 0.560458 0.735294 0.598039 0.740196 0.622549 0.732843 0.674837 0.688725 0.702614 0.647059 0.715686 0.617647 0.727124 0.575980 0.730392 0.531863
2 0.864379 0.365196 0.852941 0.375000 0.834967 0.404412 0.805556 0.433824 0.800654 0.455882 0.800654 0.492647 0.812092 0.531863 0.844771 0.571078 0.856209 0.578431 0.887255 0.578431 0.913399 0.563725 0.931373 0.539216 0.942810 0.500000 0.944444 0.453431 0.937908 0.419118 0.924837 0.394608 0.888889 0.367647
2 0.931373 0.080882 0.900327 0.093137 0.882353 0.107843 0.859477 0.142157 0.854575 0.159314 0.874183 0.242647 0.875817 0.272059 0.869281 0.335784 0.882353 0.357843 0.921569 0.387255 0.934641 0.392157 0.977124 0.389706 1.000000 0.375000 1.000000 0.100490 0.964052 0.080882
2 1.000000 0.593137 0.977124 0.580882 0.946078 0.583333 0.908497 0.605392 0.875817 0.639706 0.861111 0.666667 0.828431 0.759804 0.830065 0.813725 0.846405 0.848039 0.869281 0.862745 0.898693 0.862745 0.923203 0.852941 0.962418 0.821078 1.000000 0.764706
2 0.632353 0.725490 0.617647 0.750000 0.594771 0.821078 0.594771 0.855392 0.602941 0.879902 0.625817 0.906863 0.743464 0.995098 0.772876 1.000000 0.789216 0.990196 0.803922 0.965686 0.826797 0.892157 0.828431 0.865196 0.818627 0.830882 0.803922 0.813725 0.684641 0.720588 0.653595 0.713235
