0 0.306667 0.048889 0.275556 0.071111 0.280000 0.151111 0.213333 0.231111 0.204444 0.293333 0.240000 0.333333 0.333333 0.328889 0.382222 0.360000 0.422222 0.306667 0.431111 0.200000 0.391111 0.155556 0.386667 0.062222 0.364444 0.048889
0 0.635556 0.066667 0.617778 0.084444 0.613333 0.182222 0.564444 0.235556 0.564444 0.302222 0.604444 0.337778 0.675556 0.311111 0.755556 0.328889 0.782222 0.302222 0.786667 0.262222 0.768889 0.217778 0.733333 0.195556 0.724444 0.177778 0.733333 0.093333 0.711111 0.066667
0 0.826667 0.177778 0.795556 0.204444 0.795556 0.306667 0.760000 0.355556 0.760000 0.448889 0.800000 0.484444 0.826667 0.542222 0.853333 0.506667 0.880000 0.493333 0.933333 0.493333 0.973333 0.515556 0.991111 0.480000 0.991111 0.417778 0.951111 0.337778 0.915556 0.297778 0.920000 0.200000 0.888889 0.177778
0 0.533333 0.195556 0.466667 0.191111 0.431111 0.217778 0.431111 0.306667 0.391111 0.355556 0.377778 0.400000 0.382222 0.444444 0.422222 0.493333 0.440000 0.493333 0.475556 0.471111 0.537778 0.471111 0.604444 0.413333 0.604444 0.373333 0.551111 0.306667 0.555556 0.226667
0 0.106667 0.177778 0.071111 0.200000 0.075556 0.293333 0.008889 0.360000 0.000000 0.426667 0.013333 0.457778 0.048889 0.488889 0.128889 0.484444 0.168889 0.520000 0.182222 0.520000 0.200000 0.484444 0.231111 0.457778 0.235556 0.346667 0.191111 0.293333 0.200000 0.266667 0.191111 0.195556 0.164444 0.177778
0 0.328889 0.328889 0.275556 0.328889 0.240000 0.351111 0.235556 0.462222 0.204444 0.493333 0.182222 0.551111 0.182222 0.626667 0.240000 0.688889 0.293333 0.786667 0.306667 0.782222 0.364444 0.666667 0.417778 0.595556 0.417778 0.502222 0.373333 0.457778 0.368889 0.364444 0.360000 0.346667
0 0.666667 0.315556 0.631111 0.328889 0.622222 0.342222 0.617778 0.426667 0.595556 0.448889 0.586667 0.444444 0.568889 0.457778 0.568889 0.488889 0.577778 0.506667 0.582222 0.617778 0.631111 0.662222 0.653333 0.724444 0.680000 0.746667 0.675556 0.755556 0.693333 0.777778 0.715556 0.733333 0.800000 0.626667 0.808889 0.564444 0.791111 0.484444 0.751111 0.448889 0.751111 0.342222 0.720000 0.320000
0 0.946667 0.502222 0.875556 0.497778 0.844444 0.515556 0.831111 0.626667 0.786667 0.662222 0.733333 0.742222 0.724444 0.840000 0.706667 0.902222 0.715556 1.000000 1.000000 1.000000 1.000000 0.657778 0.977778 0.635556 0.977778 0.533333
0 0.546667 0.484444 0.493333 0.475556 0.457778 0.484444 0.435556 0.502222 0.431111 0.604444 0.382222 0.644444 0.346667 0.728889 0.324444 0.755556 0.315556 0.906667 0.320000 0.960000 0.333333 0.982222 0.324444 0.991111 0.342222 1.000000 0.622222 1.000000 0.631111 0.991111 0.644444 0.751111 0.613333 0.657778 0.568889 0.608889 0.573333 0.520000 0.568889 0.502222
0 0.048889 0.497778 0.022222 0.524444 0.022222 0.631111 0.000000 0.653333 0.000000 0.995556 0.226667 1.000000 0.244444 0.991111 0.257778 0.960000 0.271111 0.964444 0.284444 0.946667 0.284444 0.871111 0.257778 0.737778 0.240000 0.720000 0.222222 0.675556 0.164444 0.626667 0.164444 0.528889 0.142222 0.497778 0.106667 0.488889
