1 0.065359 0.638889 0.037037 0.661765 0.026144 0.691176 0.030501 0.732026 0.041394 0.746732 0.076253 0.771242 0.091503 0.792484 0.091503 0.816993 0.056645 0.916667 0.050109 0.957516 0.056645 0.965686 0.111111 0.968954 0.117647 0.973856 0.111111 0.978758 0.111111 0.988562 0.095861 0.990196 0.091503 0.985294 0.080610 0.990196 0.074074 0.988562 0.067538 1.000000 0.505447 1.000000 0.496732 0.964052 0.466231 0.913399 0.429194 0.880719 0.416122 0.875817 0.403050 0.856209 0.305011 0.774510 0.298475 0.761438 0.294118 0.727124 0.296296 0.678105 0.274510 0.642157 0.248366 0.624183 0.200436 0.612745 0.154684 0.612745 0.093682 0.625817
1 0.220044 0.392157 0.189542 0.406863 0.172113 0.428105 0.172113 0.464052 0.183007 0.482026 0.187364 0.503268 0.206972 0.531046 0.206972 0.553922 0.196078 0.606209 0.254902 0.625817 0.276688 0.643791 0.296296 0.666667 0.298475 0.699346 0.313725 0.772876 0.342048 0.800654 0.429194 0.862745 0.468410 0.898693 0.485839 0.919935 0.498911 0.928105 0.501089 0.949346 0.509804 0.962418 0.518519 0.965686 0.518519 0.928105 0.522876 0.919935 0.522876 0.906863 0.518519 0.903595 0.522876 0.874183 0.518519 0.869281 0.520697 0.823529 0.509804 0.769608 0.501089 0.751634 0.490196 0.743464 0.485839 0.732026 0.455338 0.699346 0.442266 0.632353 0.422658 0.604575 0.411765 0.576797 0.398693 0.565359 0.374728 0.524510 0.376906 0.472222 0.366013 0.416667 0.359477 0.406863 0.342048 0.395425 0.311547 0.387255 0.265795 0.385621
1 0.278867 0.250000 0.259259 0.269608 0.259259 0.295752 0.265795 0.305556 0.272331 0.334967 0.281046 0.348039 0.283224 0.379085 0.337691 0.392157 0.361656 0.408497 0.374728 0.433007 0.381264 0.475490 0.379085 0.511438 0.392157 0.547386 0.413943 0.573529 0.429194 0.601307 0.437908 0.609477 0.453159 0.614379 0.490196 0.609477 0.511983 0.593137 0.518519 0.566993 0.516340 0.522876 0.483660 0.460784 0.470588 0.446078 0.422658 0.366013 0.422658 0.271242 0.418301 0.261438 0.407407 0.250000 0.392157 0.243464 0.363834 0.238562 0.318083 0.240196
1 0.322440 0.148693 0.298475 0.160131 0.294118 0.173203 0.305011 0.228758 0.313725 0.238562 0.355120 0.236928 0.387800 0.241830 0.403050 0.248366 0.418301 0.261438 0.422658 0.271242 0.422658 0.323529 0.437908 0.385621 0.485839 0.457516 0.503268 0.457516 0.511983 0.446078 0.511983 0.416667 0.483660 0.344771 0.474946 0.338235 0.437908 0.266340 0.431373 0.243464 0.433551 0.209150 0.429194 0.165033 0.416122 0.150327 0.383442 0.142157 0.348584 0.142157
1 0.361656 0.076797 0.344227 0.086601 0.342048 0.096405 0.348584 0.138889 0.361656 0.143791 0.383442 0.142157 0.407407 0.147059 0.427015 0.160131 0.433551 0.205882 0.431373 0.236928 0.437908 0.261438 0.468410 0.326797 0.488017 0.354575 0.516340 0.419935 0.533769 0.421569 0.540305 0.410131 0.544662 0.374183 0.540305 0.338235 0.522876 0.297386 0.492375 0.253268 0.494553 0.246732 0.457516 0.165033 0.457516 0.089869 0.446623 0.076797 0.429194 0.071895 0.387800 0.071895
1 0.941176 0.625817 0.910675 0.611111 0.849673 0.598039 0.812636 0.598039 0.758170 0.609477 0.725490 0.629085 0.710240 0.648693 0.705882 0.661765 0.710240 0.705882 0.703704 0.720588 0.701525 0.769608 0.662309 0.812092 0.655773 0.823529 0.649237 0.861111 0.631808 0.885621 0.614379 0.895425 0.607843 0.903595 0.612200 0.908497 0.601307 0.913399 0.579521 0.942810 0.575163 0.941176 0.566449 0.950980 0.568627 0.954248 0.551198 0.980392 0.555556 0.986928 0.551198 1.000000 0.967320 1.000000 0.965142 0.941176 0.958606 0.910131 0.947712 0.892157 0.943355 0.872549 0.945534 0.841503 0.925926 0.807190 0.921569 0.785948 0.928105 0.779412 0.928105 0.767974 0.936819 0.764706 0.938998 0.753268 0.952070 0.748366 0.967320 0.723856 0.973856 0.694444 0.969499 0.655229 0.960784 0.642157
1 0.819172 0.379085 0.782135 0.372549 0.716776 0.375817 0.679739 0.390523 0.664488 0.410131 0.660131 0.428105 0.664488 0.455882 0.657952 0.480392 0.657952 0.513072 0.647059 0.527778 0.633987 0.563725 0.607843 0.596405 0.599129 0.617647 0.586057 0.629085 0.583878 0.637255 0.592593 0.643791 0.588235 0.655229 0.601307 0.656863 0.601307 0.665033 0.581699 0.674837 0.577342 0.679739 0.579521 0.691176 0.566449 0.704248 0.557734 0.704248 0.549020 0.714052 0.549020 0.736928 0.542484 0.745098 0.544662 0.781046 0.549020 0.784314 0.544662 0.795752 0.551198 0.799020 0.551198 0.813725 0.559913 0.823529 0.566449 0.843137 0.590414 0.848039 0.616558 0.846405 0.633987 0.834967 0.647059 0.831699 0.686275 0.776144 0.694989 0.754902 0.703704 0.707516 0.701525 0.665033 0.705882 0.651961 0.723312 0.630719 0.753813 0.611111 0.773420 0.604575 0.851852 0.594771 0.851852 0.550654 0.845316 0.527778 0.845316 0.503268 0.862745 0.442810 0.860566 0.406863 0.849673 0.393791
1 0.786492 0.235294 0.753813 0.228758 0.699346 0.232026 0.673203 0.240196 0.655773 0.256536 0.651416 0.277778 0.655773 0.290850 0.653595 0.354575 0.649237 0.356209 0.653595 0.361111 0.649237 0.364379 0.647059 0.382353 0.633987 0.400327 0.623094 0.433007 0.616558 0.436275 0.610022 0.449346 0.599129 0.454248 0.579521 0.495098 0.568627 0.501634 0.564270 0.511438 0.564270 0.562092 0.577342 0.578431 0.590414 0.581699 0.616558 0.578431 0.640523 0.542484 0.640523 0.529412 0.655773 0.498366 0.660131 0.467320 0.657952 0.429739 0.673203 0.397059 0.690632 0.383987 0.714597 0.375817 0.747277 0.370915 0.784314 0.372549 0.797386 0.367647 0.797386 0.346405 0.810458 0.312092 0.816993 0.266340 0.812636 0.250000
1 0.749455 0.140523 0.721133 0.135621 0.673203 0.135621 0.644880 0.142157 0.631808 0.153595 0.627451 0.165033 0.625272 0.222222 0.610022 0.254902 0.607843 0.277778 0.601307 0.284314 0.564270 0.405229 0.564270 0.434641 0.572985 0.441176 0.579521 0.454248 0.599129 0.450980 0.616558 0.434641 0.629630 0.398693 0.642702 0.382353 0.640523 0.361111 0.642702 0.349673 0.651416 0.341503 0.651416 0.269608 0.657952 0.253268 0.684096 0.235294 0.716776 0.228758 0.749455 0.227124 0.755991 0.218954 0.764706 0.156863
1 0.063181 0.086601 0.054466 0.104575 0.067538 0.140523 0.093682 0.158497 0.102397 0.184641 0.122004 0.205882 0.126362 0.248366 0.130719 0.250000 0.132898 0.269608 0.141612 0.284314 0.196078 0.346405 0.222222 0.385621 0.237473 0.387255 0.274510 0.380719 0.278867 0.374183 0.278867 0.354575 0.252723 0.274510 0.180828 0.166667 0.172113 0.099673 0.165577 0.086601 0.150327 0.078431 0.098039 0.078431
1 0.000000 0.151961 0.000000 0.240196 0.023965 0.251634 0.037037 0.271242 0.047930 0.308824 0.047930 0.338235 0.054466 0.352941 0.130719 0.444444 0.156863 0.468954 0.169935 0.473856 0.167756 0.437908 0.172113 0.423203 0.183007 0.410131 0.217865 0.388889 0.215686 0.380719 0.187364 0.338235 0.117647 0.256536 0.102397 0.204248 0.100218 0.173203 0.091503 0.156863 0.078431 0.150327 0.058824 0.147059
1 0.000000 0.248366 0.000000 0.586601 0.045752 0.620915 0.054466 0.632353 0.065359 0.633987 0.104575 0.617647 0.150327 0.607843 0.176471 0.607843 0.187364 0.601307 0.196078 0.562092 0.193900 0.527778 0.176471 0.488562 0.126362 0.442810 0.047930 0.346405 0.045752 0.307190 0.028322 0.258170 0.017429 0.250000
1 0.934641 0.057190 0.915033 0.062092 0.906318 0.070261 0.897603 0.151961 0.843137 0.236928 0.814815 0.297386 0.812636 0.320261 0.803922 0.341503 0.803922 0.366013 0.812636 0.374183 0.847495 0.380719 0.869281 0.339869 0.899782 0.303922 0.941176 0.225490 0.954248 0.147059 0.973856 0.129085 0.986928 0.124183 1.000000 0.124183 1.000000 0.060458
1 1.000000 0.124183 0.976035 0.127451 0.962963 0.133987 0.954248 0.147059 0.945534 0.214052 0.936819 0.238562 0.906318 0.297386 0.851852 0.369281 0.849673 0.387255 0.867102 0.418301 0.860566 0.500000 0.882353 0.500000 0.897603 0.486928 0.917211 0.460784 0.925926 0.459150 0.960784 0.423203 0.984749 0.387255 1.000000 0.374183
