5 0.104000 0.320000 0.098000 0.324000 0.096000 0.336000 0.124000 0.600000 0.140000 0.704000 0.150000 0.720000 0.182000 0.720000 0.196000 0.714000 0.202000 0.704000 0.202000 0.658000 0.170000 0.328000 0.166000 0.318000
5 0.982000 0.344000 0.924000 0.342000 0.914000 0.344000 0.908000 0.354000 0.892000 0.490000 0.860000 0.696000 0.862000 0.730000 0.890000 0.744000 0.920000 0.742000 0.930000 0.724000 0.990000 0.378000 0.992000 0.350000
5 0.856000 0.368000 0.798000 0.368000 0.792000 0.374000 0.768000 0.684000 0.768000 0.722000 0.774000 0.730000 0.788000 0.736000 0.812000 0.734000 0.822000 0.720000 0.864000 0.382000 0.862000 0.372000
5 0.764000 0.342000 0.696000 0.342000 0.690000 0.346000 0.678000 0.724000 0.684000 0.734000 0.700000 0.740000 0.724000 0.740000 0.738000 0.730000 0.748000 0.684000 0.774000 0.388000 0.774000 0.346000
5 0.670000 0.430000 0.640000 0.428000 0.626000 0.430000 0.622000 0.436000 0.610000 0.718000 0.622000 0.728000 0.646000 0.728000 0.652000 0.722000 0.656000 0.704000 0.678000 0.468000 0.678000 0.434000
5 0.518000 0.358000 0.506000 0.368000 0.510000 0.702000 0.516000 0.720000 0.522000 0.724000 0.554000 0.728000 0.562000 0.724000 0.570000 0.708000 0.582000 0.364000 0.574000 0.358000
5 0.456000 0.342000 0.422000 0.344000 0.416000 0.350000 0.424000 0.716000 0.430000 0.726000 0.446000 0.730000 0.470000 0.726000 0.476000 0.722000 0.482000 0.706000 0.486000 0.350000 0.480000 0.344000
5 0.328000 0.368000 0.314000 0.374000 0.332000 0.704000 0.340000 0.726000 0.368000 0.728000 0.382000 0.720000 0.384000 0.710000 0.382000 0.374000 0.378000 0.368000
5 0.210000 0.338000 0.204000 0.344000 0.204000 0.376000 0.220000 0.506000 0.236000 0.716000 0.242000 0.728000 0.250000 0.732000 0.276000 0.732000 0.296000 0.718000 0.300000 0.688000 0.288000 0.350000 0.284000 0.338000 0.274000 0.334000
5 0.004000 0.330000 0.004000 0.428000 0.054000 0.702000 0.062000 0.720000 0.094000 0.720000 0.110000 0.714000 0.118000 0.706000 0.118000 0.674000 0.096000 0.526000 0.076000 0.334000 0.070000 0.328000
