0 0.299712 0.628571 0.230548 0.596429 0.195965 0.607143 0.170029 0.646429 0.146974 0.710714 0.146974 0.742857 0.170029 0.764286 0.247839 0.757143 0.276657 0.742857 0.291066 0.725000 0.305476 0.678571 0.305476 0.639286
0 0.521614 0.603571 0.478386 0.628571 0.466859 0.689286 0.469741 0.710714 0.484150 0.739286 0.498559 0.746429 0.512968 0.771429 0.544669 0.778571 0.567723 0.757143 0.576369 0.732143 0.582133 0.735714 0.593660 0.725000 0.602305 0.703571 0.605187 0.660714 0.602305 0.642857 0.559078 0.603571 0.541787 0.610714
0 0.371758 0.296429 0.325648 0.325000 0.317003 0.350000 0.317003 0.410714 0.340058 0.450000 0.380403 0.471429 0.397695 0.471429 0.452450 0.428571 0.458213 0.371429 0.449568 0.339286 0.432277 0.317857 0.397695 0.296429
0 0.216138 0.185714 0.210375 0.203571 0.213256 0.250000 0.239193 0.296429 0.293948 0.325000 0.317003 0.325000 0.345821 0.300000 0.377522 0.285714 0.383285 0.246429 0.374640 0.210714 0.360231 0.185714 0.328530 0.160714 0.279539 0.153571
0 0.132565 0.371429 0.132565 0.410714 0.172911 0.453571 0.201729 0.467857 0.250720 0.464286 0.291066 0.432143 0.302594 0.407143 0.302594 0.360714 0.279539 0.332143 0.227666 0.307143 0.201729 0.307143 0.170029 0.325000
0 0.282421 0.450000 0.239193 0.489286 0.236311 0.517857 0.221902 0.557143 0.224784 0.582143 0.253602 0.603571 0.273775 0.603571 0.305476 0.617857 0.325648 0.614286 0.365994 0.571429 0.377522 0.532143 0.380403 0.492857 0.374640 0.478571 0.334294 0.453571
0 0.432277 0.453571 0.394813 0.485714 0.389049 0.560714 0.417867 0.603571 0.458213 0.617857 0.484150 0.614286 0.530259 0.560714 0.524496 0.492857 0.512968 0.475000 0.481268 0.453571
0 0.438040 0.621429 0.383285 0.592857 0.363112 0.596429 0.328530 0.621429 0.311239 0.667857 0.311239 0.714286 0.322767 0.753571 0.334294 0.767857 0.365994 0.771429 0.386167 0.753571 0.412104 0.750000 0.438040 0.725000 0.449568 0.696429 0.452450 0.657143 0.449568 0.635714
0 0.561960 0.471429 0.550432 0.485714 0.541787 0.521429 0.541787 0.546429 0.559078 0.585714 0.585014 0.610714 0.616715 0.625000 0.639769 0.621429 0.662824 0.607143 0.677233 0.582143 0.682997 0.546429 0.671470 0.482143 0.636888 0.457143 0.610951 0.453571
0 0.060519 0.175000 0.046110 0.196429 0.046110 0.232143 0.069164 0.260714 0.080692 0.289286 0.129683 0.321429 0.149856 0.321429 0.187320 0.292857 0.193084 0.282143 0.193084 0.253571 0.198847 0.250000 0.201729 0.200000 0.184438 0.175000 0.155620 0.157143 0.121037 0.157143 0.097983 0.171429
0 0.221902 0.489286 0.216138 0.478571 0.161383 0.453571 0.112392 0.467857 0.095101 0.482143 0.063401 0.535714 0.060519 0.578571 0.077810 0.596429 0.103746 0.596429 0.149856 0.614286 0.178674 0.610714 0.201729 0.589286 0.216138 0.557143
0 0.227666 0.792857 0.213256 0.775000 0.178674 0.767857 0.144092 0.746429 0.118156 0.750000 0.100865 0.785714 0.095101 0.832143 0.077810 0.860714 0.077810 0.882143 0.103746 0.917857 0.195965 0.892857 0.219020 0.875000 0.230548 0.850000
0 0.363112 0.792857 0.337176 0.771429 0.291066 0.750000 0.250720 0.767857 0.239193 0.807143 0.242075 0.914286 0.259366 0.928571 0.282421 0.928571 0.305476 0.910714 0.342939 0.896429 0.374640 0.850000 0.374640 0.814286
0 0.423631 0.753571 0.394813 0.778571 0.386167 0.803571 0.386167 0.842857 0.412104 0.889286 0.423631 0.925000 0.466859 0.928571 0.515850 0.878571 0.527378 0.839286 0.527378 0.800000 0.518732 0.782143 0.495677 0.764286 0.466859 0.753571
0 0.046110 0.607143 0.028818 0.628571 0.020173 0.664286 0.000000 0.685714 0.000000 0.739286 0.017291 0.750000 0.103746 0.750000 0.123919 0.739286 0.155620 0.667857 0.155620 0.646429 0.146974 0.628571 0.100865 0.603571 0.060519 0.600000
0 0.582133 0.750000 0.547550 0.785714 0.541787 0.803571 0.541787 0.828571 0.553314 0.871429 0.602305 0.928571 0.654179 0.925000 0.680115 0.857143 0.677233 0.796429 0.631124 0.750000
0 0.708934 0.807143 0.708934 0.817857 0.700288 0.821429 0.708934 0.832143 0.706052 0.864286 0.731988 0.900000 0.755043 0.903571 0.783862 0.928571 0.812680 0.928571 0.827089 0.917857 0.827089 0.814286 0.809798 0.785714 0.798271 0.778571 0.755043 0.778571
0 0.780980 0.632143 0.775216 0.653571 0.778098 0.710714 0.795389 0.746429 0.821326 0.760714 0.902017 0.764286 0.922190 0.746429 0.922190 0.703571 0.904899 0.642857 0.890490 0.617857 0.841499 0.603571 0.798271 0.614286
0 0.625360 0.632143 0.613833 0.664286 0.616715 0.703571 0.625360 0.728571 0.662824 0.771429 0.731988 0.789286 0.757925 0.767857 0.769452 0.703571 0.766571 0.667857 0.743516 0.625000 0.726225 0.614286 0.711816 0.617857 0.703170 0.603571 0.688761 0.600000 0.645533 0.628571
0 0.812680 0.467857 0.795389 0.460714 0.755043 0.464286 0.708934 0.496429 0.703170 0.528571 0.708934 0.578571 0.734870 0.603571 0.755043 0.610714 0.841499 0.596429 0.850144 0.575000 0.844380 0.514286
0 0.864553 0.496429 0.858790 0.557143 0.861671 0.575000 0.876081 0.596429 0.887608 0.603571 0.930836 0.603571 1.000000 0.592857 1.000000 0.517857 0.968300 0.467857 0.951009 0.457143 0.910663 0.453571 0.899135 0.457143
0 0.553314 0.307143 0.501441 0.314286 0.478386 0.335714 0.472622 0.353571 0.472622 0.421429 0.481268 0.439286 0.524496 0.467857 0.564841 0.457143 0.582133 0.446429 0.596542 0.425000 0.602305 0.375000 0.596542 0.339286 0.576369 0.317857
0 0.685879 0.303571 0.648415 0.325000 0.619597 0.357143 0.616715 0.414286 0.625360 0.439286 0.685879 0.471429 0.711816 0.471429 0.757925 0.446429 0.775216 0.407143 0.775216 0.364286 0.749280 0.317857 0.714697 0.303571
0 0.873199 0.303571 0.844380 0.303571 0.827089 0.314286 0.798271 0.353571 0.804035 0.435714 0.832853 0.467857 0.858790 0.471429 0.881844 0.464286 0.933718 0.425000 0.945245 0.407143 0.948127 0.382143 0.942363 0.360714 0.902017 0.314286
0 0.631124 0.157143 0.576369 0.175000 0.561960 0.192857 0.547550 0.253571 0.550432 0.292857 0.599424 0.325000 0.619597 0.328571 0.654179 0.314286 0.685879 0.282143 0.694524 0.257143 0.691643 0.200000 0.680115 0.182143
0 0.417867 0.167857 0.394813 0.207143 0.394813 0.253571 0.412104 0.292857 0.449568 0.310714 0.487032 0.314286 0.524496 0.289286 0.538905 0.250000 0.538905 0.210714 0.530259 0.185714 0.504323 0.157143 0.478386 0.160714 0.461095 0.153571
0 0.746398 0.153571 0.703170 0.203571 0.703170 0.264286 0.717579 0.275000 0.711816 0.282143 0.717579 0.296429 0.737752 0.303571 0.766571 0.328571 0.804035 0.325000 0.847262 0.282143 0.861671 0.250000 0.867435 0.196429 0.850144 0.171429 0.809798 0.150000
0 0.132565 0.007143 0.129683 0.050000 0.141210 0.075000 0.144092 0.110714 0.158501 0.142857 0.181556 0.157143 0.224784 0.160714 0.279539 0.132143 0.291066 0.107143 0.288184 0.050000 0.259366 0.007143 0.242075 0.000000 0.138329 0.000000
0 0.305476 0.028571 0.305476 0.107143 0.311239 0.125000 0.325648 0.125000 0.363112 0.175000 0.397695 0.175000 0.446686 0.139286 0.452450 0.125000 0.452450 0.078571 0.438040 0.035714 0.420749 0.014286 0.397695 0.000000 0.319885 0.000000
0 0.593660 0.000000 0.518732 0.000000 0.484150 0.032143 0.478386 0.067857 0.481268 0.125000 0.504323 0.142857 0.538905 0.189286 0.556196 0.185714 0.602305 0.150000 0.616715 0.125000 0.625360 0.057143 0.610951 0.021429
0 0.766571 0.000000 0.677233 0.000000 0.657061 0.014286 0.631124 0.060714 0.622478 0.139286 0.674352 0.167857 0.688761 0.185714 0.708934 0.185714 0.731988 0.157143 0.757925 0.139286 0.778098 0.078571 0.775216 0.021429
0 0.818444 0.003571 0.798271 0.028571 0.789625 0.053571 0.778098 0.128571 0.853026 0.164286 0.893372 0.157143 0.919308 0.121429 0.930836 0.075000 0.945245 0.050000 0.939481 0.003571
