4 0.335000 0.259033 0.329444 0.261256 0.310000 0.294052 0.304444 0.297943 0.303333 0.300723 0.297778 0.305170 0.295556 0.310172 0.288889 0.314619 0.281667 0.322401 0.280556 0.325737 0.274444 0.330183 0.272222 0.334074 0.258889 0.346859 0.257222 0.350195 0.242778 0.365203 0.234444 0.376876 0.231667 0.387437 0.231667 0.396887 0.233889 0.407449 0.240000 0.413007 0.243889 0.425792 0.247222 0.428571 0.251667 0.426904 0.255556 0.427460 0.261111 0.435798 0.269444 0.440245 0.278333 0.449138 0.280000 0.454697 0.283333 0.458588 0.287778 0.459700 0.293333 0.466926 0.294444 0.470817 0.301667 0.471929 0.309444 0.478599 0.311111 0.483046 0.306111 0.485270 0.305556 0.486937 0.312222 0.491940 0.318889 0.494163 0.319444 0.503057 0.321667 0.507504 0.326667 0.510839 0.331111 0.510283 0.334444 0.513619 0.333889 0.517510 0.337222 0.521957 0.346667 0.529739 0.350000 0.534186 0.357778 0.538077 0.360556 0.546415 0.369444 0.550862 0.371667 0.550862 0.376667 0.548082 0.380000 0.541412 0.387222 0.534186 0.386111 0.529739 0.390556 0.525848 0.392778 0.520845 0.398333 0.515842 0.400556 0.511395 0.406667 0.505837 0.407778 0.502501 0.412222 0.499722 0.415000 0.495275 0.427222 0.484158 0.430556 0.479155 0.440000 0.469705 0.442778 0.468594 0.452778 0.459144 0.466111 0.440800 0.470000 0.437465 0.473889 0.430795 0.480556 0.424125 0.481667 0.420233 0.486667 0.416898 0.490556 0.405781 0.490000 0.396887 0.488333 0.391329 0.476111 0.377988 0.470556 0.374097 0.460556 0.362979 0.453333 0.357977 0.448889 0.352418 0.410000 0.319622 0.405000 0.312396 0.393889 0.303502 0.383889 0.292385 0.351667 0.265703 0.346667 0.264036 0.341111 0.259033
4 0.342222 0.577543 0.337778 0.578099 0.330000 0.581990 0.326111 0.585881 0.322222 0.586993 0.317222 0.591440 0.313889 0.592551 0.301667 0.601445 0.282778 0.612563 0.278889 0.617009 0.259444 0.628127 0.255556 0.632018 0.244444 0.638132 0.241111 0.641467 0.228889 0.643135 0.225556 0.644803 0.223889 0.649805 0.225000 0.653696 0.224444 0.657588 0.217222 0.667593 0.211111 0.672596 0.208889 0.678155 0.204444 0.680934 0.202222 0.684825 0.195556 0.689828 0.193889 0.693719 0.187778 0.700389 0.180556 0.705948 0.171667 0.717065 0.158333 0.730406 0.149444 0.740967 0.147222 0.745414 0.138333 0.752084 0.132778 0.758199 0.131667 0.761534 0.131667 0.768205 0.138889 0.778766 0.164444 0.803224 0.180556 0.822123 0.193333 0.834908 0.241667 0.892162 0.263333 0.916064 0.267222 0.922179 0.288889 0.943302 0.310556 0.968872 0.319444 0.976654 0.323333 0.978321 0.326667 0.978321 0.333889 0.972763 0.362778 0.942746 0.375000 0.932185 0.377222 0.927738 0.383889 0.922179 0.395556 0.908838 0.398889 0.907171 0.406111 0.899944 0.408333 0.895497 0.413889 0.891606 0.431667 0.873819 0.435556 0.868260 0.443333 0.864369 0.450556 0.857143 0.459444 0.851584 0.482222 0.829350 0.522778 0.797665 0.532778 0.787104 0.533889 0.784325 0.533333 0.780434 0.530000 0.774875 0.523333 0.767649 0.516111 0.761534 0.508333 0.752084 0.500556 0.748193 0.498889 0.743191 0.485556 0.730406 0.481667 0.724291 0.472778 0.715953 0.465556 0.705948 0.457778 0.699833 0.452222 0.692607 0.438333 0.678710 0.435556 0.673708 0.422222 0.661479 0.385556 0.623124 0.381667 0.616454 0.352222 0.586437 0.350000 0.582546
4 0.607222 0.368538 0.602778 0.368538 0.600556 0.370206 0.595000 0.371317 0.591667 0.374653 0.579444 0.376876 0.567778 0.384102 0.560000 0.385214 0.550556 0.380767 0.541667 0.382435 0.540000 0.384102 0.533333 0.396331 0.531111 0.404669 0.521667 0.413563 0.518333 0.414675 0.514444 0.420233 0.510556 0.422457 0.506667 0.428016 0.500556 0.432462 0.499444 0.435242 0.493889 0.439689 0.484444 0.450806 0.477222 0.456365 0.445556 0.488049 0.437778 0.497499 0.423333 0.509728 0.416667 0.516954 0.407778 0.538633 0.402778 0.559755 0.400000 0.564202 0.390556 0.594775 0.390556 0.609227 0.392778 0.623124 0.406111 0.639244 0.435556 0.668705 0.446667 0.683157 0.453889 0.689272 0.462778 0.700389 0.476111 0.713174 0.500000 0.741523 0.508889 0.750417 0.513889 0.753196 0.533333 0.772651 0.537778 0.773763 0.543333 0.777654 0.546667 0.783769 0.559444 0.788772 0.567778 0.788772 0.583333 0.776543 0.591667 0.767649 0.595556 0.758755 0.606111 0.747082 0.611111 0.737632 0.616667 0.732629 0.625556 0.718733 0.627222 0.713174 0.640556 0.699833 0.642222 0.696498 0.656667 0.683713 0.658333 0.679822 0.667778 0.672040 0.673889 0.663702 0.687778 0.652029 0.692222 0.645359 0.698889 0.640912 0.712778 0.626459 0.716111 0.625347 0.719444 0.622012 0.721111 0.618121 0.732778 0.608116 0.737778 0.600889 0.745556 0.594775 0.752778 0.592551 0.767222 0.579211 0.772778 0.576987 0.792778 0.560867 0.794444 0.557532 0.793889 0.553085 0.791667 0.549194 0.782778 0.540856 0.779444 0.535297 0.770000 0.528627 0.759444 0.516954 0.750556 0.510839 0.748889 0.507504 0.727778 0.485825 0.720000 0.479711 0.715000 0.471929 0.687778 0.445247 0.683889 0.439133 0.676667 0.435242 0.665556 0.423013 0.659444 0.420233 0.651111 0.409116 0.644444 0.404669 0.633333 0.391884 0.626667 0.387437 0.624444 0.382991 0.618889 0.376876
4 0.767222 0.170650 0.758889 0.177321 0.755000 0.185103 0.751111 0.188994 0.747778 0.195664 0.744444 0.198444 0.739444 0.207893 0.726667 0.221790 0.718333 0.229016 0.716111 0.232907 0.711667 0.235131 0.710000 0.238466 0.702778 0.244580 0.700556 0.248471 0.697222 0.250139 0.687222 0.259589 0.686111 0.262924 0.673333 0.274041 0.668889 0.280156 0.663333 0.284047 0.653889 0.295720 0.648889 0.298499 0.641111 0.306837 0.638333 0.311840 0.633889 0.312952 0.626667 0.320734 0.625000 0.326292 0.621111 0.330183 0.617222 0.337410 0.616667 0.342412 0.612778 0.352974 0.611667 0.362424 0.616111 0.369650 0.616667 0.372985 0.622222 0.377988 0.625000 0.382435 0.642222 0.397999 0.645556 0.399111 0.648333 0.403558 0.652778 0.406337 0.657222 0.412451 0.663333 0.416898 0.665000 0.420233 0.669444 0.422457 0.673889 0.428571 0.677778 0.429683 0.682222 0.435242 0.686111 0.436909 0.688889 0.441356 0.694444 0.445803 0.696667 0.450250 0.702222 0.454697 0.703889 0.458032 0.717222 0.471373 0.719444 0.475820 0.727778 0.484158 0.730556 0.485270 0.736111 0.491940 0.740000 0.493608 0.744444 0.499166 0.747222 0.500278 0.750556 0.505837 0.759444 0.514730 0.763333 0.516398 0.798333 0.547526 0.802778 0.547526 0.812222 0.539188 0.814444 0.533630 0.828889 0.517510 0.829444 0.514730 0.838889 0.506392 0.842222 0.505281 0.846667 0.496943 0.859444 0.487493 0.862778 0.482490 0.877778 0.469705 0.881667 0.468038 0.888889 0.460812 0.895000 0.456921 0.905000 0.445803 0.911111 0.441356 0.922222 0.430239 0.927222 0.428016 0.937778 0.415231 0.944444 0.412451 0.954444 0.401890 0.966111 0.393552 0.983333 0.375764 0.984444 0.369094 0.981111 0.360756 0.975556 0.355753 0.960556 0.336298 0.934444 0.307393 0.909444 0.282379 0.906111 0.281267 0.893333 0.269594 0.878333 0.258477 0.859444 0.239578 0.858333 0.236798 0.850000 0.227904 0.825000 0.204558 0.814444 0.197888 0.810556 0.193441 0.799444 0.186215 0.793889 0.180100 0.776667 0.170094
4 0.806667 0.584213 0.798889 0.585325 0.793333 0.591440 0.791111 0.591996 0.783889 0.598110 0.777222 0.607004 0.765000 0.617009 0.751111 0.615898 0.745556 0.618677 0.740556 0.628683 0.733889 0.637021 0.728889 0.640356 0.717778 0.653141 0.711111 0.658143 0.707222 0.663702 0.696111 0.672596 0.693889 0.676487 0.688333 0.680934 0.686667 0.684825 0.680556 0.689272 0.662778 0.708727 0.642222 0.728182 0.637778 0.734297 0.622778 0.748193 0.617222 0.750417 0.608889 0.759311 0.607778 0.762646 0.601111 0.767649 0.598889 0.772096 0.595000 0.775431 0.593333 0.779878 0.587222 0.785436 0.583889 0.792107 0.577778 0.798221 0.576111 0.806003 0.577778 0.811006 0.581667 0.814341 0.587222 0.822679 0.591667 0.826014 0.593889 0.829906 0.625000 0.860478 0.627222 0.864369 0.640000 0.874931 0.641667 0.878266 0.655556 0.891606 0.657778 0.896053 0.672222 0.909394 0.673333 0.912173 0.736667 0.977765 0.745556 0.983324 0.753889 0.994997 0.762778 0.998332 0.763333 1.000000 0.790000 1.000000 0.792778 0.997221 0.810000 0.991106 0.816111 0.986659 0.825000 0.983324 0.838333 0.971095 0.842222 0.968872 0.860556 0.948305 0.874444 0.934964 0.878333 0.929405 0.927778 0.882713 0.934444 0.877710 0.948333 0.863257 0.963333 0.852696 0.967778 0.851028 0.976667 0.842690 0.976111 0.829906 0.984444 0.819344 0.985556 0.815453 0.991667 0.811006 0.992778 0.806559 0.996667 0.801001 0.998333 0.788772 1.000000 0.788216 1.000000 0.785436 0.998333 0.784880 0.998333 0.782657 1.000000 0.782101 1.000000 0.777098 0.998333 0.776543 0.994444 0.766537 0.990000 0.763758 0.984444 0.757643 0.981667 0.756531 0.960000 0.734297 0.948889 0.725403 0.944444 0.719844 0.941111 0.718177 0.936667 0.712062 0.912778 0.688160 0.907222 0.684825 0.904444 0.679266 0.898333 0.672596 0.892222 0.668149 0.866111 0.642023 0.860556 0.638688 0.856667 0.633685 0.853889 0.632574 0.843889 0.622568 0.842222 0.619233 0.836667 0.614786 0.835000 0.611451 0.831111 0.609227 0.826111 0.602557 0.821667 0.599778 0.820000 0.595887 0.815556 0.590884
4 0.122222 0.351306 0.111111 0.352974 0.087222 0.365203 0.083333 0.368538 0.078889 0.370206 0.076111 0.373541 0.063333 0.379655 0.060000 0.382991 0.048333 0.388549 0.044444 0.391884 0.031667 0.397999 0.022222 0.404113 0.017222 0.405781 0.006111 0.413563 0.001667 0.419678 0.000000 0.420233 0.000000 0.428016 0.001667 0.428571 0.003889 0.447471 0.000000 0.450806 0.000000 0.477487 0.001667 0.478043 0.000000 0.479711 0.000000 0.531962 0.001667 0.532518 0.002778 0.539744 0.001667 0.544747 0.000000 0.545303 0.001667 0.546415 0.001667 0.549750 0.000000 0.550306 0.001667 0.558644 0.000000 0.559200 0.000000 0.561423 0.001667 0.561979 0.002222 0.570873 0.001667 0.574208 0.000000 0.574764 0.000000 0.613118 0.001667 0.613674 0.001667 0.624792 0.000000 0.625347 0.000000 0.627015 0.001667 0.627571 0.006111 0.638688 0.014444 0.646470 0.018889 0.653141 0.030000 0.664258 0.032778 0.669261 0.045000 0.681490 0.047778 0.687048 0.053889 0.692051 0.062222 0.702613 0.085000 0.726515 0.092222 0.735409 0.094444 0.740411 0.102222 0.746526 0.111111 0.748749 0.131111 0.747638 0.138889 0.744858 0.143333 0.739855 0.147222 0.737632 0.155000 0.727071 0.162778 0.720400 0.163889 0.717621 0.178333 0.703168 0.188333 0.689828 0.193889 0.685937 0.195556 0.682601 0.201667 0.677599 0.205556 0.672040 0.210000 0.669261 0.217222 0.658699 0.214444 0.650361 0.219444 0.642023 0.233333 0.638688 0.248333 0.632018 0.252778 0.627571 0.263889 0.622568 0.268889 0.617009 0.271667 0.616454 0.291667 0.601445 0.295556 0.600334 0.298889 0.596442 0.310556 0.591440 0.313333 0.588105 0.318889 0.585325 0.323333 0.580322 0.332778 0.576431 0.338333 0.570873 0.347778 0.570317 0.350556 0.568093 0.349444 0.564758 0.341111 0.555864 0.333333 0.549194 0.329444 0.543635 0.325000 0.540856 0.323333 0.535853 0.318333 0.532518 0.318333 0.529739 0.315000 0.525292 0.311111 0.525848 0.307222 0.518621 0.303333 0.518621 0.293889 0.509172 0.291111 0.504169 0.287778 0.503613 0.283889 0.499722 0.280000 0.498610 0.276111 0.495275 0.271667 0.495275 0.270000 0.493608 0.270000 0.490272 0.266667 0.484714 0.257222 0.473596 0.250556 0.468594 0.245556 0.460812 0.228889 0.447471 0.225000 0.447471 0.223889 0.446359 0.224444 0.443024 0.220000 0.438577 0.212778 0.427460 0.205556 0.423013 0.198333 0.415231 0.178333 0.400778 0.152222 0.372985 0.135000 0.361312 0.127778 0.354086
4 0.508889 0.124514 0.502222 0.127293 0.497778 0.137298 0.484444 0.150639 0.483333 0.153974 0.477222 0.158977 0.475556 0.162312 0.461667 0.176209 0.456667 0.182879 0.446111 0.191773 0.431111 0.208449 0.427778 0.214008 0.415556 0.226237 0.412778 0.231795 0.406667 0.236798 0.401111 0.250695 0.400556 0.264591 0.401111 0.269594 0.403889 0.271818 0.403889 0.275709 0.405556 0.278488 0.408333 0.290717 0.411111 0.291273 0.415556 0.296832 0.422778 0.299055 0.427778 0.303502 0.430556 0.304614 0.435556 0.303502 0.442222 0.306281 0.455000 0.322401 0.458889 0.322401 0.461667 0.331295 0.468889 0.337410 0.470000 0.340745 0.476111 0.343524 0.478333 0.346304 0.478889 0.349639 0.481111 0.349083 0.481667 0.346304 0.485556 0.356309 0.490000 0.360200 0.496667 0.361868 0.493889 0.362424 0.492778 0.364091 0.494444 0.369650 0.502222 0.377432 0.502222 0.380767 0.505000 0.380767 0.506667 0.382435 0.508333 0.387993 0.512222 0.389661 0.517778 0.395775 0.522222 0.395775 0.524444 0.392996 0.523889 0.388549 0.536111 0.376320 0.541111 0.374097 0.561111 0.376320 0.566667 0.372985 0.598333 0.343524 0.612222 0.327960 0.616111 0.325737 0.641111 0.294608 0.645000 0.287382 0.650556 0.280712 0.655000 0.271818 0.656111 0.260700 0.654444 0.254586 0.647222 0.244580 0.622778 0.220122 0.618333 0.217899 0.605556 0.204558 0.602222 0.202890 0.590000 0.188994 0.581111 0.181768 0.576111 0.175653 0.550000 0.151195 0.521667 0.128405 0.514444 0.125069
4 0.168333 0.103947 0.166111 0.105058 0.153889 0.129516 0.147778 0.137854 0.101111 0.188438 0.100000 0.191217 0.086111 0.207893 0.077778 0.221790 0.076667 0.229572 0.077222 0.241245 0.079444 0.247916 0.085556 0.253474 0.091111 0.263480 0.099444 0.267927 0.111667 0.279600 0.122222 0.286826 0.127222 0.294608 0.138889 0.304614 0.142778 0.310728 0.153333 0.315731 0.157778 0.325181 0.168889 0.332963 0.174444 0.341857 0.185556 0.347415 0.190000 0.357977 0.198889 0.362424 0.201111 0.365759 0.202222 0.372429 0.204444 0.376876 0.212222 0.384658 0.219444 0.390217 0.221667 0.390217 0.225000 0.386882 0.227222 0.378544 0.232222 0.370206 0.236111 0.359644 0.243889 0.350195 0.244444 0.346304 0.247778 0.345748 0.247222 0.342412 0.251111 0.338521 0.252222 0.335186 0.257222 0.330739 0.262222 0.322957 0.266111 0.320734 0.268889 0.316843 0.271667 0.315731 0.275000 0.310172 0.280556 0.306281 0.297222 0.290161 0.298889 0.286826 0.307778 0.277932 0.310000 0.271262 0.313889 0.266259 0.317778 0.264036 0.318333 0.261812 0.322222 0.259589 0.327222 0.253474 0.330556 0.251807 0.341111 0.250695 0.346111 0.255142 0.355556 0.255698 0.362222 0.247360 0.358333 0.236798 0.351667 0.232907 0.345556 0.227349 0.343333 0.220122 0.338333 0.217343 0.333333 0.212340 0.328333 0.204002 0.311111 0.184547 0.281111 0.157310 0.269444 0.151195 0.259444 0.140634 0.253333 0.138410 0.248333 0.132852 0.229444 0.118955 0.223889 0.119511 0.220000 0.118399 0.217222 0.120067 0.205556 0.121734 0.185556 0.108394
4 0.325000 0.000000 0.324444 0.001668 0.313333 0.006115 0.306111 0.012229 0.301111 0.019455 0.290000 0.030573 0.288333 0.033908 0.281667 0.040022 0.280000 0.043913 0.258889 0.067260 0.248889 0.081156 0.244444 0.090050 0.243333 0.094497 0.244444 0.110617 0.251111 0.122290 0.253333 0.131184 0.257778 0.135631 0.258889 0.138410 0.265556 0.140634 0.275556 0.149528 0.279444 0.150083 0.315000 0.186215 0.321111 0.190661 0.329444 0.201779 0.336111 0.205670 0.336667 0.209561 0.341667 0.216787 0.348333 0.220678 0.353889 0.228460 0.366111 0.240133 0.371667 0.248471 0.372222 0.254586 0.376111 0.257365 0.376667 0.259589 0.381111 0.264591 0.387778 0.263480 0.389444 0.261256 0.397778 0.236242 0.402222 0.228460 0.424444 0.205114 0.425000 0.202890 0.427778 0.201223 0.427778 0.197888 0.436111 0.189550 0.439444 0.178432 0.443333 0.175653 0.447778 0.167315 0.460556 0.156198 0.466111 0.146748 0.472778 0.140078 0.486667 0.135631 0.492778 0.130628 0.496111 0.123402 0.496111 0.110617 0.497778 0.108394 0.500000 0.111173 0.501111 0.118955 0.502778 0.118955 0.504444 0.116176 0.507222 0.115064 0.507222 0.111729 0.502222 0.102279 0.501111 0.102279 0.498333 0.106726 0.493333 0.095609 0.493333 0.091162 0.482222 0.071707 0.457778 0.048360 0.453889 0.046693 0.451111 0.043357 0.437778 0.033352 0.422778 0.023902 0.416667 0.017788 0.409444 0.015564 0.402778 0.006115 0.388889 0.003891 0.385000 0.000000 0.358333 0.000000 0.357222 0.002223 0.352778 0.001668 0.350556 0.002779 0.345556 0.001668 0.345000 0.000000
4 0.749444 1.000000 0.748333 0.993885 0.742222 0.987215 0.736111 0.982768 0.733333 0.977765 0.725556 0.969983 0.719444 0.966092 0.718333 0.962201 0.703889 0.949416 0.702778 0.946081 0.694444 0.937743 0.688889 0.934964 0.686667 0.929405 0.679444 0.922179 0.673333 0.918844 0.668889 0.910506 0.657778 0.902724 0.652778 0.893274 0.642778 0.884936 0.638889 0.878822 0.631667 0.873819 0.620556 0.861034 0.615556 0.858255 0.608333 0.849361 0.596111 0.838799 0.592222 0.832685 0.579444 0.820456 0.562222 0.797665 0.558333 0.795442 0.548333 0.796554 0.537222 0.805447 0.533333 0.807115 0.529444 0.812118 0.525556 0.813785 0.516111 0.822679 0.513333 0.827126 0.510000 0.828238 0.501111 0.837132 0.499444 0.841579 0.473889 0.867148 0.470000 0.868816 0.461667 0.875486 0.455000 0.888271 0.450556 0.888271 0.446667 0.890495 0.437778 0.899389 0.436111 0.902724 0.430000 0.907727 0.426667 0.912729 0.422222 0.914953 0.401111 0.936076 0.393333 0.942190 0.380000 0.956643 0.376111 0.958866 0.367222 0.968316 0.355556 0.977765 0.345000 0.992218 0.345000 0.995553 0.349444 0.998332 0.350000 1.000000
