0 0.507205 0.153571 0.478386 0.185714 0.463977 0.217857 0.461095 0.275000 0.466859 0.296429 0.507205 0.342857 0.559078 0.342857 0.593660 0.310714 0.608069 0.278571 0.608069 0.210714 0.593660 0.182143 0.570605 0.157143 0.538905 0.150000
0 0.463977 0.000000 0.463977 0.075000 0.495677 0.139286 0.507205 0.146429 0.573487 0.146429 0.605187 0.107143 0.619597 0.057143 0.616715 0.000000
0 0.769452 0.700000 0.752161 0.746429 0.757925 0.803571 0.769452 0.842857 0.806916 0.882143 0.847262 0.903571 0.867435 0.928571 0.942363 0.925000 0.942363 0.882143 0.913545 0.828571 0.904899 0.778571 0.890490 0.750000 0.858790 0.725000 0.829971 0.721429 0.795389 0.700000
0 0.625360 0.710714 0.608069 0.746429 0.608069 0.803571 0.631124 0.864286 0.668588 0.900000 0.680115 0.928571 0.752161 0.928571 0.757925 0.921429 0.757925 0.892857 0.749280 0.871429 0.752161 0.800000 0.749280 0.767857 0.740634 0.750000 0.700288 0.750000 0.645533 0.707143
0 0.585014 0.721429 0.570605 0.717857 0.550432 0.750000 0.536023 0.757143 0.510086 0.757143 0.487032 0.739286 0.472622 0.746429 0.463977 0.785714 0.466859 0.825000 0.495677 0.928571 0.570605 0.925000 0.573487 0.875000 0.587896 0.857143 0.599424 0.817857 0.599424 0.782143
0 0.443804 0.696429 0.420749 0.689286 0.383285 0.707143 0.331412 0.746429 0.319885 0.796429 0.319885 0.853571 0.314121 0.867857 0.314121 0.896429 0.328530 0.925000 0.380403 0.925000 0.391931 0.910714 0.397695 0.885714 0.440922 0.839286 0.452450 0.814286 0.461095 0.764286 0.458213 0.714286
0 0.302594 0.746429 0.250720 0.721429 0.204611 0.732143 0.187320 0.757143 0.175793 0.821429 0.144092 0.871429 0.141210 0.903571 0.146974 0.921429 0.155620 0.928571 0.210375 0.928571 0.233429 0.900000 0.276657 0.875000 0.305476 0.828571 0.308357 0.778571 0.299712 0.757143
0 0.158501 0.753571 0.115274 0.710714 0.063401 0.725000 0.040346 0.757143 0.031700 0.800000 0.000000 0.828571 0.000000 0.921429 0.040346 0.925000 0.086455 0.878571 0.115274 0.867857 0.135447 0.842857 0.158501 0.789286
0 0.291066 0.171429 0.282421 0.200000 0.288184 0.235714 0.337176 0.314286 0.365994 0.328571 0.406340 0.332143 0.438040 0.321429 0.455331 0.300000 0.452450 0.200000 0.420749 0.153571 0.391931 0.139286 0.348703 0.139286 0.317003 0.146429
0 0.080692 0.000000 0.086455 0.021429 0.121037 0.053571 0.146974 0.107143 0.190202 0.146429 0.276657 0.164286 0.276657 0.153571 0.302594 0.132143 0.311239 0.089286 0.282421 0.000000
0 0.100865 0.200000 0.095101 0.242857 0.103746 0.275000 0.115274 0.289286 0.144092 0.300000 0.187320 0.339286 0.221902 0.346429 0.262248 0.342857 0.276657 0.335714 0.302594 0.296429 0.302594 0.275000 0.282421 0.228571 0.279539 0.196429 0.250720 0.167857 0.193084 0.160714 0.155620 0.178571 0.123919 0.178571
0 0.616715 0.507143 0.593660 0.535714 0.593660 0.575000 0.610951 0.664286 0.631124 0.692857 0.668588 0.717857 0.694524 0.746429 0.726225 0.750000 0.743516 0.742857 0.760807 0.700000 0.743516 0.575000 0.708934 0.532143 0.662824 0.521429 0.634006 0.503571
0 0.570605 0.528571 0.536023 0.539286 0.495677 0.532143 0.484150 0.535714 0.469741 0.557143 0.458213 0.621429 0.458213 0.660714 0.484150 0.732143 0.501441 0.750000 0.550432 0.750000 0.590778 0.678571 0.596542 0.650000 0.593660 0.585714
0 0.438040 0.507143 0.423631 0.503571 0.357349 0.521429 0.319885 0.560714 0.311239 0.582143 0.308357 0.632143 0.296830 0.664286 0.299712 0.700000 0.317003 0.725000 0.331412 0.732143 0.360231 0.728571 0.386167 0.703571 0.417867 0.689286 0.443804 0.657143 0.452450 0.635714 0.463977 0.550000
0 0.305476 0.560714 0.291066 0.542857 0.268012 0.532143 0.195965 0.546429 0.164265 0.592857 0.152738 0.635714 0.123919 0.671429 0.123919 0.710714 0.132565 0.728571 0.158501 0.746429 0.181556 0.746429 0.216138 0.717857 0.239193 0.717857 0.279539 0.692857 0.293948 0.675000 0.305476 0.625000
0 0.734870 0.532143 0.731988 0.546429 0.749280 0.582143 0.755043 0.639286 0.766571 0.664286 0.795389 0.696429 0.829971 0.717857 0.861671 0.721429 0.893372 0.750000 0.927954 0.746429 0.953890 0.717857 0.956772 0.692857 0.948127 0.660714 0.922190 0.632143 0.899135 0.564286 0.853026 0.525000 0.801153 0.514286 0.780980 0.500000 0.749280 0.514286
0 0.175793 0.546429 0.138329 0.528571 0.092219 0.525000 0.066282 0.532143 0.043228 0.550000 0.000000 0.614286 0.000000 0.732143 0.048991 0.707143 0.086455 0.707143 0.109510 0.692857 0.149856 0.632143 0.155620 0.600000 0.175793 0.567857
0 0.760807 0.371429 0.780980 0.471429 0.798271 0.496429 0.815562 0.507143 0.853026 0.517857 0.893372 0.507143 0.942363 0.507143 0.968300 0.482143 0.974063 0.450000 0.965418 0.417857 0.930836 0.392857 0.904899 0.357143 0.884726 0.342857 0.812680 0.332143 0.792507 0.339286 0.769452 0.375000
0 0.616715 0.371429 0.608069 0.396429 0.610951 0.453571 0.625360 0.489286 0.642651 0.507143 0.665706 0.517857 0.717579 0.521429 0.752161 0.507143 0.772334 0.482143 0.775216 0.453571 0.766571 0.407143 0.749280 0.367857 0.731988 0.350000 0.706052 0.339286 0.657061 0.339286 0.639769 0.346429
0 0.504323 0.353571 0.461095 0.407143 0.461095 0.475000 0.478386 0.514286 0.489914 0.525000 0.510086 0.532143 0.564841 0.525000 0.593660 0.496429 0.602305 0.467857 0.602305 0.421429 0.593660 0.392857 0.576369 0.367857 0.556196 0.353571
0 0.334294 0.353571 0.317003 0.375000 0.296830 0.425000 0.293948 0.464286 0.299712 0.485714 0.311239 0.500000 0.348703 0.514286 0.403458 0.507143 0.438040 0.485714 0.452450 0.460714 0.458213 0.385714 0.443804 0.357143 0.417867 0.339286 0.357349 0.339286
0 0.299712 0.378571 0.265130 0.353571 0.193084 0.360714 0.172911 0.375000 0.146974 0.417857 0.129683 0.425000 0.112392 0.446429 0.109510 0.496429 0.118156 0.514286 0.138329 0.528571 0.181556 0.525000 0.201729 0.535714 0.256484 0.528571 0.293948 0.492857 0.291066 0.439286 0.302594 0.392857
0 0.175793 0.357143 0.158501 0.346429 0.118156 0.342857 0.063401 0.350000 0.023055 0.371429 0.000000 0.400000 0.000000 0.514286 0.060519 0.525000 0.092219 0.514286 0.106628 0.500000 0.103746 0.475000 0.112392 0.446429 0.155620 0.400000 0.175793 0.367857
0 0.991354 0.157143 0.968300 0.139286 0.927954 0.139286 0.893372 0.128571 0.853026 0.128571 0.821326 0.139286 0.792507 0.167857 0.792507 0.214286 0.775216 0.282143 0.812680 0.321429 0.861671 0.325000 0.899135 0.314286 0.945245 0.264286 0.985591 0.239286 0.997118 0.207143
0 0.726225 0.128571 0.674352 0.132143 0.651297 0.146429 0.631124 0.171429 0.616715 0.214286 0.616715 0.275000 0.628242 0.303571 0.642651 0.317857 0.668588 0.328571 0.714697 0.325000 0.743516 0.310714 0.772334 0.264286 0.789625 0.217857 0.789625 0.175000 0.775216 0.150000
