0 0.005000 0.359574 0.000000 0.363830 0.000000 0.570213 0.020000 0.576596 0.040000 0.595745 0.061667 0.665957 0.128333 0.736170 0.133333 0.706383 0.165000 0.625532 0.165000 0.572340 0.158333 0.542553 0.145000 0.514894 0.100000 0.446809 0.093333 0.404255 0.080000 0.370213 0.068333 0.359574 0.043333 0.353191
0 0.998333 0.046809 0.980000 0.040426 0.951667 0.040426 0.938333 0.046809 0.921667 0.076596 0.911667 0.121277 0.845000 0.210638 0.835000 0.253191 0.835000 0.270213 0.843333 0.300000 0.846667 0.329787 0.845000 0.359574 0.848333 0.361702 0.845000 0.363830 0.845000 0.374468 0.850000 0.370213 0.850000 0.361702 0.890000 0.319149 0.920000 0.278723 0.925000 0.244681 0.941667 0.208511 0.966667 0.195745 1.000000 0.200000
0 1.000000 0.202128 0.961667 0.197872 0.941667 0.208511 0.928333 0.236170 0.920000 0.282979 0.851667 0.368085 0.843333 0.393617 0.836667 0.440426 0.851667 0.489362 0.855000 0.508511 0.853333 0.529787 0.865000 0.525532 0.905000 0.480851 0.913333 0.461702 0.915000 0.440426 0.921667 0.419149 0.936667 0.393617 0.966667 0.378723 1.000000 0.385106
0 0.960000 0.380851 0.938333 0.391489 0.928333 0.404255 0.915000 0.444681 0.913333 0.468085 0.846667 0.548936 0.835000 0.587234 0.830000 0.619149 0.828333 0.702128 0.833333 0.704255 0.860000 0.678723 0.875000 0.621277 0.895000 0.595745 0.926667 0.585106 0.946667 0.589362 0.973333 0.606383 0.991667 0.631915 0.995000 0.682979 0.986667 0.717021 0.993333 0.751064 1.000000 0.759574 1.000000 0.387234 0.980000 0.380851
0 0.960000 0.595745 0.933333 0.587234 0.915000 0.587234 0.891667 0.597872 0.878333 0.614894 0.868333 0.640426 0.863333 0.674468 0.846667 0.695745 0.813333 0.725532 0.785000 0.778723 0.785000 0.795745 0.803333 0.819149 0.811667 0.842553 0.816667 0.880851 0.813333 0.921277 0.830000 0.955319 0.971667 0.955319 0.983333 0.944681 0.996667 0.900000 1.000000 0.897872 1.000000 0.770213 0.985000 0.723404 0.991667 0.702128 0.995000 0.659574 0.991667 0.636170 0.983333 0.617021
0 0.721667 0.482979 0.700000 0.478723 0.681667 0.480851 0.650000 0.502128 0.640000 0.529787 0.633333 0.580851 0.616667 0.602128 0.578333 0.672340 0.573333 0.721277 0.583333 0.746809 0.591667 0.785106 0.591667 0.840426 0.586667 0.861702 0.586667 0.940426 0.598333 0.951064 0.603333 0.946809 0.615000 0.951064 0.623333 0.944681 0.656667 0.904255 0.671667 0.876596 0.685000 0.825532 0.703333 0.797872 0.725000 0.787234 0.765000 0.785106 0.783333 0.763830 0.796667 0.740426 0.796667 0.687234 0.760000 0.597872 0.758333 0.521277 0.745000 0.500000
0 0.741667 0.280851 0.728333 0.287234 0.711667 0.306383 0.703333 0.334043 0.701667 0.370213 0.660000 0.440426 0.655000 0.465957 0.641667 0.497872 0.641667 0.508511 0.646667 0.508511 0.658333 0.491489 0.695000 0.478723 0.721667 0.482979 0.748333 0.504255 0.756667 0.517021 0.761667 0.536170 0.761667 0.600000 0.795000 0.674468 0.801667 0.723404 0.811667 0.719149 0.815000 0.691489 0.820000 0.687234 0.828333 0.604255 0.848333 0.531915 0.850000 0.493617 0.841667 0.461702 0.813333 0.391489 0.818333 0.363830 0.818333 0.329787 0.810000 0.304255 0.795000 0.289362 0.776667 0.280851
0 0.730000 0.106383 0.711667 0.125532 0.705000 0.153191 0.703333 0.189362 0.671667 0.246809 0.658333 0.263830 0.646667 0.295745 0.646667 0.312766 0.670000 0.378723 0.673333 0.404255 0.685000 0.397872 0.695000 0.382979 0.703333 0.329787 0.711667 0.306383 0.731667 0.285106 0.746667 0.278723 0.768333 0.278723 0.786667 0.282979 0.811667 0.306383 0.821667 0.336170 0.820000 0.372340 0.815000 0.387234 0.821667 0.406383 0.825000 0.406383 0.828333 0.378723 0.836667 0.374468 0.843333 0.323404 0.835000 0.280851 0.808333 0.206383 0.813333 0.163830 0.811667 0.138298 0.796667 0.112766 0.776667 0.102128 0.748333 0.100000
0 0.616667 0.025532 0.595000 0.014894 0.568333 0.014894 0.540000 0.031915 0.533333 0.046809 0.530000 0.106383 0.506667 0.174468 0.493333 0.187234 0.481667 0.221277 0.485000 0.242553 0.498333 0.268085 0.505000 0.295745 0.515000 0.289362 0.521667 0.272340 0.521667 0.242553 0.526667 0.210638 0.540000 0.191489 0.558333 0.180851 0.581667 0.178723 0.598333 0.182979 0.615000 0.193617 0.625000 0.206383 0.631667 0.223404 0.631667 0.280851 0.635000 0.289362 0.640000 0.289362 0.668333 0.246809 0.670000 0.217021 0.653333 0.178723 0.631667 0.106383 0.631667 0.051064 0.625000 0.034043
0 0.561667 0.180851 0.545000 0.187234 0.531667 0.200000 0.523333 0.227660 0.521667 0.274468 0.503333 0.310638 0.495000 0.351064 0.535000 0.359574 0.556667 0.380851 0.563333 0.397872 0.568333 0.465957 0.581667 0.497872 0.610000 0.540426 0.610000 0.553191 0.620000 0.580851 0.618333 0.585106 0.621667 0.585106 0.625000 0.565957 0.631667 0.561702 0.625000 0.540426 0.633333 0.529787 0.640000 0.480851 0.665000 0.423404 0.668333 0.395745 0.648333 0.325532 0.628333 0.282979 0.631667 0.268085 0.631667 0.229787 0.625000 0.206383 0.601667 0.185106
0 0.376667 0.000000 0.376667 0.019149 0.348333 0.095745 0.336667 0.117021 0.335000 0.163830 0.340000 0.197872 0.346667 0.193617 0.350000 0.182979 0.350000 0.134043 0.353333 0.114894 0.375000 0.093617 0.391667 0.087234 0.415000 0.087234 0.431667 0.093617 0.451667 0.117021 0.456667 0.140426 0.458333 0.189362 0.475000 0.221277 0.480000 0.219149 0.493333 0.185106 0.506667 0.170213 0.515000 0.144681 0.513333 0.119149 0.476667 0.031915 0.471667 0.000000
0 0.391667 0.087234 0.368333 0.097872 0.353333 0.117021 0.351667 0.178723 0.336667 0.221277 0.330000 0.270213 0.320000 0.300000 0.333333 0.310638 0.343333 0.327660 0.351667 0.395745 0.398333 0.476596 0.406667 0.510638 0.413333 0.512766 0.428333 0.493617 0.445000 0.461702 0.448333 0.408511 0.455000 0.385106 0.466667 0.368085 0.486667 0.353191 0.491667 0.344681 0.498333 0.317021 0.498333 0.285106 0.456667 0.185106 0.456667 0.142553 0.450000 0.112766 0.431667 0.093617 0.411667 0.087234
0 0.478333 0.359574 0.456667 0.382979 0.448333 0.421277 0.446667 0.461702 0.406667 0.531915 0.400000 0.553191 0.396667 0.576596 0.396667 0.638298 0.400000 0.648936 0.405000 0.646809 0.406667 0.619149 0.415000 0.595745 0.433333 0.572340 0.460000 0.559574 0.483333 0.559574 0.501667 0.565957 0.521667 0.587234 0.530000 0.604255 0.535000 0.665957 0.540000 0.678723 0.556667 0.704255 0.566667 0.710638 0.580000 0.653191 0.608333 0.606383 0.610000 0.561702 0.601667 0.534043 0.565000 0.463830 0.565000 0.414894 0.556667 0.380851 0.543333 0.365957 0.526667 0.357447 0.491667 0.355319
0 0.446667 0.563830 0.433333 0.572340 0.415000 0.595745 0.406667 0.631915 0.405000 0.670213 0.385000 0.714894 0.368333 0.738298 0.360000 0.761702 0.356667 0.819149 0.368333 0.946809 0.380000 0.944681 0.390000 0.925532 0.396667 0.921277 0.405000 0.859574 0.416667 0.831915 0.436667 0.810638 0.470000 0.804255 0.503333 0.814894 0.525000 0.836170 0.535000 0.859574 0.540000 0.921277 0.545000 0.925532 0.546667 0.936170 0.561667 0.953191 0.576667 0.953191 0.578333 0.893617 0.586667 0.842553 0.586667 0.787234 0.578333 0.746809 0.571667 0.729787 0.555000 0.708511 0.535000 0.670213 0.530000 0.608511 0.521667 0.587234 0.503333 0.568085 0.488333 0.561702 0.465000 0.559574
0 0.136667 0.780851 0.126667 0.814894 0.125000 0.842553 0.128333 0.878723 0.103333 0.940426 0.101667 0.951064 0.105000 0.955319 0.328333 0.955319 0.326667 0.940426 0.310000 0.908511 0.266667 0.853191 0.258333 0.802128 0.250000 0.778723 0.238333 0.763830 0.215000 0.751064 0.190000 0.748936 0.171667 0.753191
0 0.210000 0.504255 0.191667 0.517021 0.181667 0.531915 0.175000 0.578723 0.176667 0.617021 0.140000 0.697872 0.133333 0.734043 0.136667 0.763830 0.140000 0.772340 0.146667 0.772340 0.171667 0.753191 0.188333 0.748936 0.215000 0.751064 0.238333 0.763830 0.256667 0.791489 0.266667 0.851064 0.311667 0.908511 0.325000 0.931915 0.331667 0.953191 0.353333 0.953191 0.360000 0.940426 0.358333 0.865957 0.353333 0.838298 0.353333 0.772340 0.365000 0.734043 0.358333 0.689362 0.346667 0.663830 0.305000 0.602128 0.295000 0.540426 0.276667 0.510638 0.260000 0.500000 0.243333 0.497872
0 0.271667 0.300000 0.245000 0.317021 0.235000 0.336170 0.235000 0.406383 0.195000 0.500000 0.195000 0.510638 0.228333 0.497872 0.251667 0.497872 0.275000 0.508511 0.290000 0.527660 0.296667 0.544681 0.306667 0.602128 0.355000 0.676596 0.366667 0.717021 0.373333 0.721277 0.388333 0.695745 0.393333 0.672340 0.390000 0.631915 0.393333 0.623404 0.395000 0.565957 0.403333 0.523404 0.401667 0.493617 0.390000 0.463830 0.350000 0.395745 0.345000 0.338298 0.335000 0.314894 0.308333 0.297872
0 0.198333 0.012766 0.181667 0.031915 0.178333 0.042553 0.180000 0.102128 0.170000 0.136170 0.170000 0.159574 0.190000 0.172340 0.203333 0.191489 0.211667 0.231915 0.213333 0.261702 0.243333 0.312766 0.270000 0.297872 0.306667 0.295745 0.313333 0.289362 0.330000 0.246809 0.335000 0.206383 0.328333 0.185106 0.286667 0.108511 0.281667 0.093617 0.281667 0.065957 0.275000 0.034043 0.266667 0.019149 0.248333 0.008511 0.216667 0.006383
0 0.150000 0.161702 0.120000 0.172340 0.103333 0.189362 0.098333 0.208511 0.101667 0.270213 0.078333 0.327660 0.071667 0.357447 0.090000 0.387234 0.098333 0.434043 0.108333 0.459574 0.153333 0.525532 0.166667 0.559574 0.170000 0.559574 0.171667 0.536170 0.186667 0.521277 0.190000 0.504255 0.195000 0.500000 0.210000 0.457447 0.231667 0.412766 0.231667 0.365957 0.238333 0.310638 0.210000 0.255319 0.210000 0.223404 0.201667 0.187234 0.190000 0.172340 0.175000 0.163830
0 0.015000 0.036170 0.000000 0.042553 0.000000 0.302128 0.013333 0.317021 0.031667 0.348936 0.061667 0.355319 0.070000 0.348936 0.100000 0.268085 0.096667 0.212766 0.108333 0.170213 0.083333 0.127660 0.080000 0.093617 0.070000 0.057447 0.061667 0.046809 0.046667 0.038298
0 0.000000 0.572340 0.000000 0.917021 0.016667 0.929787 0.033333 0.953191 0.080000 0.953191 0.096667 0.936170 0.115000 0.889362 0.131667 0.765957 0.116667 0.727660 0.056667 0.661702 0.050000 0.623404 0.038333 0.593617 0.023333 0.578723
