1 0.078462 0.410042 0.056923 0.435146 0.046923 0.459205 0.044615 0.470711 0.045385 0.502092 0.047692 0.514644 0.063077 0.551255 0.076154 0.569038 0.088462 0.579498 0.094615 0.587866 0.102308 0.615063 0.103846 0.628661 0.102308 0.656904 0.105385 0.699791 0.116923 0.748954 0.126154 0.771967 0.157692 0.814854 0.173077 0.842050 0.186154 0.857741 0.203846 0.874477 0.226923 0.883891 0.248462 0.883891 0.278462 0.875523 0.286923 0.870293 0.290769 0.864017 0.291538 0.831590 0.294615 0.804393 0.306154 0.748954 0.305385 0.731172 0.296923 0.707113 0.290000 0.668410 0.291538 0.629707 0.306154 0.593096 0.306154 0.584728 0.303846 0.578452 0.286154 0.556485 0.273077 0.544979 0.254615 0.532427 0.246154 0.530335 0.223077 0.517782 0.201538 0.500000 0.194615 0.488494 0.189231 0.464435 0.183846 0.449791 0.155385 0.406904 0.138462 0.396444 0.117692 0.393305 0.095385 0.398536
1 0.314615 0.585774 0.306923 0.596234 0.303846 0.606695 0.298462 0.614017 0.292308 0.652720 0.292308 0.663180 0.298462 0.703975 0.303077 0.714435 0.305385 0.725941 0.311538 0.736402 0.311538 0.746862 0.303846 0.767782 0.303077 0.778243 0.298462 0.793933 0.294615 0.836820 0.294615 0.868201 0.304615 0.902720 0.315385 0.906904 0.538462 0.905858 0.540000 0.897490 0.539231 0.878661 0.531538 0.838912 0.529231 0.806485 0.523077 0.781381 0.516923 0.775105 0.517692 0.770921 0.513846 0.756276 0.506154 0.737448 0.490769 0.712343 0.474615 0.696653 0.446154 0.676778 0.441538 0.643305 0.435385 0.622385 0.420769 0.586820 0.406923 0.572176 0.396154 0.564854 0.374615 0.557531 0.360000 0.557531 0.344615 0.561715 0.333077 0.570084 0.330000 0.570084 0.325385 0.577406 0.321538 0.578452 0.317692 0.584728
1 0.360769 0.262552 0.352308 0.268828 0.343846 0.279289 0.330000 0.305439 0.327692 0.313808 0.326923 0.342050 0.329231 0.358787 0.336154 0.389121 0.344615 0.410042 0.348462 0.430962 0.344615 0.458159 0.336923 0.482218 0.333077 0.501046 0.331538 0.529289 0.332308 0.558577 0.333846 0.561715 0.341538 0.561715 0.354615 0.555439 0.377692 0.555439 0.396923 0.562762 0.411538 0.573222 0.421538 0.585774 0.429231 0.600418 0.443846 0.644351 0.450000 0.674686 0.482308 0.699791 0.486923 0.706067 0.500000 0.715481 0.502308 0.719665 0.510000 0.718619 0.515385 0.708159 0.516923 0.673640 0.538462 0.580544 0.537692 0.561715 0.533077 0.540795 0.532308 0.513598 0.529231 0.496862 0.513846 0.462343 0.500000 0.443515 0.494615 0.432008 0.478462 0.414226 0.462308 0.392259 0.456923 0.376569 0.456154 0.333682 0.450000 0.315900 0.445385 0.294979 0.437692 0.280335 0.429231 0.268828 0.420769 0.261506 0.403077 0.254184 0.384615 0.253138
1 0.157692 0.121339 0.142308 0.133891 0.134615 0.145397 0.126154 0.166318 0.124615 0.187238 0.126154 0.198745 0.133846 0.222803 0.136923 0.238494 0.140769 0.247908 0.154615 0.268828 0.160000 0.291841 0.160769 0.339958 0.157692 0.373431 0.160000 0.405858 0.186923 0.450837 0.196923 0.486402 0.205385 0.498954 0.220769 0.512552 0.246923 0.524059 0.271538 0.538703 0.286923 0.552301 0.306154 0.576360 0.311538 0.578452 0.317692 0.575314 0.326923 0.561715 0.328462 0.503138 0.330769 0.498954 0.331538 0.486402 0.334615 0.481172 0.336154 0.471757 0.341538 0.458159 0.345385 0.437238 0.344615 0.422594 0.332308 0.382845 0.324615 0.342050 0.324615 0.313808 0.310000 0.293933 0.279231 0.265690 0.258462 0.234310 0.250000 0.213389 0.249231 0.189331 0.246923 0.178870 0.236923 0.157950 0.233846 0.145397 0.224615 0.128661 0.210000 0.117155 0.195385 0.112971 0.181538 0.112971
1 0.623077 0.379707 0.603846 0.384937 0.587692 0.395397 0.571538 0.417364 0.564615 0.439331 0.563077 0.484310 0.564615 0.505230 0.569231 0.523013 0.569231 0.538703 0.562308 0.554393 0.546923 0.575314 0.540000 0.589958 0.533077 0.610879 0.530000 0.630753 0.525385 0.645397 0.518462 0.686192 0.521538 0.763598 0.529231 0.791841 0.533846 0.829498 0.540769 0.851464 0.552308 0.871339 0.564615 0.883891 0.574615 0.898536 0.584615 0.904812 0.603846 0.906904 0.672308 0.905858 0.680769 0.903766 0.696154 0.893305 0.701538 0.884937 0.712308 0.874477 0.728462 0.842050 0.733077 0.825314 0.737692 0.780335 0.739231 0.712343 0.741538 0.693515 0.740769 0.674686 0.732308 0.631799 0.720000 0.604603 0.716923 0.593096 0.692308 0.546025 0.691538 0.533473 0.697692 0.506276 0.698462 0.488494 0.696154 0.449791 0.693077 0.432008 0.682308 0.406904 0.662308 0.389121 0.646923 0.381799
1 0.659231 0.112971 0.643077 0.120293 0.634615 0.127615 0.620769 0.150628 0.617692 0.164226 0.615385 0.189331 0.611538 0.202929 0.611538 0.217573 0.614615 0.238494 0.608462 0.264644 0.600000 0.286611 0.591538 0.299163 0.584615 0.305439 0.571538 0.327406 0.556923 0.361925 0.548462 0.389121 0.546154 0.406904 0.546154 0.468619 0.542308 0.496862 0.543077 0.521967 0.545385 0.534519 0.550000 0.541841 0.550769 0.549163 0.553846 0.554393 0.560000 0.554393 0.561538 0.549163 0.565385 0.544979 0.566923 0.526151 0.561538 0.503138 0.560000 0.475941 0.561538 0.470711 0.563077 0.438285 0.571538 0.414226 0.587692 0.393305 0.604615 0.381799 0.622308 0.377615 0.646154 0.378661 0.661538 0.385983 0.676923 0.398536 0.685385 0.408996 0.693846 0.428870 0.698462 0.450837 0.698462 0.472803 0.700769 0.491632 0.700000 0.506276 0.694615 0.525105 0.693846 0.543933 0.696154 0.552301 0.702308 0.560669 0.705385 0.569038 0.711538 0.577406 0.715385 0.577406 0.721538 0.570084 0.726154 0.554393 0.730769 0.523013 0.733846 0.514644 0.735385 0.502092 0.737692 0.498954 0.740000 0.479079 0.746923 0.451883 0.749231 0.428870 0.749231 0.405858 0.745385 0.380753 0.723077 0.306485 0.720000 0.283473 0.720769 0.260460 0.732308 0.233264 0.735385 0.194561 0.735385 0.172594 0.732308 0.156904 0.726154 0.142259 0.715385 0.126569 0.693077 0.114017 0.680769 0.111925
1 0.367692 0.000000 0.360000 0.007322 0.350000 0.034519 0.353846 0.089958 0.365385 0.121339 0.366923 0.141213 0.365385 0.187238 0.356154 0.228033 0.353846 0.259414 0.357692 0.263598 0.376154 0.253138 0.397692 0.251046 0.416154 0.257322 0.432308 0.270921 0.444615 0.289749 0.459231 0.341004 0.458462 0.371339 0.461538 0.385983 0.470000 0.401674 0.502308 0.438285 0.508462 0.441423 0.513077 0.438285 0.517692 0.450837 0.521538 0.453975 0.524615 0.440377 0.534615 0.435146 0.536923 0.430962 0.543846 0.397490 0.538462 0.315900 0.534615 0.290795 0.534615 0.270921 0.530000 0.246862 0.521538 0.223849 0.507692 0.197699 0.496923 0.184100 0.470769 0.130753 0.462308 0.102510 0.460769 0.088912 0.462308 0.058577 0.452308 0.010460 0.446154 0.000000
1 0.959231 0.269874 0.934615 0.260460 0.913077 0.260460 0.893077 0.266736 0.877692 0.279289 0.869231 0.294979 0.865385 0.313808 0.860000 0.329498 0.852308 0.341004 0.850000 0.371339 0.842308 0.388075 0.823846 0.414226 0.798462 0.433054 0.775385 0.460251 0.758462 0.487448 0.744615 0.517782 0.736923 0.552301 0.727692 0.578452 0.723846 0.599372 0.724615 0.606695 0.733077 0.627615 0.740769 0.656904 0.743846 0.687238 0.743846 0.735356 0.746154 0.740586 0.746154 0.746862 0.742308 0.751046 0.740000 0.788703 0.736154 0.812762 0.735385 0.839958 0.728462 0.854603 0.728462 0.858787 0.731538 0.864017 0.735385 0.859833 0.740769 0.858787 0.749231 0.838912 0.756923 0.828452 0.757692 0.823222 0.764615 0.810669 0.768462 0.796025 0.783077 0.767782 0.793077 0.757322 0.809231 0.734310 0.821538 0.721757 0.846154 0.705021 0.870769 0.699791 0.888462 0.690377 0.897692 0.671548 0.900769 0.660042 0.915385 0.632845 0.936923 0.605649 0.961538 0.588912 0.965385 0.569038 0.965385 0.544979 0.956923 0.489540 0.955385 0.451883 0.956923 0.443515 0.962308 0.432008 0.980000 0.405858 0.986154 0.383891 0.993846 0.365063 0.996923 0.350418 0.996923 0.328452 0.993077 0.313808 0.983846 0.294979 0.974615 0.283473
1 0.946154 0.015690 0.936154 0.010460 0.926154 0.008368 0.924615 0.005230 0.916154 0.003138 0.913846 0.000000 0.888462 0.000000 0.870000 0.010460 0.858462 0.025105 0.850769 0.051255 0.841538 0.072176 0.839231 0.086820 0.838462 0.110879 0.826154 0.138075 0.808462 0.164226 0.783077 0.190377 0.765385 0.214435 0.743846 0.252092 0.734615 0.282427 0.732308 0.311715 0.736154 0.342050 0.747692 0.377615 0.750769 0.396444 0.750000 0.445607 0.744615 0.469665 0.744615 0.476987 0.750000 0.485356 0.756923 0.486402 0.773846 0.459205 0.792308 0.436192 0.800769 0.427824 0.819231 0.415272 0.834615 0.397490 0.846154 0.375523 0.850769 0.341004 0.857692 0.325314 0.863846 0.302301 0.870769 0.287657 0.880769 0.274059 0.893077 0.264644 0.905385 0.259414 0.930000 0.256276 0.929231 0.205021 0.933077 0.167364 0.937692 0.151674 0.953077 0.131799 0.968462 0.073222 0.968462 0.059623 0.963846 0.039749 0.960000 0.031381
1 1.000000 0.594142 0.980769 0.592050 0.960769 0.594142 0.940000 0.605649 0.907692 0.649582 0.898462 0.680962 0.893077 0.691423 0.873846 0.701883 0.845385 0.709205 0.822308 0.723849 0.806154 0.740586 0.780769 0.776151 0.773846 0.788703 0.766923 0.805439 0.763846 0.819038 0.743077 0.860879 0.736923 0.887029 0.735385 0.902720 0.740000 0.905858 0.775385 0.906904 1.000000 0.905858
1 0.000000 0.000000 0.000000 0.312762 0.002308 0.312762 0.020000 0.336820 0.034615 0.350418 0.067692 0.368201 0.101538 0.390167 0.123077 0.389121 0.138462 0.391213 0.142308 0.395397 0.153846 0.399582 0.155385 0.397490 0.154615 0.370293 0.156154 0.346234 0.157692 0.343096 0.154615 0.330544 0.156154 0.282427 0.147692 0.260460 0.137692 0.246862 0.124615 0.200837 0.122308 0.187238 0.124615 0.164226 0.123077 0.152720 0.087692 0.117155 0.063077 0.085774 0.061538 0.079498 0.048462 0.057531 0.045385 0.032427 0.031538 0.014644 0.026923 0.000000
