3 0.202000 0.398667 0.173333 0.394667 0.155333 0.394000 0.134000 0.395333 0.096000 0.402667 0.082667 0.407333 0.065333 0.416000 0.056000 0.422667 0.046667 0.432000 0.040667 0.444667 0.039333 0.451333 0.040667 0.482000 0.045333 0.494000 0.053333 0.504667 0.055333 0.510000 0.052000 0.515333 0.050667 0.537333 0.055333 0.588000 0.057333 0.629333 0.060667 0.652667 0.063333 0.662000 0.070667 0.674667 0.076000 0.680000 0.085333 0.686000 0.102000 0.694000 0.142000 0.702000 0.168667 0.701333 0.200667 0.695333 0.217333 0.690000 0.226000 0.681333 0.226667 0.664000 0.224000 0.633333 0.224667 0.622000 0.223333 0.618667 0.221333 0.588667 0.222000 0.570667 0.224000 0.562667 0.215333 0.537333 0.214667 0.525333 0.211333 0.514667 0.214667 0.500667 0.220000 0.486667 0.228000 0.476667 0.253333 0.458667 0.258000 0.451333 0.258000 0.438667 0.256667 0.431333 0.250667 0.422667 0.240667 0.414000 0.218000 0.402667 0.209333 0.402000
3 0.292667 0.449333 0.274667 0.453333 0.260000 0.458667 0.240000 0.470000 0.228667 0.479333 0.220667 0.491333 0.218000 0.499333 0.216667 0.514000 0.219333 0.541333 0.221333 0.547333 0.230667 0.562000 0.227333 0.574000 0.226667 0.600000 0.230667 0.650667 0.230667 0.702667 0.232667 0.717333 0.239333 0.733333 0.252667 0.748000 0.282667 0.762000 0.301333 0.766000 0.320667 0.768000 0.341333 0.768000 0.366667 0.764667 0.392667 0.756667 0.397333 0.752000 0.399333 0.743333 0.399333 0.659333 0.401333 0.624000 0.396000 0.607333 0.394667 0.586667 0.392667 0.580667 0.395333 0.565333 0.400667 0.551333 0.407333 0.542667 0.418667 0.532667 0.438000 0.520000 0.441333 0.511333 0.442000 0.496667 0.438000 0.485333 0.426000 0.471333 0.413333 0.463333 0.393333 0.454667 0.362000 0.448000 0.313333 0.447333
3 0.479333 0.512000 0.474667 0.514000 0.462000 0.515333 0.450667 0.520000 0.445333 0.520667 0.422667 0.532000 0.406000 0.547333 0.404000 0.554000 0.398000 0.564667 0.398000 0.603333 0.400667 0.614667 0.406667 0.627333 0.404000 0.638000 0.402000 0.669333 0.402000 0.765333 0.403333 0.778000 0.407333 0.794000 0.414667 0.807333 0.428000 0.820000 0.446000 0.830667 0.466000 0.838000 0.489333 0.842667 0.520000 0.842667 0.544000 0.839333 0.560667 0.834667 0.584667 0.824000 0.602667 0.809333 0.612000 0.794667 0.613333 0.784000 0.615333 0.780000 0.614667 0.775333 0.617333 0.765333 0.620667 0.733333 0.620667 0.646000 0.618667 0.628000 0.623333 0.623333 0.628667 0.607333 0.630000 0.597333 0.629333 0.568000 0.624000 0.552667 0.614667 0.540667 0.593333 0.525333 0.566667 0.516000 0.550667 0.514667 0.541333 0.512000 0.522000 0.510667
3 0.602667 0.417333 0.572000 0.425333 0.548667 0.438667 0.540000 0.447333 0.534667 0.456000 0.532000 0.464000 0.531333 0.480000 0.533333 0.495333 0.537333 0.506667 0.586000 0.520000 0.609333 0.533333 0.626000 0.550000 0.632000 0.571333 0.632000 0.604667 0.622667 0.632000 0.624000 0.654000 0.622667 0.716667 0.624000 0.724667 0.626667 0.728667 0.648667 0.729333 0.678667 0.724667 0.700000 0.716667 0.717333 0.706000 0.730667 0.690000 0.736000 0.676667 0.740667 0.640667 0.740667 0.551333 0.737333 0.528667 0.746667 0.514667 0.750000 0.506667 0.751333 0.498000 0.750667 0.466000 0.745333 0.455333 0.733333 0.441333 0.719333 0.432000 0.705333 0.426000 0.668000 0.417333 0.640000 0.415333
3 0.757333 0.338000 0.720000 0.340000 0.694000 0.345333 0.682000 0.350000 0.666000 0.360667 0.657333 0.369333 0.651333 0.386667 0.652000 0.405333 0.654000 0.412667 0.704000 0.424000 0.723333 0.432667 0.733333 0.439333 0.741333 0.447333 0.752667 0.463333 0.753333 0.483333 0.752000 0.504667 0.748667 0.514667 0.742000 0.523333 0.740000 0.528667 0.742667 0.552667 0.742667 0.628667 0.744000 0.632667 0.746667 0.634667 0.780667 0.632667 0.810000 0.624000 0.818000 0.620000 0.827333 0.612667 0.834000 0.605333 0.841333 0.592667 0.845333 0.571333 0.851333 0.483333 0.850667 0.458667 0.847333 0.445333 0.856667 0.428000 0.861333 0.404667 0.861333 0.390667 0.858000 0.378000 0.850667 0.368667 0.841333 0.360000 0.825333 0.351333 0.806000 0.344667
3 0.789333 0.266667 0.781333 0.270000 0.766667 0.279333 0.756000 0.291333 0.752000 0.299333 0.750667 0.306667 0.752000 0.325333 0.754667 0.334000 0.767333 0.337333 0.794000 0.340000 0.798667 0.342667 0.818667 0.346667 0.843333 0.360000 0.858667 0.375333 0.862667 0.389333 0.862667 0.406000 0.858667 0.428000 0.855333 0.436000 0.852000 0.439333 0.850667 0.444667 0.853333 0.466000 0.850667 0.515333 0.851333 0.535333 0.854000 0.538000 0.872667 0.538000 0.896667 0.532667 0.911333 0.526667 0.918667 0.521333 0.928667 0.509333 0.933333 0.498000 0.935333 0.488667 0.935333 0.479333 0.941333 0.431333 0.943333 0.397333 0.943333 0.378000 0.940000 0.362667 0.940000 0.356000 0.949333 0.342000 0.952667 0.320000 0.952000 0.306667 0.944000 0.290667 0.935333 0.282667 0.920000 0.274000 0.888667 0.264000 0.857333 0.260000 0.825333 0.260000
3 0.352667 0.404667 0.350000 0.414000 0.350000 0.425333 0.352667 0.436667 0.361333 0.444667 0.396667 0.454000 0.415333 0.462667 0.428667 0.471333 0.436000 0.479333 0.442667 0.490667 0.444667 0.496667 0.444667 0.511333 0.446667 0.515333 0.460000 0.514000 0.482667 0.508667 0.530000 0.506667 0.531333 0.500000 0.528667 0.478000 0.532667 0.454667 0.544000 0.440667 0.560000 0.428667 0.562000 0.423333 0.561333 0.410667 0.558000 0.402667 0.552667 0.395333 0.541333 0.386000 0.522667 0.376000 0.506667 0.372667 0.498000 0.369333 0.467333 0.365333 0.444667 0.365333 0.422667 0.367333 0.407333 0.370000 0.395333 0.374667 0.392000 0.374667 0.383333 0.378000 0.361333 0.392667
3 0.182667 0.354000 0.180000 0.362667 0.180000 0.378000 0.182000 0.388667 0.188667 0.393333 0.210667 0.398000 0.234000 0.407333 0.246000 0.415333 0.258667 0.428667 0.261333 0.436000 0.262000 0.451333 0.264000 0.454000 0.292667 0.446667 0.310667 0.444667 0.346000 0.444000 0.348667 0.440000 0.346000 0.424000 0.346667 0.415333 0.352667 0.399333 0.368667 0.384000 0.384000 0.373333 0.384667 0.367333 0.384000 0.356000 0.380667 0.345333 0.375333 0.341333 0.373333 0.337333 0.357333 0.328000 0.349333 0.326667 0.342000 0.321333 0.320667 0.316667 0.302667 0.314667 0.268000 0.314667 0.251333 0.316667 0.248000 0.318667 0.234000 0.321333 0.204000 0.333333 0.188667 0.344667
3 0.317333 0.283333 0.314667 0.290667 0.314667 0.300667 0.317333 0.311333 0.322667 0.315333 0.348667 0.322000 0.366000 0.330000 0.374000 0.336000 0.382667 0.345333 0.387333 0.355333 0.388667 0.370667 0.406667 0.366000 0.418667 0.365333 0.423333 0.363333 0.432000 0.363333 0.439333 0.361333 0.468000 0.361333 0.471333 0.359333 0.475333 0.359333 0.476667 0.357333 0.476667 0.345333 0.478667 0.332667 0.481333 0.324667 0.489333 0.314000 0.506667 0.301333 0.508667 0.296667 0.508667 0.286000 0.507333 0.282000 0.502000 0.276000 0.500000 0.271333 0.488000 0.262667 0.458000 0.252000 0.424000 0.247333 0.384000 0.249333 0.368667 0.252000 0.345333 0.259333 0.340667 0.263333 0.330667 0.268000 0.321333 0.276667
3 0.485333 0.322000 0.481333 0.336667 0.482000 0.349333 0.484667 0.361333 0.494000 0.366000 0.502667 0.367333 0.527333 0.376000 0.544667 0.386000 0.554667 0.394667 0.564000 0.408000 0.564667 0.422000 0.566000 0.423333 0.569333 0.423333 0.572000 0.420667 0.585333 0.419333 0.587333 0.417333 0.595333 0.416000 0.598667 0.413333 0.638667 0.412000 0.642000 0.407333 0.646667 0.409333 0.648000 0.405333 0.647333 0.394000 0.648667 0.385333 0.652667 0.373333 0.660667 0.362667 0.679333 0.348000 0.681333 0.343333 0.680667 0.330000 0.670000 0.313333 0.646000 0.299333 0.603333 0.290000 0.578000 0.289333 0.532667 0.294000 0.517333 0.298667 0.510000 0.302667 0.498667 0.312000 0.492000 0.314667
3 0.420667 0.212000 0.418667 0.219333 0.418667 0.233333 0.420000 0.241333 0.422667 0.244667 0.435333 0.246667 0.439333 0.248667 0.462667 0.251333 0.486667 0.260000 0.496667 0.266000 0.501333 0.270667 0.508667 0.282000 0.512000 0.284667 0.512667 0.291333 0.515333 0.294667 0.520667 0.294667 0.542000 0.288000 0.561333 0.286667 0.564000 0.283333 0.576000 0.284000 0.578000 0.280000 0.579333 0.258000 0.581333 0.250000 0.586000 0.243333 0.600667 0.230667 0.602667 0.225333 0.601333 0.208667 0.592667 0.196000 0.580667 0.188000 0.562667 0.181333 0.536000 0.176667 0.500667 0.176000 0.467333 0.181333 0.447333 0.188000 0.438667 0.192667 0.429333 0.200000
3 0.584000 0.251333 0.581333 0.262000 0.582667 0.273333 0.582000 0.282667 0.584000 0.285333 0.628667 0.292667 0.654667 0.301333 0.671333 0.312667 0.675333 0.316667 0.679333 0.324000 0.684000 0.327333 0.684000 0.342000 0.685333 0.344000 0.699333 0.342000 0.718000 0.336667 0.748000 0.334000 0.748667 0.314667 0.751333 0.294667 0.758667 0.284000 0.773333 0.269333 0.773333 0.261333 0.771333 0.254000 0.766000 0.246667 0.755333 0.236667 0.736000 0.227333 0.707333 0.220000 0.663333 0.218000 0.634000 0.220667 0.610667 0.228000 0.606667 0.231333 0.596000 0.236000 0.588000 0.244667
