4 0.063291 0.259843 0.059072 0.262467 0.054852 0.291339 0.021097 0.333333 0.012658 0.354331 0.018987 0.503937 0.033755 0.530184 0.071730 0.569554 0.092827 0.580052 0.122363 0.564304 0.128692 0.532808 0.189873 0.501312 0.185654 0.380577 0.177215 0.359580 0.151899 0.341207 0.084388 0.272966
4 0.257384 0.485564 0.242616 0.485564 0.132911 0.532808 0.126582 0.543307 0.124473 0.572178 0.082278 0.595801 0.084388 0.711286 0.168776 0.800525 0.185654 0.800525 0.299578 0.737533 0.308017 0.721785 0.305907 0.608924 0.265823 0.522310
4 0.221519 0.199475 0.219409 0.220472 0.170886 0.280840 0.172996 0.343832 0.187764 0.377953 0.196203 0.469816 0.208861 0.490814 0.217300 0.493438 0.251055 0.480315 0.263713 0.490814 0.265823 0.501312 0.282700 0.501312 0.318565 0.488189 0.335443 0.472441 0.339662 0.456693 0.333333 0.320210 0.284810 0.254593 0.229958 0.199475
4 0.544304 0.446194 0.537975 0.464567 0.523207 0.587927 0.523207 0.703412 0.679325 0.721785 0.687764 0.687664 0.702532 0.522310 0.696203 0.472441 0.677215 0.461942 0.565401 0.443570
4 0.407173 0.165354 0.400844 0.183727 0.354430 0.217848 0.345992 0.233596 0.354430 0.296588 0.356540 0.451444 0.478903 0.454068 0.483122 0.448819 0.483122 0.330709 0.470464 0.223097 0.466245 0.212598 0.417722 0.186352
4 0.586498 0.165354 0.580169 0.165354 0.559072 0.202100 0.537975 0.209974 0.527426 0.223097 0.495781 0.296588 0.495781 0.433071 0.502110 0.461942 0.535865 0.464567 0.546414 0.440945 0.575949 0.440945 0.607595 0.448819 0.628692 0.446194 0.643460 0.312336 0.645570 0.236220 0.637131 0.223097 0.599156 0.194226 0.590717 0.183727
4 0.759494 0.191601 0.753165 0.191601 0.727848 0.225722 0.710970 0.230971 0.696203 0.244094 0.679325 0.278215 0.654008 0.304462 0.649789 0.314961 0.645570 0.398950 0.647679 0.454068 0.683544 0.459318 0.698312 0.472441 0.704641 0.496063 0.751055 0.511811 0.765823 0.498688 0.774262 0.461942 0.789030 0.451444 0.799578 0.433071 0.803797 0.354331 0.810127 0.320210 0.810127 0.270341 0.803797 0.257218 0.763713 0.215223
4 0.780591 0.459318 0.774262 0.467192 0.772152 0.488189 0.729958 0.595801 0.721519 0.690289 0.723629 0.708661 0.734177 0.719160 0.810127 0.755906 0.867089 0.774278 0.936709 0.671916 0.943038 0.561680 0.917722 0.538058 0.909283 0.517060
4 0.928270 0.244094 0.837553 0.335958 0.812236 0.351706 0.808017 0.464567 0.814346 0.472441 0.909283 0.514436 0.926160 0.545932 0.934599 0.545932 0.978903 0.498688 0.983122 0.330709 0.938819 0.267717 0.936709 0.244094
4 0.341772 0.459318 0.327004 0.506562 0.331224 0.711286 0.489451 0.711286 0.493671 0.703412 0.497890 0.632546 0.495781 0.464567 0.487342 0.456693 0.457806 0.454068
