2 0.000000 0.665455 0.000000 1.000000 0.181373 1.000000 0.184641 0.992727 0.179739 0.876364 0.183007 0.840000 0.196078 0.774545 0.196078 0.741818 0.186275 0.683636 0.168301 0.632727 0.142157 0.603636 0.086601 0.596364 0.042484 0.618182
2 0.233660 0.374545 0.217320 0.345455 0.187908 0.327273 0.135621 0.330909 0.104575 0.352727 0.071895 0.392727 0.062092 0.410909 0.060458 0.429091 0.049020 0.443636 0.044118 0.480000 0.044118 0.516364 0.050654 0.563636 0.060458 0.600000 0.130719 0.592727 0.165033 0.621818 0.191176 0.614545 0.209150 0.600000 0.228758 0.600000 0.233660 0.592727 0.233660 0.527273 0.228758 0.505455 0.241830 0.440000 0.241830 0.418182
2 0.091503 0.160000 0.047386 0.152727 0.001634 0.170909 0.000000 0.349091 0.021242 0.360000 0.039216 0.400000 0.049020 0.403636 0.062092 0.400000 0.122549 0.327273 0.124183 0.290909 0.119281 0.269091 0.116013 0.210909 0.106209 0.178182
2 0.031046 0.087273 0.031046 0.120000 0.037582 0.152727 0.089869 0.156364 0.117647 0.203636 0.124183 0.203636 0.179739 0.141818 0.183007 0.127273 0.179739 0.043636 0.165033 0.018182 0.148693 0.010909 0.101307 0.010909 0.063725 0.032727 0.040850 0.061818
2 0.125817 0.218182 0.124183 0.261818 0.133987 0.323636 0.166667 0.320000 0.205882 0.330909 0.230392 0.360000 0.245098 0.400000 0.253268 0.392727 0.285948 0.298182 0.284314 0.254545 0.290850 0.207273 0.282680 0.170909 0.266340 0.149091 0.241830 0.138182 0.202614 0.138182 0.160131 0.163636 0.142157 0.185455
2 0.187908 0.054545 0.186275 0.105455 0.189542 0.138182 0.250000 0.138182 0.263072 0.145455 0.279412 0.163636 0.287582 0.181818 0.290850 0.203636 0.297386 0.203636 0.321895 0.170909 0.326797 0.156364 0.325163 0.047273 0.312092 0.018182 0.297386 0.007273 0.232026 0.007273 0.199346 0.032727
2 0.295752 0.210909 0.287582 0.261818 0.290850 0.316364 0.299020 0.360000 0.323529 0.349091 0.364379 0.349091 0.413399 0.381818 0.423203 0.407273 0.429739 0.407273 0.431373 0.378182 0.428105 0.367273 0.446078 0.327273 0.449346 0.261818 0.446078 0.218182 0.434641 0.189091 0.401961 0.160000 0.366013 0.156364 0.325163 0.170909
2 0.241830 0.454545 0.236928 0.487273 0.236928 0.530909 0.253268 0.658182 0.266340 0.658182 0.310458 0.632727 0.341503 0.632727 0.379085 0.654545 0.395425 0.672727 0.416667 0.716364 0.424837 0.720000 0.429739 0.640000 0.428105 0.552727 0.431373 0.530909 0.431373 0.465455 0.421569 0.410909 0.406863 0.381818 0.366013 0.352727 0.321895 0.352727 0.299020 0.363636 0.267974 0.396364
2 0.326797 0.065455 0.330065 0.145455 0.334967 0.160000 0.390523 0.152727 0.437908 0.181818 0.452614 0.160000 0.459150 0.127273 0.459150 0.054545 0.452614 0.036364 0.429739 0.014545 0.362745 0.014545 0.343137 0.029091
2 0.189542 0.814545 0.184641 0.872727 0.186275 0.923636 0.199346 1.000000 0.405229 1.000000 0.419935 0.956364 0.428105 0.829091 0.424837 0.821818 0.426471 0.796364 0.423203 0.789091 0.419935 0.738182 0.390523 0.672727 0.351307 0.640000 0.300654 0.640000 0.251634 0.672727 0.222222 0.720000 0.204248 0.760000
2 0.449346 0.730909 0.437908 0.800000 0.439542 0.869091 0.452614 0.938182 0.480392 1.000000 0.633987 1.000000 0.655229 0.960000 0.665033 0.920000 0.669935 0.880000 0.669935 0.821818 0.653595 0.738182 0.629085 0.687273 0.598039 0.650909 0.566993 0.632727 0.516340 0.636364 0.495098 0.650909 0.470588 0.680000
2 0.446078 0.421818 0.441176 0.483636 0.450980 0.552727 0.457516 0.563636 0.462418 0.589091 0.470588 0.592727 0.478758 0.607273 0.477124 0.614545 0.488562 0.618182 0.493464 0.629091 0.580065 0.621818 0.584967 0.629091 0.581699 0.621818 0.617647 0.563636 0.625817 0.530909 0.629085 0.494545 0.622549 0.436364 0.601307 0.389091 0.571895 0.360000 0.549020 0.349091 0.506536 0.349091 0.490196 0.356364 0.467320 0.378182
2 0.454248 0.236364 0.457516 0.312727 0.477124 0.356364 0.504902 0.345455 0.540850 0.345455 0.591503 0.363636 0.596405 0.360000 0.612745 0.283636 0.611111 0.240000 0.601307 0.210909 0.583333 0.185455 0.553922 0.167273 0.514706 0.163636 0.486928 0.174545 0.464052 0.203636
2 0.462418 0.109091 0.467320 0.156364 0.473856 0.174545 0.504902 0.163636 0.549020 0.163636 0.584967 0.178182 0.596405 0.123636 0.594771 0.080000 0.588235 0.061818 0.578431 0.047273 0.552288 0.029091 0.491830 0.032727 0.468954 0.054545
2 0.681373 0.705455 0.674837 0.749091 0.676471 0.810909 0.689542 0.872727 0.722222 0.945455 0.769608 1.000000 0.867647 1.000000 0.888889 0.970909 0.903595 0.923636 0.905229 0.836364 0.897059 0.792727 0.872549 0.727273 0.843137 0.680000 0.820261 0.654545 0.774510 0.625455 0.735294 0.625455 0.704248 0.650909 0.689542 0.676364
2 0.632353 0.421818 0.632353 0.490909 0.643791 0.538182 0.665033 0.578182 0.697712 0.607273 0.735294 0.621818 0.777778 0.614545 0.800654 0.589091 0.810458 0.567273 0.815359 0.541818 0.816993 0.501818 0.805556 0.450909 0.781046 0.403636 0.748366 0.370909 0.717320 0.356364 0.681373 0.356364 0.650327 0.378182
2 0.622549 0.232727 0.625817 0.287273 0.648693 0.334545 0.663399 0.345455 0.718954 0.356364 0.754902 0.352727 0.772876 0.327273 0.779412 0.294545 0.779412 0.272727 0.764706 0.225455 0.738562 0.192727 0.710784 0.174545 0.669935 0.170909 0.650327 0.178182 0.629085 0.203636
2 0.598039 0.080000 0.601307 0.123636 0.612745 0.160000 0.622549 0.174545 0.712418 0.167273 0.723856 0.156364 0.733660 0.127273 0.732026 0.098182 0.723856 0.072727 0.710784 0.054545 0.679739 0.032727 0.617647 0.040000 0.604575 0.054545
2 0.908497 0.632727 0.892157 0.669091 0.888889 0.698182 0.888889 0.745455 0.906863 0.825455 0.946078 0.912727 0.991830 0.967273 1.000000 0.967273 1.000000 0.625455 0.967320 0.610909 0.937908 0.610909
2 0.808824 0.418182 0.808824 0.450909 0.826797 0.520000 0.851307 0.567273 0.875817 0.589091 0.911765 0.607273 0.962418 0.607273 0.983660 0.592727 1.000000 0.549091 1.000000 0.512727 0.991830 0.480000 0.970588 0.432727 0.921569 0.374545 0.882353 0.356364 0.839869 0.360000 0.816993 0.385455
2 0.779412 0.214545 0.777778 0.243636 0.787582 0.305455 0.785948 0.312727 0.805556 0.374545 0.812092 0.374545 0.813725 0.363636 0.825163 0.367273 0.841503 0.352727 0.916667 0.360000 0.924837 0.352727 0.937908 0.320000 0.937908 0.280000 0.931373 0.254545 0.906863 0.210909 0.882353 0.189091 0.852941 0.174545 0.810458 0.174545 0.790850 0.189091
2 0.732026 0.069091 0.735294 0.109091 0.741830 0.130909 0.758170 0.152727 0.794118 0.174545 0.846405 0.170909 0.859477 0.163636 0.869281 0.138182 0.867647 0.105455 0.857843 0.080000 0.833333 0.050909 0.810458 0.036364 0.763072 0.032727 0.743464 0.043636
