0 0.437018 0.775000 0.416452 0.875000 0.419023 0.921429 0.424165 0.928571 0.588689 0.928571 0.601542 0.921429 0.604113 0.896429 0.593830 0.821429 0.568123 0.757143 0.552699 0.746429 0.465296 0.746429
0 0.611825 0.775000 0.606684 0.835714 0.611825 0.914286 0.616967 0.925000 0.796915 0.928571 0.802057 0.921429 0.802057 0.864286 0.789203 0.810714 0.768638 0.775000 0.732648 0.742857 0.650386 0.739286 0.634961 0.746429
0 0.825193 0.475000 0.807198 0.496429 0.799486 0.521429 0.809769 0.575000 0.807198 0.639286 0.817481 0.671429 0.866324 0.714286 0.904884 0.725000 0.940874 0.717857 0.974293 0.689286 1.000000 0.635714 1.000000 0.542857 0.984576 0.507143 0.948586 0.471429 0.925450 0.460714 0.866324 0.460714
0 0.629820 0.478571 0.614396 0.496429 0.616967 0.503571 0.606684 0.525000 0.611825 0.628571 0.622108 0.667857 0.655527 0.710714 0.683805 0.728571 0.730077 0.732143 0.773779 0.703571 0.789203 0.678571 0.804627 0.617857 0.802057 0.560714 0.781491 0.510714 0.753213 0.482143 0.714653 0.467857
0 0.483290 0.482143 0.462725 0.496429 0.429306 0.553571 0.421594 0.603571 0.424165 0.660714 0.437018 0.692857 0.470437 0.732143 0.491003 0.739286 0.550129 0.735714 0.565553 0.725000 0.601542 0.667857 0.606684 0.646429 0.601542 0.557143 0.586118 0.521429 0.550129 0.485714 0.534704 0.478571
0 0.298201 0.475000 0.259640 0.496429 0.233933 0.532143 0.218509 0.582143 0.218509 0.628571 0.226221 0.671429 0.254499 0.717857 0.280206 0.735714 0.334190 0.739286 0.362468 0.725000 0.398458 0.675000 0.413882 0.617857 0.413882 0.571429 0.401028 0.532143 0.370180 0.492857 0.336761 0.475000
0 0.164524 0.464286 0.125964 0.464286 0.084833 0.475000 0.053985 0.500000 0.030848 0.539286 0.025707 0.564286 0.030848 0.642857 0.053985 0.700000 0.077121 0.725000 0.095116 0.732143 0.156812 0.725000 0.205656 0.675000 0.210797 0.657143 0.210797 0.542857 0.197943 0.496429
0 0.583548 0.189286 0.598972 0.217857 0.627249 0.225000 0.655527 0.203571 0.712082 0.192857 0.748072 0.167857 0.766067 0.142857 0.784062 0.096429 0.789203 0.053571 0.784062 0.000000 0.606684 0.000000 0.593830 0.039286 0.593830 0.085714 0.580977 0.142857
0 0.966581 0.225000 0.917738 0.185714 0.874036 0.185714 0.804627 0.225000 0.786632 0.246429 0.796915 0.307143 0.796915 0.353571 0.773779 0.414286 0.776350 0.428571 0.809769 0.442857 0.892031 0.450000 0.920308 0.442857 0.953728 0.417857 0.974293 0.385714 0.987147 0.342857 0.987147 0.289286
0 0.670951 0.203571 0.634961 0.228571 0.601542 0.271429 0.593830 0.292857 0.593830 0.385714 0.606684 0.425000 0.627249 0.446429 0.670951 0.460714 0.714653 0.460714 0.750643 0.439286 0.773779 0.410714 0.791774 0.353571 0.791774 0.303571 0.778920 0.257143 0.750643 0.217857 0.722365 0.200000
0 0.467866 0.214286 0.434447 0.239286 0.408740 0.282143 0.403599 0.317857 0.408740 0.403571 0.424165 0.435714 0.460154 0.467857 0.480720 0.475000 0.524422 0.471429 0.550129 0.453571 0.575835 0.414286 0.586118 0.375000 0.586118 0.303571 0.573265 0.264286 0.547558 0.232143 0.514139 0.214286
0 0.413882 0.000000 0.406170 0.017857 0.403599 0.071429 0.413882 0.135714 0.431877 0.189286 0.452442 0.210714 0.544987 0.207143 0.562982 0.178571 0.580977 0.117857 0.586118 0.046429 0.578406 0.010714 0.570694 0.000000
0 0.269923 0.214286 0.231362 0.250000 0.218509 0.278571 0.223650 0.407143 0.246787 0.446429 0.280206 0.467857 0.331620 0.464286 0.365039 0.446429 0.385604 0.421429 0.395887 0.382143 0.398458 0.339286 0.390746 0.275000 0.367609 0.242857 0.334190 0.214286 0.313625 0.207143
0 0.025707 0.235714 0.012853 0.271429 0.010283 0.350000 0.023136 0.389286 0.046272 0.425000 0.089974 0.450000 0.161954 0.446429 0.192802 0.428571 0.205656 0.403571 0.200514 0.396429 0.205656 0.392857 0.208226 0.278571 0.200514 0.250000 0.187661 0.232143 0.149100 0.200000 0.115681 0.185714 0.087404 0.185714 0.056555 0.200000
0 0.223650 0.825000 0.215938 0.921429 0.223650 0.928571 0.390746 0.928571 0.401028 0.917857 0.401028 0.803571 0.390746 0.775000 0.359897 0.746429 0.277635 0.746429 0.257069 0.767857
0 0.228792 0.000000 0.208226 0.050000 0.208226 0.078571 0.218509 0.114286 0.241645 0.153571 0.277635 0.185714 0.313625 0.200000 0.334190 0.200000 0.377892 0.164286 0.388175 0.117857 0.393316 0.114286 0.393316 0.025000 0.385604 0.000000
0 0.776350 0.764286 0.778920 0.782143 0.799486 0.821429 0.807198 0.921429 0.814910 0.928571 0.989717 0.928571 1.000000 0.914286 1.000000 0.846429 0.992288 0.821429 0.966581 0.775000 0.930591 0.746429 0.827763 0.707143 0.809769 0.721429 0.802057 0.746429
