4 0.208333 0.244444 0.204687 0.243519 0.201563 0.246296 0.179167 0.250926 0.166146 0.258333 0.161458 0.263889 0.138542 0.275000 0.136458 0.278704 0.135417 0.287963 0.140625 0.314815 0.142708 0.339815 0.145833 0.357407 0.150521 0.369444 0.154688 0.373148 0.162500 0.374074 0.193750 0.367593 0.197917 0.364815 0.198437 0.360185 0.195833 0.345370 0.194271 0.301852 0.188021 0.278704 0.203646 0.250000 0.208333 0.248148
4 0.444271 0.762037 0.444271 0.764815 0.451562 0.774074 0.453125 0.783333 0.457292 0.862037 0.458854 0.873148 0.462500 0.880556 0.535417 0.906481 0.567708 0.911111 0.606771 0.925000 0.611979 0.924074 0.615104 0.920370 0.616667 0.912037 0.621354 0.837963 0.623958 0.817593 0.627083 0.757407 0.626563 0.744444 0.622917 0.736111 0.578125 0.696296 0.482292 0.683333 0.478125 0.685185 0.475000 0.690741 0.456250 0.746296 0.451042 0.755556
4 0.030208 0.688889 0.039062 0.750926 0.041667 0.759259 0.047396 0.764815 0.080208 0.776852 0.092188 0.784259 0.159375 0.806481 0.167708 0.807407 0.169792 0.806481 0.171875 0.800926 0.182292 0.737037 0.183333 0.718519 0.179688 0.714815 0.155729 0.705556 0.151562 0.701852 0.147396 0.690741 0.143229 0.667593 0.138542 0.657407 0.104167 0.641667 0.075000 0.634259 0.067187 0.634259 0.063542 0.637037 0.053646 0.654630 0.049479 0.658333 0.043229 0.670370 0.040625 0.672222 0.036979 0.679630 0.033333 0.682407
4 0.128125 0.600000 0.128125 0.607407 0.131250 0.612037 0.134896 0.630556 0.140104 0.644444 0.140625 0.651852 0.146875 0.676852 0.149479 0.694444 0.156771 0.702778 0.170313 0.706481 0.186458 0.713889 0.209375 0.718519 0.228125 0.728704 0.248958 0.736111 0.282813 0.737963 0.288021 0.732407 0.293229 0.677778 0.293750 0.657407 0.289062 0.646296 0.286458 0.629630 0.285417 0.611111 0.282292 0.593519 0.279167 0.587963 0.253646 0.574074 0.247917 0.566667 0.233333 0.558333 0.223958 0.555556 0.211458 0.555556 0.193229 0.560185 0.169792 0.562963 0.165104 0.567593 0.163542 0.574074 0.157812 0.582407 0.153646 0.592593 0.145313 0.595370 0.135937 0.595370
4 0.279167 0.556481 0.283333 0.571296 0.286979 0.620370 0.289583 0.640741 0.291146 0.647222 0.294271 0.652778 0.306250 0.659259 0.341146 0.669444 0.344792 0.673148 0.357292 0.676852 0.379688 0.688889 0.384896 0.687963 0.392188 0.693519 0.404167 0.694444 0.408333 0.698148 0.423958 0.701852 0.429167 0.700926 0.432292 0.695370 0.433333 0.682407 0.435417 0.676852 0.436458 0.646296 0.439063 0.637963 0.440625 0.612037 0.443229 0.608333 0.445312 0.570370 0.447396 0.562037 0.446875 0.552778 0.444271 0.548148 0.384896 0.502778 0.321875 0.497222 0.313542 0.499074 0.306250 0.505556 0.297917 0.521296 0.296354 0.527778 0.290625 0.537963 0.289583 0.542593 0.283333 0.552778
4 0.091667 0.548148 0.093750 0.557407 0.098958 0.609259 0.102604 0.631481 0.107813 0.638889 0.132292 0.650000 0.135937 0.650000 0.136979 0.646296 0.131771 0.619444 0.127083 0.606481 0.127083 0.600926 0.131771 0.596296 0.151042 0.591667 0.165625 0.565741 0.168750 0.562963 0.214062 0.554630 0.227604 0.554630 0.235937 0.558333 0.241146 0.558333 0.240625 0.555556 0.232292 0.548148 0.222396 0.544444 0.217188 0.538889 0.183854 0.516667 0.138021 0.508333 0.126042 0.509259 0.118229 0.520370 0.111979 0.535185 0.108333 0.537037 0.094792 0.536111 0.092188 0.540741
4 0.126042 0.501852 0.120833 0.499074 0.081250 0.501852 0.072396 0.507407 0.050000 0.536111 0.035417 0.540741 0.034896 0.544444 0.042188 0.553704 0.045312 0.560185 0.047917 0.584259 0.055729 0.619444 0.059375 0.625000 0.067187 0.629630 0.093229 0.635185 0.100000 0.634259 0.100521 0.623148 0.096875 0.600000 0.093750 0.560185 0.090104 0.547222 0.089583 0.540741 0.093750 0.535185 0.107813 0.533333 0.111979 0.530556 0.122396 0.510185 0.126562 0.505556
4 0.460417 0.349074 0.459896 0.357407 0.464583 0.372222 0.466667 0.389815 0.469271 0.460185 0.470833 0.468519 0.477604 0.480556 0.495833 0.495370 0.502604 0.505556 0.521354 0.525000 0.525521 0.532407 0.530208 0.535185 0.568750 0.539815 0.603646 0.547222 0.611979 0.546296 0.615104 0.540741 0.625000 0.452778 0.627604 0.403704 0.621875 0.389815 0.586979 0.333333 0.579167 0.310185 0.577083 0.308333 0.556250 0.308333 0.521354 0.312037 0.494271 0.312037 0.485938 0.321296 0.476042 0.343519
4 0.484375 0.313889 0.479167 0.311111 0.450521 0.313889 0.407292 0.322222 0.400521 0.327778 0.390104 0.346296 0.383333 0.365741 0.376563 0.377778 0.376042 0.381481 0.380729 0.388889 0.382812 0.400926 0.383333 0.457407 0.384375 0.465741 0.386979 0.474074 0.403125 0.499074 0.404687 0.509259 0.407813 0.513889 0.426042 0.528704 0.442188 0.534259 0.475521 0.533333 0.496354 0.534259 0.513021 0.537037 0.516667 0.534259 0.516146 0.525000 0.508333 0.517593 0.505729 0.512963 0.503646 0.512963 0.498958 0.504630 0.498958 0.501852 0.493750 0.500926 0.482292 0.487963 0.478646 0.486111 0.471354 0.475000 0.469792 0.469444 0.468229 0.456481 0.464583 0.386111 0.460417 0.362037 0.457813 0.353704 0.461979 0.345370 0.475000 0.341667 0.478646 0.330556 0.482292 0.324074
4 0.311979 0.351852 0.297917 0.352778 0.279167 0.360185 0.273438 0.360185 0.251563 0.367593 0.240104 0.388889 0.220312 0.396296 0.218229 0.399074 0.218750 0.406481 0.225000 0.416667 0.227083 0.424074 0.228125 0.443519 0.230729 0.455556 0.234896 0.491667 0.238021 0.499074 0.243750 0.504630 0.257292 0.512037 0.281250 0.531481 0.287500 0.532407 0.294792 0.524074 0.301042 0.505556 0.311979 0.494444 0.312500 0.485185 0.309896 0.460185 0.307812 0.413889 0.306250 0.403704 0.300000 0.392593 0.304167 0.377778 0.310937 0.364815 0.313021 0.354630
4 0.395313 0.324074 0.392188 0.321296 0.386979 0.321296 0.336979 0.335185 0.321875 0.345370 0.313021 0.361111 0.309896 0.371296 0.306771 0.375926 0.303125 0.393519 0.306250 0.400000 0.308854 0.412037 0.313021 0.484259 0.315625 0.490741 0.324479 0.495370 0.357292 0.496296 0.360938 0.498148 0.378125 0.498148 0.381771 0.496296 0.385417 0.490741 0.384896 0.486111 0.385937 0.482407 0.383854 0.477778 0.384375 0.474074 0.382812 0.469444 0.380729 0.451852 0.380729 0.432407 0.378646 0.400926 0.377083 0.392593 0.371354 0.382407 0.381771 0.362963 0.384896 0.352778 0.394271 0.333333 0.396354 0.326852
4 0.161979 0.408333 0.161979 0.412963 0.168229 0.431481 0.175521 0.491667 0.177083 0.499074 0.181250 0.506481 0.184896 0.510185 0.199479 0.516667 0.213542 0.528704 0.225000 0.533333 0.248438 0.549074 0.256771 0.549074 0.263542 0.544444 0.276562 0.545370 0.280208 0.541667 0.279687 0.532407 0.262500 0.517593 0.239063 0.500926 0.234896 0.495370 0.227604 0.448148 0.225000 0.420370 0.216667 0.403704 0.216667 0.400000 0.221354 0.393519 0.236458 0.388889 0.243229 0.375000 0.245833 0.373148 0.245833 0.367593 0.235417 0.366667 0.219792 0.369444 0.217188 0.372222 0.193229 0.375000 0.190625 0.376852 0.187500 0.382407 0.185938 0.388889 0.176563 0.402778 0.168750 0.407407
4 0.188542 0.375000 0.180729 0.373148 0.170313 0.375926 0.148438 0.376852 0.131771 0.391667 0.123438 0.405556 0.113021 0.408333 0.109896 0.412037 0.114062 0.425000 0.118750 0.466667 0.121875 0.482407 0.123958 0.487037 0.123958 0.490741 0.126042 0.495370 0.132292 0.500000 0.156771 0.506481 0.174479 0.507407 0.176042 0.505556 0.176563 0.500926 0.173958 0.487963 0.171354 0.454630 0.166146 0.423148 0.159375 0.412037 0.159375 0.409259 0.160417 0.407407 0.169792 0.405556 0.173958 0.402778 0.188542 0.381481
4 0.143229 0.372222 0.133854 0.370370 0.102604 0.378704 0.094792 0.384259 0.081771 0.401852 0.063021 0.407407 0.057292 0.412037 0.059896 0.419444 0.068750 0.431481 0.075000 0.466667 0.077083 0.487037 0.080729 0.495370 0.086458 0.499074 0.098958 0.499074 0.119271 0.495370 0.121875 0.492593 0.121875 0.485185 0.118229 0.468519 0.115104 0.437963 0.111979 0.423148 0.106771 0.412037 0.109375 0.407407 0.116146 0.406481 0.122396 0.401852 0.128646 0.392593 0.131771 0.390741 0.135937 0.383333 0.140625 0.380556 0.143229 0.375926
4 0.155729 0.254630 0.150521 0.252778 0.127604 0.258333 0.106250 0.271296 0.084896 0.277778 0.079687 0.282407 0.080208 0.287037 0.086979 0.297222 0.092708 0.312037 0.094271 0.329630 0.097917 0.345370 0.098958 0.355556 0.104167 0.372222 0.106250 0.374074 0.115104 0.374074 0.142187 0.366667 0.145313 0.362037 0.142187 0.342593 0.138542 0.305556 0.134896 0.290741 0.132292 0.285185 0.131771 0.279630 0.136979 0.273148 0.151042 0.263889
4 0.242188 0.235185 0.227604 0.235185 0.212500 0.242593 0.209896 0.248148 0.203646 0.250926 0.190104 0.275926 0.190104 0.285185 0.194271 0.303704 0.196354 0.349074 0.197917 0.357407 0.202083 0.364815 0.207292 0.367593 0.214583 0.367593 0.256250 0.357407 0.256771 0.352778 0.251563 0.337963 0.248958 0.297222 0.246354 0.275000 0.244792 0.268519 0.237500 0.254630 0.237500 0.251852 0.244271 0.240741
4 0.326042 0.208333 0.305729 0.212963 0.286979 0.220370 0.269271 0.232407 0.244792 0.243519 0.239583 0.248148 0.238542 0.250926 0.239063 0.256481 0.244792 0.267593 0.246875 0.275000 0.252604 0.340741 0.258854 0.353704 0.264062 0.358333 0.279687 0.356481 0.300000 0.349074 0.311458 0.347222 0.318750 0.343519 0.322917 0.337037 0.319271 0.297222 0.319792 0.258333 0.318229 0.251852 0.313021 0.250000 0.310937 0.246296 0.316667 0.235185 0.319271 0.233333 0.322396 0.221296 0.326042 0.214815
4 0.409375 0.169444 0.400521 0.165741 0.359896 0.182407 0.338021 0.196296 0.329167 0.209259 0.327604 0.215741 0.311979 0.246296 0.312500 0.250000 0.319271 0.256481 0.320312 0.267593 0.320312 0.310185 0.323437 0.327778 0.326562 0.333333 0.335417 0.334259 0.349479 0.330556 0.366146 0.324074 0.398438 0.315741 0.404167 0.310185 0.404687 0.298148 0.403125 0.288889 0.403125 0.231481 0.401562 0.216667 0.398958 0.212037 0.400000 0.207407 0.405208 0.200000 0.410417 0.185185 0.411979 0.175000
4 0.495833 0.145370 0.461458 0.150000 0.451562 0.154630 0.431250 0.159259 0.422917 0.164815 0.416667 0.174074 0.403646 0.209259 0.404167 0.289815 0.407292 0.314815 0.415625 0.317593 0.426042 0.316667 0.446354 0.312037 0.485938 0.307407 0.489063 0.303704 0.488021 0.250926 0.484896 0.187037 0.495833 0.152778
4 0.597917 0.122222 0.593229 0.117593 0.586458 0.117593 0.556250 0.123148 0.510417 0.137037 0.502604 0.144444 0.493229 0.163889 0.486979 0.188889 0.488021 0.200000 0.488021 0.248148 0.489063 0.255556 0.488021 0.273148 0.491146 0.300000 0.493750 0.304630 0.500000 0.308333 0.572396 0.304630 0.577604 0.301852 0.579688 0.295370 0.578125 0.221296 0.571354 0.200926 0.570833 0.191667 0.573438 0.187037 0.584896 0.181481 0.593229 0.159259 0.599479 0.147222 0.599479 0.136111
4 0.275000 0.063889 0.248958 0.025000 0.240104 0.014815 0.235937 0.012963 0.220833 0.015741 0.208854 0.025000 0.157812 0.047222 0.151562 0.052778 0.152083 0.057407 0.159375 0.062037 0.162500 0.069444 0.164062 0.080556 0.165625 0.117593 0.167708 0.126852 0.169792 0.129630 0.175521 0.129630 0.201563 0.120370 0.219271 0.108333 0.228125 0.094444 0.236458 0.086111 0.245312 0.080556 0.273438 0.068519
4 0.145833 0.148148 0.133854 0.149074 0.103646 0.162037 0.100000 0.165741 0.101042 0.173148 0.108333 0.184259 0.110417 0.190741 0.119271 0.243519 0.123438 0.253704 0.132292 0.254630 0.155729 0.250000 0.168229 0.244444 0.168229 0.236111 0.165104 0.223148 0.160938 0.189815 0.159375 0.186111 0.156771 0.167593 0.153125 0.158333
4 0.148958 0.146296 0.149479 0.154630 0.158854 0.174074 0.165104 0.225000 0.170313 0.242593 0.175000 0.246296 0.181771 0.247222 0.219792 0.233333 0.238021 0.228704 0.237500 0.220370 0.227083 0.209259 0.220312 0.194444 0.216667 0.149074 0.202604 0.126852 0.198958 0.125000 0.186979 0.125926 0.178646 0.131481 0.172396 0.132407 0.162500 0.138889 0.158333 0.138889 0.151042 0.142593
4 0.295312 0.071296 0.291146 0.068519 0.285417 0.068519 0.258854 0.075926 0.243750 0.082407 0.229167 0.094444 0.220312 0.108333 0.211979 0.117593 0.210938 0.120370 0.216667 0.133333 0.218750 0.144444 0.219792 0.181481 0.222396 0.198148 0.234896 0.214815 0.246354 0.225000 0.262500 0.222222 0.276562 0.216667 0.277083 0.212037 0.272917 0.197222 0.269792 0.172222 0.267708 0.128704 0.266667 0.124074 0.261458 0.114815 0.263021 0.111111 0.272917 0.103704 0.289062 0.085185 0.294271 0.081481 0.296875 0.076852
4 0.317708 0.076852 0.311458 0.075926 0.298438 0.079630 0.262500 0.113889 0.268750 0.126852 0.270833 0.174074 0.273958 0.199074 0.278646 0.209259 0.283854 0.213889 0.296875 0.214815 0.326562 0.205556 0.333854 0.197222 0.340104 0.186111 0.328646 0.096296
4 0.408854 0.038889 0.404167 0.033333 0.400000 0.034259 0.386979 0.042593 0.377604 0.044444 0.374479 0.047222 0.368750 0.048148 0.342187 0.060185 0.329688 0.062963 0.320833 0.068519 0.319271 0.072222 0.319792 0.075926 0.327083 0.088889 0.330208 0.098148 0.332813 0.119444 0.335417 0.129630 0.338021 0.164815 0.343229 0.187037 0.350521 0.187037 0.361979 0.179630 0.402604 0.162963 0.415625 0.165741 0.420312 0.158333 0.420833 0.142593 0.419271 0.134259 0.419271 0.120370 0.416667 0.096296 0.417708 0.090741 0.414583 0.073148 0.413542 0.052778
4 0.491146 0.000000 0.462500 0.005556 0.435417 0.016667 0.415104 0.022222 0.408854 0.026852 0.407813 0.034259 0.412500 0.043519 0.415104 0.054630 0.415104 0.065741 0.419271 0.091667 0.420833 0.110185 0.421875 0.141667 0.424479 0.156481 0.434375 0.157407 0.464062 0.147222 0.498437 0.140741 0.501042 0.137963 0.502083 0.134259 0.501563 0.095370 0.502604 0.093519 0.503646 0.028704 0.498437 0.011111
4 0.686979 0.139815 0.657292 0.140741 0.616667 0.150926 0.601562 0.152778 0.598437 0.154630 0.594271 0.161111 0.585417 0.185185 0.576042 0.187963 0.572396 0.192593 0.571875 0.198148 0.579688 0.221296 0.581771 0.301852 0.585417 0.324074 0.606250 0.362037 0.632812 0.402778 0.645833 0.405556 0.711458 0.404630 0.723437 0.402778 0.726042 0.400926 0.728125 0.395370 0.729167 0.370370 0.726562 0.360185 0.703125 0.306481 0.696875 0.295370 0.693750 0.281481 0.692187 0.261111 0.692187 0.236111 0.690625 0.226852 0.689583 0.200926 0.688021 0.192593 0.688021 0.173148 0.686458 0.164815 0.681771 0.152778 0.687500 0.142593
4 0.822917 0.075000 0.817187 0.074074 0.809896 0.077778 0.783333 0.082407 0.779167 0.085185 0.759896 0.089815 0.754167 0.093519 0.707812 0.106481 0.705208 0.109259 0.703125 0.122222 0.700000 0.127778 0.696875 0.137963 0.688542 0.143519 0.684896 0.150000 0.684896 0.157407 0.689063 0.174074 0.690104 0.200000 0.689063 0.206481 0.690625 0.214815 0.691146 0.245370 0.695833 0.291667 0.703125 0.303704 0.704688 0.310185 0.710417 0.319444 0.711979 0.325000 0.717708 0.333333 0.730729 0.365741 0.735417 0.372222 0.750521 0.373148 0.793750 0.369444 0.806771 0.366667 0.809896 0.362037 0.808854 0.352778 0.805208 0.339815 0.805208 0.333333 0.806771 0.328704 0.811458 0.324074 0.815625 0.299074 0.818750 0.288889 0.820312 0.275000 0.820312 0.151852 0.819271 0.137037 0.814583 0.119444 0.825000 0.100000 0.826042 0.095370 0.826042 0.079630
4 0.974479 0.037037 0.964583 0.034259 0.951562 0.038889 0.938021 0.040741 0.901563 0.050926 0.895312 0.054630 0.877083 0.058333 0.872396 0.062037 0.858854 0.063889 0.838021 0.070370 0.833333 0.079630 0.828646 0.100926 0.819792 0.110185 0.817708 0.116667 0.817708 0.124074 0.820833 0.144444 0.821875 0.245370 0.823958 0.267593 0.829167 0.271296 0.873437 0.267593 0.930208 0.257407 0.967708 0.253704 0.972396 0.263889 0.971875 0.267593 0.973958 0.278704 0.973437 0.284259 0.978646 0.314815 0.978125 0.319444 0.979167 0.319444 0.979167 0.312963 0.981771 0.301852 0.982812 0.284259 0.982812 0.260185 0.981250 0.240741 0.982292 0.234259 0.981250 0.216667 0.982292 0.162963 0.981250 0.158333 0.982292 0.153704 0.978125 0.126852 0.978646 0.121296 0.977604 0.118519 0.976562 0.096296 0.976562 0.049074
4 0.968750 0.262037 0.966146 0.258333 0.959896 0.257407 0.903125 0.263889 0.879687 0.269444 0.829167 0.274074 0.823438 0.278704 0.821354 0.284259 0.815104 0.321296 0.811979 0.327778 0.806771 0.333333 0.807292 0.341667 0.811458 0.353704 0.813021 0.364815 0.814063 0.471296 0.815104 0.483333 0.819271 0.497222 0.823958 0.501852 0.865625 0.503704 0.928646 0.503704 0.951562 0.505556 0.966146 0.504630 0.973958 0.501852 0.975000 0.344444 0.971354 0.323148 0.971875 0.309259 0.970833 0.306481 0.970313 0.277778
4 0.826042 0.507407 0.824479 0.512963 0.816146 0.579630 0.814583 0.583333 0.809896 0.587037 0.809896 0.592593 0.816667 0.607407 0.817187 0.705556 0.818750 0.725926 0.820312 0.732407 0.821875 0.735185 0.829688 0.738889 0.849479 0.740741 0.883854 0.749074 0.898438 0.750000 0.913542 0.753704 0.919271 0.756481 0.923438 0.762963 0.929688 0.766667 0.932292 0.772222 0.936458 0.774074 0.939583 0.780556 0.942708 0.780556 0.947396 0.785185 0.954688 0.788889 0.966667 0.787963 0.974479 0.789815 0.979688 0.787963 0.981250 0.783333 0.980729 0.778704 0.981771 0.773148 0.980208 0.761111 0.980208 0.743519 0.981250 0.739815 0.981250 0.700926 0.980208 0.697222 0.981250 0.668519 0.980208 0.659259 0.981771 0.655556 0.981771 0.636111 0.980729 0.632407 0.981250 0.604630 0.980208 0.575000 0.978646 0.565741 0.979688 0.562037 0.979688 0.543519 0.978646 0.540741 0.979688 0.526852 0.978125 0.514815 0.974479 0.509259 0.896354 0.508333 0.829167 0.504630
4 0.766667 0.741667 0.753646 0.827778 0.751042 0.833333 0.746354 0.837963 0.746354 0.841667 0.750521 0.850926 0.752604 0.862963 0.755729 0.946296 0.757292 0.966667 0.759896 0.976852 0.768229 0.982407 0.776563 0.984259 0.803125 0.996296 0.813021 0.998148 0.813542 1.000000 0.945312 1.000000 0.948438 0.920370 0.948438 0.824074 0.947396 0.802778 0.944271 0.790741 0.919271 0.762963 0.903646 0.754630 0.860417 0.750000 0.850521 0.747222 0.832292 0.747222 0.824479 0.744444 0.770833 0.738889
4 0.588542 0.005556 0.588542 0.012037 0.594792 0.033333 0.596354 0.075000 0.600000 0.118519 0.602604 0.130556 0.602604 0.136111 0.604167 0.142593 0.609375 0.147222 0.621354 0.146296 0.643229 0.139815 0.685417 0.133333 0.695833 0.127778 0.702083 0.112963 0.704688 0.100000 0.704167 0.065741 0.705729 0.060185 0.704688 0.020370 0.702083 0.000000 0.591667 0.000000
4 0.498437 0.000000 0.498437 0.007407 0.505208 0.023148 0.506250 0.029630 0.506771 0.101852 0.508333 0.126852 0.510938 0.131481 0.517708 0.132407 0.530208 0.129630 0.551562 0.122222 0.578125 0.117593 0.596354 0.112037 0.593750 0.032407 0.586979 0.012037 0.585417 0.000000
