0 0.630769 0.146429 0.602564 0.167857 0.582051 0.196429 0.574359 0.221429 0.571795 0.310714 0.582051 0.335714 0.612821 0.353571 0.641026 0.382143 0.661538 0.382143 0.707692 0.342857 0.717949 0.325000 0.728205 0.282143 0.728205 0.214286 0.720513 0.192857 0.697436 0.164286 0.661538 0.146429
0 0.794872 0.139286 0.751282 0.167857 0.735897 0.203571 0.733333 0.292857 0.725641 0.328571 0.733333 0.342857 0.753846 0.335714 0.792308 0.375000 0.817949 0.375000 0.882051 0.314286 0.889744 0.289286 0.889744 0.232143 0.884615 0.192857 0.874359 0.175000 0.833333 0.142857
0 0.656410 0.000000 0.646154 0.039286 0.643590 0.121429 0.651282 0.135714 0.692308 0.153571 0.720513 0.185714 0.738462 0.185714 0.758974 0.150000 0.779487 0.139286 0.792308 0.121429 0.802564 0.046429 0.800000 0.000000
0 0.915385 0.342857 0.866667 0.346429 0.820513 0.382143 0.807692 0.417857 0.807692 0.514286 0.812821 0.532143 0.848718 0.542857 0.889744 0.567857 0.943590 0.542857 0.966667 0.517857 0.979487 0.467857 0.969231 0.389286 0.953846 0.367857
0 0.748718 0.775000 0.741026 0.839286 0.748718 0.867857 0.748718 0.910714 0.756410 0.925000 0.902564 0.925000 0.910256 0.853571 0.874359 0.782143 0.843590 0.767857 0.794872 0.767857 0.771795 0.757143 0.758974 0.760714
0 0.941026 0.139286 0.907692 0.167857 0.894872 0.196429 0.892308 0.217857 0.902564 0.271429 0.902564 0.307143 0.912821 0.332143 0.930769 0.342857 0.994872 0.346429 1.000000 0.342857 1.000000 0.139286
0 0.812821 0.014286 0.812821 0.125000 0.876923 0.171429 0.894872 0.171429 0.948718 0.125000 0.969231 0.078571 0.969231 0.000000 0.820513 0.000000
0 0.161538 0.000000 0.156410 0.042857 0.161538 0.110714 0.189744 0.157143 0.233333 0.203571 0.251282 0.207143 0.312821 0.150000 0.323077 0.125000 0.320513 0.046429 0.305128 0.007143 0.297436 0.000000
0 0.000000 0.000000 0.000000 0.103571 0.017949 0.153571 0.082051 0.200000 0.100000 0.200000 0.156410 0.135714 0.148718 0.003571
0 0.469231 0.142857 0.423077 0.185714 0.407692 0.232143 0.407692 0.260714 0.417949 0.310714 0.438462 0.342857 0.476923 0.382143 0.500000 0.385714 0.561538 0.325000 0.566667 0.221429 0.553846 0.182143 0.530769 0.157143 0.507692 0.142857
0 0.458974 0.553571 0.430769 0.578571 0.417949 0.607143 0.412821 0.689286 0.423077 0.732143 0.441026 0.757143 0.461538 0.767857 0.523077 0.764286 0.541026 0.750000 0.564103 0.707143 0.569231 0.639286 0.561538 0.592857 0.548718 0.575000 0.512821 0.550000 0.474359 0.546429
0 0.556410 0.350000 0.525641 0.367857 0.500000 0.403571 0.494872 0.478571 0.502564 0.510714 0.525641 0.546429 0.548718 0.564286 0.589744 0.567857 0.615385 0.553571 0.638462 0.528571 0.646154 0.500000 0.648718 0.428571 0.641026 0.400000 0.623077 0.371429 0.587179 0.350000
0 0.397436 0.346429 0.353846 0.378571 0.341026 0.400000 0.333333 0.432143 0.333333 0.489286 0.343590 0.532143 0.382051 0.564286 0.415385 0.575000 0.476923 0.532143 0.487179 0.489286 0.487179 0.446429 0.479487 0.400000 0.456410 0.367857 0.425641 0.346429
0 0.297436 0.550000 0.266667 0.578571 0.251282 0.610714 0.253846 0.717857 0.271795 0.750000 0.289744 0.764286 0.330769 0.767857 0.376923 0.750000 0.402564 0.700000 0.402564 0.607143 0.387179 0.575000 0.343590 0.546429
0 0.194872 0.557143 0.146154 0.557143 0.094872 0.603571 0.084615 0.642857 0.084615 0.707143 0.094872 0.750000 0.117949 0.767857 0.158974 0.775000 0.192308 0.767857 0.220513 0.750000 0.238462 0.728571 0.246154 0.703571 0.243590 0.610714 0.233333 0.585714
0 0.310256 0.160714 0.289744 0.171429 0.258974 0.214286 0.253846 0.246429 0.264103 0.342857 0.274359 0.357143 0.310256 0.378571 0.338462 0.378571 0.379487 0.350000 0.402564 0.314286 0.402564 0.235714 0.389744 0.200000 0.364103 0.171429 0.341026 0.160714
0 0.184615 0.178571 0.141026 0.182143 0.110256 0.196429 0.094872 0.214286 0.087179 0.239286 0.105128 0.346429 0.115385 0.360714 0.169231 0.392857 0.189744 0.385714 0.225641 0.342857 0.241026 0.282143 0.235897 0.242857 0.212821 0.200000
0 0.017949 0.410714 0.007692 0.439286 0.005128 0.482143 0.015385 0.521429 0.041026 0.557143 0.097436 0.578571 0.166667 0.532143 0.169231 0.510714 0.161538 0.457143 0.166667 0.417857 0.143590 0.385714 0.105128 0.364286 0.069231 0.364286 0.048718 0.375000
0 0.230769 0.357143 0.189744 0.392857 0.171795 0.439286 0.174359 0.500000 0.179487 0.525000 0.192308 0.546429 0.228205 0.571429 0.258974 0.578571 0.307692 0.539286 0.320513 0.514286 0.325641 0.435714 0.317949 0.407143 0.289744 0.371429 0.271795 0.360714
0 0.328205 0.028571 0.328205 0.107143 0.335897 0.139286 0.371795 0.171429 0.392308 0.200000 0.412821 0.203571 0.428205 0.171429 0.476923 0.132143 0.482051 0.110714 0.476923 0.032143 0.461538 0.000000 0.341026 0.000000
0 0.494872 0.000000 0.484615 0.028571 0.484615 0.092857 0.500000 0.135714 0.538462 0.157143 0.564103 0.192857 0.582051 0.189286 0.628205 0.135714 0.641026 0.085714 0.641026 0.017857 0.633333 0.000000
0 0.241026 0.810714 0.202564 0.775000 0.125641 0.785714 0.100000 0.825000 0.089744 0.853571 0.084615 0.885714 0.089744 0.925000 0.233333 0.928571 0.243590 0.921429 0.248718 0.839286
0 0.415385 0.778571 0.394872 0.753571 0.346154 0.771429 0.302564 0.771429 0.287179 0.778571 0.261538 0.821429 0.251282 0.871429 0.251282 0.917857 0.261538 0.928571 0.407692 0.925000 0.417949 0.842857
0 0.423077 0.835714 0.420513 0.921429 0.428205 0.928571 0.558974 0.928571 0.576923 0.910714 0.576923 0.860714 0.569231 0.825000 0.556410 0.792857 0.538462 0.775000 0.456410 0.778571 0.438462 0.796429
0 0.633333 0.546429 0.597436 0.571429 0.584615 0.589286 0.576923 0.617857 0.584615 0.703571 0.594872 0.732143 0.617949 0.753571 0.643590 0.760714 0.687179 0.757143 0.712821 0.725000 0.728205 0.689286 0.728205 0.610714 0.720513 0.585714 0.684615 0.550000 0.656410 0.542857
0 0.592308 0.814286 0.584615 0.839286 0.589744 0.921429 0.610256 0.928571 0.723077 0.928571 0.735897 0.921429 0.741026 0.860714 0.733333 0.825000 0.717949 0.789286 0.702564 0.771429 0.646154 0.767857 0.617949 0.775000
0 0.764103 0.557143 0.743590 0.585714 0.738462 0.617857 0.738462 0.667857 0.751282 0.725000 0.774359 0.750000 0.794872 0.760714 0.866667 0.760714 0.897436 0.717857 0.902564 0.692857 0.902564 0.635714 0.892308 0.592857 0.871795 0.564286 0.835897 0.542857 0.792308 0.542857
0 0.720513 0.350000 0.694872 0.360714 0.664103 0.396429 0.656410 0.417857 0.656410 0.507143 0.674359 0.535714 0.705128 0.560714 0.746154 0.567857 0.782051 0.539286 0.794872 0.517857 0.800000 0.414286 0.792308 0.389286 0.774359 0.364286 0.753846 0.350000
