2 0.016340 0.289216 0.000000 0.289216 0.000000 0.664216 0.022876 0.659314 0.053922 0.642157 0.078431 0.617647 0.096405 0.588235 0.106209 0.558824 0.116013 0.446078 0.111111 0.401961 0.086601 0.343137 0.066993 0.321078
2 0.212418 0.335784 0.187908 0.348039 0.158497 0.375000 0.127451 0.428922 0.116013 0.475490 0.114379 0.561275 0.132353 0.625000 0.158497 0.666667 0.176471 0.686275 0.217320 0.705882 0.267974 0.703431 0.299020 0.686275 0.326797 0.654412 0.349673 0.607843 0.361111 0.561275 0.364379 0.517157 0.362745 0.482843 0.351307 0.433824 0.341503 0.411765 0.302288 0.357843 0.261438 0.335784
2 0.000000 0.000000 0.000000 0.274510 0.031046 0.272059 0.058824 0.257353 0.068627 0.257353 0.098039 0.218137 0.101307 0.203431 0.099673 0.142157 0.107843 0.063725 0.102941 0.024510 0.094771 0.000000
2 0.000000 0.671569 0.000000 1.000000 0.062092 1.000000 0.070261 0.982843 0.070261 0.970588 0.094771 0.943627 0.109477 0.850490 0.109477 0.796569 0.091503 0.740196 0.066993 0.705882 0.029412 0.676471
2 0.125817 0.801471 0.111111 0.848039 0.107843 0.877451 0.109477 0.950980 0.120915 1.000000 0.344771 1.000000 0.359477 0.928922 0.359477 0.848039 0.343137 0.791667 0.313725 0.745098 0.290850 0.727941 0.261438 0.715686 0.217320 0.713235 0.199346 0.718137 0.156863 0.750000
2 0.130719 0.017157 0.122549 0.044118 0.117647 0.049020 0.117647 0.058824 0.109477 0.071078 0.102941 0.122549 0.102941 0.156863 0.109477 0.203431 0.117647 0.230392 0.142157 0.279412 0.163399 0.303922 0.187908 0.321078 0.205882 0.328431 0.258170 0.328431 0.292484 0.313725 0.331699 0.269608 0.344771 0.237745 0.351307 0.203431 0.354575 0.115196 0.343137 0.056373 0.316993 0.000000 0.142157 0.000000
2 0.413399 0.007353 0.379085 0.058824 0.361111 0.117647 0.359477 0.205882 0.375817 0.269608 0.388889 0.296569 0.408497 0.323529 0.454248 0.355392 0.498366 0.357843 0.522876 0.350490 0.549020 0.333333 0.566993 0.313725 0.588235 0.276961 0.607843 0.208333 0.607843 0.115196 0.589869 0.056373 0.562092 0.009804 0.550654 0.000000 0.424837 0.000000
2 0.366013 0.889706 0.362745 0.958333 0.367647 1.000000 0.609477 1.000000 0.614379 0.960784 0.612745 0.901961 0.593137 0.833333 0.565359 0.789216 0.529412 0.759804 0.506536 0.752451 0.467320 0.752451 0.444444 0.759804 0.423203 0.774510 0.392157 0.813725 0.377451 0.845588
2 0.467320 0.372549 0.447712 0.379902 0.421569 0.399510 0.385621 0.453431 0.375817 0.477941 0.367647 0.514706 0.366013 0.595588 0.374183 0.639706 0.383987 0.666667 0.415033 0.715686 0.459150 0.745098 0.504902 0.747549 0.540850 0.732843 0.563725 0.715686 0.593137 0.676471 0.612745 0.610294 0.616013 0.585784 0.614379 0.522059 0.609477 0.490196 0.586601 0.433824 0.565359 0.404412 0.550654 0.389706 0.521242 0.375000 0.498366 0.370098
2 0.640523 0.002451 0.627451 0.031863 0.612745 0.102941 0.612745 0.139706 0.617647 0.191176 0.632353 0.240196 0.651961 0.274510 0.673203 0.296569 0.704248 0.316176 0.758170 0.316176 0.799020 0.294118 0.838235 0.247549 0.854575 0.203431 0.862745 0.159314 0.864379 0.088235 0.851307 0.034314 0.836601 0.000000
2 0.673203 0.350490 0.656863 0.367647 0.633987 0.409314 0.617647 0.468137 0.617647 0.541667 0.620915 0.568627 0.633987 0.615196 0.650327 0.634804 0.686275 0.637255 0.689542 0.659314 0.679739 0.676471 0.692810 0.686275 0.790850 0.686275 0.813725 0.676471 0.848039 0.629902 0.870915 0.561275 0.874183 0.485294 0.859477 0.419118 0.843137 0.384804 0.825163 0.360294 0.782680 0.328431 0.766340 0.323529 0.722222 0.323529
2 0.635621 0.799020 0.625817 0.825980 0.619281 0.860294 0.617647 0.911765 0.625817 0.963235 0.640523 1.000000 0.852941 1.000000 0.864379 0.975490 0.874183 0.931373 0.875817 0.906863 0.870915 0.850490 0.851307 0.791667 0.818627 0.745098 0.738562 0.725490 0.702614 0.727941 0.666667 0.745098
2 0.926471 0.000000 0.892157 0.053922 0.883987 0.080882 0.875817 0.164216 0.877451 0.215686 0.890523 0.247549 0.888889 0.254902 0.901961 0.276961 0.906863 0.301471 0.913399 0.311275 0.952614 0.333333 1.000000 0.340686 1.000000 0.000000
2 0.996732 0.350490 0.968954 0.355392 0.946078 0.367647 0.921569 0.389706 0.905229 0.414216 0.883987 0.465686 0.877451 0.504902 0.875817 0.546569 0.883987 0.607843 0.910131 0.664216 0.954248 0.720588 0.988562 0.732843 1.000000 0.730392 1.000000 0.352941
2 1.000000 0.740196 0.962418 0.742647 0.946078 0.747549 0.936275 0.757353 0.931373 0.754902 0.924837 0.762255 0.924837 0.769608 0.916667 0.774510 0.888889 0.823529 0.880719 0.852941 0.877451 0.953431 0.885621 1.000000 1.000000 1.000000
