3 0.775168 0.399329 0.766219 0.408277 0.767338 0.428412 0.770694 0.432886 0.790828 0.444072 0.814318 0.445190 0.833333 0.449664 0.842282 0.454139 0.846756 0.460850 0.846756 0.477629 0.840045 0.488814 0.840045 0.495526 0.843400 0.498881 0.856823 0.503356 0.864653 0.516779 0.865772 0.648770 0.869128 0.651007 0.912752 0.647651 0.927293 0.649888 0.936242 0.654362 0.950783 0.655481 0.956376 0.659955 0.958613 0.668904 0.957494 0.713647 0.960850 0.717002 0.966443 0.717002 0.988814 0.710291 0.992170 0.702461 0.993289 0.465324 0.988814 0.453020 0.980984 0.448546 0.966443 0.445190 0.963087 0.441834 0.976510 0.428412 0.975391 0.406040 0.964206 0.398210 0.929530 0.393736 0.810962 0.393736
3 0.838926 0.453020 0.794183 0.445190 0.718121 0.445190 0.659955 0.448546 0.642058 0.454139 0.639821 0.457494 0.638702 0.480984 0.640940 0.484340 0.658837 0.492170 0.696868 0.493289 0.710291 0.500000 0.717002 0.507830 0.718121 0.529083 0.709172 0.538031 0.708054 0.543624 0.730425 0.554810 0.734899 0.562640 0.736018 0.694631 0.748322 0.691275 0.776286 0.670022 0.793065 0.662192 0.810962 0.658837 0.824385 0.653244 0.857942 0.652125 0.861298 0.649888 0.863535 0.624161 0.863535 0.514541 0.856823 0.504474 0.837808 0.498881 0.834452 0.495526 0.836689 0.488814 0.843400 0.483221 0.845638 0.477629 0.845638 0.459732
3 0.514541 0.502237 0.508949 0.512304 0.510067 0.530201 0.529083 0.539150 0.573826 0.543624 0.587248 0.551454 0.589485 0.569351 0.580537 0.585011 0.580537 0.589485 0.600671 0.599553 0.607383 0.610738 0.607383 0.815436 0.612975 0.819911 0.683445 0.818792 0.721477 0.812081 0.718121 0.797539 0.703579 0.779642 0.687919 0.752796 0.695749 0.737136 0.727069 0.708054 0.733781 0.696868 0.734899 0.563758 0.730425 0.554810 0.703579 0.543624 0.703579 0.540268 0.717002 0.531320 0.718121 0.512304 0.714765 0.505593 0.700224 0.496644 0.648770 0.494407 0.554810 0.495526 0.530201 0.497763
3 0.383669 0.549217 0.380313 0.569351 0.384787 0.579418 0.445190 0.587248 0.457494 0.593960 0.460850 0.600671 0.460850 0.616331 0.458613 0.621924 0.453020 0.626398 0.451902 0.631991 0.469799 0.642058 0.476510 0.653244 0.477629 0.861298 0.479866 0.865772 0.546980 0.863535 0.599553 0.855705 0.604027 0.850112 0.605145 0.610738 0.599553 0.600671 0.592841 0.596197 0.579418 0.592841 0.576063 0.588367 0.586130 0.576063 0.586130 0.554810 0.574944 0.546980 0.514541 0.540268 0.406040 0.542506
3 0.256152 0.593960 0.251678 0.602908 0.252796 0.619687 0.269575 0.636465 0.280761 0.640940 0.313199 0.644295 0.327740 0.651007 0.332215 0.657718 0.332215 0.671141 0.324385 0.691275 0.327740 0.694631 0.341163 0.699105 0.350112 0.711409 0.348993 0.893736 0.351230 0.910515 0.368009 0.912752 0.435123 0.908277 0.460850 0.903803 0.472036 0.899329 0.476510 0.889262 0.475391 0.653244 0.468680 0.642058 0.451902 0.635347 0.449664 0.627517 0.459732 0.617450 0.460850 0.606264 0.458613 0.597315 0.450783 0.590604 0.439597 0.587248 0.388143 0.582774 0.282998 0.586130 0.268456 0.588367
3 0.326622 0.651007 0.299776 0.644295 0.250559 0.640940 0.240492 0.643177 0.149888 0.645414 0.134228 0.648770 0.125280 0.654362 0.123043 0.675615 0.135347 0.685682 0.136465 0.691275 0.129754 0.695749 0.111857 0.701342 0.106264 0.710291 0.108501 0.954139 0.114094 0.960850 0.137584 0.966443 0.168904 0.969799 0.268456 0.970917 0.310962 0.967562 0.335570 0.963087 0.345638 0.957494 0.347875 0.941834 0.348993 0.712528 0.342282 0.700224 0.323266 0.694631 0.319911 0.690157 0.321029 0.685682 0.329978 0.677852 0.331096 0.658837
3 0.673378 0.034676 0.668904 0.039150 0.666667 0.046980 0.666667 0.060403 0.668904 0.064877 0.687919 0.078300 0.720358 0.080537 0.739374 0.086130 0.748322 0.096197 0.748322 0.111857 0.741611 0.119687 0.739374 0.127517 0.742729 0.131991 0.756152 0.136465 0.763982 0.144295 0.766219 0.356823 0.780761 0.359060 0.832215 0.355705 0.873602 0.350112 0.889262 0.344519 0.892617 0.335570 0.893736 0.096197 0.888143 0.086130 0.869128 0.080537 0.863535 0.076063 0.876957 0.061521 0.875839 0.040268 0.866890 0.033557 0.859060 0.031320 0.800895 0.027964 0.719239 0.027964 0.682327 0.031320
3 0.546980 0.086130 0.539150 0.095078 0.540268 0.115213 0.559284 0.126398 0.595078 0.128635 0.610738 0.134228 0.617450 0.142058 0.618568 0.159955 0.608501 0.175615 0.610738 0.178971 0.629754 0.186801 0.635347 0.193512 0.637584 0.208054 0.636465 0.402685 0.638702 0.408277 0.709172 0.406040 0.743848 0.401566 0.758389 0.397092 0.762864 0.389262 0.763982 0.146532 0.756152 0.137584 0.739374 0.134228 0.733781 0.128635 0.736018 0.121924 0.746085 0.112975 0.747204 0.099553 0.744966 0.093960 0.728188 0.083893 0.691275 0.079418 0.595078 0.079418 0.563758 0.081655
3 0.417226 0.135347 0.410515 0.142058 0.409396 0.146532 0.411633 0.165548 0.423937 0.171141 0.459732 0.174497 0.480984 0.180089 0.488814 0.190157 0.488814 0.204698 0.478747 0.221477 0.482103 0.227069 0.498881 0.231544 0.506711 0.240492 0.508949 0.252796 0.508949 0.450783 0.512304 0.454139 0.589485 0.453020 0.630872 0.445190 0.634228 0.439597 0.635347 0.196868 0.628635 0.186801 0.610738 0.181208 0.604027 0.175615 0.608501 0.167785 0.616331 0.163311 0.616331 0.143177 0.604027 0.133110 0.565996 0.128635 0.467562 0.128635 0.435123 0.130872
3 0.286353 0.182327 0.281879 0.186801 0.282998 0.211409 0.298658 0.217002 0.338926 0.219239 0.347875 0.221477 0.357942 0.228188 0.361298 0.247204 0.357942 0.256152 0.353468 0.259508 0.352349 0.267338 0.375839 0.280761 0.378076 0.318792 0.376957 0.487696 0.379195 0.497763 0.382550 0.500000 0.406040 0.500000 0.449664 0.495526 0.457494 0.496644 0.498881 0.489933 0.505593 0.480984 0.507830 0.250559 0.505593 0.238255 0.501119 0.233781 0.480984 0.227069 0.476510 0.222595 0.477629 0.215884 0.486577 0.208054 0.486577 0.189038 0.484340 0.185682 0.470917 0.178971 0.425056 0.173378 0.327740 0.174497 0.303132 0.176734
3 0.157718 0.225951 0.153244 0.233781 0.152125 0.248322 0.154362 0.253915 0.164430 0.260626 0.165548 0.271812 0.167785 0.274049 0.210291 0.278523 0.225951 0.282998 0.232662 0.290828 0.232662 0.308725 0.224832 0.319911 0.223714 0.326622 0.240492 0.333333 0.249441 0.341163 0.249441 0.531320 0.251678 0.545861 0.279642 0.546980 0.332215 0.543624 0.372483 0.533557 0.375839 0.530201 0.376957 0.297539 0.374720 0.280761 0.366890 0.275168 0.353468 0.271812 0.347875 0.266219 0.348993 0.260626 0.360179 0.248322 0.360179 0.237136 0.356823 0.229306 0.333333 0.220358 0.291946 0.217002 0.193512 0.219239
3 0.027964 0.286353 0.024609 0.290828 0.023490 0.308725 0.027964 0.315436 0.036913 0.319911 0.036913 0.325503 0.032438 0.329978 0.014541 0.334452 0.008949 0.338926 0.006711 0.345638 0.010067 0.591723 0.016779 0.596197 0.045861 0.601790 0.124161 0.606264 0.201342 0.602908 0.234899 0.597315 0.246085 0.592841 0.248322 0.587248 0.249441 0.549217 0.248322 0.461969 0.250559 0.347875 0.246085 0.337808 0.224832 0.329978 0.219239 0.325503 0.219239 0.322148 0.227069 0.315436 0.230425 0.308725 0.231544 0.295302 0.229306 0.288591 0.222595 0.282998 0.213647 0.280761 0.159955 0.276286 0.061521 0.278523 0.040268 0.280761
