1 0.853077 0.391213 0.830769 0.397490 0.812308 0.406904 0.790769 0.423640 0.773846 0.446653 0.773077 0.450837 0.765385 0.462343 0.749231 0.510460 0.746154 0.528243 0.746923 0.570084 0.750769 0.593096 0.760769 0.624477 0.781538 0.663180 0.806154 0.686192 0.826154 0.696653 0.856154 0.703975 0.881538 0.702929 0.904615 0.694561 0.920000 0.684100 0.933846 0.671548 0.953077 0.647490 0.968462 0.616109 0.970769 0.602510 0.975385 0.592050 0.976923 0.564854 0.978462 0.561715 0.977692 0.525105 0.973077 0.496862 0.966923 0.473849 0.954615 0.455021 0.952308 0.446653 0.936154 0.425732 0.913077 0.407950 0.896154 0.398536 0.876154 0.392259
1 0.649231 0.751046 0.641538 0.773013 0.637692 0.792887 0.634615 0.798117 0.633077 0.815900 0.634615 0.843096 0.640000 0.873431 0.649231 0.899582 0.653846 0.904812 0.659231 0.906904 0.750769 0.906904 0.756154 0.904812 0.779231 0.904812 0.782308 0.906904 0.815385 0.907950 0.850769 0.905858 0.859231 0.881799 0.860000 0.869247 0.862308 0.864017 0.865385 0.843096 0.865385 0.809623 0.859231 0.778243 0.850000 0.752092 0.836154 0.726987 0.826154 0.713389 0.800769 0.689331 0.792308 0.685146 0.787692 0.679916 0.763077 0.672594 0.733077 0.672594 0.708462 0.680962 0.701538 0.688285 0.696923 0.689331 0.693077 0.694561 0.689231 0.695607 0.685385 0.702929 0.680000 0.703975 0.673077 0.710251 0.670769 0.716527 0.665385 0.719665 0.660769 0.726987 0.656154 0.739540
1 0.938462 0.107741 0.923846 0.116109 0.900769 0.135983 0.884615 0.157950 0.866923 0.191423 0.865385 0.199791 0.860000 0.212343 0.855385 0.235356 0.856154 0.271967 0.860000 0.307531 0.862308 0.310669 0.861538 0.317992 0.864615 0.322176 0.866923 0.337866 0.875385 0.358787 0.898462 0.390167 0.908462 0.400628 0.931538 0.415272 0.950000 0.423640 0.968462 0.424686 1.000000 0.419456 1.000000 0.106695 0.986923 0.104603 0.953846 0.104603
1 0.406154 0.776151 0.401538 0.798117 0.399231 0.820084 0.399231 0.854603 0.405385 0.890167 0.408462 0.901674 0.411538 0.905858 0.618462 0.906904 0.621538 0.904812 0.624615 0.897490 0.630000 0.862971 0.630769 0.830544 0.629231 0.809623 0.623846 0.783473 0.610000 0.750000 0.592308 0.723849 0.572308 0.703975 0.549231 0.687238 0.528462 0.683054 0.498462 0.683054 0.480769 0.687238 0.455385 0.699791 0.450000 0.709205 0.440000 0.717573 0.420769 0.743724 0.420769 0.746862 0.415385 0.752092 0.413077 0.762552
1 0.038462 0.109833 0.000000 0.118201 0.000000 0.414226 0.022308 0.421548 0.048462 0.423640 0.060769 0.421548 0.091538 0.407950 0.113846 0.391213 0.123077 0.379707 0.127692 0.376569 0.138462 0.374477 0.153077 0.360879 0.156923 0.349372 0.154615 0.338912 0.155385 0.244770 0.153077 0.222803 0.142308 0.189331 0.133846 0.172594 0.115385 0.145397 0.083077 0.118201 0.062308 0.110879
1 0.264615 0.121339 0.244615 0.124477 0.236923 0.127615 0.231538 0.132845 0.221538 0.134937 0.204615 0.147490 0.188462 0.167364 0.173846 0.190377 0.170000 0.207113 0.164615 0.218619 0.157692 0.251046 0.156923 0.280335 0.160000 0.310669 0.166923 0.343096 0.180769 0.372385 0.197692 0.395397 0.213077 0.413180 0.232308 0.427824 0.260000 0.433054 0.276923 0.433054 0.313077 0.424686 0.333846 0.413180 0.342308 0.404812 0.366923 0.366109 0.377692 0.339958 0.384615 0.307531 0.386154 0.271967 0.382308 0.237448 0.373077 0.203975 0.358462 0.176778 0.340769 0.152720 0.318462 0.134937 0.300000 0.125523 0.280000 0.121339
1 0.148462 0.396444 0.127692 0.400628 0.110769 0.406904 0.097692 0.415272 0.079231 0.433054 0.063077 0.455021 0.055385 0.468619 0.046154 0.495816 0.040000 0.537657 0.040000 0.573222 0.042308 0.593096 0.052308 0.629707 0.062308 0.649582 0.077692 0.672594 0.103077 0.694561 0.117692 0.702929 0.138462 0.709205 0.162308 0.710251 0.183846 0.705021 0.203077 0.695607 0.226154 0.678870 0.243846 0.654812 0.257692 0.626569 0.266923 0.593096 0.270769 0.566946 0.270769 0.541841 0.266923 0.512552 0.257692 0.481172 0.250000 0.463389 0.236154 0.444561 0.232308 0.436192 0.217692 0.421548 0.197692 0.407950 0.170769 0.397490
1 0.173077 0.765690 0.164615 0.805439 0.164615 0.847280 0.172308 0.884937 0.176923 0.899582 0.180769 0.905858 0.272308 0.905858 0.284615 0.907950 0.376923 0.906904 0.382308 0.902720 0.390000 0.880753 0.396923 0.843096 0.398462 0.785565 0.389231 0.756276 0.383077 0.747908 0.372308 0.725941 0.361538 0.712343 0.309231 0.674686 0.272308 0.670502 0.254615 0.674686 0.246154 0.673640 0.236154 0.677824 0.221538 0.689331 0.196154 0.719665
1 0.376923 0.400628 0.352308 0.407950 0.329231 0.422594 0.314615 0.438285 0.297692 0.463389 0.290000 0.479079 0.280000 0.509414 0.275385 0.548117 0.276154 0.576360 0.282308 0.610879 0.290000 0.633891 0.297692 0.649582 0.314615 0.672594 0.343846 0.695607 0.365385 0.707113 0.379231 0.710251 0.401538 0.710251 0.428462 0.702929 0.453846 0.685146 0.474615 0.661088 0.483846 0.646444 0.499231 0.607741 0.503846 0.584728 0.506154 0.551255 0.501538 0.512552 0.490769 0.480126 0.482308 0.461297 0.460000 0.429916 0.450000 0.421548 0.424615 0.406904 0.404615 0.401674
1 0.470000 0.124477 0.454615 0.132845 0.438462 0.145397 0.421538 0.166318 0.407692 0.190377 0.397692 0.219665 0.390769 0.252092 0.390769 0.307531 0.403077 0.350418 0.414615 0.373431 0.440000 0.404812 0.459231 0.420502 0.493846 0.430962 0.530000 0.429916 0.553846 0.421548 0.574615 0.404812 0.586154 0.390167 0.607692 0.352510 0.616154 0.327406 0.618462 0.305439 0.621538 0.296025 0.622308 0.275105 0.620000 0.246862 0.611538 0.211297 0.603846 0.190377 0.593077 0.170502 0.576154 0.149582 0.554615 0.132845 0.533077 0.122385 0.514615 0.118201 0.491538 0.119247
1 0.725385 0.122385 0.703846 0.128661 0.689231 0.137029 0.673077 0.150628 0.657692 0.168410 0.641538 0.194561 0.633077 0.218619 0.627692 0.243724 0.625385 0.265690 0.625385 0.300209 0.633846 0.337866 0.640769 0.355649 0.656923 0.383891 0.672308 0.402720 0.696154 0.420502 0.723846 0.430962 0.749231 0.432008 0.780000 0.422594 0.792308 0.414226 0.810769 0.397490 0.830000 0.372385 0.843846 0.342050 0.844615 0.298117 0.850000 0.292887 0.852308 0.281381 0.851538 0.243724 0.844615 0.213389 0.838462 0.196653 0.826923 0.175732 0.805385 0.149582 0.786154 0.134937 0.769231 0.126569 0.753077 0.122385
1 0.626154 0.395397 0.602308 0.398536 0.579231 0.407950 0.556154 0.426778 0.546154 0.438285 0.532308 0.460251 0.530769 0.466527 0.523846 0.478033 0.516154 0.502092 0.511538 0.527197 0.509231 0.565900 0.512308 0.594142 0.524615 0.634937 0.533846 0.654812 0.538462 0.658996 0.539231 0.663180 0.554615 0.685146 0.571538 0.698745 0.596154 0.711297 0.615385 0.716527 0.632308 0.717573 0.654615 0.713389 0.669231 0.707113 0.684615 0.695607 0.689231 0.689331 0.700769 0.682008 0.710769 0.670502 0.725385 0.645397 0.735385 0.623431 0.742308 0.592050 0.743846 0.559623 0.741538 0.520921 0.733846 0.487448 0.725385 0.467573 0.710769 0.443515 0.694615 0.424686 0.675385 0.410042 0.653077 0.399582
