2 0.000000 0.021505 0.000000 0.200717 0.026250 0.249104 0.058750 0.281362 0.083750 0.295699 0.103750 0.301075 0.135000 0.301075 0.161250 0.295699 0.181250 0.286738 0.201250 0.267025 0.207500 0.270609 0.205000 0.263441 0.223750 0.240143 0.227500 0.225806 0.236250 0.213262 0.246250 0.172043 0.248750 0.139785 0.248750 0.098566 0.243750 0.055556 0.236250 0.028674 0.222500 0.000000 0.015000 0.000000
2 0.273750 0.016129 0.258750 0.057348 0.251250 0.111111 0.253750 0.163082 0.270000 0.222222 0.281250 0.245520 0.305000 0.277778 0.328750 0.297491 0.350000 0.308244 0.397500 0.311828 0.431250 0.299283 0.448750 0.286738 0.466250 0.268817 0.487500 0.234767 0.500000 0.202509 0.507500 0.168459 0.508750 0.102151 0.506250 0.077061 0.491250 0.025090 0.477500 0.000000 0.283750 0.000000
2 0.086250 0.308244 0.057500 0.320789 0.038750 0.336918 0.008750 0.376344 0.000000 0.399642 0.000000 0.582437 0.025000 0.627240 0.040000 0.645161 0.063750 0.663082 0.101250 0.673835 0.146250 0.670251 0.162500 0.663082 0.190000 0.641577 0.225000 0.591398 0.236250 0.559140 0.241250 0.532258 0.241250 0.435484 0.226250 0.387097 0.210000 0.358423 0.195000 0.340502 0.170000 0.322581 0.142500 0.310036 0.122500 0.306452
2 0.358750 0.315412 0.338750 0.320789 0.313750 0.335125 0.290000 0.358423 0.273750 0.383513 0.260000 0.413978 0.251250 0.442652 0.246250 0.498208 0.247500 0.530466 0.251250 0.557348 0.262500 0.593190 0.275000 0.620072 0.291250 0.643369 0.313750 0.664875 0.333750 0.677419 0.363750 0.686380 0.390000 0.686380 0.421250 0.675627 0.445000 0.657706 0.460000 0.641577 0.482500 0.605735 0.491250 0.586022 0.500000 0.553763 0.503750 0.501792 0.502500 0.464158 0.496250 0.430108 0.478750 0.387097 0.461250 0.360215 0.446250 0.344086 0.408750 0.320789 0.386250 0.315412
2 0.000000 0.727599 0.000000 1.000000 0.177500 0.998208 0.196250 0.969534 0.210000 0.935484 0.218750 0.883513 0.218750 0.808244 0.216250 0.792115 0.203750 0.756272 0.188750 0.729391 0.172500 0.709677 0.138750 0.686380 0.087500 0.677419 0.065000 0.679211 0.042500 0.688172 0.023750 0.702509
2 0.267500 0.729391 0.240000 0.775986 0.227500 0.817204 0.223750 0.840502 0.222500 0.890681 0.227500 0.931900 0.236250 0.960573 0.251250 0.992832 0.257500 1.000000 0.443750 0.998208 0.460000 0.969534 0.471250 0.937276 0.477500 0.897849 0.476250 0.824373 0.467500 0.786738 0.451250 0.749104 0.436250 0.729391 0.408750 0.706093 0.391250 0.697133 0.353750 0.688172 0.325000 0.688172 0.313750 0.691756 0.291250 0.706093
2 0.525000 0.725806 0.502500 0.767025 0.493750 0.793907 0.485000 0.838710 0.485000 0.906810 0.488750 0.935484 0.508750 0.992832 0.513750 1.000000 0.703750 1.000000 0.718750 0.976703 0.733750 0.928315 0.737500 0.872760 0.732500 0.820789 0.725000 0.797491 0.720000 0.792115 0.717500 0.775986 0.676250 0.720430 0.646250 0.702509 0.597500 0.691756 0.563750 0.695341 0.540000 0.709677
2 0.601250 0.327957 0.572500 0.344086 0.556250 0.360215 0.538750 0.383513 0.523750 0.413978 0.515000 0.439068 0.508750 0.478495 0.507500 0.514337 0.511250 0.559140 0.518750 0.589606 0.532500 0.621864 0.546250 0.643369 0.567500 0.666667 0.591250 0.682796 0.620000 0.691756 0.652500 0.691756 0.670000 0.686380 0.695000 0.672043 0.716250 0.652330 0.733750 0.629032 0.748750 0.598566 0.757500 0.571685 0.763750 0.537634 0.763750 0.480287 0.757500 0.439068 0.750000 0.415771 0.732500 0.381720 0.698750 0.344086 0.675000 0.329749 0.653750 0.324373
2 0.550000 0.000000 0.538750 0.017921 0.523750 0.055556 0.516250 0.086022 0.513750 0.132616 0.516250 0.181004 0.520000 0.198925 0.540000 0.254480 0.557500 0.279570 0.573750 0.295699 0.595000 0.310036 0.622500 0.318996 0.651250 0.318996 0.678750 0.311828 0.721250 0.281362 0.737500 0.258065 0.757500 0.218638 0.768750 0.175627 0.772500 0.139785 0.767500 0.075269 0.757500 0.041219 0.741250 0.007168 0.735000 0.000000
2 0.790000 0.037634 0.780000 0.069892 0.776250 0.102151 0.775000 0.222222 0.777500 0.240143 0.786250 0.265233 0.797500 0.284946 0.813750 0.301075 0.841250 0.315412 0.857500 0.318996 0.908750 0.318996 0.928750 0.315412 0.957500 0.301075 0.975000 0.288530 1.000000 0.259857 1.000000 0.000000 0.811250 0.000000
2 0.881250 0.322581 0.852500 0.329749 0.821250 0.349462 0.805000 0.365591 0.783750 0.399642 0.770000 0.465950 0.771250 0.548387 0.773750 0.571685 0.782500 0.603943 0.788750 0.618280 0.811250 0.648746 0.837500 0.672043 0.858750 0.684588 0.887500 0.691756 0.910000 0.691756 0.937500 0.682796 0.958750 0.670251 0.975000 0.655914 1.000000 0.620072 1.000000 0.388889 0.975000 0.356631 0.941250 0.331541 0.916250 0.322581
2 0.758750 0.754480 0.755000 0.763441 0.756250 0.767025 0.750000 0.777778 0.741250 0.831541 0.742500 0.905018 0.751250 0.955197 0.771250 1.000000 0.966250 1.000000 0.983750 0.967742 0.992500 0.937276 1.000000 0.872760 0.996250 0.835125 0.983750 0.790323 0.968750 0.759857 0.936250 0.720430 0.907500 0.702509 0.862500 0.689964 0.835000 0.688172 0.821250 0.693548 0.816250 0.700717 0.805000 0.700717 0.802500 0.706093 0.798750 0.706093 0.786250 0.727599 0.777500 0.731183 0.776250 0.738351
