3 0.024719 0.036000 0.015730 0.056000 0.015730 0.080000 0.020225 0.088000 0.022472 0.222000 0.026966 0.230000 0.042697 0.240000 0.067416 0.246000 0.137079 0.246000 0.166292 0.238000 0.179775 0.224000 0.179775 0.094000 0.184270 0.066000 0.177528 0.040000 0.161798 0.032000 0.128090 0.026000 0.065169 0.026000
3 0.215730 0.040000 0.208989 0.048000 0.206742 0.068000 0.211236 0.092000 0.211236 0.216000 0.215730 0.232000 0.224719 0.240000 0.256180 0.250000 0.330337 0.250000 0.359551 0.240000 0.370787 0.226000 0.373034 0.064000 0.368539 0.046000 0.357303 0.038000 0.316854 0.030000 0.258427 0.030000
3 0.402247 0.040000 0.395506 0.052000 0.393258 0.078000 0.400000 0.116000 0.400000 0.222000 0.406742 0.236000 0.442697 0.250000 0.516854 0.250000 0.548315 0.240000 0.559551 0.222000 0.557303 0.112000 0.561798 0.070000 0.555056 0.044000 0.532584 0.034000 0.501124 0.030000 0.444944 0.030000
3 0.602247 0.040000 0.595506 0.048000 0.593258 0.066000 0.602247 0.232000 0.615730 0.242000 0.647191 0.250000 0.714607 0.250000 0.741573 0.242000 0.757303 0.224000 0.759551 0.068000 0.755056 0.048000 0.737079 0.036000 0.696629 0.030000 0.629213 0.032000
3 0.797753 0.040000 0.786517 0.050000 0.782022 0.086000 0.788764 0.096000 0.788764 0.222000 0.793258 0.236000 0.811236 0.248000 0.842697 0.254000 0.894382 0.254000 0.928090 0.248000 0.946067 0.234000 0.948315 0.226000 0.946067 0.122000 0.950562 0.068000 0.943820 0.048000 0.914607 0.036000 0.878652 0.032000 0.824719 0.034000
3 0.031461 0.284000 0.024719 0.296000 0.022472 0.324000 0.026966 0.330000 0.029213 0.468000 0.033708 0.478000 0.047191 0.486000 0.087640 0.494000 0.150562 0.492000 0.175281 0.484000 0.186517 0.470000 0.188764 0.310000 0.184270 0.290000 0.161798 0.278000 0.128090 0.274000 0.078652 0.274000
3 0.231461 0.282000 0.217978 0.292000 0.213483 0.314000 0.217978 0.338000 0.217978 0.454000 0.224719 0.482000 0.258427 0.496000 0.328090 0.498000 0.364045 0.488000 0.377528 0.472000 0.379775 0.312000 0.375281 0.294000 0.361798 0.284000 0.334831 0.278000 0.283146 0.276000
3 0.415730 0.284000 0.404494 0.294000 0.400000 0.320000 0.406742 0.340000 0.406742 0.454000 0.411236 0.478000 0.438202 0.492000 0.476404 0.496000 0.528090 0.494000 0.550562 0.488000 0.561798 0.478000 0.566292 0.452000 0.564045 0.338000 0.568539 0.310000 0.561798 0.290000 0.546067 0.282000 0.505618 0.276000 0.460674 0.276000
3 0.617978 0.282000 0.602247 0.294000 0.597753 0.320000 0.604494 0.342000 0.604494 0.460000 0.608989 0.480000 0.629213 0.492000 0.662921 0.498000 0.725843 0.496000 0.746067 0.490000 0.764045 0.472000 0.766292 0.308000 0.761798 0.292000 0.746067 0.282000 0.705618 0.276000 0.653933 0.276000
3 0.797753 0.292000 0.791011 0.312000 0.791011 0.336000 0.795506 0.346000 0.795506 0.474000 0.800000 0.484000 0.820225 0.496000 0.853933 0.502000 0.916854 0.500000 0.943820 0.490000 0.952809 0.480000 0.955056 0.468000 0.952809 0.362000 0.957303 0.318000 0.952809 0.298000 0.932584 0.286000 0.894382 0.280000 0.826966 0.282000
3 0.031461 0.534000 0.024719 0.572000 0.029213 0.580000 0.031461 0.716000 0.035955 0.726000 0.053933 0.736000 0.083146 0.742000 0.139326 0.742000 0.175281 0.734000 0.188764 0.720000 0.191011 0.548000 0.186517 0.538000 0.161798 0.526000 0.128090 0.522000 0.078652 0.522000
3 0.231461 0.532000 0.220225 0.540000 0.215730 0.566000 0.220225 0.584000 0.220225 0.698000 0.224719 0.728000 0.240449 0.738000 0.280899 0.746000 0.330337 0.746000 0.370787 0.734000 0.379775 0.720000 0.382022 0.554000 0.377528 0.542000 0.366292 0.532000 0.330337 0.526000 0.265169 0.526000
3 0.415730 0.534000 0.406742 0.542000 0.404494 0.562000 0.408989 0.588000 0.411236 0.726000 0.433708 0.740000 0.467416 0.746000 0.519101 0.746000 0.555056 0.736000 0.568539 0.718000 0.566292 0.604000 0.570787 0.562000 0.566292 0.542000 0.552809 0.532000 0.516854 0.526000 0.453933 0.526000
3 0.611236 0.536000 0.602247 0.564000 0.602247 0.578000 0.606742 0.580000 0.608989 0.724000 0.626966 0.738000 0.665169 0.746000 0.714607 0.746000 0.748315 0.738000 0.766292 0.720000 0.768539 0.560000 0.764045 0.542000 0.750562 0.532000 0.705618 0.526000 0.656180 0.526000
3 0.813483 0.534000 0.797753 0.544000 0.793258 0.562000 0.797753 0.590000 0.797753 0.720000 0.802247 0.732000 0.817978 0.742000 0.849438 0.750000 0.910112 0.750000 0.943820 0.740000 0.957303 0.720000 0.955056 0.614000 0.959551 0.562000 0.955056 0.546000 0.941573 0.536000 0.898876 0.528000 0.851685 0.528000
3 0.044944 0.770000 0.031461 0.780000 0.029213 0.792000 0.033708 0.956000 0.038202 0.966000 0.058427 0.978000 0.089888 0.984000 0.139326 0.984000 0.179775 0.974000 0.193258 0.954000 0.191011 0.830000 0.195506 0.808000 0.191011 0.780000 0.175281 0.770000 0.132584 0.762000 0.087640 0.762000
3 0.229213 0.776000 0.220225 0.788000 0.217978 0.808000 0.222472 0.828000 0.222472 0.936000 0.226966 0.968000 0.249438 0.982000 0.269663 0.986000 0.339326 0.986000 0.361798 0.982000 0.375281 0.974000 0.384270 0.952000 0.382022 0.784000 0.361798 0.772000 0.330337 0.766000 0.274157 0.766000
3 0.420225 0.774000 0.406742 0.792000 0.406742 0.822000 0.411236 0.828000 0.411236 0.952000 0.415730 0.968000 0.431461 0.980000 0.458427 0.986000 0.528090 0.986000 0.552809 0.980000 0.570787 0.962000 0.573034 0.794000 0.568539 0.782000 0.557303 0.774000 0.519101 0.766000 0.460674 0.766000
3 0.615730 0.776000 0.608989 0.782000 0.604494 0.806000 0.608989 0.828000 0.613483 0.968000 0.622472 0.976000 0.653933 0.986000 0.728090 0.986000 0.750562 0.980000 0.768539 0.964000 0.768539 0.828000 0.773034 0.810000 0.766292 0.782000 0.739326 0.770000 0.710112 0.766000 0.658427 0.766000
3 0.806742 0.780000 0.797753 0.790000 0.795506 0.808000 0.800000 0.838000 0.800000 0.956000 0.804494 0.972000 0.822472 0.984000 0.856180 0.990000 0.910112 0.990000 0.943820 0.982000 0.959551 0.964000 0.959551 0.790000 0.946067 0.778000 0.910112 0.770000 0.844944 0.770000
