0 0.476923 0.328571 0.453846 0.335714 0.415385 0.371429 0.392308 0.428571 0.389744 0.489286 0.402564 0.546429 0.423077 0.578571 0.458974 0.603571 0.497436 0.610714 0.533333 0.600000 0.569231 0.560714 0.592308 0.500000 0.592308 0.453571 0.584615 0.410714 0.561538 0.364286 0.530769 0.335714
0 0.102564 0.185714 0.069231 0.210714 0.038462 0.264286 0.035897 0.335714 0.041026 0.364286 0.061538 0.414286 0.089744 0.450000 0.117949 0.464286 0.174359 0.460714 0.205128 0.435714 0.233333 0.392857 0.246154 0.335714 0.241026 0.278571 0.220513 0.228571 0.179487 0.185714 0.158974 0.178571
0 0.074359 0.475000 0.041026 0.485714 0.000000 0.521429 0.000000 0.564286 0.005128 0.567857 0.000000 0.575000 0.000000 0.717857 0.023077 0.746429 0.041026 0.757143 0.089744 0.764286 0.128205 0.750000 0.164103 0.703571 0.179487 0.664286 0.182051 0.589286 0.174359 0.557143 0.141026 0.507143 0.110256 0.482143
0 0.258974 0.403571 0.217949 0.435714 0.194872 0.475000 0.184615 0.521429 0.187179 0.567857 0.210256 0.639286 0.243590 0.675000 0.261538 0.682143 0.320513 0.678571 0.343590 0.664286 0.382051 0.607143 0.389744 0.578571 0.387179 0.510714 0.376923 0.475000 0.346154 0.425000 0.294872 0.400000
0 0.125641 0.771429 0.117949 0.792857 0.115385 0.860714 0.117949 0.885714 0.133333 0.925000 0.282051 0.928571 0.297436 0.925000 0.315385 0.889286 0.320513 0.867857 0.320513 0.807143 0.312821 0.775000 0.289744 0.732143 0.243590 0.700000 0.194872 0.700000 0.164103 0.721429
0 0.400000 0.639286 0.371795 0.657143 0.343590 0.696429 0.328205 0.750000 0.328205 0.803571 0.343590 0.857143 0.369231 0.892857 0.417949 0.914286 0.451282 0.914286 0.489744 0.892857 0.510256 0.864286 0.530769 0.810714 0.530769 0.750000 0.505128 0.682143 0.482051 0.653571 0.458974 0.639286
0 0.097436 0.042857 0.112821 0.103571 0.138462 0.142857 0.174359 0.164286 0.215385 0.167857 0.253846 0.150000 0.276923 0.121429 0.287179 0.067857 0.297436 0.046429 0.300000 0.000000 0.102564 0.000000
0 0.315385 0.107143 0.289744 0.128571 0.251282 0.189286 0.246154 0.239286 0.251282 0.296429 0.266667 0.335714 0.312821 0.382143 0.366667 0.389286 0.397436 0.378571 0.428205 0.346429 0.448718 0.296429 0.453846 0.264286 0.448718 0.196429 0.438462 0.167857 0.412821 0.132143 0.387179 0.110714 0.369231 0.103571
0 0.541026 0.039286 0.502564 0.057143 0.474359 0.092857 0.458974 0.142857 0.458974 0.207143 0.471795 0.260714 0.500000 0.303571 0.528205 0.321429 0.574359 0.325000 0.615385 0.300000 0.648718 0.250000 0.658974 0.196429 0.656410 0.139286 0.646154 0.103571 0.617949 0.064286 0.571795 0.039286
0 0.633333 0.557143 0.594872 0.571429 0.551282 0.625000 0.541026 0.650000 0.535897 0.703571 0.541026 0.746429 0.574359 0.807143 0.602564 0.828571 0.648718 0.835714 0.692308 0.814286 0.725641 0.764286 0.738462 0.717857 0.738462 0.667857 0.725641 0.625000 0.702564 0.585714 0.671795 0.564286
0 0.692308 0.260714 0.648718 0.285714 0.623077 0.321429 0.607692 0.371429 0.607692 0.425000 0.623077 0.482143 0.648718 0.521429 0.671795 0.539286 0.725641 0.542857 0.748718 0.532143 0.787179 0.485714 0.802564 0.439286 0.805128 0.403571 0.789744 0.328571 0.771795 0.292857 0.733333 0.264286
0 0.689744 0.035714 0.679487 0.075000 0.676923 0.157143 0.715385 0.239286 0.756410 0.250000 0.802564 0.250000 0.825641 0.235714 0.858974 0.200000 0.876923 0.160714 0.882051 0.078571 0.876923 0.046429 0.856410 0.007143 0.846154 0.000000 0.712821 0.000000
0 0.928205 0.189286 0.889744 0.196429 0.843590 0.232143 0.810256 0.285714 0.805128 0.314286 0.815385 0.389286 0.835897 0.432143 0.866667 0.464286 0.907692 0.478571 0.935897 0.475000 0.989744 0.439286 1.000000 0.425000 1.000000 0.246429 0.976923 0.214286
0 0.876923 0.485714 0.830769 0.485714 0.797436 0.503571 0.764103 0.542857 0.746154 0.592857 0.748718 0.646429 0.766667 0.703571 0.792308 0.739286 0.838462 0.764286 0.879487 0.757143 0.905128 0.739286 0.930769 0.703571 0.943590 0.657143 0.946154 0.603571 0.933333 0.539286 0.905128 0.500000
0 0.702564 0.857143 0.700000 0.921429 0.705128 0.928571 0.887179 0.928571 0.897436 0.921429 0.889744 0.853571 0.874359 0.817857 0.841026 0.782143 0.810256 0.767857 0.766667 0.771429 0.735897 0.792857 0.712821 0.825000
