0 0.533846 0.692469 0.517692 0.719665 0.514615 0.732218 0.508462 0.744770 0.502308 0.781381 0.503846 0.812762 0.510000 0.842050 0.517692 0.864017 0.531538 0.889121 0.547692 0.903766 0.557692 0.905858 0.658462 0.906904 0.665385 0.904812 0.673077 0.898536 0.693846 0.862971 0.701538 0.842050 0.706154 0.815900 0.706154 0.778243 0.702308 0.755230 0.696923 0.746862 0.686923 0.738494 0.683077 0.716527 0.675385 0.700837 0.638462 0.660042 0.627692 0.654812 0.612308 0.652720 0.595385 0.652720 0.572308 0.658996 0.563077 0.665272 0.550769 0.679916 0.548462 0.679916
0 0.450000 0.422594 0.437692 0.438285 0.416923 0.470711 0.406154 0.494770 0.401538 0.529289 0.403077 0.571130 0.407692 0.596234 0.414615 0.616109 0.432308 0.649582 0.453846 0.670502 0.471538 0.683054 0.478462 0.686192 0.512308 0.688285 0.533846 0.684100 0.545385 0.677824 0.561538 0.664226 0.578462 0.645397 0.589231 0.623431 0.602308 0.583682 0.605385 0.560669 0.604615 0.541841 0.597692 0.495816 0.592308 0.478033 0.584615 0.462343 0.560000 0.432008 0.550769 0.423640 0.542308 0.421548 0.530000 0.414226 0.500769 0.411088 0.477692 0.414226
0 0.345385 0.661088 0.329231 0.676778 0.314615 0.696653 0.306923 0.712343 0.298462 0.740586 0.296154 0.767782 0.296154 0.812762 0.305385 0.850418 0.313077 0.866109 0.328462 0.889121 0.336154 0.897490 0.348462 0.904812 0.363077 0.906904 0.423077 0.906904 0.440769 0.904812 0.453077 0.897490 0.476154 0.868201 0.484615 0.849372 0.496154 0.809623 0.498462 0.791841 0.498462 0.758368 0.489231 0.721757 0.475385 0.694561 0.453846 0.676778 0.444615 0.665272 0.426154 0.650628 0.408462 0.646444 0.383077 0.646444 0.366154 0.649582
0 0.239231 0.702929 0.217692 0.677824 0.210000 0.671548 0.187692 0.660042 0.176923 0.656904 0.142308 0.656904 0.119231 0.665272 0.103077 0.675732 0.083077 0.702929 0.078462 0.720711 0.076154 0.740586 0.065385 0.745816 0.060000 0.753138 0.056154 0.762552 0.053846 0.779289 0.053846 0.812762 0.056154 0.832636 0.077692 0.900628 0.080769 0.904812 0.086154 0.906904 0.222308 0.905858 0.231538 0.898536 0.248462 0.870293 0.256923 0.850418 0.256923 0.846234 0.263846 0.826360 0.266923 0.797071 0.266154 0.775105 0.263077 0.755230 0.253077 0.725941
0 0.280769 0.401674 0.267692 0.403766 0.250769 0.411088 0.228462 0.429916 0.212308 0.449791 0.198462 0.479079 0.194615 0.492678 0.191538 0.515690 0.190000 0.548117 0.194615 0.581590 0.203846 0.608787 0.215385 0.629707 0.230000 0.647490 0.250000 0.663180 0.260000 0.668410 0.271538 0.671548 0.296154 0.671548 0.317692 0.667364 0.342308 0.655858 0.350769 0.648536 0.368462 0.624477 0.374615 0.608787 0.375385 0.587866 0.384615 0.553347 0.386154 0.518828 0.381538 0.481172 0.377692 0.472803 0.376923 0.466527 0.366154 0.445607 0.356923 0.434100 0.336154 0.415272 0.318462 0.405858 0.300000 0.401674
0 0.107692 0.390167 0.089231 0.390167 0.062308 0.395397 0.040769 0.408996 0.024615 0.427824 0.022308 0.435146 0.016154 0.443515 0.013077 0.455021 0.008462 0.462343 0.002308 0.487448 0.000000 0.488494 0.000000 0.580544 0.003846 0.584728 0.004615 0.592050 0.013077 0.607741 0.017692 0.610879 0.025385 0.622385 0.040000 0.633891 0.073077 0.648536 0.096154 0.649582 0.108462 0.647490 0.116923 0.642259 0.128462 0.639121 0.143846 0.628661 0.151538 0.617155 0.161538 0.607741 0.161538 0.603556 0.167692 0.588912 0.177692 0.577406 0.183077 0.561715 0.186154 0.544979 0.189231 0.495816 0.187692 0.480126 0.178462 0.450837 0.171538 0.438285 0.154615 0.415272 0.123077 0.394351
0 0.207692 0.000000 0.207692 0.004184 0.201538 0.016736 0.195385 0.043933 0.195385 0.093096 0.203077 0.123431 0.210000 0.133891 0.213077 0.134937 0.211538 0.137029 0.212308 0.146444 0.221538 0.162134 0.243846 0.186192 0.274615 0.202929 0.303077 0.205021 0.317692 0.201883 0.333077 0.194561 0.356154 0.175732 0.373077 0.151674 0.382308 0.132845 0.391538 0.100418 0.392308 0.059623 0.390769 0.031381 0.383077 0.008368 0.377692 0.000000
0 0.186923 0.156904 0.158462 0.166318 0.148462 0.173640 0.126923 0.197699 0.110769 0.222803 0.100769 0.257322 0.097692 0.281381 0.097692 0.299163 0.103846 0.338912 0.117692 0.373431 0.126923 0.390167 0.142308 0.403766 0.166923 0.420502 0.186923 0.425732 0.203846 0.425732 0.225385 0.420502 0.242308 0.411088 0.256923 0.396444 0.272308 0.375523 0.280769 0.357741 0.290000 0.320084 0.293846 0.284519 0.293846 0.262552 0.287692 0.236402 0.283077 0.229079 0.280769 0.220711 0.270769 0.208159 0.249231 0.194561 0.228462 0.175732 0.213846 0.158996 0.209231 0.156904
0 0.000000 0.000000 0.000000 0.186192 0.006154 0.189331 0.017692 0.201883 0.041538 0.215481 0.062308 0.219665 0.085385 0.218619 0.096154 0.214435 0.123077 0.196653 0.139231 0.178870 0.156154 0.154812 0.163846 0.139121 0.167692 0.121339 0.170000 0.089958 0.169231 0.072176 0.162308 0.039749 0.148462 0.014644 0.136923 0.000000
0 0.626154 0.008368 0.620769 0.032427 0.616154 0.066946 0.616154 0.092050 0.621538 0.123431 0.624615 0.129707 0.626154 0.139121 0.640769 0.163180 0.658462 0.186192 0.680000 0.202929 0.691538 0.208159 0.706154 0.211297 0.734615 0.210251 0.749231 0.207113 0.774615 0.190377 0.792308 0.172594 0.806154 0.152720 0.819231 0.121339 0.825385 0.086820 0.825385 0.052301 0.820000 0.017782 0.811538 0.000000 0.630769 0.000000
0 0.406923 0.010460 0.398462 0.047071 0.398462 0.095188 0.405385 0.130753 0.413846 0.153766 0.422308 0.169456 0.440769 0.192469 0.464615 0.211297 0.479231 0.218619 0.491538 0.221757 0.518462 0.221757 0.536923 0.215481 0.559231 0.201883 0.575385 0.185146 0.589231 0.163180 0.599231 0.139121 0.608462 0.103556 0.608462 0.057531 0.601538 0.025105 0.593846 0.008368 0.587692 0.000000 0.412308 0.000000
0 0.835385 0.006276 0.827692 0.026151 0.826923 0.117155 0.827692 0.123431 0.836154 0.146444 0.853077 0.171548 0.890769 0.201883 0.900769 0.208159 0.913077 0.212343 0.940769 0.212343 0.952308 0.208159 0.980769 0.191423 1.000000 0.172594 1.000000 0.000000 0.839231 0.000000
0 0.806154 0.174686 0.791538 0.179916 0.775385 0.192469 0.752308 0.214435 0.736154 0.236402 0.727692 0.257322 0.724615 0.274059 0.720000 0.287657 0.718462 0.342050 0.726154 0.371339 0.731538 0.383891 0.743077 0.403766 0.760000 0.425732 0.796154 0.452929 0.820769 0.458159 0.839231 0.457113 0.856923 0.451883 0.873077 0.442469 0.903846 0.407950 0.922308 0.373431 0.928462 0.346234 0.928462 0.292887 0.920769 0.256276 0.906154 0.224895 0.890000 0.205021 0.866154 0.185146 0.849231 0.176778 0.838462 0.174686
0 0.596154 0.169456 0.587692 0.172594 0.562308 0.201883 0.551538 0.210251 0.531538 0.220711 0.523846 0.230126 0.515385 0.248954 0.508462 0.276151 0.506923 0.290795 0.507692 0.325314 0.510000 0.342050 0.516923 0.367155 0.533077 0.398536 0.548462 0.417364 0.572308 0.435146 0.580000 0.438285 0.604615 0.443515 0.621538 0.442469 0.643077 0.436192 0.657692 0.427824 0.673846 0.413180 0.691538 0.389121 0.701538 0.366109 0.707692 0.341004 0.710000 0.320084 0.710000 0.293933 0.704615 0.263598 0.700000 0.247908 0.689231 0.222803 0.677692 0.206067 0.670769 0.201883 0.646923 0.178870 0.636923 0.172594 0.622308 0.169456
0 0.387692 0.164226 0.369231 0.169456 0.353846 0.180962 0.327692 0.203975 0.316923 0.219665 0.304615 0.252092 0.302308 0.264644 0.301538 0.300209 0.303077 0.325314 0.306154 0.345188 0.318462 0.376569 0.328462 0.394351 0.346154 0.416318 0.366154 0.428870 0.377692 0.433054 0.413077 0.434100 0.431538 0.427824 0.453846 0.412134 0.466923 0.398536 0.478462 0.380753 0.486154 0.365063 0.492308 0.342050 0.496154 0.319038 0.495385 0.285565 0.489231 0.247908 0.483846 0.232218 0.476923 0.221757 0.447692 0.202929 0.430769 0.186192 0.420000 0.170502 0.413077 0.165272
0 0.690769 0.426778 0.672308 0.438285 0.641538 0.469665 0.626154 0.494770 0.616154 0.531381 0.613077 0.558577 0.618462 0.583682 0.618462 0.597280 0.620769 0.609833 0.626923 0.629707 0.640000 0.654812 0.664615 0.683054 0.685385 0.697699 0.702308 0.698745 0.705385 0.695607 0.716923 0.699791 0.753846 0.697699 0.778462 0.679916 0.793846 0.663180 0.803846 0.647490 0.813077 0.625523 0.820769 0.601464 0.824615 0.576360 0.824615 0.551255 0.819231 0.518828 0.814615 0.508368 0.810769 0.492678 0.796923 0.464435 0.786923 0.451883 0.772308 0.438285 0.756154 0.428870 0.739231 0.423640 0.707692 0.422594
0 0.954615 0.432008 0.923846 0.434100 0.919231 0.437238 0.907692 0.439331 0.876154 0.461297 0.871538 0.468619 0.861538 0.476987 0.853077 0.489540 0.844615 0.507322 0.836923 0.533473 0.830769 0.576360 0.833846 0.607741 0.840769 0.633891 0.852308 0.658996 0.863077 0.674686 0.884615 0.698745 0.906154 0.713389 0.923846 0.718619 0.940000 0.718619 0.951538 0.716527 0.963077 0.710251 0.989231 0.708159 1.000000 0.705021 1.000000 0.452929 0.978462 0.439331
0 0.719231 0.750000 0.716923 0.762552 0.713846 0.766736 0.712308 0.774059 0.712308 0.822176 0.715385 0.830544 0.720000 0.858787 0.727692 0.878661 0.743846 0.902720 0.750769 0.905858 0.894615 0.906904 0.897692 0.905858 0.902308 0.898536 0.919231 0.837866 0.920769 0.820084 0.920769 0.783473 0.919231 0.769874 0.914615 0.750000 0.899231 0.716527 0.856154 0.672594 0.849231 0.668410 0.829231 0.663180 0.813077 0.663180 0.791538 0.670502 0.775385 0.685146 0.769231 0.699791 0.770000 0.733264 0.768462 0.744770 0.766154 0.748954 0.750000 0.750000 0.740000 0.745816 0.736154 0.746862 0.733846 0.743724 0.726154 0.743724
