2 0.132353 0.141612 0.104575 0.130719 0.063725 0.135076 0.042484 0.148148 0.022876 0.172113 0.009804 0.213508 0.009804 0.248366 0.017974 0.276688 0.032680 0.305011 0.062092 0.324619 0.098039 0.324619 0.122549 0.313725 0.142157 0.294118 0.161765 0.250545 0.165033 0.209150 0.155229 0.167756
2 0.000000 0.015251 0.000000 0.076253 0.003268 0.087146 0.019608 0.113290 0.037582 0.126362 0.062092 0.130719 0.111111 0.115468 0.129085 0.093682 0.138889 0.069717 0.142157 0.037037 0.140523 0.000000 0.008170 0.000000
2 0.155229 0.000000 0.142157 0.039216 0.142157 0.078431 0.148693 0.102397 0.161765 0.124183 0.169935 0.126362 0.174837 0.137255 0.192810 0.154684 0.277778 0.128540 0.271242 0.122004 0.282680 0.113290 0.281046 0.108932 0.289216 0.091503 0.294118 0.061002 0.292484 0.023965 0.282680 0.000000
2 0.241830 0.141612 0.212418 0.152505 0.187908 0.178649 0.173203 0.209150 0.168301 0.257081 0.178105 0.298475 0.197712 0.326797 0.225490 0.342048 0.261438 0.342048 0.287582 0.328976 0.312092 0.298475 0.323529 0.263617 0.325163 0.226580 0.320261 0.198257 0.300654 0.163399 0.272876 0.143791
2 0.076797 0.328976 0.053922 0.339869 0.027778 0.370370 0.013072 0.411765 0.011438 0.453159 0.019608 0.492375 0.039216 0.520697 0.062092 0.535948 0.099673 0.538126 0.127451 0.525054 0.156863 0.490196 0.166667 0.453159 0.169935 0.407407 0.158497 0.368192 0.138889 0.342048 0.114379 0.328976
2 0.065359 0.546841 0.031046 0.544662 0.000000 0.559913 0.000000 0.755991 0.004902 0.760349 0.044118 0.764706 0.070261 0.753813 0.101307 0.718954 0.114379 0.686275 0.117647 0.625272 0.109477 0.592593 0.093137 0.566449
2 0.060458 0.762527 0.024510 0.782135 0.000000 0.821351 0.000000 0.938998 0.016340 0.962963 0.034314 0.969499 0.032680 0.980392 0.055556 0.989107 0.078431 0.989107 0.114379 0.976035 0.140523 0.936819 0.148693 0.917211 0.153595 0.891068 0.153595 0.843137 0.143791 0.808279 0.124183 0.779956 0.091503 0.762527
2 0.235294 0.773420 0.196078 0.790850 0.171569 0.823529 0.160131 0.854031 0.156863 0.915033 0.163399 0.943355 0.174837 0.967320 0.189542 0.984749 0.210784 0.997821 0.261438 1.000000 0.294118 0.978214 0.315359 0.943355 0.321895 0.921569 0.323529 0.869281 0.320261 0.847495 0.310458 0.821351 0.295752 0.799564 0.279412 0.784314 0.264706 0.777778
2 0.189542 0.553377 0.156863 0.570806 0.133987 0.599129 0.125817 0.616558 0.119281 0.694989 0.127451 0.727669 0.145425 0.758170 0.176471 0.777778 0.209150 0.779956 0.246732 0.758170 0.263072 0.738562 0.272876 0.718954 0.281046 0.686275 0.281046 0.633987 0.272876 0.603486 0.250000 0.570806 0.214052 0.553377
2 0.227124 0.348584 0.197712 0.370370 0.173203 0.416122 0.169935 0.448802 0.173203 0.494553 0.187908 0.527233 0.207516 0.546841 0.241830 0.559913 0.271242 0.555556 0.302288 0.533769 0.320261 0.505447 0.330065 0.470588 0.328431 0.416122 0.318627 0.387800 0.299020 0.361656 0.271242 0.346405
2 0.297386 0.006536 0.295752 0.061002 0.303922 0.091503 0.321895 0.117647 0.351307 0.135076 0.374183 0.135076 0.413399 0.119826 0.433007 0.095861 0.446078 0.063181 0.447712 0.021786 0.442810 0.000000 0.302288 0.000000
2 0.436275 0.132898 0.405229 0.128540 0.370915 0.139434 0.352941 0.154684 0.334967 0.185185 0.328431 0.211329 0.330065 0.261438 0.343137 0.296296 0.369281 0.324619 0.390523 0.333333 0.434641 0.328976 0.455882 0.313725 0.468954 0.296296 0.482026 0.267974 0.485294 0.250545 0.483660 0.196078 0.468954 0.163399 0.457516 0.148148
2 0.383987 0.342048 0.352941 0.368192 0.336601 0.405229 0.333333 0.422658 0.336601 0.483660 0.352941 0.518519 0.375817 0.540305 0.405229 0.549020 0.426471 0.549020 0.449346 0.540305 0.475490 0.516340 0.491830 0.481481 0.496732 0.431373 0.490196 0.396514 0.468954 0.359477 0.449346 0.344227 0.433007 0.337691 0.397059 0.337691
2 0.362745 0.544662 0.343137 0.549020 0.321895 0.562092 0.297386 0.594771 0.285948 0.633987 0.285948 0.690632 0.297386 0.725490 0.321895 0.758170 0.356209 0.773420 0.375817 0.773420 0.408497 0.758170 0.436275 0.725490 0.450980 0.677560 0.450980 0.629630 0.437908 0.588235 0.423203 0.568627 0.395425 0.549020
2 0.397059 0.766885 0.367647 0.782135 0.352941 0.797386 0.338235 0.823529 0.328431 0.856209 0.330065 0.921569 0.351307 0.967320 0.375817 0.995643 0.400327 1.000000 0.434641 0.997821 0.467320 0.976035 0.488562 0.945534 0.498366 0.910675 0.498366 0.860566 0.488562 0.823529 0.467320 0.788671 0.433007 0.766885
2 0.454248 0.008715 0.450980 0.058824 0.460784 0.100218 0.482026 0.128540 0.516340 0.148148 0.549020 0.139434 0.578431 0.122004 0.594771 0.100218 0.604575 0.074074 0.607843 0.030501 0.599673 0.000000 0.459150 0.000000
2 0.599673 0.135076 0.565359 0.135076 0.534314 0.148148 0.516340 0.165577 0.501634 0.196078 0.496732 0.224401 0.496732 0.250545 0.503268 0.285403 0.514706 0.309368 0.531046 0.326797 0.549020 0.337691 0.570261 0.342048 0.606209 0.335512 0.629085 0.318083 0.642157 0.300654 0.655229 0.270153 0.656863 0.213508 0.647059 0.178649 0.625817 0.150327
2 0.563725 0.346405 0.540850 0.359477 0.516340 0.392157 0.508170 0.416122 0.504902 0.442266 0.509804 0.485839 0.531046 0.529412 0.565359 0.555556 0.589869 0.559913 0.624183 0.551198 0.647059 0.531590 0.665033 0.501089 0.671569 0.474946 0.669935 0.418301 0.650327 0.374728 0.632353 0.357298 0.606209 0.344227
2 0.524510 0.551198 0.491830 0.566449 0.468954 0.594771 0.455882 0.633987 0.455882 0.692810 0.465686 0.725490 0.485294 0.755991 0.517974 0.777778 0.553922 0.779956 0.584967 0.764706 0.611111 0.727669 0.616013 0.712418 0.611111 0.690632 0.614379 0.618736 0.601307 0.588235 0.576797 0.564270 0.547386 0.551198
2 0.532680 0.821351 0.519608 0.840959 0.508170 0.869281 0.503268 0.901961 0.506536 0.947712 0.522876 0.991285 0.531046 1.000000 0.655229 1.000000 0.666667 0.982571 0.678105 0.938998 0.674837 0.877996 0.668301 0.856209 0.655229 0.832244 0.632353 0.808279 0.604575 0.795207 0.566993 0.797386 0.549020 0.806100
2 0.712418 0.812636 0.691176 0.847495 0.681373 0.893246 0.684641 0.938998 0.702614 0.982571 0.717320 1.000000 0.830065 1.000000 0.849673 0.967320 0.856209 0.938998 0.854575 0.882353 0.849673 0.860566 0.836601 0.832244 0.813725 0.806100 0.777778 0.788671 0.748366 0.790850
2 0.898693 0.790850 0.867647 0.830065 0.861111 0.854031 0.861111 0.921569 0.875817 0.965142 0.890523 0.984749 0.910131 1.000000 0.983660 1.000000 1.000000 0.989107 1.000000 0.803922 0.975490 0.784314 0.954248 0.777778 0.928105 0.777778
2 0.687908 0.566449 0.663399 0.579521 0.638889 0.610022 0.633987 0.625272 0.635621 0.642702 0.629085 0.688453 0.632353 0.723312 0.647059 0.755991 0.660131 0.773420 0.684641 0.790850 0.725490 0.797386 0.748366 0.788671 0.781046 0.755991 0.794118 0.723312 0.795752 0.703704 0.792484 0.686275 0.795752 0.660131 0.792484 0.638344 0.781046 0.610022 0.756536 0.581699 0.725490 0.566449
2 0.720588 0.363834 0.704248 0.376906 0.687908 0.398693 0.676471 0.433551 0.674837 0.479303 0.687908 0.520697 0.714052 0.555556 0.754902 0.575163 0.789216 0.570806 0.810458 0.557734 0.833333 0.527233 0.844771 0.490196 0.843137 0.444444 0.833333 0.407407 0.812092 0.376906 0.784314 0.359477 0.740196 0.357298
2 0.696078 0.159041 0.673203 0.187364 0.661765 0.220044 0.660131 0.261438 0.663399 0.285403 0.678105 0.320261 0.692810 0.337691 0.720588 0.352941 0.763072 0.350763 0.789216 0.337691 0.810458 0.311547 0.821895 0.278867 0.821895 0.233115 0.805556 0.183007 0.789216 0.163399 0.754902 0.145969 0.717320 0.148148
2 0.658497 0.010893 0.655229 0.061002 0.663399 0.093682 0.683007 0.126362 0.702614 0.139434 0.741830 0.143791 0.772876 0.135076 0.787582 0.124183 0.810458 0.084967 0.813725 0.037037 0.810458 0.013072 0.803922 0.000000 0.663399 0.000000
2 0.844771 0.117647 0.828431 0.139434 0.816993 0.180828 0.821895 0.226580 0.833333 0.261438 0.844771 0.276688 0.880719 0.300654 0.910131 0.302832 0.936275 0.296296 0.967320 0.265795 0.982026 0.220044 0.983660 0.191721 0.975490 0.156863 0.959150 0.128540 0.942810 0.113290 0.916667 0.100218 0.875817 0.100218
2 0.874183 0.320261 0.844771 0.359477 0.838235 0.398693 0.844771 0.448802 0.852941 0.470588 0.875817 0.501089 0.908497 0.518519 0.942810 0.520697 0.957516 0.516340 0.980392 0.498911 1.000000 0.468410 1.000000 0.372549 0.990196 0.352941 0.965686 0.322440 0.937908 0.309368 0.898693 0.309368
2 0.854575 0.551198 0.820261 0.577342 0.802288 0.614379 0.797386 0.653595 0.810458 0.721133 0.828431 0.749455 0.854575 0.771242 0.879085 0.779956 0.901961 0.779956 0.921569 0.773420 0.952614 0.742919 0.967320 0.708061 0.968954 0.638344 0.965686 0.620915 0.944444 0.581699 0.913399 0.555556 0.879085 0.546841
2 0.812092 0.000000 0.813725 0.026144 0.823529 0.056645 0.836601 0.078431 0.846405 0.082789 0.856209 0.095861 0.908497 0.095861 0.929739 0.087146 0.954248 0.061002 0.960784 0.047930 0.967320 0.015251 0.965686 0.000000
