3 0.015000 0.682500 0.007500 0.690000 0.005000 0.707500 0.020000 0.775000 0.025000 0.930000 0.030000 0.945000 0.055000 0.967500 0.100000 0.977500 0.155000 0.977500 0.210000 0.960000 0.217500 0.942500 0.222500 0.832500 0.232500 0.752500 0.245000 0.717500 0.242500 0.687500 0.215000 0.672500 0.177500 0.667500 0.072500 0.667500 0.037500 0.672500
3 0.257500 0.687500 0.252500 0.712500 0.265000 0.745000 0.275000 0.945000 0.302500 0.967500 0.350000 0.977500 0.405000 0.977500 0.460000 0.960000 0.467500 0.915000 0.470000 0.820000 0.480000 0.787500 0.485000 0.737500 0.495000 0.712500 0.492500 0.692500 0.482500 0.682500 0.457500 0.672500 0.415000 0.667500 0.305000 0.670000
3 0.517500 0.682500 0.505000 0.695000 0.505000 0.717500 0.515000 0.745000 0.525000 0.935000 0.532500 0.952500 0.552500 0.967500 0.602500 0.977500 0.660000 0.975000 0.705000 0.962500 0.717500 0.945000 0.730000 0.760000 0.742500 0.712500 0.737500 0.687500 0.710000 0.675000 0.682500 0.670000 0.545000 0.672500
3 0.767500 0.682500 0.755000 0.695000 0.755000 0.720000 0.765000 0.752500 0.772500 0.922500 0.782500 0.952500 0.802500 0.967500 0.852500 0.977500 0.915000 0.975000 0.960000 0.960000 0.970000 0.937500 0.980000 0.750000 0.992500 0.712500 0.990000 0.692500 0.975000 0.680000 0.930000 0.670000 0.797500 0.672500
3 0.017500 0.360000 0.007500 0.372500 0.007500 0.397500 0.017500 0.427500 0.025000 0.605000 0.032500 0.627500 0.060000 0.647500 0.095000 0.655000 0.160000 0.655000 0.210000 0.640000 0.222500 0.595000 0.232500 0.440000 0.245000 0.390000 0.242500 0.367500 0.217500 0.352500 0.160000 0.345000 0.085000 0.345000 0.032500 0.352500
3 0.262500 0.360000 0.255000 0.367500 0.252500 0.382500 0.265000 0.420000 0.272500 0.580000 0.280000 0.625000 0.297500 0.642500 0.350000 0.655000 0.405000 0.652500 0.457500 0.637500 0.470000 0.597500 0.482500 0.417500 0.492500 0.397500 0.490000 0.365000 0.470000 0.352500 0.427500 0.345000 0.322500 0.345000
3 0.515000 0.360000 0.505000 0.370000 0.502500 0.385000 0.515000 0.422500 0.522500 0.597500 0.530000 0.627500 0.555000 0.647500 0.592500 0.655000 0.662500 0.655000 0.707500 0.640000 0.715000 0.607500 0.720000 0.507500 0.730000 0.467500 0.735000 0.410000 0.742500 0.397500 0.740000 0.367500 0.712500 0.352500 0.660000 0.345000 0.560000 0.347500
3 0.770000 0.360000 0.755000 0.372500 0.755000 0.400000 0.765000 0.425000 0.775000 0.622500 0.795000 0.645000 0.832500 0.655000 0.897500 0.657500 0.950000 0.645000 0.965000 0.630000 0.972500 0.612500 0.975000 0.462500 0.980000 0.425000 0.990000 0.400000 0.990000 0.372500 0.975000 0.360000 0.892500 0.347500 0.820000 0.350000
3 0.017500 0.035000 0.007500 0.042500 0.005000 0.067500 0.017500 0.110000 0.025000 0.270000 0.032500 0.305000 0.052500 0.320000 0.112500 0.332500 0.152500 0.332500 0.210000 0.315000 0.222500 0.300000 0.227500 0.282500 0.235000 0.095000 0.247500 0.065000 0.245000 0.045000 0.225000 0.030000 0.157500 0.020000 0.062500 0.022500
3 0.260000 0.037500 0.252500 0.047500 0.252500 0.070000 0.267500 0.105000 0.272500 0.270000 0.282500 0.307500 0.292500 0.317500 0.347500 0.330000 0.405000 0.330000 0.452500 0.317500 0.462500 0.307500 0.470000 0.287500 0.477500 0.127500 0.482500 0.095000 0.495000 0.062500 0.490000 0.040000 0.472500 0.030000 0.410000 0.020000 0.312500 0.022500
3 0.510000 0.042500 0.505000 0.047500 0.505000 0.077500 0.515000 0.102500 0.525000 0.295000 0.532500 0.310000 0.552500 0.325000 0.600000 0.335000 0.652500 0.335000 0.702500 0.320000 0.720000 0.295000 0.732500 0.095000 0.742500 0.075000 0.740000 0.047500 0.715000 0.032500 0.660000 0.025000 0.555000 0.027500
3 0.755000 0.047500 0.752500 0.070000 0.765000 0.102500 0.772500 0.285000 0.777500 0.305000 0.797500 0.322500 0.852500 0.335000 0.907500 0.332500 0.955000 0.320000 0.967500 0.305000 0.972500 0.287500 0.980000 0.177500 0.977500 0.127500 0.982500 0.095000 0.992500 0.072500 0.990000 0.045000 0.967500 0.032500 0.925000 0.025000 0.827500 0.025000 0.777500 0.032500
