0 0.765385 0.455021 0.735385 0.475941 0.726923 0.486402 0.719231 0.501046 0.713077 0.517782 0.710769 0.530335 0.713077 0.578452 0.720000 0.600418 0.727692 0.614017 0.736154 0.625523 0.750000 0.638075 0.773846 0.652720 0.787692 0.652720 0.810769 0.647490 0.833077 0.631799 0.843077 0.618201 0.850000 0.602510 0.857692 0.577406 0.860000 0.560669 0.857692 0.531381 0.845385 0.497908 0.825385 0.470711 0.818462 0.464435 0.801538 0.456067 0.787692 0.453975
0 0.803077 0.123431 0.790769 0.125523 0.774615 0.132845 0.759231 0.144351 0.750000 0.155858 0.740769 0.172594 0.729231 0.202929 0.726923 0.239540 0.727692 0.248954 0.736154 0.276151 0.766154 0.311715 0.783846 0.322176 0.805385 0.328452 0.815385 0.328452 0.826923 0.323222 0.830769 0.314854 0.840000 0.312762 0.846923 0.303347 0.857692 0.298117 0.872308 0.279289 0.880000 0.248954 0.880769 0.209205 0.872308 0.171548 0.864615 0.155858 0.855385 0.143305 0.830769 0.126569 0.816923 0.123431
0 0.617692 0.462343 0.599231 0.469665 0.587692 0.480126 0.571538 0.501046 0.564615 0.516736 0.558462 0.556485 0.558462 0.571130 0.563077 0.599372 0.570769 0.623431 0.579231 0.639121 0.594615 0.654812 0.607692 0.662134 0.628462 0.666318 0.643077 0.666318 0.654615 0.663180 0.670000 0.655858 0.682308 0.645397 0.694615 0.626569 0.703077 0.607741 0.709231 0.581590 0.709231 0.554393 0.706154 0.532427 0.700769 0.514644 0.696154 0.508368 0.694615 0.502092 0.677692 0.480126 0.661538 0.466527 0.640769 0.461297
0 0.445385 0.469665 0.423077 0.485356 0.406923 0.509414 0.400000 0.528243 0.393077 0.564854 0.393077 0.582636 0.398462 0.607741 0.406923 0.630753 0.415385 0.646444 0.422308 0.654812 0.427692 0.656904 0.432308 0.663180 0.443077 0.670502 0.463077 0.676778 0.487692 0.675732 0.501538 0.670502 0.520769 0.653766 0.526923 0.645397 0.543077 0.608787 0.547692 0.593096 0.549231 0.561715 0.545385 0.531381 0.539231 0.516736 0.532308 0.507322 0.530769 0.501046 0.514615 0.476987 0.498462 0.469665 0.479231 0.466527 0.461538 0.466527
0 0.283846 0.473849 0.253077 0.493724 0.236154 0.527197 0.227692 0.555439 0.226923 0.594142 0.228462 0.606695 0.244615 0.649582 0.251538 0.658996 0.265385 0.671548 0.276923 0.678870 0.293077 0.685146 0.313077 0.686192 0.330769 0.683054 0.341538 0.675732 0.365385 0.652720 0.373077 0.639121 0.382308 0.615063 0.387692 0.595188 0.388462 0.577406 0.386154 0.557531 0.380769 0.536611 0.373846 0.519874 0.355385 0.495816 0.343077 0.484310 0.326923 0.474895 0.314615 0.471757
0 0.126154 0.475941 0.110000 0.481172 0.095385 0.489540 0.079231 0.506276 0.063846 0.532427 0.056154 0.562762 0.055385 0.587866 0.056923 0.614017 0.063846 0.654812 0.070769 0.668410 0.079231 0.677824 0.088462 0.684100 0.121538 0.693515 0.153846 0.694561 0.175385 0.685146 0.203077 0.654812 0.218462 0.617155 0.220769 0.594142 0.218462 0.560669 0.211538 0.540795 0.210000 0.531381 0.205385 0.525105 0.203077 0.517782 0.191538 0.507322 0.186923 0.498954 0.170769 0.485356 0.161538 0.481172 0.137692 0.475941
0 0.048462 0.649582 0.033846 0.660042 0.016154 0.684100 0.013077 0.694561 0.006154 0.703975 0.003077 0.712343 0.003077 0.718619 0.004615 0.720711 0.002308 0.728033 0.003846 0.742678 0.003077 0.770921 0.006154 0.787657 0.005385 0.815900 0.007692 0.830544 0.010000 0.836820 0.016154 0.844142 0.029231 0.850418 0.045385 0.851464 0.062308 0.849372 0.082308 0.852510 0.100769 0.847280 0.123846 0.831590 0.140000 0.811715 0.148462 0.793933 0.151538 0.717573 0.149231 0.708159 0.145385 0.700837 0.141538 0.698745 0.116154 0.694561 0.087692 0.685146 0.077692 0.678870 0.066154 0.662134 0.060000 0.648536
0 0.242308 0.656904 0.219231 0.654812 0.204615 0.658996 0.196923 0.665272 0.186154 0.678870 0.173077 0.689331 0.163846 0.702929 0.156154 0.720711 0.153077 0.736402 0.151538 0.762552 0.153846 0.796025 0.165385 0.836820 0.171538 0.849372 0.180769 0.860879 0.196154 0.870293 0.216923 0.870293 0.252308 0.864017 0.264615 0.858787 0.280000 0.846234 0.290000 0.833682 0.301538 0.810669 0.306154 0.796025 0.310769 0.773013 0.310769 0.738494 0.306923 0.723849 0.299231 0.710251 0.295385 0.696653 0.287692 0.687238 0.275385 0.682008 0.256154 0.665272
0 0.626154 0.101464 0.610000 0.105649 0.595385 0.112971 0.583846 0.124477 0.572308 0.142259 0.564615 0.157950 0.558462 0.191423 0.559231 0.230126 0.562308 0.245816 0.568462 0.263598 0.585385 0.288703 0.611538 0.308577 0.624615 0.311715 0.643846 0.311715 0.661538 0.304393 0.674615 0.294979 0.686154 0.282427 0.698462 0.263598 0.704615 0.248954 0.710000 0.218619 0.709231 0.186192 0.706923 0.171548 0.700769 0.150628 0.692308 0.134937 0.678462 0.118201 0.666154 0.109833 0.649231 0.102510
0 0.275385 0.102510 0.255385 0.119247 0.243077 0.134937 0.235385 0.150628 0.229231 0.190377 0.229231 0.219665 0.234615 0.247908 0.242308 0.265690 0.251538 0.280335 0.266154 0.294979 0.283077 0.306485 0.303846 0.311715 0.333846 0.309623 0.353077 0.294979 0.366923 0.280335 0.384615 0.247908 0.389231 0.235356 0.390769 0.187238 0.388462 0.174686 0.382308 0.155858 0.376154 0.146444 0.374615 0.138075 0.366923 0.126569 0.367692 0.122385 0.354615 0.110879 0.350000 0.103556 0.332308 0.096234 0.316923 0.094142 0.291538 0.096234
0 0.139231 0.095188 0.126923 0.098326 0.108462 0.109833 0.095385 0.123431 0.079231 0.149582 0.072308 0.173640 0.070000 0.202929 0.072308 0.223849 0.078462 0.247908 0.096154 0.280335 0.110000 0.293933 0.119231 0.299163 0.133846 0.304393 0.153077 0.304393 0.166923 0.301255 0.192308 0.289749 0.206154 0.280335 0.218462 0.264644 0.223077 0.252092 0.226154 0.248954 0.227692 0.240586 0.227692 0.165272 0.216154 0.135983 0.202308 0.117155 0.182308 0.103556 0.165385 0.097280
0 0.844615 0.299163 0.840769 0.308577 0.833846 0.314854 0.829231 0.314854 0.827692 0.325314 0.820000 0.334728 0.805385 0.368201 0.801538 0.391213 0.800769 0.407950 0.803846 0.429916 0.811538 0.452929 0.816923 0.460251 0.825385 0.466527 0.846154 0.493724 0.860000 0.501046 0.876154 0.504184 0.892308 0.503138 0.903077 0.500000 0.920000 0.489540 0.938462 0.467573 0.946923 0.450837 0.953846 0.429916 0.956154 0.391213 0.954615 0.376569 0.950000 0.359833 0.932308 0.328452 0.917692 0.314854 0.903077 0.305439 0.873077 0.296025
0 0.696154 0.277197 0.670769 0.301255 0.648462 0.313808 0.640769 0.322176 0.633846 0.338912 0.630769 0.353556 0.631538 0.384937 0.636923 0.412134 0.648462 0.442469 0.660769 0.461297 0.686154 0.478033 0.697692 0.481172 0.719231 0.480126 0.733077 0.474895 0.747692 0.464435 0.766154 0.443515 0.778462 0.411088 0.782308 0.381799 0.781538 0.362971 0.778462 0.346234 0.771538 0.326360 0.743846 0.290795 0.735385 0.284519 0.720769 0.278243
0 0.540769 0.280335 0.527692 0.297071 0.513846 0.310669 0.502308 0.319038 0.493846 0.322176 0.484615 0.335774 0.477692 0.361925 0.477692 0.399582 0.483846 0.420502 0.498462 0.440377 0.500000 0.460251 0.503846 0.466527 0.517692 0.470711 0.536923 0.483264 0.546154 0.485356 0.570000 0.484310 0.580769 0.480126 0.593846 0.469665 0.608462 0.449791 0.615385 0.435146 0.625385 0.403766 0.626154 0.357741 0.623846 0.345188 0.616154 0.327406 0.607692 0.312762 0.592308 0.297071 0.569231 0.281381 0.557692 0.279289
0 0.370769 0.282427 0.336923 0.311715 0.330000 0.321130 0.321538 0.341004 0.313846 0.373431 0.313846 0.392259 0.316154 0.412134 0.320769 0.428870 0.328462 0.445607 0.343846 0.468619 0.348462 0.470711 0.352308 0.475941 0.362308 0.483264 0.386154 0.490586 0.409231 0.489540 0.420769 0.483264 0.440769 0.467573 0.460000 0.436192 0.465385 0.420502 0.469231 0.399582 0.470000 0.371339 0.467692 0.355649 0.460769 0.334728 0.451538 0.321130 0.431538 0.309623 0.406154 0.282427 0.393846 0.279289
0 0.463077 0.098326 0.453846 0.101464 0.438462 0.111925 0.423846 0.127615 0.406923 0.150628 0.399231 0.171548 0.393846 0.195607 0.392308 0.211297 0.393077 0.230126 0.406154 0.273013 0.414615 0.287657 0.429231 0.304393 0.438462 0.311715 0.456923 0.321130 0.490000 0.321130 0.513077 0.308577 0.526923 0.294979 0.540000 0.276151 0.551538 0.246862 0.554615 0.232218 0.555385 0.206067 0.553846 0.182008 0.542308 0.138075 0.529231 0.117155 0.516923 0.107741 0.500769 0.100418 0.485385 0.097280
0 0.212308 0.282427 0.186923 0.297071 0.179231 0.305439 0.173077 0.307531 0.170000 0.316946 0.165385 0.320084 0.163077 0.329498 0.157692 0.334728 0.153077 0.348326 0.148462 0.371339 0.147692 0.394351 0.149231 0.418410 0.156923 0.441423 0.162308 0.450837 0.184615 0.478033 0.187692 0.484310 0.204615 0.494770 0.214615 0.497908 0.240769 0.497908 0.248462 0.494770 0.253077 0.489540 0.279231 0.472803 0.296154 0.447699 0.302308 0.436192 0.306923 0.419456 0.309231 0.402720 0.309231 0.377615 0.303846 0.351464 0.296923 0.332636 0.277692 0.306485 0.247692 0.283473 0.238462 0.281381
0 0.046923 0.281381 0.032308 0.290795 0.018462 0.305439 0.000000 0.344142 0.000000 0.404812 0.002308 0.406904 0.010000 0.432008 0.017692 0.447699 0.032308 0.465481 0.048462 0.476987 0.062308 0.483264 0.079231 0.485356 0.098462 0.482218 0.111538 0.475941 0.123846 0.466527 0.140769 0.443515 0.146923 0.427824 0.146154 0.384937 0.149231 0.359833 0.148462 0.338912 0.142308 0.331590 0.139231 0.313808 0.127692 0.311715 0.123846 0.305439 0.109231 0.296025 0.092308 0.280335 0.077692 0.276151 0.064615 0.276151
0 0.404615 0.650628 0.386154 0.649582 0.369231 0.652720 0.351538 0.671548 0.336923 0.682008 0.328462 0.693515 0.314615 0.737448 0.313846 0.768828 0.321538 0.803347 0.324615 0.806485 0.333077 0.827406 0.344615 0.843096 0.368462 0.858787 0.380769 0.861925 0.390000 0.860879 0.403077 0.854603 0.420769 0.851464 0.442308 0.834728 0.452308 0.821130 0.463846 0.796025 0.467692 0.781381 0.468462 0.729079 0.466154 0.720711 0.459231 0.709205 0.459231 0.703975 0.454615 0.696653 0.452308 0.687238 0.443077 0.675732 0.432308 0.668410 0.421538 0.656904
0 0.533846 0.647490 0.525385 0.651674 0.505385 0.671548 0.491538 0.679916 0.486154 0.686192 0.477692 0.703975 0.472308 0.734310 0.474615 0.773013 0.477692 0.787657 0.486154 0.810669 0.493846 0.823222 0.508462 0.838912 0.533846 0.853556 0.551538 0.856695 0.562308 0.855649 0.580769 0.848326 0.599231 0.835774 0.616154 0.811715 0.626154 0.783473 0.629231 0.750000 0.624615 0.712343 0.616154 0.689331 0.606923 0.675732 0.591538 0.658996 0.576923 0.649582 0.560000 0.646444
0 0.639231 0.675732 0.632308 0.687238 0.628462 0.703975 0.628462 0.716527 0.633077 0.753138 0.631538 0.781381 0.640000 0.810669 0.643077 0.812762 0.657692 0.812762 0.680769 0.847280 0.714615 0.866109 0.728462 0.868201 0.768462 0.866109 0.780000 0.860879 0.793077 0.844142 0.810769 0.792887 0.812308 0.781381 0.812308 0.748954 0.810000 0.734310 0.804615 0.717573 0.794615 0.696653 0.776923 0.671548 0.748462 0.642259 0.726154 0.630753 0.709231 0.629707 0.697692 0.631799 0.677692 0.653766
0 0.853077 0.607741 0.833077 0.635983 0.802308 0.658996 0.797692 0.665272 0.796923 0.675732 0.794615 0.680962 0.798462 0.698745 0.810000 0.718619 0.813846 0.747908 0.814615 0.779289 0.820000 0.799163 0.836923 0.822176 0.852308 0.835774 0.860000 0.839958 0.906154 0.848326 0.919231 0.848326 0.933846 0.843096 0.944615 0.833682 0.952308 0.821130 0.960000 0.801255 0.961538 0.790795 0.966923 0.775105 0.970000 0.750000 0.970000 0.729079 0.966154 0.705021 0.958462 0.688285 0.936154 0.651674 0.904615 0.612971 0.889231 0.603556 0.869231 0.603556
