2 0.000000 0.000000 0.000000 0.192000 0.042484 0.194000 0.078431 0.186000 0.106209 0.168000 0.133987 0.140000 0.153595 0.106000 0.166667 0.046000 0.161765 0.000000
2 0.125817 0.178000 0.078431 0.196000 0.039216 0.236000 0.024510 0.262000 0.008170 0.308000 0.004902 0.360000 0.011438 0.398000 0.031046 0.434000 0.055556 0.462000 0.080065 0.480000 0.106209 0.490000 0.161765 0.492000 0.187908 0.484000 0.217320 0.468000 0.251634 0.430000 0.274510 0.376000 0.277778 0.320000 0.272876 0.294000 0.256536 0.256000 0.222222 0.210000 0.202614 0.194000 0.181373 0.184000 0.155229 0.178000
2 0.000000 0.472000 0.000000 0.794000 0.006536 0.794000 0.055556 0.770000 0.093137 0.726000 0.116013 0.672000 0.119281 0.612000 0.116013 0.590000 0.104575 0.560000 0.070261 0.512000 0.039216 0.486000 0.019608 0.476000
2 0.000000 0.874000 0.000000 1.000000 0.261438 1.000000 0.264706 0.994000 0.269608 0.968000 0.269608 0.930000 0.254902 0.874000 0.212418 0.820000 0.166667 0.790000 0.143791 0.784000 0.107843 0.784000 0.070261 0.796000 0.026144 0.832000
2 0.250000 0.478000 0.210784 0.500000 0.178105 0.542000 0.156863 0.588000 0.150327 0.612000 0.150327 0.674000 0.165033 0.722000 0.178105 0.744000 0.209150 0.776000 0.258170 0.800000 0.315359 0.800000 0.349673 0.786000 0.369281 0.772000 0.400327 0.734000 0.413399 0.710000 0.423203 0.680000 0.426471 0.620000 0.419935 0.590000 0.406863 0.556000 0.374183 0.508000 0.326797 0.478000 0.292484 0.472000
2 0.305556 0.900000 0.299020 0.944000 0.300654 0.982000 0.305556 1.000000 0.571895 1.000000 0.580065 0.990000 0.583333 0.934000 0.575163 0.898000 0.562092 0.864000 0.545752 0.836000 0.513072 0.804000 0.483660 0.788000 0.457516 0.782000 0.429739 0.782000 0.383987 0.798000 0.356209 0.820000 0.328431 0.852000
2 0.584967 0.468000 0.562092 0.472000 0.532680 0.486000 0.491830 0.526000 0.477124 0.548000 0.462418 0.584000 0.457516 0.604000 0.455882 0.640000 0.460784 0.676000 0.472222 0.710000 0.490196 0.740000 0.508170 0.760000 0.539216 0.782000 0.563725 0.792000 0.604575 0.796000 0.640523 0.788000 0.668301 0.772000 0.684641 0.758000 0.702614 0.732000 0.709150 0.706000 0.702614 0.698000 0.717320 0.666000 0.723856 0.608000 0.717320 0.568000 0.702614 0.534000 0.683007 0.508000 0.665033 0.492000 0.637255 0.476000 0.617647 0.470000
2 0.619281 0.912000 0.616013 0.964000 0.620915 0.992000 0.627451 1.000000 0.888889 1.000000 0.892157 0.992000 0.895425 0.934000 0.890523 0.902000 0.880719 0.874000 0.864379 0.844000 0.849673 0.826000 0.826797 0.806000 0.795752 0.790000 0.779412 0.786000 0.736928 0.786000 0.689542 0.806000 0.665033 0.826000 0.638889 0.860000
2 0.437908 0.180000 0.383987 0.194000 0.344771 0.226000 0.321895 0.264000 0.305556 0.306000 0.302288 0.358000 0.307190 0.384000 0.320261 0.418000 0.351307 0.460000 0.379085 0.478000 0.410131 0.490000 0.454248 0.492000 0.501634 0.476000 0.539216 0.442000 0.553922 0.418000 0.570261 0.374000 0.571895 0.336000 0.557190 0.274000 0.547386 0.252000 0.524510 0.220000 0.506536 0.204000 0.478758 0.188000
2 0.178105 0.028000 0.179739 0.062000 0.187908 0.098000 0.210784 0.140000 0.250000 0.180000 0.290850 0.194000 0.336601 0.194000 0.361111 0.188000 0.390523 0.172000 0.431373 0.124000 0.444444 0.094000 0.447712 0.070000 0.452614 0.060000 0.450980 0.024000 0.444444 0.000000 0.186275 0.000000
2 0.468954 0.010000 0.464052 0.046000 0.475490 0.104000 0.485294 0.128000 0.516340 0.170000 0.562092 0.196000 0.586601 0.202000 0.617647 0.202000 0.665033 0.186000 0.683007 0.172000 0.702614 0.148000 0.717320 0.122000 0.727124 0.092000 0.727124 0.024000 0.717320 0.000000 0.473856 0.000000
2 0.696078 0.192000 0.666667 0.210000 0.650327 0.226000 0.625817 0.264000 0.614379 0.294000 0.616013 0.306000 0.611111 0.312000 0.611111 0.378000 0.633987 0.428000 0.658497 0.458000 0.681373 0.474000 0.715686 0.488000 0.732026 0.490000 0.784314 0.486000 0.803922 0.476000 0.826797 0.454000 0.846405 0.424000 0.844771 0.418000 0.852941 0.406000 0.852941 0.396000 0.857843 0.392000 0.864379 0.360000 0.857843 0.288000 0.844771 0.274000 0.846405 0.262000 0.843137 0.252000 0.818627 0.220000 0.797386 0.204000 0.766340 0.188000 0.717320 0.186000
2 0.751634 0.010000 0.743464 0.042000 0.743464 0.066000 0.758170 0.122000 0.781046 0.160000 0.799020 0.182000 0.821895 0.200000 0.877451 0.218000 0.931373 0.212000 0.968954 0.186000 1.000000 0.142000 1.000000 0.000000 0.756536 0.000000
2 0.880719 0.474000 0.852941 0.484000 0.826797 0.500000 0.790850 0.538000 0.774510 0.572000 0.767974 0.596000 0.767974 0.654000 0.781046 0.682000 0.795752 0.686000 0.799020 0.692000 0.795752 0.702000 0.787582 0.704000 0.795752 0.726000 0.828431 0.766000 0.877451 0.792000 0.921569 0.796000 0.952614 0.790000 0.975490 0.778000 1.000000 0.756000 1.000000 0.522000 0.967320 0.492000 0.952614 0.484000 0.910131 0.472000
