4 0.544118 0.330065 0.539216 0.339869 0.540850 0.415033 0.527778 0.450980 0.578431 0.552288 0.591503 0.588235 0.619281 0.993464 0.622549 1.000000 0.782680 1.000000 0.779412 0.833333 0.774510 0.781046 0.772876 0.683007 0.767974 0.647059 0.767974 0.542484 0.761438 0.447712 0.709150 0.346405 0.674837 0.290850 0.669935 0.235294 0.665033 0.218954 0.642157 0.228758
4 0.351307 0.460784 0.346405 0.477124 0.351307 0.549020 0.336601 0.578431 0.336601 0.588235 0.390523 0.702614 0.400327 0.732026 0.423203 1.000000 0.612745 1.000000 0.588235 0.581699 0.558824 0.516340 0.501634 0.411765 0.493464 0.339869 0.488562 0.333333 0.477124 0.336601
4 0.135621 0.611111 0.133987 0.643791 0.138889 0.702614 0.127451 0.725490 0.127451 0.738562 0.184641 0.869281 0.202614 1.000000 0.419935 1.000000 0.398693 0.735294 0.357843 0.637255 0.313725 0.552288 0.307190 0.532680 0.302288 0.480392 0.297386 0.467320 0.282680 0.467320 0.233660 0.509804 0.209150 0.539216 0.148693 0.591503
4 0.000000 0.673203 0.000000 1.000000 0.197712 1.000000 0.184641 0.875817 0.102941 0.689542 0.091503 0.630719 0.081699 0.607843 0.071895 0.607843
4 0.243464 0.493464 0.214052 0.424837 0.204248 0.362745 0.200980 0.356209 0.187908 0.356209 0.049020 0.477124 0.045752 0.486928 0.045752 0.522876 0.050654 0.562092 0.044118 0.588235 0.044118 0.604575 0.050654 0.620915 0.066993 0.607843 0.083333 0.604575 0.089869 0.617647 0.101307 0.673203 0.119281 0.712418 0.127451 0.718954 0.135621 0.699346 0.132353 0.620915 0.142157 0.598039 0.240196 0.506536
4 0.424837 0.375817 0.392157 0.307190 0.385621 0.248366 0.382353 0.241830 0.369281 0.241830 0.251634 0.346405 0.243464 0.362745 0.248366 0.431373 0.243464 0.477124 0.256536 0.486928 0.287582 0.460784 0.297386 0.460784 0.305556 0.477124 0.313725 0.542484 0.330065 0.571895 0.336601 0.571895 0.348039 0.549020 0.344771 0.473856 0.369281 0.441176 0.423203 0.388889
4 0.593137 0.267974 0.558824 0.202614 0.553922 0.143791 0.540850 0.133987 0.431373 0.235294 0.424837 0.251634 0.428105 0.320261 0.421569 0.336601 0.421569 0.356209 0.426471 0.369281 0.436275 0.372549 0.478758 0.333333 0.490196 0.330065 0.496732 0.339869 0.501634 0.405229 0.517974 0.437908 0.527778 0.437908 0.539216 0.415033 0.539216 0.339869 0.550654 0.320261 0.586601 0.284314
4 0.746732 0.166667 0.710784 0.104575 0.702614 0.039216 0.694444 0.039216 0.598039 0.127451 0.593137 0.137255 0.593137 0.209150 0.584967 0.225490 0.583333 0.241830 0.596405 0.267974 0.601307 0.267974 0.666667 0.209150 0.679739 0.290850 0.697712 0.303922 0.710784 0.281046 0.712418 0.225490 0.723856 0.202614 0.741830 0.186275
4 0.321895 0.267974 0.300654 0.222222 0.295752 0.173203 0.289216 0.160131 0.281046 0.160131 0.165033 0.251634 0.156863 0.274510 0.161765 0.330065 0.156863 0.372549 0.161765 0.375817 0.189542 0.352941 0.199346 0.352941 0.209150 0.379085 0.212418 0.411765 0.218954 0.434641 0.236928 0.457516 0.245098 0.441176 0.243464 0.359477 0.259804 0.336601 0.318627 0.287582
4 0.480392 0.176471 0.457516 0.127451 0.452614 0.071895 0.449346 0.065359 0.437908 0.065359 0.334967 0.150327 0.328431 0.173203 0.331699 0.215686 0.328431 0.261438 0.341503 0.264706 0.380719 0.238562 0.387255 0.248366 0.390523 0.287582 0.397059 0.313725 0.408497 0.336601 0.416667 0.336601 0.426471 0.313725 0.423203 0.248366 0.439542 0.222222 0.477124 0.189542
4 0.490196 0.065359 0.490196 0.133987 0.485294 0.147059 0.486928 0.169935 0.498366 0.169935 0.534314 0.137255 0.550654 0.133987 0.555556 0.143791 0.555556 0.166667 0.562092 0.205882 0.575163 0.225490 0.584967 0.222222 0.591503 0.205882 0.591503 0.147059 0.594771 0.133987 0.619281 0.107843 0.627451 0.091503 0.601307 0.039216 0.599673 0.006536 0.596405 0.000000 0.555556 0.003268 0.508170 0.042484
4 0.746732 0.042484 0.746732 0.098039 0.743464 0.114379 0.735294 0.127451 0.735294 0.140523 0.750000 0.166667 0.758170 0.166667 0.815359 0.107843 0.826797 0.107843 0.836601 0.173203 0.854575 0.199346 0.870915 0.179739 0.874183 0.111111 0.890523 0.084967 0.890523 0.075163 0.846405 0.000000 0.781046 0.000000 0.750000 0.032680
4 0.364379 0.013072 0.359477 0.006536 0.346405 0.009804 0.250000 0.088235 0.246732 0.094771 0.248366 0.176471 0.264706 0.173203 0.287582 0.156863 0.297386 0.176471 0.297386 0.202614 0.305556 0.232026 0.313725 0.248366 0.325163 0.248366 0.330065 0.225490 0.328431 0.176471 0.331699 0.160131 0.338235 0.147059 0.369281 0.124183 0.380719 0.107843 0.370915 0.068627
4 0.116013 0.264706 0.084967 0.281046 0.000000 0.349673 0.000000 0.473856 0.013072 0.496732 0.016340 0.526144 0.022876 0.545752 0.040850 0.578431 0.045752 0.575163 0.042484 0.503268 0.052288 0.473856 0.151961 0.385621 0.147059 0.362745 0.127451 0.320261 0.124183 0.281046
4 0.968954 0.009804 0.906863 0.068627 0.877451 0.104575 0.874183 0.179739 0.861111 0.205882 0.861111 0.215686 0.921569 0.326797 0.924837 0.343137 0.936275 0.705882 0.937908 0.875817 0.944444 0.986928 0.949346 1.000000 1.000000 1.000000 1.000000 0.098039 0.983660 0.078431 0.978758 0.055556 0.977124 0.013072
4 0.816993 0.111111 0.720588 0.209150 0.714052 0.235294 0.714052 0.294118 0.700980 0.326797 0.759804 0.437908 0.766340 0.460784 0.782680 0.879085 0.790850 1.000000 0.915033 1.000000 0.929739 0.977124 0.934641 0.977124 0.936275 0.960784 0.928105 0.558824 0.923203 0.509804 0.921569 0.333333 0.901961 0.290850 0.834967 0.176471 0.828431 0.114379
4 0.214052 0.098039 0.209150 0.091503 0.194444 0.094771 0.137255 0.143791 0.088235 0.176471 0.083333 0.192810 0.086601 0.271242 0.093137 0.274510 0.117647 0.261438 0.124183 0.274510 0.132353 0.323529 0.140523 0.343137 0.150327 0.356209 0.160131 0.346405 0.158497 0.267974 0.165033 0.254902 0.210784 0.218954 0.233660 0.189542 0.233660 0.179739 0.218954 0.143791
