0 0.369388 0.676531 0.358503 0.685714 0.348980 0.722449 0.340136 0.738776 0.324490 0.753061 0.317007 0.757143 0.300000 0.761224 0.296599 0.764286 0.294558 0.785714 0.295918 0.806122 0.300000 0.825510 0.313605 0.862245 0.328571 0.882653 0.342177 0.894898 0.351701 0.928571 0.361224 0.944898 0.376190 0.955102 0.402721 0.955102 0.412245 0.950000 0.419728 0.942857 0.429932 0.927551 0.434694 0.914286 0.436735 0.901020 0.436735 0.877551 0.438095 0.868367 0.453061 0.843878 0.462585 0.811224 0.463946 0.787755 0.461905 0.762245 0.459184 0.752041 0.439456 0.739796 0.431293 0.728571 0.423810 0.712245 0.420408 0.694898 0.412245 0.684694 0.402041 0.677551 0.385714 0.675510
0 0.414286 0.115306 0.412245 0.119388 0.407483 0.117347 0.400680 0.122449 0.399320 0.127551 0.391837 0.137755 0.387075 0.164286 0.379592 0.184694 0.371429 0.196939 0.364626 0.204082 0.350340 0.213265 0.321769 0.216327 0.318367 0.231633 0.318367 0.257143 0.321769 0.291837 0.334694 0.325510 0.344218 0.342857 0.359184 0.358163 0.367347 0.362245 0.378912 0.389796 0.391156 0.405102 0.406122 0.413265 0.427891 0.414286 0.444218 0.406122 0.452381 0.397959 0.464626 0.373469 0.468027 0.359184 0.470068 0.336735 0.482993 0.315306 0.490476 0.294898 0.493197 0.273469 0.494558 0.238776 0.491837 0.207143 0.487755 0.189796 0.488435 0.184694 0.482313 0.165306 0.466667 0.143878 0.455782 0.135714 0.447619 0.126531 0.440136 0.121429 0.424490 0.121429 0.419728 0.115306
0 0.420408 0.000000 0.419728 0.016327 0.423129 0.061224 0.428571 0.083673 0.438776 0.103061 0.446939 0.113265 0.473469 0.133673 0.485714 0.165306 0.493197 0.175510 0.510884 0.187755 0.521769 0.189796 0.534014 0.188776 0.553061 0.177551 0.568027 0.155102 0.574830 0.125510 0.574830 0.088776 0.585034 0.075510 0.593197 0.055102 0.595238 0.038776 0.595238 0.015306 0.592517 0.000000
0 0.579592 0.120408 0.570068 0.152041 0.560544 0.170408 0.544898 0.185714 0.527891 0.191837 0.514966 0.192857 0.507483 0.200000 0.502721 0.219388 0.501361 0.263265 0.503401 0.295918 0.510204 0.327551 0.524490 0.357143 0.540136 0.375510 0.560544 0.388776 0.566667 0.397959 0.570748 0.410204 0.578231 0.423469 0.587755 0.431633 0.594558 0.434694 0.622449 0.434694 0.639456 0.425510 0.653061 0.404082 0.657143 0.392857 0.659184 0.379592 0.660544 0.347959 0.670748 0.329592 0.676871 0.296939 0.678912 0.274490 0.677551 0.231633 0.671429 0.204082 0.663265 0.184694 0.656463 0.175510 0.651701 0.164286 0.642177 0.156122 0.638095 0.148980 0.627891 0.138776 0.622449 0.128571 0.606803 0.119388 0.587075 0.118367
0 0.609524 0.000000 0.606803 0.013265 0.603401 0.061224 0.610884 0.094898 0.622449 0.117347 0.625170 0.126531 0.634014 0.138776 0.651020 0.154082 0.664626 0.160204 0.669388 0.167347 0.672109 0.175510 0.687755 0.195918 0.704762 0.204082 0.719048 0.204082 0.731973 0.198980 0.742177 0.190816 0.752381 0.177551 0.757143 0.167347 0.761224 0.151020 0.762585 0.137755 0.761905 0.108163 0.772109 0.091837 0.779592 0.071429 0.781633 0.045918 0.781633 0.005102 0.780272 0.000000
0 0.774830 0.114286 0.772109 0.118367 0.768027 0.118367 0.766667 0.120408 0.765306 0.143878 0.763265 0.153061 0.755782 0.174490 0.746939 0.187755 0.736735 0.196939 0.716327 0.206122 0.697279 0.206122 0.685034 0.212245 0.683673 0.236735 0.685714 0.259184 0.685714 0.279592 0.684354 0.281633 0.685714 0.317347 0.689116 0.331633 0.706803 0.365306 0.712925 0.373469 0.726531 0.384694 0.746939 0.394898 0.756463 0.413265 0.757823 0.420408 0.762585 0.423469 0.765986 0.429592 0.772109 0.433673 0.783673 0.436735 0.802721 0.436735 0.813605 0.433673 0.826531 0.423469 0.836735 0.406122 0.842177 0.392857 0.844898 0.376531 0.843537 0.338776 0.849660 0.312245 0.851701 0.294898 0.852381 0.247959 0.851020 0.242857 0.849660 0.215306 0.843537 0.190816 0.834694 0.169388 0.827211 0.156122 0.821769 0.151020 0.810884 0.134694 0.802721 0.127551 0.793878 0.125510 0.791837 0.122449 0.782993 0.121429 0.778231 0.115306
0 0.955102 0.036735 0.953061 0.042857 0.953061 0.050000 0.940136 0.087755 0.940816 0.115306 0.936054 0.136735 0.928571 0.153061 0.919728 0.165306 0.902721 0.177551 0.880272 0.179592 0.861905 0.170408 0.857143 0.161224 0.848980 0.159184 0.846259 0.162245 0.844898 0.171429 0.847619 0.175510 0.848980 0.192857 0.858503 0.234694 0.859864 0.311224 0.862585 0.316327 0.863946 0.327551 0.868707 0.342857 0.874150 0.354082 0.874830 0.359184 0.882313 0.372449 0.906122 0.394898 0.919048 0.400000 0.923810 0.398980 0.927211 0.402041 0.936735 0.421429 0.945578 0.431633 0.953741 0.436735 0.960544 0.437755 1.000000 0.435714 1.000000 0.141837 0.996599 0.137755 0.990476 0.119388 0.986395 0.113265 0.982313 0.096939 0.977551 0.087755 0.975510 0.078571 0.969388 0.067347 0.966667 0.054082 0.962585 0.048980 0.960544 0.041837
0 0.789116 0.007143 0.787755 0.012245 0.785714 0.063265 0.786395 0.073469 0.789796 0.085714 0.806122 0.113265 0.829252 0.139796 0.844898 0.143878 0.861224 0.167347 0.875510 0.176531 0.883673 0.178571 0.901361 0.177551 0.912925 0.171429 0.920408 0.165306 0.934014 0.143878 0.939456 0.123469 0.940136 0.115306 0.938095 0.089796 0.938776 0.073469 0.943537 0.065306 0.946259 0.051020 0.953061 0.030612 0.953741 0.004082 0.952381 0.000000 0.795918 0.000000
0 0.000000 0.633673 0.000000 0.923469 0.014966 0.925510 0.026531 0.924490 0.038776 0.918367 0.053061 0.904082 0.061224 0.884694 0.064626 0.862245 0.070748 0.852041 0.079592 0.842857 0.088435 0.826531 0.094558 0.809184 0.101361 0.779592 0.102041 0.752041 0.078231 0.730612 0.075510 0.722449 0.069388 0.712245 0.064626 0.697959 0.063946 0.687755 0.061224 0.681633 0.051020 0.670408 0.028571 0.635714 0.020408 0.636735 0.013605 0.633673 0.004082 0.635714
0 0.185714 0.515306 0.182993 0.513265 0.175510 0.514286 0.169388 0.510204 0.145578 0.510204 0.136054 0.506122 0.131973 0.508163 0.125850 0.506122 0.123129 0.508163 0.103401 0.507143 0.101361 0.509184 0.077551 0.510204 0.068707 0.512245 0.058503 0.524490 0.038776 0.527551 0.031973 0.534694 0.028571 0.562245 0.028571 0.600000 0.032653 0.625510 0.044218 0.652041 0.056463 0.669388 0.068027 0.680612 0.070068 0.686735 0.071429 0.703061 0.078231 0.720408 0.088435 0.734694 0.096599 0.740816 0.107483 0.744898 0.125170 0.743878 0.139456 0.737755 0.155102 0.721429 0.161905 0.704082 0.164626 0.685714 0.165986 0.659184 0.185714 0.633673 0.194558 0.601020 0.195918 0.591837 0.195238 0.580612 0.196599 0.576531 0.194558 0.536735 0.193197 0.532653 0.188435 0.528571
0 0.187075 0.660204 0.172789 0.671429 0.163946 0.708163 0.159184 0.717347 0.146259 0.733673 0.133333 0.742857 0.130612 0.746939 0.114966 0.751020 0.113605 0.758163 0.113605 0.776531 0.118367 0.806122 0.127211 0.832653 0.143537 0.859184 0.156463 0.874490 0.165306 0.905102 0.177551 0.922449 0.187755 0.929592 0.208163 0.932653 0.221769 0.928571 0.229252 0.923469 0.240136 0.911224 0.248299 0.894898 0.251020 0.878571 0.252381 0.853061 0.275510 0.810204 0.280272 0.794898 0.281633 0.763265 0.276871 0.752041 0.268027 0.745918 0.264626 0.745918 0.259184 0.736735 0.259184 0.731633 0.251701 0.718367 0.247619 0.706122 0.242177 0.702041 0.240816 0.696939 0.236735 0.691837 0.232653 0.691837 0.226531 0.677551 0.217007 0.662245 0.206122 0.658163
0 0.221769 0.512245 0.218367 0.522449 0.217007 0.539796 0.212925 0.548980 0.209524 0.566327 0.208844 0.601020 0.212245 0.623469 0.216327 0.637755 0.227211 0.662245 0.241497 0.678571 0.246939 0.681633 0.251701 0.679592 0.253061 0.681633 0.259184 0.716327 0.268027 0.735714 0.275510 0.745918 0.282993 0.752041 0.296599 0.757143 0.314286 0.756122 0.329252 0.748980 0.340136 0.737755 0.351020 0.710204 0.353741 0.669388 0.366667 0.648980 0.374150 0.632653 0.380272 0.608163 0.382313 0.592857 0.381633 0.577551 0.372789 0.534694 0.367347 0.528571 0.348980 0.526531 0.334014 0.528571 0.271429 0.527551 0.258503 0.523469 0.232653 0.509184 0.227211 0.509184
0 0.236054 0.000000 0.232653 0.025510 0.232653 0.053061 0.236054 0.075510 0.244898 0.106122 0.253061 0.125510 0.261224 0.137755 0.278231 0.153061 0.280952 0.153061 0.282993 0.150000 0.295918 0.184694 0.305442 0.200000 0.314286 0.208163 0.322449 0.212245 0.346259 0.213265 0.363946 0.204082 0.378912 0.184694 0.383673 0.172449 0.387075 0.157143 0.388435 0.143878 0.387755 0.131633 0.389796 0.121429 0.405442 0.098980 0.412245 0.079592 0.414966 0.050000 0.414966 0.009184 0.413605 0.000000
0 0.400680 0.536735 0.396599 0.554082 0.393878 0.575510 0.396599 0.616327 0.403401 0.645918 0.414966 0.670408 0.425850 0.680612 0.430612 0.679592 0.438776 0.673469 0.442857 0.675510 0.444898 0.678571 0.446939 0.695918 0.454422 0.729592 0.462585 0.742857 0.475510 0.754082 0.485034 0.757143 0.502721 0.756122 0.517687 0.750000 0.529932 0.737755 0.538776 0.719388 0.541497 0.702041 0.541497 0.678571 0.539456 0.660204 0.540816 0.652041 0.548980 0.638776 0.551701 0.628571 0.557823 0.623469 0.561224 0.613265 0.561224 0.566327 0.557143 0.556122 0.557823 0.552041 0.554422 0.548980 0.555782 0.543878 0.552381 0.539796 0.552381 0.536735 0.542857 0.528571 0.421769 0.527551 0.408844 0.528571
0 0.476871 0.760204 0.474830 0.763265 0.476871 0.791837 0.479592 0.809184 0.486395 0.835714 0.498639 0.858163 0.503401 0.870408 0.519048 0.885714 0.528571 0.890816 0.534014 0.898980 0.540816 0.920408 0.548299 0.935714 0.565306 0.947959 0.584354 0.950000 0.600680 0.942857 0.607483 0.936735 0.616327 0.923469 0.623810 0.904082 0.625170 0.893878 0.624490 0.854082 0.626531 0.846939 0.630612 0.842857 0.634014 0.834694 0.640136 0.812245 0.640136 0.787755 0.637415 0.771429 0.635374 0.767347 0.636054 0.762245 0.632653 0.753061 0.631973 0.745918 0.625170 0.735714 0.623129 0.729592 0.617007 0.723469 0.600680 0.717347 0.578231 0.717347 0.537415 0.730612 0.521088 0.748980 0.507483 0.757143
0 0.581633 0.536735 0.576871 0.544898 0.572109 0.569388 0.574150 0.591837 0.572789 0.596939 0.578912 0.627551 0.585034 0.642857 0.594558 0.658163 0.621088 0.680612 0.625850 0.686735 0.631973 0.701020 0.634014 0.712245 0.649660 0.731633 0.657823 0.736735 0.676190 0.738776 0.695238 0.732653 0.711565 0.715306 0.717687 0.703061 0.721088 0.685714 0.721769 0.662245 0.720408 0.645918 0.727891 0.630612 0.736735 0.600000 0.738095 0.565306 0.736054 0.542857 0.732653 0.533673 0.721769 0.528571 0.655102 0.526531 0.600680 0.528571 0.587755 0.531633
0 0.728571 0.669388 0.725850 0.676531 0.724490 0.688776 0.720408 0.696939 0.717007 0.711224 0.700680 0.729592 0.689116 0.736735 0.678231 0.739796 0.661224 0.740816 0.655102 0.737755 0.646939 0.738776 0.642857 0.744898 0.642857 0.748980 0.644898 0.752041 0.645578 0.791837 0.651020 0.823469 0.657823 0.842857 0.674830 0.873469 0.693197 0.892857 0.707483 0.902041 0.718367 0.928571 0.727891 0.941837 0.742857 0.950000 0.763265 0.950000 0.771429 0.946939 0.780272 0.939796 0.789796 0.926531 0.797279 0.909184 0.800000 0.890816 0.798639 0.858163 0.810884 0.827551 0.812925 0.812245 0.810884 0.760204 0.807483 0.747959 0.791156 0.726531 0.783673 0.698980 0.778231 0.687755 0.762585 0.677551 0.753061 0.677551 0.748980 0.673469 0.748299 0.669388 0.745578 0.668367
0 0.759864 0.536735 0.757143 0.543878 0.758503 0.548980 0.755102 0.564286 0.755102 0.575510 0.757143 0.580612 0.757823 0.601020 0.761224 0.622449 0.766667 0.637755 0.778231 0.660204 0.783673 0.660204 0.789796 0.668367 0.800000 0.672449 0.804082 0.677551 0.805442 0.688776 0.810884 0.701020 0.813605 0.714286 0.829932 0.732653 0.850340 0.736735 0.870068 0.730612 0.881633 0.720408 0.886395 0.713265 0.895918 0.688776 0.897279 0.678571 0.896599 0.648980 0.900000 0.635714 0.905442 0.624490 0.912245 0.592857 0.912245 0.554082 0.908844 0.536735 0.906122 0.532653 0.869388 0.527551 0.828571 0.526531 0.774830 0.529592
0 0.925170 0.628571 0.920408 0.630612 0.908163 0.629592 0.899320 0.652041 0.897959 0.681633 0.895918 0.693878 0.889796 0.708163 0.879592 0.723469 0.863946 0.734694 0.853741 0.737755 0.833333 0.737755 0.823129 0.747959 0.820408 0.762245 0.821088 0.768367 0.818367 0.792857 0.819728 0.800000 0.819048 0.812245 0.821769 0.826531 0.833333 0.855102 0.845578 0.873469 0.864626 0.888776 0.872109 0.890816 0.877551 0.898980 0.884354 0.917347 0.891837 0.929592 0.899320 0.936735 0.917687 0.942857 0.928571 0.941837 0.942177 0.935714 0.950340 0.927551 0.959864 0.913265 0.966667 0.891837 0.967347 0.874490 0.965306 0.850000 0.977551 0.818367 0.981633 0.795918 0.979592 0.754082 0.974830 0.733673 0.966667 0.712245 0.962585 0.684694 0.959184 0.673469 0.953741 0.667347 0.950340 0.658163 0.950340 0.654082 0.946939 0.650000 0.947619 0.646939 0.942177 0.637755
0 0.005442 0.000000 0.004762 0.002041 0.000000 0.002041 0.000000 0.409184 0.017007 0.421429 0.038095 0.423469 0.048980 0.419388 0.063265 0.409184 0.077551 0.385714 0.080952 0.369388 0.085034 0.359184 0.108163 0.332653 0.116327 0.318367 0.125850 0.284694 0.128571 0.265306 0.129252 0.228571 0.124490 0.200000 0.117687 0.182653 0.101361 0.163265 0.094558 0.152041 0.089116 0.137755 0.079592 0.126531 0.054422 0.085714 0.047619 0.068367 0.038095 0.020408 0.031973 0.009184 0.031973 0.006122 0.028571 0.000000
0 0.215646 0.107143 0.204082 0.110204 0.195918 0.122449 0.185714 0.153061 0.176871 0.167347 0.161905 0.180612 0.142177 0.187755 0.139456 0.191837 0.136054 0.202041 0.134694 0.214286 0.138095 0.242857 0.138095 0.260204 0.136735 0.264286 0.138095 0.266327 0.140136 0.295918 0.149660 0.328571 0.155102 0.338776 0.157143 0.346939 0.176190 0.372449 0.180952 0.392857 0.187075 0.409184 0.194558 0.419388 0.209524 0.429592 0.240136 0.431633 0.252381 0.428571 0.263265 0.415306 0.267347 0.413265 0.275510 0.393878 0.278912 0.366327 0.282993 0.354082 0.292517 0.342857 0.304082 0.319388 0.311565 0.290816 0.312245 0.227551 0.310884 0.213265 0.297959 0.195918 0.295918 0.188776 0.288435 0.179592 0.288435 0.176531 0.272109 0.157143 0.253061 0.139796 0.248980 0.126531 0.242857 0.121429 0.240136 0.114286 0.233333 0.108163
0 0.040816 0.008163 0.040816 0.013265 0.044218 0.018367 0.044218 0.031633 0.048299 0.061224 0.062585 0.092857 0.089116 0.127551 0.097959 0.152041 0.108163 0.167347 0.125850 0.181633 0.139456 0.184694 0.151701 0.182653 0.165986 0.175510 0.174150 0.167347 0.183673 0.152041 0.188435 0.138776 0.194558 0.104082 0.203401 0.091837 0.205442 0.085714 0.216327 0.068367 0.218367 0.054082 0.220408 0.050000 0.219728 0.036735 0.225170 0.029592 0.224490 0.018367 0.225850 0.015306 0.223810 0.000000 0.043537 0.000000
