1 0.889062 0.368750 0.878125 0.376563 0.876563 0.435937 0.851562 0.493750 0.851562 0.514062 0.859375 0.542188 0.859375 0.564063 0.843750 0.609375 0.846875 0.678125 0.843750 0.793750 0.850000 0.806250 0.864062 0.812500 0.943750 0.814063 0.960938 0.809375 0.967187 0.803125 0.971875 0.787500 0.968750 0.743750 0.971875 0.604688 0.954688 0.556250 0.956250 0.539062 0.964063 0.515625 0.964063 0.493750 0.939063 0.440625 0.935937 0.423438 0.937500 0.378125 0.934375 0.371875 0.926562 0.368750
1 0.839063 0.289062 0.801562 0.289062 0.790625 0.298438 0.792188 0.350000 0.768750 0.390625 0.764062 0.406250 0.767188 0.618750 0.775000 0.623437 0.840625 0.612500 0.843750 0.595313 0.856250 0.565625 0.856250 0.539062 0.848437 0.500000 0.857812 0.473438 0.862500 0.440625 0.867188 0.432812 0.868750 0.403125 0.845313 0.356250 0.843750 0.325000 0.848437 0.298438
1 0.723437 0.303125 0.693750 0.303125 0.681250 0.310937 0.679688 0.373437 0.657813 0.414062 0.654687 0.503125 0.657813 0.635938 0.662500 0.640625 0.681250 0.640625 0.750000 0.628125 0.759375 0.623437 0.764062 0.546875 0.757812 0.503125 0.759375 0.418750 0.735938 0.367188 0.737500 0.315625 0.732812 0.306250
1 0.737500 0.259375 0.729688 0.270313 0.729688 0.292187 0.739062 0.314063 0.735938 0.353125 0.739062 0.375000 0.754687 0.403125 0.760938 0.406250 0.789062 0.354687 0.789062 0.340625 0.781250 0.314063 0.785937 0.273438 0.784375 0.267188 0.773438 0.259375
1 0.673438 0.235937 0.670312 0.256250 0.681250 0.301563 0.725000 0.300000 0.723437 0.239063 0.706250 0.231250 0.687500 0.231250
1 0.614062 0.315625 0.585938 0.314063 0.568750 0.321875 0.567187 0.384375 0.546875 0.429688 0.548438 0.485938 0.542188 0.534375 0.545312 0.564063 0.543750 0.626563 0.546875 0.656250 0.551562 0.659375 0.643750 0.645312 0.651563 0.637500 0.654687 0.537500 0.646875 0.509375 0.648438 0.434375 0.625000 0.389062 0.621875 0.376563 0.623437 0.323437
1 0.490625 0.328125 0.467187 0.328125 0.451562 0.337500 0.451562 0.398438 0.428125 0.448437 0.428125 0.476562 0.432812 0.504687 0.425000 0.542188 0.425000 0.639062 0.428125 0.668750 0.432812 0.678125 0.526563 0.665625 0.539062 0.656250 0.540625 0.553125 0.529687 0.512500 0.532813 0.454688 0.507812 0.401562 0.509375 0.342187 0.504687 0.334375
1 0.378125 0.345313 0.345313 0.345313 0.332813 0.353125 0.332813 0.415625 0.309375 0.462500 0.307812 0.482812 0.314063 0.528125 0.306250 0.559375 0.304688 0.584375 0.307812 0.601562 0.307812 0.687500 0.312500 0.698438 0.410938 0.684375 0.421875 0.678125 0.423438 0.573438 0.414062 0.537500 0.414062 0.471875 0.406250 0.446875 0.389062 0.417187 0.385937 0.389062 0.389062 0.357812
1 0.253125 0.360938 0.225000 0.360938 0.212500 0.365625 0.209375 0.375000 0.209375 0.418750 0.206250 0.434375 0.182812 0.485938 0.182812 0.507812 0.189062 0.531250 0.189062 0.557813 0.179688 0.578125 0.175000 0.604688 0.179688 0.628125 0.184375 0.696875 0.198437 0.717187 0.228125 0.715625 0.264062 0.706250 0.292187 0.703125 0.300000 0.700000 0.303125 0.693750 0.304688 0.590625 0.295312 0.556250 0.293750 0.481250 0.270313 0.437500 0.265625 0.371875
1 0.203125 0.328125 0.170313 0.328125 0.160938 0.334375 0.157812 0.346875 0.162500 0.356250 0.157812 0.398438 0.135937 0.448437 0.135937 0.473438 0.142187 0.493750 0.142187 0.515625 0.129688 0.553125 0.135937 0.645312 0.143750 0.670312 0.173437 0.695312 0.179688 0.695312 0.181250 0.692187 0.175000 0.593750 0.187500 0.557813 0.187500 0.529687 0.181250 0.490625 0.187500 0.470313 0.204687 0.435937 0.207813 0.415625 0.204687 0.378125 0.217188 0.350000 0.214062 0.334375
1 0.126562 0.296875 0.117188 0.303125 0.114062 0.310937 0.117188 0.334375 0.114062 0.362500 0.106250 0.385937 0.095312 0.401562 0.092188 0.415625 0.092188 0.437500 0.100000 0.470313 0.085938 0.520312 0.092188 0.614062 0.100000 0.628125 0.129688 0.654687 0.134375 0.653125 0.134375 0.620313 0.128125 0.559375 0.140625 0.518750 0.142187 0.501563 0.134375 0.454688 0.140625 0.434375 0.156250 0.404687 0.159375 0.390625 0.159375 0.353125 0.156250 0.343750 0.168750 0.320312 0.167187 0.304688 0.160938 0.298438
1 0.104688 0.267188 0.084375 0.268750 0.070312 0.275000 0.070312 0.335938 0.048438 0.381250 0.048438 0.403125 0.056250 0.428125 0.056250 0.445312 0.046875 0.468750 0.043750 0.487500 0.048438 0.550000 0.056250 0.576562 0.062500 0.578125 0.062500 0.590625 0.071875 0.596875 0.087500 0.593750 0.084375 0.521875 0.096875 0.481250 0.090625 0.418750 0.112500 0.362500 0.110937 0.306250 0.123438 0.295312 0.126562 0.285938 0.125000 0.276562 0.120313 0.271875
1 0.314063 0.312500 0.289062 0.314063 0.282813 0.317188 0.278125 0.329688 0.281250 0.376563 0.273438 0.396875 0.271875 0.426563 0.275000 0.442188 0.298438 0.487500 0.303125 0.487500 0.306250 0.459375 0.328125 0.421875 0.331250 0.404687 0.328125 0.356250 0.335938 0.343750 0.335938 0.325000 0.328125 0.314063
1 0.235937 0.285938 0.229687 0.296875 0.232813 0.328125 0.231250 0.354687 0.259375 0.359375 0.275000 0.382812 0.279687 0.370312 0.276562 0.329688 0.285938 0.307812 0.284375 0.292187 0.273438 0.282813 0.245312 0.282813
1 0.189062 0.257812 0.182812 0.267188 0.185938 0.285938 0.184375 0.323437 0.210938 0.329688 0.218750 0.340625 0.217188 0.354687 0.225000 0.356250 0.231250 0.342187 0.228125 0.300000 0.240625 0.278125 0.240625 0.265625 0.237500 0.259375 0.226562 0.254688
1 0.437500 0.298438 0.406250 0.300000 0.398438 0.306250 0.395313 0.314063 0.396875 0.367188 0.390625 0.384375 0.390625 0.412500 0.414062 0.460938 0.420312 0.528125 0.425000 0.523438 0.426563 0.509375 0.425000 0.448437 0.448437 0.400000 0.448437 0.345313 0.454688 0.328125 0.451562 0.304688
1 0.642188 0.271875 0.628125 0.275000 0.621875 0.281250 0.620313 0.310937 0.626563 0.329688 0.623437 0.376563 0.632812 0.403125 0.651563 0.429688 0.656250 0.410938 0.671875 0.384375 0.678125 0.365625 0.678125 0.351562 0.673438 0.339062 0.678125 0.289062 0.673438 0.278125 0.667188 0.273438
1 0.526563 0.284375 0.517188 0.287500 0.509375 0.298438 0.509375 0.393750 0.515625 0.415625 0.534375 0.450000 0.542188 0.453125 0.545312 0.425000 0.564063 0.387500 0.565625 0.362500 0.562500 0.354687 0.562500 0.332813 0.568750 0.317188 0.568750 0.298438 0.560937 0.287500
1 0.348438 0.273438 0.343750 0.281250 0.346875 0.320312 0.342187 0.340625 0.382812 0.343750 0.393750 0.354687 0.390625 0.331250 0.401562 0.289062 0.398438 0.275000 0.381250 0.268750 0.360938 0.268750
1 0.301563 0.245312 0.296875 0.250000 0.296875 0.310937 0.331250 0.314063 0.346875 0.328125 0.343750 0.281250 0.350000 0.271875 0.351562 0.250000 0.339062 0.242188
1 0.460938 0.259375 0.456250 0.267188 0.456250 0.287500 0.459375 0.303125 0.467187 0.315625 0.467187 0.323437 0.506250 0.328125 0.512500 0.273438 0.510938 0.264062 0.495312 0.256250 0.470313 0.256250
1 0.407813 0.235937 0.406250 0.296875 0.440625 0.298438 0.456250 0.307812 0.454688 0.268750 0.460938 0.248438 0.459375 0.237500 0.448437 0.231250 0.420312 0.231250
1 0.517188 0.221875 0.512500 0.228125 0.514062 0.285938 0.551562 0.284375 0.565625 0.287500 0.562500 0.262500 0.565625 0.243750 0.564063 0.225000 0.551562 0.218750
1 0.567187 0.250000 0.567187 0.289062 0.576562 0.310937 0.615625 0.314063 0.618750 0.251563 0.604688 0.243750 0.579688 0.243750
1 0.618750 0.210938 0.615625 0.228125 0.617188 0.245312 0.621875 0.253125 0.621875 0.276562 0.643750 0.270313 0.667188 0.271875 0.667188 0.212500 0.659375 0.207813 0.643750 0.206250
