2 1.000000 0.460784 0.962418 0.460784 0.931373 0.470588 0.900327 0.490196 0.883987 0.517157 0.882353 0.561275 0.872549 0.590686 0.861111 0.607843 0.856209 0.639706 0.859477 0.676471 0.879085 0.732843 0.888889 0.732843 0.901961 0.710784 0.934641 0.683824 0.964052 0.671569 1.000000 0.666667
2 0.000000 0.914216 0.000000 1.000000 0.294118 1.000000 0.299020 0.975490 0.297386 0.931373 0.279412 0.899510 0.251634 0.877451 0.184641 0.855392 0.138889 0.852941 0.078431 0.862745 0.031046 0.884804
2 0.000000 0.649510 0.000000 0.906863 0.055556 0.867647 0.107843 0.852941 0.178105 0.850490 0.253268 0.870098 0.256536 0.860294 0.254902 0.823529 0.225490 0.752451 0.225490 0.703431 0.207516 0.674020 0.173203 0.649510 0.111111 0.632353 0.045752 0.634804
2 0.000000 0.438725 0.000000 0.644608 0.040850 0.632353 0.116013 0.629902 0.161765 0.642157 0.196078 0.661765 0.205882 0.656863 0.209150 0.644608 0.207516 0.610294 0.202614 0.590686 0.179739 0.541667 0.178105 0.500000 0.161765 0.470588 0.147059 0.458333 0.098039 0.438725 0.068627 0.433824
2 0.000000 0.274510 0.000000 0.433824 0.075163 0.431373 0.112745 0.438725 0.145425 0.453431 0.166667 0.473039 0.179739 0.495098 0.184641 0.517157 0.191176 0.522059 0.189542 0.531863 0.196078 0.522059 0.210784 0.514706 0.217320 0.500000 0.217320 0.487745 0.233660 0.453431 0.235294 0.428922 0.233660 0.414216 0.210784 0.352941 0.212418 0.323529 0.209150 0.306373 0.200980 0.294118 0.160131 0.267157 0.127451 0.259804 0.047386 0.259804
2 0.000000 0.129902 0.000000 0.269608 0.053922 0.254902 0.145425 0.259804 0.192810 0.281863 0.217320 0.318627 0.223856 0.318627 0.241830 0.281863 0.240196 0.250000 0.220588 0.198529 0.218954 0.156863 0.207516 0.137255 0.191176 0.125000 0.142157 0.107843 0.062092 0.107843 0.029412 0.115196
2 0.000000 0.000000 0.000000 0.127451 0.044118 0.107843 0.093137 0.102941 0.161765 0.110294 0.191176 0.122549 0.205882 0.134804 0.215686 0.134804 0.222222 0.115196 0.223856 0.088235 0.210784 0.041667 0.212418 0.019608 0.204248 0.000000
2 0.220588 0.132353 0.223856 0.186275 0.238562 0.232843 0.250000 0.247549 0.253268 0.245098 0.253268 0.227941 0.261438 0.203431 0.292484 0.178922 0.326797 0.166667 0.400327 0.161765 0.442810 0.169118 0.482026 0.188725 0.486928 0.178922 0.483660 0.156863 0.467320 0.112745 0.467320 0.083333 0.462418 0.063725 0.436275 0.039216 0.408497 0.029412 0.305556 0.024510 0.259804 0.039216 0.243464 0.049020 0.232026 0.066176 0.227124 0.115196
2 0.230392 0.328431 0.230392 0.360294 0.235294 0.404412 0.241830 0.409314 0.250000 0.379902 0.261438 0.362745 0.303922 0.335784 0.336601 0.325980 0.411765 0.323529 0.452614 0.333333 0.490196 0.352941 0.514706 0.379902 0.522876 0.375000 0.531046 0.348039 0.529412 0.318627 0.504902 0.257353 0.504902 0.220588 0.496732 0.203431 0.472222 0.183824 0.444444 0.171569 0.403595 0.164216 0.357843 0.164216 0.315359 0.171569 0.272876 0.193627 0.256536 0.218137 0.256536 0.247549
2 0.251634 0.379902 0.248366 0.392157 0.248366 0.424020 0.220588 0.507353 0.223856 0.568627 0.266340 0.534314 0.315359 0.514706 0.348039 0.509804 0.406863 0.512255 0.446078 0.524510 0.482026 0.546569 0.506536 0.580882 0.509804 0.600490 0.516340 0.610294 0.519608 0.607843 0.524510 0.580882 0.539216 0.536765 0.540850 0.502451 0.516340 0.438725 0.514706 0.389706 0.498366 0.362745 0.472222 0.343137 0.439542 0.330882 0.354575 0.325980 0.307190 0.335784 0.266340 0.360294
2 0.501634 0.575980 0.468954 0.539216 0.424837 0.519608 0.359477 0.512255 0.299020 0.522059 0.251634 0.546569 0.227124 0.575980 0.222222 0.593137 0.222222 0.629902 0.212418 0.656863 0.212418 0.674020 0.230392 0.713235 0.232026 0.750000 0.256536 0.811275 0.266340 0.828431 0.277778 0.833333 0.295752 0.828431 0.303922 0.786765 0.315359 0.767157 0.339869 0.742647 0.369281 0.727941 0.439542 0.713235 0.482026 0.715686 0.532680 0.727941 0.534314 0.703431 0.527778 0.678922 0.506536 0.629902 0.506536 0.600490
2 0.282680 0.892157 0.302288 0.946078 0.300654 0.985294 0.303922 1.000000 0.612745 1.000000 0.622549 0.970588 0.627451 0.936275 0.624183 0.906863 0.604575 0.850490 0.604575 0.808824 0.591503 0.774510 0.575163 0.757353 0.540850 0.735294 0.478758 0.718137 0.405229 0.720588 0.375817 0.727941 0.336601 0.747549 0.307190 0.784314 0.302288 0.806373 0.300654 0.845588
2 0.620915 0.997549 0.928105 1.000000 0.939542 0.975490 0.944444 0.936275 0.936275 0.904412 0.928105 0.889706 0.905229 0.865196 0.870915 0.843137 0.803922 0.825980 0.733660 0.828431 0.689542 0.843137 0.650327 0.872549 0.633987 0.904412 0.632353 0.960784 0.620915 0.985294
2 0.496732 0.178922 0.496732 0.196078 0.508170 0.220588 0.508170 0.250000 0.534314 0.321078 0.539216 0.321078 0.549020 0.303922 0.555556 0.252451 0.562092 0.237745 0.576797 0.220588 0.602941 0.205882 0.643791 0.196078 0.712418 0.196078 0.766340 0.213235 0.772876 0.210784 0.756536 0.156863 0.753268 0.110294 0.746732 0.095588 0.732026 0.080882 0.702614 0.063725 0.661765 0.056373 0.588235 0.056373 0.539216 0.071078 0.516340 0.093137 0.509804 0.115196 0.506536 0.151961
2 0.531046 0.355392 0.532680 0.453431 0.540850 0.482843 0.547386 0.492647 0.552288 0.492647 0.565359 0.470588 0.565359 0.441176 0.571895 0.414216 0.589869 0.389706 0.624183 0.370098 0.661765 0.360294 0.735294 0.360294 0.785948 0.375000 0.825163 0.401961 0.831699 0.399510 0.833333 0.382353 0.826797 0.343137 0.812092 0.306373 0.810458 0.259804 0.800654 0.240196 0.774510 0.218137 0.738562 0.203431 0.707516 0.198529 0.617647 0.203431 0.570261 0.227941 0.557190 0.257353 0.557190 0.289216
2 0.834967 0.421569 0.813725 0.394608 0.787582 0.377451 0.735294 0.362745 0.687908 0.360294 0.648693 0.365196 0.594771 0.387255 0.573529 0.414216 0.568627 0.438725 0.570261 0.465686 0.547386 0.512255 0.540850 0.539216 0.540850 0.612745 0.549020 0.674020 0.553922 0.678922 0.560458 0.671569 0.562092 0.637255 0.580065 0.602941 0.606209 0.580882 0.651961 0.563725 0.732026 0.558824 0.797386 0.578431 0.826797 0.595588 0.857843 0.593137 0.864379 0.558824 0.859477 0.526961 0.838235 0.473039
2 0.545752 0.725490 0.549020 0.737745 0.584967 0.764706 0.601307 0.789216 0.607843 0.811275 0.611111 0.855392 0.625817 0.875000 0.637255 0.877451 0.647059 0.875000 0.683007 0.843137 0.741830 0.823529 0.790850 0.821078 0.857843 0.830882 0.872549 0.811275 0.879085 0.779412 0.874183 0.740196 0.849673 0.691176 0.851307 0.639706 0.843137 0.617647 0.828431 0.600490 0.805556 0.585784 0.745098 0.563725 0.679739 0.561275 0.650327 0.566176 0.616013 0.578431 0.588235 0.595588 0.568627 0.625000 0.563725 0.647059 0.563725 0.681373
2 1.000000 0.669118 0.954248 0.676471 0.929739 0.688725 0.906863 0.708333 0.890523 0.737745 0.888889 0.781863 0.872549 0.823529 0.874183 0.843137 0.910131 0.867647 0.937908 0.904412 0.946078 0.933824 0.946078 0.985294 0.954248 1.000000 1.000000 1.000000
2 0.758170 0.125000 0.766340 0.171569 0.784314 0.203431 0.789216 0.203431 0.799020 0.191176 0.803922 0.159314 0.813725 0.144608 0.843137 0.125000 0.895425 0.112745 0.959150 0.115196 0.996732 0.122549 1.000000 0.117647 1.000000 0.022059 0.970588 0.000000 0.799020 0.000000 0.782680 0.014706 0.774510 0.029412 0.772876 0.063725 0.761438 0.098039
2 1.000000 0.132353 0.959150 0.120098 0.882353 0.117647 0.836601 0.129902 0.810458 0.149510 0.802288 0.174020 0.797386 0.232843 0.812092 0.257353 0.815359 0.296569 0.836601 0.357843 0.849673 0.362745 0.851307 0.345588 0.861111 0.323529 0.870915 0.311275 0.900327 0.294118 0.954248 0.281863 1.000000 0.284314
2 1.000000 0.286765 0.954248 0.284314 0.921569 0.289216 0.883987 0.303922 0.859477 0.328431 0.854575 0.345588 0.854575 0.370098 0.839869 0.411765 0.839869 0.433824 0.846405 0.480392 0.870915 0.546569 0.880719 0.549020 0.885621 0.509804 0.897059 0.492647 0.915033 0.477941 0.954248 0.460784 1.000000 0.458333
