3 0.480000 0.009836 0.477143 0.032787 0.485714 0.068852 0.477143 0.101639 0.480000 0.229508 0.505714 0.249180 0.645714 0.245902 0.668571 0.219672 0.668571 0.104918 0.654286 0.072131 0.657143 0.006557 0.634286 0.000000 0.554286 0.000000
3 0.388571 0.252459 0.382857 0.265574 0.388571 0.327869 0.377143 0.354098 0.380000 0.468852 0.405714 0.495082 0.522857 0.498361 0.551429 0.491803 0.571429 0.468852 0.574286 0.363934 0.560000 0.318033 0.562857 0.262295 0.557143 0.255738 0.511429 0.249180
3 0.591429 0.259016 0.585714 0.278689 0.594286 0.318033 0.580000 0.354098 0.582857 0.472131 0.602857 0.491803 0.700000 0.498361 0.751429 0.491803 0.771429 0.462295 0.768571 0.350820 0.760000 0.324590 0.762857 0.255738 0.754286 0.249180 0.645714 0.249180
3 0.091429 0.501639 0.094286 0.567213 0.082857 0.600000 0.082857 0.701639 0.088571 0.721311 0.105714 0.737705 0.240000 0.740984 0.265714 0.727869 0.277143 0.708197 0.280000 0.639344 0.277143 0.593443 0.265714 0.570492 0.265714 0.498361 0.140000 0.495082
3 0.294286 0.501639 0.288571 0.511475 0.294286 0.570492 0.282857 0.593443 0.285714 0.718033 0.311429 0.740984 0.445714 0.740984 0.460000 0.734426 0.477143 0.704918 0.477143 0.606557 0.460000 0.563934 0.465714 0.537705 0.462857 0.508197 0.400000 0.495082
3 0.485714 0.508197 0.485714 0.544262 0.491429 0.557377 0.491429 0.573770 0.482857 0.590164 0.485714 0.721311 0.508571 0.737705 0.597143 0.744262 0.654286 0.734426 0.668571 0.714754 0.668571 0.603279 0.657143 0.567213 0.662857 0.508197 0.654286 0.501639 0.600000 0.495082
3 0.688571 0.501639 0.688571 0.573770 0.677143 0.603279 0.680000 0.714754 0.702857 0.737705 0.851429 0.737705 0.874286 0.701639 0.874286 0.613115 0.860000 0.567213 0.862857 0.504918 0.857143 0.498361 0.808571 0.495082
3 0.022857 0.750820 0.025714 0.813115 0.011429 0.849180 0.011429 0.944262 0.017143 0.963934 0.034286 0.983607 0.168571 0.986885 0.188571 0.980328 0.202857 0.963934 0.208571 0.937705 0.205714 0.839344 0.194286 0.813115 0.191429 0.747541 0.077143 0.740984
3 0.217143 0.750820 0.217143 0.786885 0.222857 0.800000 0.211429 0.839344 0.211429 0.950820 0.217143 0.963934 0.237143 0.983607 0.345714 0.986885 0.388571 0.977049 0.405714 0.944262 0.405714 0.839344 0.391429 0.806557 0.394286 0.747541 0.265714 0.740984
3 0.414286 0.750820 0.414286 0.783607 0.422857 0.809836 0.411429 0.839344 0.408571 0.872131 0.411429 0.963934 0.425714 0.980328 0.445714 0.986885 0.517143 0.990164 0.582857 0.983607 0.597143 0.954098 0.594286 0.832787 0.585714 0.816393 0.588571 0.750820 0.520000 0.740984 0.468571 0.740984
3 0.611429 0.750820 0.617143 0.816393 0.605714 0.845902 0.605714 0.960656 0.617143 0.977049 0.640000 0.986885 0.768571 0.986885 0.782857 0.977049 0.794286 0.957377 0.782857 0.750820 0.705714 0.740984
3 0.814286 0.747541 0.808571 0.754098 0.808571 0.796721 0.814286 0.813115 0.800000 0.849180 0.800000 0.937705 0.805714 0.963934 0.831429 0.986885 0.971429 0.983607 0.991429 0.960656 0.994286 0.852459 0.980000 0.809836 0.982857 0.747541 0.965714 0.740984 0.857143 0.740984
