2 0.000000 0.000000 0.000000 0.302030 0.050654 0.302030 0.093137 0.279188 0.124183 0.241117 0.155229 0.177665 0.166667 0.106599 0.163399 0.038071 0.155229 0.002538
2 0.169935 0.035533 0.169935 0.093909 0.181373 0.157360 0.210784 0.218274 0.246732 0.258883 0.282680 0.271574 0.333333 0.271574 0.362745 0.258883 0.406863 0.210660 0.428105 0.167513 0.437908 0.134518 0.441176 0.043147 0.436275 0.000000 0.178105 0.000000
2 0.454248 0.007614 0.449346 0.078680 0.454248 0.124365 0.470588 0.185279 0.513072 0.253807 0.539216 0.271574 0.616013 0.271574 0.655229 0.251269 0.686275 0.213198 0.700980 0.182741 0.717320 0.129442 0.720588 0.027919 0.718954 0.010152 0.714052 0.000000 0.457516 0.000000
2 0.000000 0.314721 0.000000 0.736041 0.034314 0.738579 0.055556 0.733503 0.083333 0.718274 0.111111 0.687817 0.130719 0.657360 0.148693 0.614213 0.151961 0.588832 0.156863 0.578680 0.158497 0.550761 0.155229 0.464467 0.132353 0.393401 0.094771 0.345178 0.050654 0.317259
2 0.281046 0.281726 0.235294 0.304569 0.218954 0.319797 0.194444 0.355330 0.174837 0.401015 0.165033 0.436548 0.160131 0.500000 0.165033 0.553299 0.173203 0.586294 0.192810 0.631980 0.207516 0.654822 0.230392 0.680203 0.253268 0.695431 0.274510 0.703046 0.310458 0.705584 0.343137 0.695431 0.367647 0.677665 0.406863 0.629442 0.424837 0.586294 0.436275 0.538071 0.437908 0.464467 0.434641 0.434010 0.421569 0.383249 0.408497 0.355330 0.383987 0.319797 0.357843 0.296954 0.333333 0.284264
2 0.563725 0.279188 0.542484 0.284264 0.516340 0.299492 0.477124 0.345178 0.454248 0.395939 0.444444 0.441624 0.441176 0.507614 0.444444 0.545685 0.454248 0.588832 0.468954 0.624365 0.493464 0.664975 0.506536 0.680203 0.531046 0.695431 0.562092 0.705584 0.583333 0.705584 0.599673 0.700508 0.619281 0.680203 0.629085 0.682741 0.643791 0.675127 0.611111 0.672589 0.607843 0.667513 0.607843 0.637056 0.620915 0.621827 0.648693 0.624365 0.651961 0.619289 0.658497 0.624365 0.679739 0.624365 0.692810 0.609137 0.710784 0.555838 0.717320 0.507614 0.717320 0.472081 0.712418 0.431472 0.699346 0.383249 0.686275 0.352792 0.650327 0.307107 0.625817 0.289340 0.606209 0.281726
2 0.733660 0.007614 0.730392 0.093909 0.743464 0.162437 0.758170 0.195431 0.777778 0.225888 0.797386 0.248731 0.841503 0.271574 0.893791 0.271574 0.934641 0.248731 0.968954 0.205584 0.983660 0.175127 0.996732 0.119289 1.000000 0.116751 1.000000 0.015228 0.990196 0.000000 0.736928 0.000000
2 0.843137 0.279188 0.813725 0.289340 0.790850 0.307107 0.753268 0.360406 0.735294 0.408629 0.728758 0.441624 0.727124 0.532995 0.733660 0.576142 0.743464 0.601523 0.789216 0.672589 0.823529 0.687817 0.841503 0.685279 0.849673 0.700508 0.875817 0.703046 0.910131 0.692893 0.929739 0.680203 0.957516 0.649746 0.977124 0.616751 0.982026 0.596447 0.988562 0.586294 1.000000 0.538071 1.000000 0.441624 0.975490 0.365482 0.936275 0.309645 0.897059 0.284264
2 0.000000 0.746193 0.000000 1.000000 0.143791 1.000000 0.145425 0.934010 0.140523 0.893401 0.129085 0.850254 0.116013 0.819797 0.098039 0.791878 0.076797 0.771574 0.040850 0.751269
2 0.158497 0.868020 0.151961 0.939086 0.158497 1.000000 0.428105 1.000000 0.433007 0.890863 0.423203 0.840102 0.410131 0.804569 0.390523 0.771574 0.374183 0.751269 0.341503 0.725888 0.320261 0.718274 0.279412 0.715736 0.243464 0.728426 0.209150 0.758883 0.187908 0.789340 0.165033 0.842640
2 0.439542 0.890863 0.439542 0.969543 0.446078 1.000000 0.710784 1.000000 0.715686 0.977157 0.717320 0.895939 0.710784 0.857868 0.694444 0.807107 0.678105 0.776650 0.653595 0.746193 0.609477 0.718274 0.544118 0.718274 0.506536 0.743655 0.491830 0.758883 0.462418 0.809645 0.446078 0.857868
2 0.728758 0.842640 0.722222 0.888325 0.722222 0.954315 0.727124 1.000000 0.991830 1.000000 0.996732 0.964467 1.000000 0.961929 1.000000 0.903553 0.991830 0.857868 0.980392 0.819797 0.962418 0.781726 0.929739 0.741117 0.882353 0.715736 0.821895 0.720812 0.781046 0.746193 0.758170 0.774112
