4 0.103672 0.221429 0.086393 0.217857 0.023758 0.242857 0.019438 0.271429 0.000000 0.303571 0.000000 0.371429 0.012959 0.435714 0.021598 0.432143 0.021598 0.410714 0.028078 0.392857 0.116631 0.342857 0.129590 0.342857 0.136069 0.367857 0.149028 0.382143 0.146868 0.307143
4 0.600432 0.085714 0.572354 0.096429 0.563715 0.125000 0.550756 0.142857 0.550756 0.153571 0.576674 0.207143 0.574514 0.260714 0.578834 0.285714 0.593952 0.278571 0.600432 0.267857 0.602592 0.246429 0.632829 0.217857 0.639309 0.192857 0.637149 0.150000
4 0.537797 0.128571 0.501080 0.139286 0.494600 0.150000 0.492441 0.171429 0.483801 0.182143 0.514039 0.250000 0.516199 0.303571 0.574514 0.260714 0.574514 0.200000
4 0.796976 0.092857 0.784017 0.107143 0.771058 0.135714 0.771058 0.146429 0.796976 0.185714 0.801296 0.203571 0.794816 0.310714 0.796976 0.325000 0.803456 0.325000 0.835853 0.278571 0.842333 0.157143 0.829374 0.125000 0.807775 0.096429
4 0.734341 0.139286 0.727862 0.178571 0.766739 0.250000 0.762419 0.371429 0.766739 0.371429 0.794816 0.325000 0.799136 0.192857 0.760259 0.128571
4 0.928726 0.225000 0.915767 0.228571 0.889849 0.278571 0.892009 0.300000 0.913607 0.321429 0.937365 0.375000 0.935205 0.450000 0.922246 0.532143 0.911447 0.664286 0.913607 0.689286 0.922246 0.689286 0.928726 0.678571 0.948164 0.603571 0.956803 0.482143 0.967603 0.428571 0.971922 0.332143 0.976242 0.325000 0.976242 0.300000 0.965443 0.264286 0.956803 0.250000 0.939525 0.242857
4 0.468683 0.164286 0.455724 0.164286 0.429806 0.182143 0.421166 0.207143 0.395248 0.242857 0.395248 0.253571 0.419006 0.303571 0.421166 0.375000 0.436285 0.371429 0.466523 0.346429 0.473002 0.346429 0.477322 0.364286 0.483801 0.367857 0.509719 0.332143 0.511879 0.246429
4 0.373650 0.210714 0.352052 0.214286 0.315335 0.239286 0.311015 0.267857 0.282937 0.303571 0.317495 0.385714 0.319654 0.450000 0.341253 0.446429 0.352052 0.478571 0.393089 0.439286 0.401728 0.400000 0.419006 0.378571 0.416847 0.296429
4 0.265659 0.275000 0.252700 0.275000 0.192225 0.310714 0.187905 0.317857 0.187905 0.339286 0.155508 0.389286 0.157667 0.410714 0.183585 0.467857 0.187905 0.564286 0.196544 0.600000 0.233261 0.567857 0.237581 0.532143 0.246220 0.517857 0.317495 0.457143 0.313175 0.371429 0.272138 0.296429
4 0.127430 0.342857 0.032397 0.389286 0.023758 0.400000 0.023758 0.428571 0.000000 0.467857 0.000000 0.532143 0.023758 0.582143 0.038877 0.725000 0.045356 0.725000 0.047516 0.685714 0.058315 0.667857 0.187905 0.564286 0.179266 0.453571 0.133909 0.367857
4 0.721382 0.167857 0.688985 0.185714 0.684665 0.207143 0.660907 0.235714 0.660907 0.246429 0.695464 0.310714 0.691145 0.439286 0.695464 0.446429 0.712743 0.439286 0.751620 0.392857 0.758099 0.375000 0.764579 0.246429
4 0.647948 0.214286 0.632829 0.217857 0.606911 0.239286 0.600432 0.271429 0.580994 0.292857 0.611231 0.350000 0.622030 0.382143 0.617711 0.546429 0.632829 0.539286 0.671706 0.492857 0.686825 0.467857 0.693305 0.307143 0.673866 0.264286 0.656587 0.242857
4 0.570194 0.271429 0.555076 0.275000 0.516199 0.307143 0.514039 0.335714 0.483801 0.371429 0.483801 0.382143 0.529158 0.464286 0.531317 0.657143 0.544276 0.650000 0.613391 0.557143 0.619870 0.375000 0.609071 0.346429 0.574514 0.292857
4 0.470842 0.350000 0.408207 0.392857 0.401728 0.403571 0.397408 0.435714 0.369330 0.460714 0.354212 0.485714 0.403888 0.589286 0.410367 0.803571 0.419006 0.803571 0.511879 0.689286 0.524838 0.667857 0.529158 0.467857 0.507559 0.417857 0.477322 0.371429
4 0.341253 0.450000 0.321814 0.457143 0.241901 0.521429 0.237581 0.532143 0.237581 0.560714 0.200864 0.603571 0.203024 0.625000 0.228942 0.667857 0.261339 0.742857 0.265659 0.878571 0.272138 0.925000 0.315335 0.928571 0.328294 0.921429 0.390929 0.839286 0.406048 0.807143 0.403888 0.596429 0.384449 0.546429 0.345572 0.478571
4 0.185745 0.571429 0.056156 0.671429 0.049676 0.682143 0.049676 0.717857 0.008639 0.775000 0.008639 0.807143 0.028078 0.928571 0.265659 0.928571 0.259179 0.735714 0.239741 0.689286 0.192225 0.603571
4 0.887689 0.292857 0.874730 0.292857 0.855292 0.314286 0.833693 0.357143 0.833693 0.378571 0.887689 0.471429 0.863931 0.760714 0.863931 0.814286 0.874730 0.814286 0.907127 0.714286 0.937365 0.375000 0.924406 0.339286
4 0.827214 0.360714 0.820734 0.360714 0.781857 0.407143 0.760259 0.446429 0.760259 0.475000 0.796976 0.532143 0.820734 0.585714 0.801296 0.835714 0.801296 0.925000 0.825054 0.925000 0.853132 0.867857 0.859611 0.832143 0.885529 0.492857 0.883369 0.460714 0.844492 0.400000
4 0.751620 0.446429 0.626350 0.607143 0.624190 0.625000 0.628510 0.632143 0.667387 0.578571 0.673866 0.585714 0.680346 0.621429 0.749460 0.746429 0.740821 0.925000 0.794816 0.928571 0.799136 0.925000 0.801296 0.832143 0.820734 0.589286 0.794816 0.528571 0.758099 0.471429 0.758099 0.450000
4 0.669546 0.585714 0.583153 0.689286 0.511879 0.796429 0.511879 0.825000 0.572354 0.928571 0.732181 0.928571 0.736501 0.921429 0.745140 0.739286 0.676026 0.617857 0.673866 0.589286
4 0.974082 0.157143 0.954644 0.171429 0.928726 0.210714 0.928726 0.225000 0.937365 0.239286 0.954644 0.250000 0.976242 0.300000 0.969762 0.414286 0.958963 0.467857 0.952484 0.596429 0.961123 0.596429 0.967603 0.585714 0.969762 0.557143 0.980562 0.539286 0.987041 0.507143 1.000000 0.478571 1.000000 0.203571 0.976242 0.178571
4 0.848812 0.057143 0.831533 0.064286 0.818575 0.100000 0.820734 0.114286 0.842333 0.153571 0.840173 0.267857 0.853132 0.264286 0.874730 0.235714 0.881210 0.164286 0.881210 0.117857 0.870410 0.089286 0.857451 0.078571
4 0.406048 0.092857 0.403888 0.114286 0.421166 0.146429 0.427646 0.175000 0.464363 0.157143 0.475162 0.175000 0.485961 0.171429 0.485961 0.121429 0.453564 0.064286 0.427646 0.064286
4 0.311015 0.035714 0.280778 0.064286 0.274298 0.092857 0.285097 0.114286 0.302376 0.121429 0.313175 0.146429 0.323974 0.150000 0.358531 0.085714 0.326134 0.035714
4 0.149028 0.028571 0.095032 0.046429 0.084233 0.100000 0.092873 0.117857 0.097192 0.146429 0.105832 0.146429 0.127430 0.103571 0.172786 0.089286 0.172786 0.078571
4 0.248380 0.057143 0.211663 0.071429 0.192225 0.114286 0.213823 0.182143 0.224622 0.200000 0.244060 0.175000 0.254860 0.146429 0.285097 0.125000 0.280778 0.103571
4 0.064795 0.057143 0.056156 0.053571 0.004320 0.075000 0.000000 0.092857 0.000000 0.189286 0.015119 0.167857 0.017279 0.150000 0.028078 0.139286 0.071274 0.121429 0.092873 0.132143 0.090713 0.114286
4 0.179266 0.100000 0.157667 0.092857 0.118790 0.114286 0.103672 0.160714 0.118790 0.192857 0.123110 0.225000 0.129590 0.225000 0.138229 0.196429 0.149028 0.182143 0.185745 0.167857 0.207343 0.167857 0.203024 0.142857
4 0.116631 0.189286 0.079914 0.128571 0.041037 0.135714 0.023758 0.146429 0.000000 0.189286 0.000000 0.275000 0.012959 0.285714 0.019438 0.271429 0.019438 0.250000 0.028078 0.235714 0.101512 0.210714 0.116631 0.235714
4 0.695464 0.032143 0.676026 0.035714 0.671706 0.057143 0.660907 0.071429 0.682505 0.117857 0.682505 0.185714 0.725702 0.160714 0.730022 0.125000 0.727862 0.085714
4 0.358531 0.092857 0.345572 0.107143 0.343413 0.121429 0.321814 0.160714 0.339093 0.192857 0.345572 0.217857 0.371490 0.203571 0.382289 0.232143 0.393089 0.239286 0.421166 0.207143 0.421166 0.146429 0.388769 0.089286 0.373650 0.085714
4 0.302376 0.125000 0.285097 0.125000 0.252700 0.146429 0.226782 0.196429 0.226782 0.207143 0.246220 0.250000 0.248380 0.271429 0.265659 0.267857 0.278618 0.300000 0.308855 0.267857 0.313175 0.239286 0.339093 0.217857 0.336933 0.189286
4 0.198704 0.167857 0.144708 0.185714 0.140389 0.207143 0.123110 0.239286 0.125270 0.260714 0.146868 0.303571 0.153348 0.382143 0.159827 0.382143 0.183585 0.346429 0.185745 0.321429 0.192225 0.310714 0.246220 0.275000 0.246220 0.253571 0.233261 0.217857
4 0.630670 0.060714 0.622030 0.071429 0.613391 0.107143 0.637149 0.142857 0.641469 0.207143 0.658747 0.228571 0.673866 0.217857 0.680346 0.203571 0.682505 0.121429 0.647948 0.060714
