2 0.000000 0.303571 0.000000 0.753571 0.033333 0.753571 0.087179 0.728571 0.133333 0.671429 0.151282 0.628571 0.164103 0.571429 0.164103 0.496429 0.148718 0.435714 0.102564 0.353571 0.058974 0.317857 0.023077 0.303571
2 0.000000 0.003571 0.000000 0.285714 0.017949 0.296429 0.038462 0.296429 0.102564 0.335714 0.176923 0.353571 0.251282 0.321429 0.282051 0.282143 0.297436 0.250000 0.317949 0.171429 0.317949 0.103571 0.307692 0.053571 0.282051 0.000000
2 0.335897 0.010714 0.317949 0.060714 0.323077 0.128571 0.320513 0.210714 0.328205 0.250000 0.351282 0.300000 0.410256 0.346429 0.469231 0.353571 0.502564 0.342857 0.528205 0.325000 0.571795 0.271429 0.589744 0.235714 0.602564 0.185714 0.602564 0.110714 0.584615 0.042857 0.558974 0.000000 0.343590 0.000000
2 0.279487 0.310714 0.228205 0.357143 0.179487 0.439286 0.169231 0.475000 0.171795 0.571429 0.194872 0.660714 0.217949 0.696429 0.266667 0.735714 0.287179 0.742857 0.351282 0.739286 0.417949 0.689286 0.456410 0.628571 0.471795 0.567857 0.474359 0.525000 0.469231 0.471429 0.446154 0.407143 0.397436 0.339286 0.351282 0.310714
2 0.561538 0.310714 0.500000 0.371429 0.476923 0.421429 0.469231 0.453571 0.476923 0.496429 0.471795 0.610714 0.482051 0.646429 0.533333 0.696429 0.569231 0.717857 0.612821 0.717857 0.684615 0.675000 0.717949 0.635714 0.743590 0.564286 0.746154 0.475000 0.723077 0.403571 0.658974 0.328571 0.615385 0.307143
2 0.684615 0.000000 0.651282 0.042857 0.625641 0.125000 0.623077 0.217857 0.633333 0.271429 0.648718 0.310714 0.705128 0.367857 0.743590 0.378571 0.771795 0.375000 0.843590 0.325000 0.874359 0.282143 0.894872 0.210714 0.897436 0.153571 0.892308 0.107143 0.871795 0.053571 0.825641 0.003571
2 0.846154 0.328571 0.812821 0.353571 0.751282 0.432143 0.751282 0.578571 0.776923 0.660714 0.815385 0.703571 0.828205 0.710714 0.882051 0.710714 0.948718 0.678571 0.984615 0.635714 1.000000 0.600000 1.000000 0.442857 0.982051 0.403571 0.920513 0.346429 0.889744 0.328571
2 0.023077 0.878571 0.023077 0.921429 0.035897 0.928571 0.325641 0.925000 0.320513 0.864286 0.310256 0.825000 0.279487 0.760714 0.248718 0.728571 0.189744 0.696429 0.146154 0.696429 0.102564 0.725000 0.048718 0.807143
2 0.325641 0.846429 0.328205 0.907143 0.335897 0.928571 0.610256 0.928571 0.615385 0.907143 0.607692 0.828571 0.561538 0.732143 0.535897 0.703571 0.474359 0.675000 0.435897 0.678571 0.407692 0.703571 0.402564 0.717857 0.376923 0.735714 0.343590 0.792857
2 0.625641 0.728571 0.607692 0.789286 0.620513 0.928571 0.861538 0.925000 0.869231 0.857143 0.858974 0.789286 0.835897 0.739286 0.784615 0.678571 0.751282 0.657143 0.710256 0.657143
