0 0.423323 0.364508 0.413738 0.414868 0.415335 0.448441 0.424920 0.477218 0.442492 0.505995 0.453674 0.513189 0.464856 0.513189 0.480831 0.525180 0.501597 0.525180 0.530351 0.503597 0.538339 0.503597 0.544728 0.494005 0.557508 0.453237 0.557508 0.400480 0.543131 0.362110 0.528754 0.347722 0.496805 0.328537 0.464856 0.326139 0.436102 0.347722
0 0.183706 0.297362 0.159744 0.304556 0.124601 0.330935 0.110224 0.352518 0.103834 0.376499 0.107029 0.429257 0.115016 0.472422 0.129393 0.498801 0.142173 0.508393 0.180511 0.513189 0.202875 0.503597 0.226837 0.482014 0.239617 0.458034 0.242812 0.398082 0.233227 0.362110 0.209265 0.323741
0 0.659744 0.095923 0.642173 0.119904 0.630990 0.151079 0.642173 0.206235 0.643770 0.273381 0.656550 0.306954 0.677316 0.326139 0.694888 0.333333 0.734824 0.330935 0.765176 0.309353 0.777955 0.285372 0.787540 0.239808 0.782748 0.179856 0.776358 0.158273 0.749201 0.122302 0.717252 0.095923 0.694888 0.088729
0 0.509585 0.110312 0.498403 0.129496 0.487220 0.182254 0.485623 0.254197 0.501597 0.311751 0.535144 0.340528 0.562300 0.340528 0.592652 0.330935 0.623003 0.299760 0.634185 0.251799 0.634185 0.227818 0.621406 0.158273 0.584665 0.110312 0.565495 0.095923 0.531949 0.095923
0 0.375399 0.095923 0.369010 0.103118 0.364217 0.122302 0.345048 0.160671 0.337061 0.194245 0.333866 0.220624 0.337061 0.278177 0.349840 0.309353 0.373802 0.328537 0.405751 0.342926 0.437700 0.335731 0.461661 0.311751 0.476038 0.263789 0.477636 0.208633 0.469649 0.170264 0.450479 0.110312 0.436102 0.095923 0.418530 0.091127
0 0.289137 0.091127 0.258786 0.091127 0.231629 0.103118 0.190096 0.158273 0.177316 0.191847 0.174121 0.249400 0.182109 0.280576 0.204473 0.314149 0.226837 0.335731 0.257188 0.340528 0.281150 0.328537 0.311502 0.297362 0.321086 0.273381 0.325879 0.211031 0.330671 0.194245 0.330671 0.155875 0.319489 0.122302 0.303514 0.100719
0 0.875399 0.697842 0.864217 0.726619 0.864217 0.788969 0.881789 0.841727 0.892971 0.858513 0.916933 0.877698 0.956869 0.887290 0.972843 0.899281 1.000000 0.896882 1.000000 0.690647 0.966454 0.669065 0.929712 0.666667
0 0.782748 0.666667 0.774760 0.688249 0.760383 0.707434 0.747604 0.717026 0.726837 0.721823 0.720447 0.731415 0.717252 0.743405 0.720447 0.752998 0.720447 0.800959 0.733227 0.839329 0.749201 0.860911 0.782748 0.877698 0.811502 0.899281 0.835463 0.896882 0.853035 0.877698 0.861022 0.851319 0.859425 0.779376 0.853035 0.731415 0.843450 0.705036 0.827476 0.683453 0.811502 0.671463
0 0.183706 0.676259 0.166134 0.676259 0.134185 0.709832 0.119808 0.736211 0.110224 0.776978 0.110224 0.808153 0.123003 0.870504 0.134185 0.892086 0.150160 0.904077 0.174121 0.904077 0.201278 0.880096 0.218850 0.875300 0.234824 0.853717 0.250799 0.812950 0.252396 0.755396 0.249201 0.733813 0.223642 0.731415 0.201278 0.717026
0 0.014377 0.678657 0.000000 0.683453 0.000000 0.920863 0.046326 0.906475 0.076677 0.875300 0.102236 0.820144 0.108626 0.772182 0.108626 0.743405 0.094249 0.726619 0.051118 0.719424 0.033546 0.702638 0.020767 0.681055
0 0.771565 0.522782 0.771565 0.529976 0.785942 0.561151 0.792332 0.623501 0.811502 0.654676 0.835463 0.669065 0.856230 0.671463 0.873802 0.683453 0.902556 0.681055 0.923323 0.657074 0.928115 0.635492 0.928115 0.613909 0.921725 0.587530 0.921725 0.551559 0.913738 0.520384 0.897764 0.496403 0.873802 0.484412 0.848243 0.482014 0.817891 0.505995 0.782748 0.510791
0 0.696486 0.503597 0.666134 0.529976 0.650160 0.558753 0.645367 0.580336 0.645367 0.633094 0.648562 0.647482 0.658147 0.669065 0.690096 0.700240 0.726837 0.717026 0.753994 0.712230 0.774760 0.685851 0.779553 0.659472 0.779553 0.582734 0.773163 0.551559 0.765176 0.529976 0.746006 0.505995 0.717252 0.498801
0 0.493610 0.541966 0.487220 0.556355 0.490415 0.623501 0.498403 0.654676 0.498403 0.669065 0.517572 0.707434 0.562300 0.741007 0.594249 0.738609 0.619808 0.709832 0.638978 0.647482 0.638978 0.609113 0.627796 0.558753 0.616613 0.532374 0.587859 0.510791 0.554313 0.508393
0 0.319489 0.318945 0.289137 0.335731 0.271565 0.359712 0.258786 0.398082 0.258786 0.438849 0.266773 0.470024 0.295527 0.513189 0.316294 0.525180 0.338658 0.527578 0.370607 0.508393 0.394569 0.467626 0.399361 0.438849 0.397764 0.398082 0.388179 0.362110 0.372204 0.338129 0.343450 0.318945
0 0.407348 0.501199 0.373802 0.517986 0.346645 0.551559 0.338658 0.585132 0.338658 0.616307 0.345048 0.664269 0.356230 0.683453 0.399361 0.726619 0.423323 0.726619 0.442492 0.709832 0.468051 0.666667 0.477636 0.597122 0.474441 0.563549 0.461661 0.532374 0.436102 0.508393
0 0.277955 0.510791 0.249201 0.501199 0.226837 0.503597 0.201278 0.522782 0.188498 0.546763 0.180511 0.575540 0.180511 0.623501 0.185304 0.637890 0.188498 0.685851 0.196486 0.709832 0.204473 0.719424 0.223642 0.729017 0.250799 0.726619 0.292332 0.700240 0.311502 0.669065 0.319489 0.635492 0.319489 0.594724 0.313099 0.568345 0.300319 0.539568
0 0.119808 0.496403 0.079872 0.501199 0.055911 0.517986 0.033546 0.546763 0.019169 0.613909 0.022364 0.673861 0.027157 0.690647 0.046326 0.714628 0.060703 0.721823 0.078275 0.721823 0.097444 0.709832 0.124601 0.705036 0.153355 0.669065 0.169329 0.630695 0.174121 0.597122 0.172524 0.563549 0.154952 0.527578
0 0.691693 0.340528 0.714058 0.386091 0.718850 0.460432 0.739617 0.491607 0.763578 0.501199 0.781150 0.498801 0.784345 0.494005 0.797125 0.501199 0.822684 0.501199 0.840256 0.486811 0.851438 0.458034 0.851438 0.426859 0.843450 0.402878 0.843450 0.364508 0.819489 0.316547 0.800319 0.304556 0.774760 0.302158 0.739617 0.333333
0 0.632588 0.314149 0.594249 0.338129 0.578275 0.359712 0.567093 0.405276 0.568690 0.453237 0.578275 0.484412 0.597444 0.510791 0.624601 0.529976 0.661342 0.527578 0.678914 0.517986 0.696486 0.494005 0.707668 0.450839 0.709265 0.395683 0.702875 0.369305 0.686901 0.345324 0.651757 0.316547
0 0.634185 0.697842 0.603834 0.733813 0.578275 0.745803 0.568690 0.757794 0.565495 0.776978 0.567093 0.815348 0.578275 0.851319 0.599042 0.884892 0.642173 0.918465 0.672524 0.920863 0.686901 0.911271 0.699681 0.884892 0.712460 0.812950 0.709265 0.762590 0.699681 0.724221 0.688498 0.709832 0.666134 0.697842
0 0.496805 0.685851 0.455272 0.705036 0.437700 0.721823 0.421725 0.743405 0.416933 0.776978 0.416933 0.820144 0.424920 0.851319 0.463259 0.901679 0.484026 0.916067 0.507987 0.913669 0.525559 0.892086 0.533546 0.868106 0.546326 0.846523 0.557508 0.798561 0.554313 0.743405 0.520767 0.717026
0 0.349840 0.690647 0.329073 0.688249 0.300319 0.697842 0.276358 0.724221 0.266773 0.745803 0.263578 0.774580 0.266773 0.841727 0.287540 0.894484 0.309904 0.918465 0.333866 0.918465 0.348243 0.908873 0.384984 0.863309 0.402556 0.817746 0.404153 0.769784 0.400958 0.743405 0.388179 0.721823
