1 0.016667 0.572222 0.008333 0.590000 0.008333 0.607778 0.017500 0.640000 0.030833 0.657778 0.043333 0.708889 0.047500 0.750000 0.051667 0.755556 0.067500 0.757778 0.160000 0.758889 0.179167 0.752222 0.179167 0.744444 0.170833 0.730000 0.128333 0.678889 0.112500 0.654444 0.095000 0.620000 0.092500 0.598889 0.075833 0.563333 0.062500 0.554444 0.045833 0.554444 0.025833 0.563333
1 0.033333 0.191111 0.025000 0.196667 0.019167 0.204444 0.017500 0.216667 0.025833 0.246667 0.030833 0.252222 0.042500 0.314444 0.045833 0.401111 0.049167 0.428889 0.055833 0.454444 0.074167 0.488889 0.087500 0.507778 0.093333 0.512222 0.098333 0.512222 0.141667 0.486667 0.159167 0.472222 0.163333 0.466667 0.162500 0.463333 0.164167 0.460000 0.160833 0.434444 0.140000 0.374444 0.105000 0.315556 0.079167 0.256667 0.073333 0.223333 0.063333 0.196667 0.057500 0.191111 0.050833 0.188889
1 0.100833 0.087778 0.092500 0.087778 0.080000 0.092222 0.071667 0.101111 0.071667 0.113333 0.081667 0.152222 0.085833 0.176667 0.087500 0.205556 0.090833 0.211111 0.100000 0.208889 0.124167 0.195556 0.128333 0.191111 0.124167 0.162222 0.124167 0.145556 0.115833 0.103333 0.111667 0.094444
1 0.142500 0.140000 0.134167 0.143333 0.125833 0.154444 0.126667 0.171111 0.136667 0.205556 0.140833 0.240000 0.141667 0.290000 0.138333 0.325556 0.138333 0.348889 0.140833 0.365556 0.145000 0.375556 0.164167 0.396667 0.175000 0.402222 0.187500 0.396667 0.233333 0.365556 0.235833 0.361111 0.235833 0.351111 0.226667 0.322222 0.188333 0.238889 0.177500 0.198889 0.174167 0.171111 0.167500 0.148889 0.160000 0.141111
1 0.230000 0.094444 0.219167 0.105556 0.220000 0.131111 0.225000 0.150000 0.228333 0.194444 0.227500 0.233333 0.223333 0.267778 0.224167 0.306667 0.228333 0.317778 0.240833 0.327778 0.256667 0.348889 0.263333 0.390000 0.266667 0.394444 0.269167 0.394444 0.311667 0.364444 0.315833 0.358889 0.319167 0.350000 0.317500 0.345556 0.316667 0.324444 0.303333 0.271111 0.280833 0.211111 0.266667 0.161111 0.263333 0.142222 0.263333 0.125556 0.258333 0.103333 0.255000 0.097778 0.247500 0.093333
1 0.195000 0.048889 0.179167 0.048889 0.174167 0.051111 0.167500 0.057778 0.165833 0.063333 0.168333 0.086667 0.173333 0.106667 0.176667 0.161111 0.179167 0.164444 0.186667 0.163333 0.219167 0.144444 0.217500 0.126667 0.211667 0.103333 0.210000 0.078889 0.206667 0.062222 0.200833 0.052222
1 0.190000 0.586667 0.185000 0.598889 0.184167 0.616667 0.189167 0.646667 0.200000 0.666667 0.204167 0.690000 0.205833 0.722222 0.205000 0.756667 0.209167 0.761111 0.292500 0.762222 0.315000 0.760000 0.315000 0.753333 0.311667 0.743333 0.285000 0.702222 0.269167 0.666667 0.262500 0.642222 0.260000 0.607778 0.250833 0.580000 0.239167 0.568889 0.222500 0.565556 0.204167 0.574444
1 0.371667 0.580000 0.365000 0.588889 0.360000 0.601111 0.360000 0.640000 0.366667 0.666667 0.366667 0.693333 0.363333 0.718889 0.360000 0.732222 0.351667 0.752222 0.351667 0.760000 0.367500 0.762222 0.378333 0.758889 0.394167 0.758889 0.417500 0.764444 0.455833 0.764444 0.457500 0.762222 0.455833 0.750000 0.440833 0.720000 0.430000 0.681111 0.427500 0.660000 0.430000 0.631111 0.429167 0.610000 0.423333 0.588889 0.416667 0.580000 0.401667 0.571111 0.385000 0.572222
1 0.140833 0.780000 0.130833 0.802222 0.130000 0.820000 0.135000 0.850000 0.137500 0.853333 0.140000 0.865556 0.146667 0.872222 0.154167 0.892222 0.156667 0.906667 0.158333 0.951111 0.155833 0.986667 0.154167 0.991111 0.155000 1.000000 0.313333 1.000000 0.310833 0.967778 0.297500 0.935556 0.272500 0.901111 0.246667 0.880000 0.228333 0.848889 0.223333 0.832222 0.220833 0.801111 0.214167 0.782222 0.205000 0.765556 0.182500 0.756667 0.172500 0.757778 0.157500 0.763333
1 0.363333 0.767778 0.352500 0.782222 0.346667 0.801111 0.345833 0.842222 0.354167 0.870000 0.354167 0.876667 0.341667 0.932222 0.328333 0.971111 0.326667 0.985556 0.327500 1.000000 0.472500 1.000000 0.466667 0.963333 0.439167 0.901111 0.426667 0.862222 0.425000 0.846667 0.427500 0.836667 0.427500 0.817778 0.425000 0.807778 0.425833 0.801111 0.420833 0.782222 0.412500 0.767778 0.398333 0.762222 0.376667 0.761111
1 0.440833 0.164444 0.421667 0.164444 0.415833 0.167778 0.410833 0.175556 0.409167 0.202222 0.412500 0.221111 0.410000 0.262222 0.404167 0.302222 0.391667 0.345556 0.388333 0.368889 0.387500 0.403333 0.391667 0.416667 0.397500 0.415556 0.409167 0.406667 0.427500 0.397778 0.438333 0.386667 0.440000 0.375556 0.438333 0.297778 0.440000 0.292222 0.451667 0.280000 0.455000 0.273333 0.451667 0.223333 0.453333 0.204444 0.452500 0.177778 0.447500 0.168889
1 0.512500 0.113333 0.507500 0.111111 0.493333 0.111111 0.485833 0.115556 0.481667 0.123333 0.480000 0.140000 0.480000 0.184444 0.475833 0.217778 0.465000 0.258889 0.465833 0.266667 0.489167 0.250000 0.495000 0.228889 0.500000 0.222222 0.517500 0.216667 0.519167 0.213333 0.518333 0.163333 0.520833 0.154444 0.520833 0.126667 0.518333 0.118889
1 0.520000 0.218889 0.501667 0.222222 0.494167 0.235556 0.492500 0.278889 0.486667 0.324444 0.472500 0.376667 0.465833 0.390000 0.457500 0.418889 0.460000 0.435556 0.468333 0.458889 0.490000 0.503333 0.496667 0.522222 0.504167 0.532222 0.515000 0.531111 0.538333 0.506667 0.549167 0.490000 0.551667 0.474444 0.552500 0.434444 0.550833 0.416667 0.544167 0.394444 0.534167 0.323333 0.532500 0.275556 0.534167 0.272222 0.535000 0.233333 0.529167 0.223333
1 0.585833 0.161111 0.570833 0.163333 0.562500 0.174444 0.560000 0.192222 0.560833 0.211111 0.559167 0.225556 0.546667 0.277778 0.540000 0.290000 0.536667 0.303333 0.537500 0.343333 0.547500 0.402222 0.552500 0.411111 0.567500 0.420000 0.577500 0.415556 0.594167 0.397778 0.605833 0.380000 0.608333 0.366667 0.606667 0.323333 0.598333 0.278889 0.596667 0.257778 0.596667 0.235556 0.602500 0.202222 0.603333 0.176667 0.596667 0.165556
1 0.640833 0.111111 0.627500 0.112222 0.618333 0.124444 0.614167 0.150000 0.614167 0.170000 0.608333 0.205556 0.601667 0.221111 0.599167 0.235556 0.600000 0.272222 0.603333 0.296667 0.607500 0.311111 0.610000 0.344444 0.611667 0.350000 0.616667 0.352222 0.624167 0.362222 0.622500 0.401111 0.631667 0.396667 0.646667 0.378889 0.649167 0.373333 0.655000 0.341111 0.655000 0.283333 0.649167 0.237778 0.649167 0.195556 0.651667 0.166667 0.655833 0.153333 0.656667 0.125556 0.655000 0.118889
1 0.576667 0.071111 0.567500 0.066667 0.554167 0.066667 0.546667 0.071111 0.543333 0.078889 0.541667 0.093333 0.542500 0.118889 0.539167 0.145556 0.530833 0.184444 0.524167 0.203333 0.524167 0.215556 0.530000 0.214444 0.555833 0.192222 0.560000 0.185556 0.564167 0.167778 0.575833 0.156667 0.576667 0.122222 0.580833 0.101111 0.580833 0.078889
1 0.843333 0.260000 0.829167 0.254444 0.820000 0.254444 0.812500 0.257778 0.806667 0.265556 0.798333 0.290000 0.795833 0.311111 0.780833 0.350000 0.751667 0.402222 0.750000 0.408889 0.735833 0.433333 0.726667 0.455556 0.720000 0.477778 0.716667 0.506667 0.712500 0.512222 0.717500 0.524444 0.733333 0.524444 0.771667 0.514444 0.812500 0.500000 0.821667 0.492222 0.825833 0.481111 0.829167 0.453333 0.830000 0.414444 0.834167 0.362222 0.838333 0.336667 0.850833 0.295556 0.853333 0.281111 0.850833 0.268889
1 0.877500 0.194444 0.869167 0.193333 0.860833 0.195556 0.852500 0.204444 0.845000 0.226667 0.842500 0.246667 0.839167 0.252222 0.839167 0.255556 0.851667 0.270000 0.853333 0.285556 0.847500 0.311111 0.842500 0.321111 0.838333 0.338889 0.833333 0.375556 0.830833 0.446667 0.833333 0.453333 0.842500 0.454444 0.864167 0.410000 0.867500 0.383333 0.869167 0.332222 0.872500 0.308889 0.884167 0.258889 0.889167 0.248889 0.896667 0.223333 0.896667 0.212222 0.890000 0.202222
1 0.912500 0.137778 0.899167 0.136667 0.889167 0.143333 0.883333 0.156667 0.875833 0.187778 0.877500 0.193333 0.888333 0.200000 0.896667 0.210000 0.897500 0.223333 0.888333 0.255556 0.882500 0.267778 0.875000 0.298889 0.872500 0.321111 0.874167 0.334444 0.871667 0.350000 0.871667 0.358889 0.873333 0.362222 0.871667 0.378889 0.881667 0.374444 0.884167 0.362222 0.889167 0.358889 0.895000 0.342222 0.894167 0.331111 0.896667 0.325556 0.899167 0.288889 0.906667 0.238889 0.915000 0.205556 0.925000 0.183333 0.930833 0.158889 0.930000 0.152222 0.925833 0.145556
1 0.956667 0.318889 0.937500 0.318889 0.928333 0.328889 0.920833 0.346667 0.920000 0.355556 0.915833 0.360000 0.913333 0.371111 0.908333 0.377778 0.898333 0.402222 0.881667 0.424444 0.872500 0.441111 0.860000 0.453333 0.857500 0.461111 0.853333 0.464444 0.844167 0.480000 0.841667 0.492222 0.829167 0.510000 0.826667 0.517778 0.825833 0.531111 0.827500 0.535556 0.839167 0.551111 0.844167 0.564444 0.875000 0.625556 0.885000 0.640000 0.894167 0.641111 0.898333 0.638889 0.920000 0.597778 0.935833 0.551111 0.940833 0.511111 0.943333 0.470000 0.950000 0.431111 0.952500 0.426667 0.955000 0.408889 0.961667 0.392222 0.969167 0.382222 0.970000 0.377778 0.975000 0.373333 0.975833 0.361111 0.979167 0.351111 0.979167 0.342222 0.975833 0.333333 0.967500 0.324444
1 1.000000 0.252222 0.994167 0.252222 0.976667 0.243333 0.970000 0.244444 0.967500 0.248889 0.962500 0.251111 0.953333 0.271111 0.950000 0.284444 0.938333 0.302222 0.936667 0.308889 0.922500 0.322222 0.920000 0.330000 0.909167 0.342222 0.901667 0.360000 0.894167 0.371111 0.887500 0.387778 0.886667 0.400000 0.884167 0.405556 0.887500 0.408889 0.894167 0.405556 0.899167 0.393333 0.908333 0.381111 0.919167 0.351111 0.925000 0.344444 0.930833 0.325556 0.935000 0.320000 0.951667 0.317778 0.965833 0.323333 0.976667 0.334444 0.977500 0.346667 0.980000 0.348889 0.981667 0.346667 0.980000 0.341111 0.983333 0.335556 0.986667 0.334444 0.992500 0.315556 0.995833 0.312222 1.000000 0.312222
1 0.000000 0.754444 0.000000 1.000000 0.148333 1.000000 0.149167 0.986667 0.155000 0.956667 0.154167 0.941111 0.148333 0.927778 0.133333 0.905556 0.123333 0.895556 0.075000 0.864444 0.049167 0.838889 0.033333 0.816667 0.026667 0.803333 0.019167 0.780000 0.007500 0.760000 0.002500 0.754444
