2 0.000000 0.000000 0.000000 0.213235 0.039216 0.230392 0.099673 0.225490 0.153595 0.188725 0.169935 0.164216 0.173203 0.147059 0.179739 0.139706 0.187908 0.078431 0.187908 0.000000
2 0.196078 0.007353 0.196078 0.098039 0.212418 0.156863 0.254902 0.223039 0.299020 0.252451 0.315359 0.257353 0.361111 0.254902 0.413399 0.220588 0.444444 0.171569 0.460784 0.122549 0.467320 0.061275 0.460784 0.000000 0.199346 0.000000
2 0.153595 0.203431 0.098039 0.235294 0.063725 0.286765 0.049020 0.333333 0.042484 0.372549 0.040850 0.421569 0.044118 0.453431 0.070261 0.531863 0.104575 0.578431 0.125817 0.593137 0.148693 0.600490 0.202614 0.600490 0.238562 0.580882 0.290850 0.512255 0.305556 0.468137 0.308824 0.372549 0.297386 0.313725 0.264706 0.250000 0.218954 0.210784 0.196078 0.203431
2 0.429739 0.223039 0.400327 0.235294 0.375817 0.252451 0.352941 0.276961 0.334967 0.306373 0.313725 0.375000 0.312092 0.455882 0.318627 0.492647 0.334967 0.536765 0.372549 0.593137 0.395425 0.610294 0.426471 0.622549 0.473856 0.620098 0.500000 0.610294 0.524510 0.588235 0.563725 0.529412 0.576797 0.482843 0.576797 0.367647 0.562092 0.316176 0.552288 0.296569 0.517974 0.252451 0.472222 0.225490
2 0.468954 0.000000 0.470588 0.073529 0.480392 0.112745 0.493464 0.144608 0.532680 0.196078 0.553922 0.210784 0.580065 0.220588 0.619281 0.218137 0.658497 0.200980 0.678105 0.186275 0.710784 0.142157 0.725490 0.107843 0.736928 0.053922 0.736928 0.000000
2 0.764706 0.208333 0.732026 0.203431 0.673203 0.205882 0.638889 0.213235 0.606209 0.235294 0.594771 0.252451 0.581699 0.296569 0.580065 0.612745 0.584967 0.732843 0.601307 0.794118 0.632353 0.825980 0.651961 0.833333 0.686275 0.833333 0.771242 0.823529 0.802288 0.796569 0.820261 0.750000 0.823529 0.710784 0.821895 0.296569 0.812092 0.259804 0.803922 0.245098 0.781046 0.218137
2 0.741830 0.019608 0.735294 0.127451 0.745098 0.169118 0.764706 0.200980 0.794118 0.225490 0.812092 0.250000 0.836601 0.262255 0.856209 0.267157 0.898693 0.264706 0.936275 0.242647 0.975490 0.193627 0.990196 0.164216 1.000000 0.129902 1.000000 0.000000 0.748366 0.000000
2 0.150327 0.615196 0.109477 0.649510 0.086601 0.683824 0.063725 0.742647 0.058824 0.791667 0.058824 0.828431 0.063725 0.867647 0.088235 0.928922 0.120915 0.973039 0.140523 0.987745 0.176471 1.000000 0.222222 1.000000 0.236928 0.995098 0.264706 0.975490 0.285948 0.950980 0.313725 0.897059 0.326797 0.835784 0.326797 0.776961 0.321895 0.742647 0.303922 0.691176 0.279412 0.654412 0.246732 0.625000 0.209150 0.610294 0.166667 0.610294
2 0.400327 0.644608 0.377451 0.669118 0.352941 0.710784 0.333333 0.776961 0.330065 0.796569 0.330065 0.860294 0.344771 0.919118 0.369281 0.968137 0.400327 1.000000 0.527778 1.000000 0.553922 0.973039 0.584967 0.911765 0.593137 0.882353 0.596405 0.803922 0.591503 0.772059 0.575163 0.718137 0.562092 0.691176 0.521242 0.642157 0.504902 0.632353 0.486928 0.627451 0.429739 0.629902
2 0.560458 0.992647 0.562092 1.000000 0.816993 1.000000 0.807190 0.946078 0.785948 0.899510 0.750000 0.860294 0.718954 0.845588 0.700980 0.843137 0.665033 0.845588 0.617647 0.875000 0.578431 0.931373 0.565359 0.963235
2 0.998366 0.674020 0.970588 0.656863 0.931373 0.654412 0.900327 0.664216 0.859477 0.696078 0.828431 0.742647 0.812092 0.786765 0.805556 0.821078 0.805556 0.887255 0.821895 0.946078 0.854575 1.000000 1.000000 1.000000
2 0.937908 0.250000 0.908497 0.264706 0.885621 0.284314 0.844771 0.345588 0.828431 0.404412 0.828431 0.517157 0.833333 0.544118 0.844771 0.568627 0.882353 0.615196 0.921569 0.642157 0.975490 0.647059 1.000000 0.637255 1.000000 0.257353 0.986928 0.250000
