3 0.822148 0.257709 0.817673 0.263216 0.818792 0.297357 0.824385 0.319383 0.813199 0.357930 0.812081 0.432819 0.814318 0.450441 0.823266 0.468062 0.832215 0.475771 0.848993 0.483480 0.881432 0.488987 0.909396 0.490088 0.937360 0.487885 0.957494 0.483480 0.977629 0.474670 0.989933 0.460352 0.995526 0.440529 0.995526 0.365639 0.991051 0.340308 0.984340 0.323789 0.984340 0.313877 0.989933 0.296256 0.989933 0.266520 0.986577 0.259912 0.955257 0.251101 0.900447 0.248899 0.859060 0.250000 0.829978 0.254405
3 0.625280 0.255507 0.617450 0.262115 0.617450 0.287445 0.623043 0.310573 0.623043 0.322687 0.615213 0.344714 0.610738 0.367841 0.610738 0.433921 0.618568 0.462555 0.625280 0.471366 0.645414 0.482379 0.680089 0.488987 0.729306 0.488987 0.758389 0.483480 0.775168 0.475771 0.787472 0.462555 0.794183 0.440529 0.794183 0.365639 0.784116 0.323789 0.784116 0.312775 0.788591 0.301762 0.787472 0.262115 0.774049 0.254405 0.752796 0.250000 0.656600 0.250000
3 0.421700 0.257709 0.417226 0.265419 0.417226 0.290749 0.422819 0.317181 0.414989 0.345815 0.411633 0.370044 0.411633 0.437225 0.414989 0.454846 0.421700 0.466960 0.428412 0.473568 0.442953 0.481278 0.477629 0.488987 0.534676 0.487885 0.555928 0.483480 0.576063 0.474670 0.585011 0.466960 0.591723 0.453744 0.595078 0.420705 0.593960 0.363436 0.582774 0.321586 0.588367 0.297357 0.589485 0.266520 0.586130 0.261013 0.579418 0.256608 0.561521 0.252203 0.459732 0.250000
3 0.822148 0.009912 0.817673 0.015419 0.816555 0.026432 0.817673 0.047357 0.824385 0.066079 0.824385 0.075991 0.814318 0.104626 0.812081 0.133260 0.813199 0.198238 0.821029 0.218062 0.828859 0.226872 0.841163 0.233480 0.882550 0.242291 0.938479 0.241189 0.967562 0.233480 0.980984 0.225771 0.991051 0.210352 0.995526 0.190529 0.994407 0.116740 0.991051 0.095815 0.983221 0.072687 0.989933 0.046256 0.988814 0.016520 0.983221 0.011013 0.976510 0.008811 0.940716 0.005507 0.852349 0.005507
3 0.422819 0.008811 0.416107 0.016520 0.417226 0.048458 0.420582 0.057269 0.421700 0.073789 0.414989 0.095815 0.411633 0.118943 0.411633 0.191630 0.414989 0.208150 0.421700 0.220264 0.430649 0.227974 0.445190 0.234581 0.468680 0.240088 0.495526 0.242291 0.542506 0.238987 0.561521 0.234581 0.577181 0.226872 0.586130 0.218062 0.593960 0.196035 0.593960 0.116740 0.590604 0.096916 0.583893 0.079295 0.583893 0.068282 0.588367 0.052863 0.589485 0.016520 0.579418 0.008811 0.551454 0.004405 0.457494 0.004405
3 0.040268 0.278634 0.034676 0.286344 0.030201 0.301762 0.035794 0.314978 0.035794 0.348018 0.032438 0.356828 0.032438 0.366740 0.039150 0.382159 0.039150 0.388767 0.022371 0.427313 0.013423 0.459251 0.006711 0.495595 0.005593 0.527533 0.007830 0.599119 0.014541 0.624449 0.029083 0.656388 0.045861 0.675110 0.062640 0.686123 0.095078 0.698238 0.140940 0.707048 0.211409 0.708150 0.252796 0.704846 0.287472 0.696035 0.318792 0.681718 0.344519 0.655286 0.359060 0.629956 0.366890 0.605727 0.370246 0.568282 0.369128 0.493392 0.365772 0.472467 0.356823 0.438326 0.336689 0.388767 0.336689 0.382159 0.342282 0.370044 0.338926 0.335903 0.343400 0.322687 0.340045 0.292952 0.336689 0.283040 0.329978 0.277533 0.298658 0.269824 0.252796 0.263216 0.208054 0.262115 0.109620 0.264317 0.060403 0.270925
3 0.821029 0.751101 0.816555 0.761013 0.817673 0.788546 0.824385 0.807269 0.824385 0.814978 0.813199 0.851322 0.812081 0.918502 0.813199 0.939427 0.822148 0.959251 0.832215 0.968062 0.851230 0.975771 0.890380 0.981278 0.934004 0.980176 0.959732 0.974670 0.976510 0.968062 0.989933 0.952643 0.995526 0.933921 0.995526 0.861233 0.992170 0.837004 0.984340 0.816079 0.984340 0.806167 0.989933 0.790749 0.988814 0.756608 0.983221 0.751101 0.955257 0.745595 0.874720 0.744493 0.837808 0.746696
3 0.619687 0.751101 0.616331 0.757709 0.617450 0.788546 0.625280 0.813877 0.614094 0.846916 0.611857 0.906388 0.614094 0.940529 0.623043 0.959251 0.631991 0.966960 0.649888 0.974670 0.677852 0.979075 0.714765 0.980176 0.749441 0.975771 0.778523 0.964758 0.787472 0.953744 0.791946 0.942731 0.794183 0.922907 0.793065 0.857930 0.787472 0.830396 0.780761 0.817181 0.788591 0.795154 0.789709 0.759912 0.787472 0.754405 0.777405 0.748899 0.761745 0.745595 0.721477 0.743392 0.642058 0.744493
3 0.423937 0.748899 0.419463 0.751101 0.416107 0.758811 0.417226 0.787445 0.422819 0.811674 0.412752 0.851322 0.410515 0.887665 0.411633 0.936123 0.421700 0.960352 0.430649 0.968062 0.446309 0.974670 0.483221 0.981278 0.532438 0.980176 0.559284 0.974670 0.577181 0.966960 0.586130 0.958150 0.593960 0.936123 0.593960 0.856828 0.590604 0.837004 0.582774 0.814978 0.588367 0.792952 0.588367 0.756608 0.585011 0.752203 0.570470 0.747797 0.534676 0.744493 0.450783 0.744493
3 0.822148 0.503304 0.817673 0.508811 0.817673 0.538546 0.823266 0.569383 0.814318 0.596916 0.812081 0.617841 0.813199 0.692731 0.821029 0.711454 0.829978 0.720264 0.840045 0.725771 0.865772 0.733480 0.883669 0.735683 0.936242 0.734581 0.966443 0.726872 0.982103 0.718062 0.988814 0.709251 0.995526 0.691630 0.995526 0.611233 0.992170 0.590308 0.984340 0.566079 0.989933 0.545154 0.991051 0.519824 0.988814 0.508811 0.973154 0.501101 0.931767 0.496696 0.859060 0.497797
3 0.624161 0.502203 0.617450 0.507709 0.617450 0.541850 0.623043 0.559471 0.623043 0.567181 0.612975 0.601322 0.610738 0.631057 0.611857 0.689427 0.619687 0.710352 0.627517 0.719163 0.642058 0.726872 0.664430 0.733480 0.682327 0.735683 0.741611 0.733480 0.765101 0.726872 0.779642 0.719163 0.788591 0.708150 0.794183 0.689427 0.794183 0.614537 0.789709 0.588106 0.782998 0.568282 0.789709 0.539648 0.788591 0.508811 0.782998 0.504405 0.767338 0.500000 0.714765 0.496696 0.665548 0.497797
3 0.618568 0.009912 0.614094 0.016520 0.615213 0.050661 0.620805 0.067181 0.620805 0.075991 0.611857 0.101322 0.609620 0.117841 0.609620 0.188326 0.612975 0.209251 0.619687 0.221366 0.637584 0.233480 0.675615 0.242291 0.734899 0.241189 0.757271 0.235683 0.779642 0.224670 0.788591 0.209251 0.791946 0.185022 0.790828 0.115639 0.787472 0.095815 0.780761 0.078194 0.787472 0.020925 0.784116 0.014317 0.772931 0.008811 0.732662 0.004405 0.664430 0.004405
3 0.422819 0.502203 0.417226 0.509912 0.417226 0.538546 0.422819 0.564978 0.413870 0.596916 0.410515 0.629956 0.411633 0.687225 0.416107 0.704846 0.422819 0.715859 0.444072 0.727974 0.478747 0.735683 0.541387 0.733480 0.568233 0.725771 0.580537 0.718062 0.592841 0.697137 0.595078 0.671806 0.592841 0.600220 0.582774 0.566079 0.588367 0.546256 0.588367 0.508811 0.580537 0.503304 0.571588 0.501101 0.503356 0.496696 0.445190 0.498899
