3 0.382222 0.320872 0.335556 0.345794 0.311111 0.373832 0.291111 0.423676 0.288889 0.492212 0.297778 0.545171 0.320000 0.585670 0.366667 0.619938 0.411111 0.623053 0.460000 0.595016 0.491111 0.542056 0.497778 0.523364 0.500000 0.485981 0.495556 0.457944 0.500000 0.454829 0.500000 0.423676 0.484444 0.383178 0.460000 0.348910 0.422222 0.323988
3 0.922222 0.598131 0.875556 0.626168 0.853333 0.660436 0.844444 0.697819 0.851111 0.788162 0.860000 0.819315 0.875556 0.847352 0.908889 0.884735 0.944444 0.903427 1.000000 0.897196 1.000000 0.604361 0.973333 0.591900
3 0.913333 0.056075 0.868889 0.096573 0.851111 0.130841 0.842222 0.196262 0.844444 0.274143 0.864444 0.311526 0.917778 0.345794 0.966667 0.352025 0.997778 0.342679 1.000000 0.049844 0.935556 0.046729
3 0.720000 0.591900 0.686667 0.604361 0.664444 0.623053 0.642222 0.654206 0.626667 0.704050 0.626667 0.778816 0.635556 0.819315 0.666667 0.869159 0.708889 0.897196 0.746667 0.900312 0.804444 0.875389 0.828889 0.844237 0.842222 0.797508 0.842222 0.738318 0.835556 0.691589 0.806667 0.632399 0.773333 0.604361 0.744444 0.591900
3 0.828889 0.317757 0.791111 0.336449 0.742222 0.398754 0.737778 0.423676 0.740000 0.535826 0.744444 0.551402 0.782222 0.598131 0.815556 0.616822 0.853333 0.623053 0.895556 0.604361 0.937778 0.560748 0.953333 0.532710 0.964444 0.495327 0.964444 0.445483 0.951111 0.395639 0.920000 0.355140 0.873333 0.323988
3 0.720000 0.049844 0.673333 0.071651 0.642222 0.109034 0.624444 0.158879 0.622222 0.236760 0.633333 0.280374 0.655556 0.317757 0.700000 0.348910 0.748889 0.352025 0.788889 0.330218 0.820000 0.289720 0.831111 0.261682 0.840000 0.202492 0.840000 0.161994 0.828889 0.105919 0.808889 0.077882 0.768889 0.052960
3 0.484444 0.052960 0.446667 0.077882 0.413333 0.124611 0.402222 0.168224 0.404444 0.242991 0.420000 0.289720 0.462222 0.342679 0.482222 0.352025 0.531111 0.352025 0.557778 0.336449 0.577778 0.314642 0.608889 0.249221 0.613333 0.218069 0.608889 0.149533 0.593333 0.109034 0.560000 0.071651 0.528889 0.052960
3 0.600000 0.320872 0.557778 0.345794 0.524444 0.392523 0.515556 0.417445 0.515556 0.523364 0.537778 0.576324 0.564444 0.604361 0.600000 0.623053 0.637778 0.623053 0.677778 0.601246 0.715556 0.545171 0.722222 0.514019 0.722222 0.423676 0.704444 0.373832 0.671111 0.336449 0.640000 0.320872
3 0.477778 0.598131 0.431111 0.632399 0.406667 0.679128 0.397778 0.728972 0.397778 0.766355 0.406667 0.816199 0.437778 0.869159 0.466667 0.890966 0.522222 0.897196 0.551111 0.887850 0.568889 0.875389 0.595556 0.838006 0.608889 0.803738 0.613333 0.732087 0.606667 0.685358 0.584444 0.638629 0.548889 0.604361 0.522222 0.595016
3 0.268889 0.595016 0.220000 0.619938 0.186667 0.669782 0.177778 0.707165 0.173333 0.781931 0.188889 0.838006 0.220000 0.875389 0.255556 0.897196 0.297778 0.900312 0.337778 0.878505 0.373333 0.828660 0.388889 0.775701 0.388889 0.710280 0.373333 0.657321 0.355556 0.629283 0.313333 0.598131
3 0.124444 0.613707 0.091111 0.595016 0.055556 0.591900 0.000000 0.616822 0.000000 0.894081 0.066667 0.900312 0.097778 0.890966 0.131111 0.862928 0.157778 0.819315 0.168889 0.760125 0.168889 0.691589 0.164444 0.669782 0.153333 0.657321 0.148889 0.641745
3 0.000000 0.059190 0.000000 0.323988 0.040000 0.352025 0.091111 0.355140 0.113333 0.345794 0.153333 0.314642 0.171111 0.289720 0.177778 0.267913 0.173333 0.149533 0.157778 0.115265 0.124444 0.077882 0.093333 0.059190
3 0.233333 0.059190 0.202222 0.087227 0.186667 0.118380 0.182222 0.146417 0.186667 0.255452 0.200000 0.295950 0.233333 0.336449 0.277778 0.355140 0.320000 0.352025 0.371111 0.314642 0.384444 0.289720 0.395556 0.249221 0.391111 0.165109 0.373333 0.112150 0.355556 0.087227 0.326667 0.065421 0.308889 0.065421 0.286667 0.052960
3 0.197778 0.323988 0.155556 0.323988 0.106667 0.355140 0.075556 0.386293 0.062222 0.414330 0.057778 0.439252 0.057778 0.489097 0.068889 0.532710 0.108889 0.595016 0.151111 0.619938 0.195556 0.619938 0.224444 0.607477 0.251111 0.582555 0.273333 0.538941 0.275556 0.457944 0.271111 0.398754 0.244444 0.355140
