2 0.343137 0.375546 0.312092 0.388646 0.259804 0.425764 0.241830 0.451965 0.233660 0.471616 0.228758 0.495633 0.228758 0.521834 0.250000 0.602620 0.279412 0.755459 0.305556 0.853712 0.330065 0.890830 0.346405 0.901747 0.364379 0.906114 0.410131 0.903930 0.437908 0.895197 0.459150 0.879913 0.482026 0.849345 0.501634 0.796943 0.493464 0.569869 0.496732 0.471616 0.491830 0.445415 0.483660 0.425764 0.467320 0.403930 0.449346 0.390830 0.411765 0.375546
2 0.125817 0.048035 0.093137 0.069869 0.078431 0.085153 0.070261 0.100437 0.070261 0.124454 0.076797 0.139738 0.080065 0.165939 0.107843 0.266376 0.133987 0.386463 0.147059 0.410480 0.166667 0.421397 0.189542 0.423581 0.238562 0.412664 0.250000 0.399563 0.248366 0.353712 0.214052 0.159389 0.220588 0.141921 0.241830 0.115721 0.241830 0.063319 0.230392 0.048035 0.202614 0.039301 0.168301 0.039301
2 0.395425 0.111354 0.362745 0.093886 0.305556 0.091703 0.258170 0.109170 0.230392 0.133188 0.218954 0.150655 0.218954 0.181223 0.233660 0.242358 0.253268 0.388646 0.263072 0.417031 0.305556 0.388646 0.334967 0.375546 0.343137 0.366812 0.328431 0.257642 0.336601 0.231441 0.352941 0.209607 0.397059 0.179039 0.403595 0.168122 0.406863 0.135371 0.405229 0.124454
2 0.352941 0.211790 0.336601 0.233624 0.330065 0.251092 0.328431 0.268559 0.343137 0.331878 0.346405 0.366812 0.423203 0.375546 0.452614 0.390830 0.473856 0.408297 0.480392 0.403930 0.480392 0.362445 0.490196 0.331878 0.529412 0.296943 0.545752 0.266376 0.545752 0.242358 0.537582 0.220524 0.522876 0.203057 0.500000 0.187773 0.454248 0.179039 0.401961 0.183406 0.383987 0.189956
2 0.000000 0.163755 0.000000 0.598253 0.017974 0.598253 0.062092 0.587336 0.091503 0.567686 0.117647 0.528384 0.122549 0.510917 0.122549 0.491266 0.080065 0.320961 0.055556 0.240175 0.045752 0.192140 0.031046 0.172489
2 0.000000 0.000000 0.000000 0.157205 0.031046 0.170306 0.045752 0.187773 0.063725 0.264192 0.068627 0.270742 0.078431 0.307860 0.104575 0.307860 0.111111 0.294760 0.093137 0.216157 0.080065 0.176856 0.068627 0.104803 0.083333 0.076419 0.116013 0.048035 0.112745 0.000000
2 0.571895 0.283843 0.547386 0.290393 0.522876 0.303493 0.500000 0.323144 0.483660 0.355895 0.482026 0.408297 0.495098 0.443231 0.500000 0.469432 0.501634 0.692140 0.504902 0.722707 0.516340 0.753275 0.527778 0.766376 0.562092 0.783843 0.609477 0.788210 0.630719 0.783843 0.658497 0.766376 0.669935 0.753275 0.681373 0.729258 0.681373 0.689956 0.687908 0.663755 0.687908 0.639738 0.700980 0.593886 0.717320 0.445415 0.728758 0.403930 0.728758 0.375546 0.717320 0.342795 0.702614 0.323144 0.676471 0.303493 0.643791 0.290393
2 0.936275 0.294760 0.897059 0.264192 0.861111 0.248908 0.831699 0.244541 0.772876 0.248908 0.753268 0.257642 0.735294 0.272926 0.720588 0.305677 0.720588 0.338428 0.733660 0.375546 0.733660 0.403930 0.720588 0.458515 0.709150 0.572052 0.710784 0.593886 0.725490 0.602620 0.748366 0.602620 0.753268 0.609170 0.779412 0.609170 0.794118 0.602620 0.803922 0.585153 0.805556 0.565502 0.813725 0.543668 0.833333 0.515284 0.874183 0.489083 0.919935 0.480349 0.928105 0.467249 0.931373 0.441048 0.936275 0.436681 0.937908 0.423581 0.959150 0.366812 0.959150 0.338428 0.952614 0.318777
2 0.988562 0.502183 0.926471 0.486900 0.861111 0.500000 0.828431 0.524017 0.813725 0.554585 0.805556 0.604803 0.805556 0.644105 0.797386 0.665939 0.795752 0.696507 0.782680 0.731441 0.764706 0.829694 0.750000 0.879913 0.750000 0.917031 0.754902 0.951965 0.759804 0.965066 0.782680 0.995633 0.792484 1.000000 0.965686 1.000000 1.000000 0.936681 1.000000 0.510917
2 0.542484 0.187773 0.539216 0.218341 0.550654 0.251092 0.552288 0.279476 0.599673 0.279476 0.638889 0.286026 0.674837 0.299127 0.704248 0.318777 0.717320 0.305677 0.727124 0.275109 0.750000 0.235808 0.748366 0.203057 0.730392 0.174672 0.707516 0.157205 0.660131 0.141921 0.617647 0.139738 0.593137 0.146288 0.563725 0.161572
2 0.406863 0.111354 0.413399 0.146288 0.429739 0.170306 0.493464 0.181223 0.531046 0.203057 0.535948 0.200873 0.539216 0.187773 0.550654 0.170306 0.586601 0.144105 0.594771 0.124454 0.591503 0.098253 0.576797 0.078603 0.526144 0.058952 0.477124 0.058952 0.462418 0.063319 0.421569 0.087336
2 0.985294 0.207424 0.949346 0.220524 0.937908 0.233624 0.931373 0.251092 0.933007 0.286026 0.959150 0.329694 0.962418 0.360262 0.952614 0.401747 0.939542 0.430131 0.929739 0.478166 1.000000 0.500000 1.000000 0.207424
2 0.735294 0.157205 0.735294 0.176856 0.750000 0.203057 0.756536 0.222707 0.754902 0.233624 0.761438 0.244541 0.820261 0.240175 0.897059 0.253275 0.911765 0.248908 0.924837 0.235808 0.936275 0.218341 0.939542 0.203057 0.934641 0.172489 0.918301 0.150655 0.882353 0.126638 0.852941 0.117904 0.790850 0.113537 0.758170 0.126638 0.743464 0.139738
2 0.589869 0.078603 0.589869 0.089520 0.599673 0.115721 0.617647 0.133188 0.694444 0.148472 0.715686 0.157205 0.720588 0.163755 0.745098 0.133188 0.764706 0.117904 0.769608 0.106987 0.769608 0.087336 0.756536 0.063319 0.733660 0.048035 0.681373 0.034934 0.648693 0.034934 0.627451 0.041485 0.602941 0.056769
2 0.758170 0.058952 0.774510 0.093886 0.797386 0.109170 0.839869 0.111354 0.883987 0.122271 0.908497 0.117904 0.933007 0.085153 0.931373 0.067686 0.919935 0.048035 0.897059 0.030568 0.849673 0.017467 0.810458 0.015284 0.782680 0.024017 0.764706 0.039301
2 0.297386 0.048035 0.300654 0.069869 0.313725 0.085153 0.375817 0.093886 0.403595 0.102620 0.418301 0.087336 0.459150 0.061135 0.464052 0.048035 0.464052 0.028384 0.457516 0.017467 0.429739 0.000000 0.349673 0.000000 0.315359 0.017467 0.302288 0.032751
