3 0.760938 0.664062 0.721875 0.656250 0.650000 0.659375 0.628125 0.664062 0.618750 0.681250 0.612500 0.720313 0.617188 0.753125 0.614062 0.789062 0.621875 0.807813 0.623437 0.829688 0.621875 0.954688 0.631250 0.964063 0.642188 0.967187 0.707812 0.967187 0.748437 0.960938 0.762500 0.951562 0.764062 0.760938 0.779687 0.723437 0.782813 0.695312 0.773438 0.671875
3 0.971875 0.657813 0.940625 0.654687 0.835938 0.657813 0.828125 0.664062 0.823438 0.675000 0.812500 0.679688 0.806250 0.721875 0.815625 0.753125 0.817187 0.792188 0.825000 0.806250 0.826562 0.957812 0.835938 0.965625 0.918750 0.967187 0.964063 0.960938 0.975000 0.954688 0.976562 0.784375 0.979688 0.765625 0.996875 0.717187 0.996875 0.692187 0.990625 0.675000
3 0.176563 0.035937 0.156250 0.053125 0.148438 0.085938 0.157812 0.129688 0.159375 0.165625 0.165625 0.189062 0.165625 0.332813 0.171875 0.340625 0.190625 0.343750 0.300000 0.340625 0.310937 0.329688 0.312500 0.195312 0.307812 0.165625 0.306250 0.090625 0.303125 0.087500 0.306250 0.064062 0.312500 0.056250 0.312500 0.039062
3 0.323437 0.035937 0.317188 0.040625 0.320312 0.068750 0.314063 0.101562 0.317188 0.143750 0.314063 0.170313 0.315625 0.246875 0.312500 0.251563 0.310937 0.334375 0.323437 0.342187 0.434375 0.342187 0.454688 0.337500 0.459375 0.328125 0.462500 0.167187 0.475000 0.139063 0.487500 0.089063 0.487500 0.078125 0.479687 0.056250 0.454688 0.037500
3 0.221875 0.353125 0.190625 0.351562 0.159375 0.342187 0.109375 0.343750 0.095312 0.346875 0.092188 0.360938 0.078125 0.370312 0.073438 0.406250 0.082812 0.439063 0.082812 0.467187 0.090625 0.500000 0.087500 0.637500 0.089063 0.645312 0.096875 0.651563 0.181250 0.654687 0.226562 0.648438 0.237500 0.642188 0.240625 0.621875 0.240625 0.504687 0.228125 0.429688 0.220312 0.412500 0.221875 0.381250 0.226562 0.367188
3 0.235937 0.353125 0.232813 0.378125 0.228125 0.384375 0.228125 0.401562 0.235937 0.410938 0.235937 0.475000 0.240625 0.500000 0.242188 0.645312 0.254688 0.653125 0.282813 0.654687 0.343750 0.651563 0.384375 0.645312 0.387500 0.640625 0.390625 0.610938 0.393750 0.501563 0.385937 0.471875 0.382812 0.429688 0.376563 0.414062 0.376563 0.353125 0.325000 0.348438 0.243750 0.350000
3 0.406250 0.351562 0.406250 0.390625 0.412500 0.437500 0.406250 0.450000 0.404687 0.478125 0.396875 0.492188 0.393750 0.639062 0.398438 0.646875 0.410938 0.651563 0.518750 0.653125 0.537500 0.650000 0.543750 0.637500 0.543750 0.548438 0.548438 0.460938 0.570312 0.412500 0.571875 0.385937 0.564063 0.370312 0.542188 0.350000 0.450000 0.346875
3 0.870313 0.351562 0.854688 0.348438 0.732812 0.350000 0.723437 0.353125 0.717187 0.364063 0.706250 0.364063 0.698438 0.370312 0.692187 0.392188 0.692187 0.415625 0.698438 0.437500 0.696875 0.482812 0.706250 0.485938 0.714063 0.476562 0.717187 0.479687 0.718750 0.648438 0.728125 0.654687 0.845313 0.654687 0.862500 0.651563 0.868750 0.646875 0.871875 0.623437 0.871875 0.509375 0.875000 0.470313 0.898438 0.401562 0.898438 0.385937 0.892188 0.368750 0.876563 0.360938
3 0.032813 0.656250 0.025000 0.662500 0.021875 0.675000 0.007812 0.681250 0.003125 0.707812 0.003125 0.726562 0.010937 0.759375 0.009375 0.789062 0.020313 0.814063 0.021875 0.957812 0.025000 0.962500 0.039062 0.967187 0.103125 0.965625 0.164062 0.957812 0.170313 0.946875 0.170313 0.809375 0.156250 0.795312 0.156250 0.750000 0.150000 0.725000 0.156250 0.681250 0.162500 0.668750 0.150000 0.662500 0.106250 0.657813 0.079687 0.650000 0.062500 0.650000
3 0.320312 0.660937 0.262500 0.659375 0.234375 0.651563 0.215625 0.657813 0.181250 0.662500 0.157812 0.687500 0.153125 0.710938 0.153125 0.732812 0.157812 0.751563 0.156250 0.790625 0.157812 0.798438 0.171875 0.806250 0.171875 0.956250 0.179688 0.964063 0.190625 0.967187 0.276562 0.965625 0.312500 0.959375 0.320312 0.953125 0.321875 0.803125 0.326562 0.796875 0.328125 0.706250 0.318750 0.700000 0.323437 0.698438 0.321875 0.693750 0.328125 0.687500 0.328125 0.681250 0.321875 0.676562 0.326562 0.668750
3 0.462500 0.660937 0.440625 0.657813 0.418750 0.659375 0.390625 0.653125 0.343750 0.659375 0.328125 0.668750 0.334375 0.675000 0.335938 0.692187 0.328125 0.735938 0.331250 0.779687 0.326562 0.804688 0.328125 0.956250 0.337500 0.964063 0.428125 0.964063 0.462500 0.959375 0.476562 0.951562 0.478125 0.800000 0.475000 0.798438 0.479687 0.793750 0.482812 0.781250 0.478125 0.768750 0.482812 0.765625 0.479687 0.729688 0.484375 0.706250 0.479687 0.696875 0.482812 0.681250 0.471875 0.673438 0.471875 0.665625
3 0.614062 0.654687 0.546875 0.653125 0.512500 0.662500 0.484375 0.662500 0.478125 0.665625 0.478125 0.671875 0.490625 0.690625 0.487500 0.712500 0.490625 0.721875 0.485938 0.742188 0.489063 0.759375 0.481250 0.810937 0.479687 0.953125 0.482812 0.959375 0.506250 0.967187 0.581250 0.964063 0.610938 0.959375 0.618750 0.951562 0.620313 0.832812 0.618750 0.806250 0.612500 0.782813 0.610938 0.704688 0.621875 0.664062
