5 0.070000 0.498000 0.066000 0.502000 0.064000 0.538000 0.054000 0.552000 0.062000 0.922000 0.070000 0.928000 0.102000 0.928000 0.124000 0.922000 0.128000 0.912000 0.124000 0.560000 0.114000 0.544000 0.110000 0.504000 0.096000 0.498000
5 0.806000 0.682000 0.798000 0.682000 0.778000 0.738000 0.768000 0.928000 0.780000 0.940000 0.802000 0.940000 0.808000 0.932000 0.818000 0.728000 0.812000 0.718000 0.812000 0.696000
5 0.752000 0.526000 0.724000 0.530000 0.720000 0.560000 0.700000 0.578000 0.682000 0.884000 0.690000 0.900000 0.716000 0.906000 0.752000 0.904000 0.758000 0.884000 0.778000 0.580000 0.762000 0.564000 0.760000 0.532000
5 0.922000 0.684000 0.914000 0.688000 0.906000 0.720000 0.898000 0.734000 0.886000 0.928000 0.890000 0.936000 0.904000 0.940000 0.920000 0.940000 0.926000 0.936000 0.938000 0.730000 0.932000 0.718000 0.928000 0.690000
5 0.884000 0.488000 0.854000 0.490000 0.850000 0.494000 0.846000 0.528000 0.834000 0.540000 0.818000 0.902000 0.822000 0.908000 0.840000 0.914000 0.878000 0.912000 0.882000 0.892000 0.902000 0.576000 0.902000 0.540000 0.890000 0.528000 0.890000 0.494000
5 0.614000 0.474000 0.576000 0.476000 0.570000 0.516000 0.566000 0.612000 0.576000 0.648000 0.572000 0.892000 0.576000 0.898000 0.590000 0.900000 0.612000 0.896000 0.618000 0.880000 0.620000 0.766000 0.632000 0.564000 0.632000 0.482000 0.626000 0.476000
5 0.544000 0.614000 0.538000 0.622000 0.532000 0.672000 0.528000 0.928000 0.536000 0.932000 0.560000 0.932000 0.568000 0.926000 0.574000 0.638000 0.566000 0.614000
5 0.476000 0.438000 0.468000 0.446000 0.466000 0.478000 0.454000 0.500000 0.460000 0.672000 0.460000 0.874000 0.464000 0.892000 0.502000 0.896000 0.514000 0.892000 0.518000 0.880000 0.520000 0.508000 0.518000 0.492000 0.508000 0.478000 0.502000 0.442000 0.496000 0.438000
5 0.418000 0.610000 0.408000 0.650000 0.406000 0.920000 0.414000 0.926000 0.440000 0.926000 0.450000 0.916000 0.452000 0.644000 0.444000 0.610000
5 0.340000 0.384000 0.332000 0.394000 0.332000 0.424000 0.322000 0.438000 0.320000 0.452000 0.322000 0.886000 0.336000 0.894000 0.376000 0.896000 0.398000 0.890000 0.402000 0.446000 0.392000 0.428000 0.390000 0.392000 0.378000 0.384000
5 0.264000 0.512000 0.258000 0.516000 0.256000 0.542000 0.240000 0.560000 0.242000 0.918000 0.250000 0.926000 0.290000 0.928000 0.308000 0.922000 0.314000 0.910000 0.312000 0.568000 0.294000 0.544000 0.292000 0.518000 0.284000 0.512000
5 0.158000 0.398000 0.154000 0.402000 0.152000 0.436000 0.134000 0.446000 0.126000 0.456000 0.142000 0.882000 0.150000 0.892000 0.190000 0.894000 0.224000 0.888000 0.232000 0.876000 0.222000 0.462000 0.196000 0.438000 0.190000 0.402000 0.182000 0.398000
5 0.670000 0.644000 0.654000 0.644000 0.648000 0.650000 0.640000 0.696000 0.632000 0.924000 0.636000 0.934000 0.650000 0.938000 0.668000 0.936000 0.672000 0.930000 0.682000 0.690000 0.676000 0.648000
