0 0.775568 0.038339 0.735795 0.038339 0.713068 0.046326 0.704545 0.078275 0.667614 0.108626 0.661932 0.124601 0.664773 0.156550 0.681818 0.172524 0.698864 0.169329 0.704545 0.159744 0.732955 0.142173 0.750000 0.110224 0.803977 0.097444 0.795455 0.051118
0 0.363636 0.859425 0.321023 0.848243 0.278409 0.845048 0.244318 0.848243 0.187500 0.869010 0.139205 0.907348 0.133523 0.952077 0.142045 0.984026 0.153409 1.000000 0.409091 0.998403 0.414773 0.993610 0.423295 0.939297 0.420455 0.905751 0.400568 0.881789
0 0.440341 0.916933 0.428977 0.931310 0.423295 0.952077 0.431818 1.000000 0.707386 1.000000 0.715909 0.968051 0.710227 0.932907 0.687500 0.904153 0.647727 0.881789 0.599432 0.872204 0.519886 0.876997 0.480114 0.889776
0 0.985795 0.897764 0.894886 0.856230 0.812500 0.861022 0.786932 0.867412 0.747159 0.888179 0.718750 0.915335 0.718750 0.964856 0.732955 1.000000 1.000000 1.000000 1.000000 0.910543
0 0.000000 0.698083 0.000000 0.848243 0.042614 0.854633 0.122159 0.880192 0.127841 0.875399 0.139205 0.875399 0.147727 0.867412 0.159091 0.869010 0.178977 0.846645 0.196023 0.843450 0.193182 0.830671 0.167614 0.792332 0.159091 0.744409 0.144886 0.728435 0.113636 0.712460 0.085227 0.706070 0.034091 0.706070
0 0.250000 0.686901 0.210227 0.706070 0.173295 0.746006 0.170455 0.789137 0.178977 0.806709 0.196023 0.824281 0.232955 0.841853 0.306818 0.843450 0.349432 0.851438 0.383523 0.865815 0.411932 0.886581 0.420455 0.886581 0.437500 0.875399 0.448864 0.859425 0.431818 0.808307 0.431818 0.758786 0.420455 0.734824 0.377841 0.704473 0.295455 0.685304
0 0.599432 0.715655 0.562500 0.710863 0.502841 0.720447 0.468750 0.734824 0.437500 0.765176 0.434659 0.801917 0.440341 0.822684 0.465909 0.870607 0.482955 0.881789 0.519886 0.873802 0.571023 0.869010 0.647727 0.875399 0.659091 0.867412 0.690341 0.809904 0.690341 0.768371 0.678977 0.750799 0.656250 0.733227
0 0.906250 0.706070 0.872159 0.699681 0.792614 0.704473 0.744318 0.717252 0.715909 0.734824 0.698864 0.755591 0.696023 0.805112 0.670455 0.853035 0.673295 0.873802 0.701705 0.889776 0.727273 0.896166 0.789773 0.864217 0.818182 0.857827 0.855114 0.856230 0.906250 0.848243 0.940341 0.829073 0.960227 0.800319 0.960227 0.771565 0.937500 0.731629
0 0.039773 0.560703 0.014205 0.571885 0.000000 0.587859 0.000000 0.680511 0.028409 0.701278 0.085227 0.702875 0.110795 0.709265 0.170455 0.741214 0.241477 0.678914 0.227273 0.608626 0.201705 0.591054 0.173295 0.583067 0.144886 0.581470 0.105114 0.560703 0.079545 0.557508
0 0.312500 0.551118 0.281250 0.567093 0.269886 0.589457 0.241477 0.610224 0.241477 0.658147 0.250000 0.678914 0.261364 0.683706 0.292614 0.683706 0.380682 0.704473 0.414773 0.723642 0.431818 0.747604 0.443182 0.749201 0.477273 0.718850 0.477273 0.685304 0.471591 0.675719 0.474432 0.619808 0.468750 0.608626 0.443182 0.587859 0.409091 0.576677 0.400568 0.563898 0.377841 0.551118 0.346591 0.546326
0 0.579545 0.567093 0.548295 0.579872 0.531250 0.597444 0.517045 0.599042 0.494318 0.610224 0.480114 0.626198 0.474432 0.662939 0.485795 0.702875 0.497159 0.717252 0.522727 0.717252 0.551136 0.709265 0.573864 0.709265 0.659091 0.730032 0.684659 0.710863 0.710227 0.670927 0.710227 0.632588 0.701705 0.619808 0.670455 0.599042 0.661932 0.583067 0.644886 0.573482 0.619318 0.567093
0 0.897727 0.560703 0.840909 0.560703 0.798295 0.583067 0.767045 0.586262 0.727273 0.607029 0.718750 0.619808 0.715909 0.664537 0.678977 0.731629 0.690341 0.757188 0.696023 0.757188 0.715909 0.731629 0.744318 0.714058 0.789773 0.702875 0.840909 0.698083 0.909091 0.702875 0.928977 0.688498 0.951705 0.656550 0.951705 0.634185 0.937500 0.616613 0.934659 0.586262 0.920455 0.571885
0 0.053977 0.450479 0.042614 0.464856 0.048295 0.492013 0.034091 0.511182 0.034091 0.535144 0.045455 0.555911 0.107955 0.560703 0.142045 0.578275 0.176136 0.581470 0.218750 0.600639 0.232955 0.602236 0.258523 0.591054 0.267045 0.581470 0.267045 0.560703 0.258523 0.549521 0.241477 0.493610 0.207386 0.477636 0.181818 0.472843 0.161932 0.452077 0.144886 0.442492 0.113636 0.436102 0.093750 0.436102
0 0.309659 0.437700 0.289773 0.456869 0.286932 0.482428 0.258523 0.509585 0.258523 0.535144 0.275568 0.567093 0.315341 0.549521 0.363636 0.546326 0.389205 0.555911 0.411932 0.576677 0.465909 0.594249 0.474432 0.586262 0.477273 0.571885 0.471591 0.507987 0.460227 0.492013 0.434659 0.476038 0.409091 0.466454 0.397727 0.447284 0.383523 0.439297 0.363636 0.436102
0 0.610795 0.450479 0.571023 0.448882 0.545455 0.453674 0.531250 0.461661 0.519886 0.482428 0.500000 0.492013 0.480114 0.509585 0.477273 0.560703 0.485795 0.589457 0.500000 0.602236 0.534091 0.594249 0.553977 0.575080 0.579545 0.565495 0.616477 0.565495 0.664773 0.581470 0.670455 0.579872 0.684659 0.551118 0.684659 0.519169 0.678977 0.509585 0.644886 0.485623 0.633523 0.460064
0 0.843750 0.442492 0.806818 0.440895 0.781250 0.447284 0.764205 0.460064 0.755682 0.474441 0.727273 0.484026 0.701705 0.503195 0.687500 0.547923 0.681818 0.592652 0.710227 0.615016 0.718750 0.615016 0.750000 0.591054 0.778409 0.581470 0.803977 0.578275 0.832386 0.562300 0.857955 0.557508 0.892045 0.557508 0.897727 0.554313 0.903409 0.515974 0.883523 0.490415 0.883523 0.464856 0.875000 0.453674
0 0.869318 0.343450 0.821023 0.340256 0.798295 0.346645 0.769886 0.375399 0.735795 0.388179 0.721591 0.399361 0.704545 0.423323 0.707386 0.484026 0.724432 0.485623 0.750000 0.476038 0.775568 0.450479 0.815341 0.439297 0.863636 0.447284 0.875000 0.453674 0.883523 0.466454 0.894886 0.463259 0.906250 0.440895 0.906250 0.405751 0.889205 0.389776 0.889205 0.357827
0 0.596591 0.349840 0.568182 0.359425 0.556818 0.373802 0.553977 0.388179 0.514205 0.413738 0.508523 0.424920 0.514205 0.468051 0.525568 0.468051 0.556818 0.450479 0.582386 0.447284 0.605114 0.448882 0.633523 0.460064 0.656250 0.492013 0.678977 0.501597 0.687500 0.496805 0.698864 0.468051 0.701705 0.432907 0.696023 0.416933 0.673295 0.394569 0.664773 0.365815 0.656250 0.357827 0.636364 0.351438
0 0.366477 0.340256 0.343750 0.349840 0.338068 0.357827 0.335227 0.380192 0.312500 0.405751 0.312500 0.429712 0.323864 0.432907 0.357955 0.432907 0.392045 0.440895 0.411932 0.464856 0.474432 0.495208 0.497159 0.482428 0.502841 0.469649 0.500000 0.410543 0.494318 0.399361 0.454545 0.373802 0.448864 0.351438 0.440341 0.343450 0.409091 0.335463
0 0.139205 0.341853 0.122159 0.349840 0.116477 0.359425 0.119318 0.391374 0.102273 0.408946 0.102273 0.429712 0.142045 0.440895 0.164773 0.453674 0.178977 0.468051 0.215909 0.479233 0.255682 0.501597 0.281250 0.479233 0.286932 0.455272 0.303977 0.436102 0.301136 0.410543 0.289773 0.399361 0.241477 0.375399 0.224432 0.351438 0.210227 0.343450 0.181818 0.340256
0 0.000000 0.257188 0.000000 0.356230 0.025568 0.373802 0.051136 0.380192 0.093750 0.399361 0.110795 0.378594 0.110795 0.327476 0.085227 0.306709 0.034091 0.287540 0.014205 0.261981
0 0.139205 0.257188 0.130682 0.265176 0.133523 0.308307 0.125000 0.321086 0.127841 0.340256 0.170455 0.338658 0.210227 0.343450 0.227273 0.353035 0.250000 0.378594 0.298295 0.399361 0.306818 0.397764 0.312500 0.391374 0.312500 0.341853 0.298295 0.319489 0.241477 0.285942 0.235795 0.269968 0.221591 0.257188 0.198864 0.252396 0.164773 0.252396
0 0.360795 0.255591 0.346591 0.263578 0.343750 0.293930 0.315341 0.325879 0.323864 0.367412 0.332386 0.367412 0.343750 0.349840 0.357955 0.341853 0.406250 0.335463 0.434659 0.341853 0.446023 0.348243 0.457386 0.373802 0.477273 0.384984 0.488636 0.384984 0.500000 0.373802 0.497159 0.335463 0.477273 0.306709 0.448864 0.284345 0.437500 0.258786 0.406250 0.250799
0 0.630682 0.265176 0.607955 0.261981 0.582386 0.263578 0.562500 0.269968 0.551136 0.279553 0.545455 0.303514 0.508523 0.330671 0.502841 0.343450 0.508523 0.391374 0.519886 0.397764 0.531250 0.397764 0.548295 0.389776 0.562500 0.362620 0.599432 0.348243 0.647727 0.353035 0.670455 0.367412 0.673295 0.380192 0.684659 0.376997 0.687500 0.335463 0.653409 0.301917 0.647727 0.274760
0 0.829545 0.249201 0.795455 0.249201 0.772727 0.255591 0.761364 0.265176 0.752841 0.289137 0.715909 0.306709 0.701705 0.319489 0.693182 0.340256 0.687500 0.391374 0.693182 0.405751 0.704545 0.412141 0.730114 0.391374 0.772727 0.372204 0.786932 0.354633 0.806818 0.343450 0.849432 0.340256 0.883523 0.346645 0.886364 0.329073 0.857955 0.293930 0.857955 0.261981
0 1.000000 0.250799 0.991477 0.250799 0.971591 0.263578 0.960227 0.285942 0.903409 0.309904 0.889205 0.329073 0.886364 0.349840 0.894886 0.388179 0.911932 0.400958 0.920455 0.400958 0.960227 0.378594 1.000000 0.367412
0 0.977273 0.172524 0.943182 0.169329 0.906250 0.178914 0.897727 0.193291 0.872159 0.207668 0.843750 0.238019 0.843750 0.249201 0.863636 0.271565 0.860795 0.295527 0.883523 0.314696 0.894886 0.314696 0.963068 0.281150 0.974432 0.260383 1.000000 0.246006 1.000000 0.186901
0 0.772727 0.172524 0.732955 0.170927 0.710227 0.177316 0.701705 0.185304 0.693182 0.212460 0.656250 0.249201 0.656250 0.293930 0.687500 0.327476 0.696023 0.327476 0.710227 0.309904 0.750000 0.289137 0.767045 0.258786 0.789773 0.249201 0.818182 0.246006 0.812500 0.228435 0.798295 0.218850 0.795455 0.183706
0 0.573864 0.185304 0.531250 0.183706 0.505682 0.196486 0.502841 0.228435 0.471591 0.263578 0.474432 0.292332 0.500000 0.327476 0.508523 0.327476 0.528409 0.314696 0.545455 0.297125 0.551136 0.279553 0.565341 0.268371 0.599432 0.261981 0.644886 0.265176 0.639205 0.246006 0.607955 0.225240 0.593750 0.194888
0 0.375000 0.172524 0.329545 0.174121 0.306818 0.186901 0.309659 0.228435 0.295455 0.250799 0.301136 0.292332 0.312500 0.311502 0.321023 0.311502 0.335227 0.300319 0.343750 0.266773 0.372159 0.252396 0.409091 0.250799 0.426136 0.253994 0.446023 0.266773 0.454545 0.284345 0.463068 0.282748 0.465909 0.257188 0.451705 0.234824 0.411932 0.212460 0.397727 0.183706
0 0.119318 0.180511 0.105114 0.191693 0.105114 0.207668 0.116477 0.225240 0.105114 0.258786 0.113636 0.289137 0.125000 0.303514 0.130682 0.301917 0.127841 0.276358 0.136364 0.260383 0.147727 0.255591 0.178977 0.252396 0.207386 0.253994 0.221591 0.258786 0.247159 0.289137 0.269886 0.300319 0.289773 0.303514 0.289773 0.273163 0.281250 0.252396 0.264205 0.234824 0.213068 0.210863 0.196023 0.183706 0.181818 0.175719 0.147727 0.172524
0 0.045455 0.111821 0.025568 0.116613 0.014205 0.124601 0.017045 0.159744 0.011364 0.183706 0.017045 0.201278 0.076705 0.234824 0.102273 0.238019 0.113636 0.233227 0.105114 0.191693 0.139205 0.174121 0.142045 0.164537 0.125000 0.153355 0.110795 0.127796 0.093750 0.115016
0 0.224432 0.108626 0.204545 0.119808 0.204545 0.154952 0.193182 0.169329 0.196023 0.185304 0.218750 0.212460 0.255682 0.226837 0.281250 0.246006 0.289773 0.246006 0.306818 0.225240 0.306818 0.185304 0.323864 0.174121 0.326705 0.166134 0.303977 0.150160 0.289773 0.118211 0.267045 0.110224
0 0.409091 0.110224 0.394886 0.113419 0.383523 0.123003 0.383523 0.159744 0.377841 0.170927 0.397727 0.183706 0.409091 0.207668 0.451705 0.233227 0.468750 0.252396 0.474432 0.252396 0.500000 0.230032 0.500000 0.206070 0.508523 0.190096 0.505682 0.172524 0.477273 0.148562 0.474432 0.127796 0.465909 0.116613 0.448864 0.110224
0 0.605114 0.115016 0.565341 0.126198 0.562500 0.158147 0.539773 0.174121 0.539773 0.180511 0.568182 0.183706 0.596591 0.196486 0.607955 0.223642 0.644886 0.250799 0.653409 0.247604 0.681818 0.217252 0.684659 0.190096 0.656250 0.156550 0.650568 0.123003 0.630682 0.115016
0 0.022727 0.054313 0.008523 0.063898 0.008523 0.076677 0.019886 0.099042 0.017045 0.113419 0.028409 0.115016 0.065341 0.110224 0.090909 0.115016 0.107955 0.124601 0.125000 0.150160 0.150568 0.162939 0.167614 0.162939 0.176136 0.153355 0.161932 0.118211 0.107955 0.087859 0.093750 0.059105 0.059659 0.046326
0 0.244318 0.044728 0.210227 0.043131 0.187500 0.055911 0.193182 0.092652 0.178977 0.118211 0.187500 0.156550 0.196023 0.156550 0.204545 0.119808 0.224432 0.108626 0.255682 0.108626 0.289773 0.119808 0.301136 0.138978 0.312500 0.135783 0.315341 0.113419 0.281250 0.086262 0.272727 0.057508
0 0.377841 0.043131 0.363636 0.054313 0.366477 0.089457 0.343750 0.118211 0.343750 0.124601 0.357955 0.135783 0.343750 0.140575 0.349432 0.162939 0.355114 0.166134 0.375000 0.162939 0.383523 0.146965 0.380682 0.130990 0.386364 0.119808 0.394886 0.113419 0.423295 0.108626 0.446023 0.108626 0.463068 0.115016 0.477273 0.129393 0.485795 0.153355 0.497159 0.156550 0.497159 0.119808 0.480114 0.099042 0.454545 0.084665 0.446023 0.051118 0.423295 0.043131
0 0.605114 0.052716 0.559659 0.051118 0.539773 0.062300 0.536932 0.091054 0.505682 0.127796 0.508523 0.166134 0.522727 0.178914 0.545455 0.169329 0.559659 0.156550 0.565341 0.126198 0.588068 0.116613 0.639205 0.113419 0.639205 0.107029 0.625000 0.094249 0.625000 0.067093
0 0.781250 0.102236 0.761364 0.105431 0.750000 0.111821 0.738636 0.140575 0.704545 0.166134 0.704545 0.174121 0.761364 0.170927 0.786932 0.177316 0.798295 0.188498 0.801136 0.217252 0.823864 0.233227 0.838068 0.225240 0.852273 0.202875 0.852273 0.182109 0.832386 0.150160 0.835227 0.116613 0.812500 0.102236
0 1.000000 0.103834 0.957386 0.102236 0.937500 0.108626 0.923295 0.126198 0.920455 0.138978 0.866477 0.175719 0.857955 0.191693 0.860795 0.202875 0.886364 0.196486 0.917614 0.174121 0.940341 0.169329 0.968750 0.170927 1.000000 0.183706
0 0.946023 0.043131 0.906250 0.043131 0.889205 0.049521 0.877841 0.065495 0.875000 0.083067 0.840909 0.105431 0.838068 0.150160 0.840909 0.158147 0.860795 0.170927 0.911932 0.143770 0.934659 0.111821 0.965909 0.094249 0.968750 0.055911
