1 0.164223 0.376344 0.142717 0.382318 0.119257 0.395460 0.096774 0.415771 0.080156 0.439665 0.070381 0.462366 0.063539 0.486260 0.061584 0.508961 0.062561 0.542413 0.071359 0.578256 0.077224 0.591398 0.091887 0.611708 0.093842 0.617682 0.111437 0.635603 0.129032 0.647551 0.149560 0.655914 0.179863 0.663082 0.202346 0.661888 0.223851 0.655914 0.237537 0.647551 0.261975 0.623656 0.272727 0.609319 0.288368 0.577061 0.295210 0.554361 0.298143 0.531661 0.297165 0.494624 0.288368 0.461171 0.271750 0.427718 0.249267 0.402628 0.224829 0.385902 0.207234 0.378734 0.184751 0.375149
1 0.256109 0.103943 0.235582 0.109916 0.210166 0.124253 0.189638 0.144564 0.171065 0.174432 0.160313 0.209080 0.156403 0.243728 0.157380 0.262843 0.160313 0.280765 0.170088 0.310633 0.186706 0.340502 0.202346 0.359618 0.219941 0.373955 0.238514 0.383513 0.267840 0.388292 0.291300 0.387097 0.305963 0.383513 0.328446 0.372760 0.346041 0.358423 0.367546 0.334528 0.382209 0.303465 0.391007 0.273596 0.392962 0.253286 0.391007 0.213859 0.383187 0.187575 0.369501 0.158901 0.343109 0.127838 0.325513 0.114695 0.300098 0.105137 0.287390 0.102748
1 0.415445 0.381123 0.392962 0.384707 0.376344 0.391876 0.351906 0.407407 0.336266 0.424134 0.313783 0.461171 0.304985 0.497013 0.303030 0.530466 0.306940 0.563919 0.312805 0.585424 0.324536 0.611708 0.332356 0.623656 0.359726 0.648746 0.384164 0.663082 0.399804 0.667861 0.431085 0.669056 0.458456 0.664277 0.477028 0.655914 0.490714 0.645161 0.511241 0.621266 0.522972 0.599761 0.531769 0.575866 0.538612 0.547192 0.540567 0.517324 0.538612 0.497013 0.530792 0.468339 0.516129 0.437276 0.498534 0.414576 0.480938 0.400239 0.456500 0.387097
1 0.509286 0.111111 0.486804 0.114695 0.460411 0.126643 0.439883 0.143369 0.423265 0.164875 0.406647 0.197133 0.401760 0.218638 0.397849 0.261649 0.398827 0.277180 0.409580 0.318996 0.421310 0.340502 0.444770 0.370370 0.477028 0.390681 0.522972 0.396655 0.554252 0.390681 0.568915 0.382318 0.585533 0.369176 0.608016 0.342891 0.625611 0.302270 0.631476 0.275986 0.633431 0.246117 0.625611 0.201912 0.612903 0.172043 0.589443 0.142174 0.574780 0.130227 0.546432 0.115890 0.533724 0.112306
1 0.260020 0.647551 0.235582 0.655914 0.219941 0.665472 0.204301 0.678614 0.188661 0.697730 0.173021 0.731183 0.166178 0.753883 0.163245 0.780167 0.164223 0.820789 0.173021 0.853047 0.179863 0.867384 0.193548 0.888889 0.211144 0.906810 0.235582 0.922342 0.254154 0.929510 0.282502 0.931900 0.303030 0.929510 0.328446 0.919952 0.349951 0.904421 0.365591 0.887694 0.389052 0.849462 0.398827 0.810036 0.397849 0.762246 0.390029 0.733572 0.381232 0.712067 0.371457 0.695341 0.343109 0.665472 0.329423 0.657109 0.300098 0.647551
1 0.530792 0.641577 0.501466 0.648746 0.483871 0.657109 0.470186 0.667861 0.444770 0.697730 0.431085 0.721625 0.423265 0.744325 0.418377 0.776583 0.418377 0.798088 0.422287 0.824373 0.431085 0.849462 0.443793 0.872162 0.462366 0.896057 0.484848 0.913978 0.506354 0.923536 0.521994 0.927121 0.549365 0.927121 0.573803 0.919952 0.592375 0.910394 0.610948 0.897252 0.625611 0.879331 0.639296 0.857826 0.652004 0.824373 0.654936 0.810036 0.655914 0.777778 0.653959 0.756272 0.649071 0.735962 0.639296 0.712067 0.615836 0.677419 0.594330 0.659498 0.575758 0.649940 0.550342 0.641577
1 0.594330 0.375149 0.581623 0.385902 0.564027 0.408602 0.550342 0.443250 0.543500 0.480287 0.543500 0.506571 0.548387 0.530466 0.555230 0.547192 0.570870 0.574671 0.586510 0.592593 0.605083 0.604540 0.633431 0.612903 0.661779 0.612903 0.686217 0.606930 0.705767 0.592593 0.726295 0.568698 0.737048 0.550777 0.744868 0.529271 0.747801 0.513740 0.748778 0.481481 0.745846 0.461171 0.737048 0.431302 0.730205 0.416965 0.715543 0.396655 0.700880 0.382318 0.676442 0.367981 0.655914 0.362007 0.631476 0.362007 0.612903 0.366786
1 0.726295 0.072879 0.697947 0.086022 0.681329 0.099164 0.656891 0.130227 0.642229 0.164875 0.637341 0.185185 0.635386 0.201912 0.636364 0.236559 0.640274 0.256870 0.648094 0.279570 0.668622 0.313023 0.680352 0.326165 0.695992 0.339307 0.727273 0.352449 0.742913 0.356033 0.771261 0.354839 0.806452 0.341697 0.826979 0.324970 0.843597 0.303465 0.858260 0.274791 0.868035 0.247312 0.870968 0.221027 0.869013 0.181601 0.856305 0.142174 0.843597 0.120669 0.821114 0.095579 0.795699 0.080048 0.770283 0.071685 0.738025 0.070490
1 0.832845 0.338112 0.813294 0.345281 0.797654 0.356033 0.774194 0.384707 0.766373 0.399044 0.757576 0.422939 0.752688 0.451613 0.752688 0.480287 0.757576 0.499403 0.767351 0.522103 0.780059 0.543608 0.796676 0.561529 0.816227 0.574671 0.844575 0.583035 0.867058 0.581840 0.894428 0.573477 0.913978 0.561529 0.936461 0.536440 0.954057 0.498208 0.956989 0.473118 0.956012 0.438471 0.952102 0.420550 0.944282 0.400239 0.936461 0.385902 0.913978 0.360812 0.896383 0.348865 0.874878 0.340502 0.857283 0.336918
1 0.776149 0.571087 0.751711 0.574671 0.720430 0.587814 0.704790 0.599761 0.688172 0.617682 0.665689 0.665472 0.658847 0.697730 0.656891 0.720430 0.657869 0.743130 0.664712 0.768220 0.677419 0.795699 0.696970 0.820789 0.725318 0.844683 0.743891 0.853047 0.770283 0.857826 0.798631 0.855436 0.828935 0.843489 0.845552 0.831541 0.865103 0.812425 0.883675 0.777778 0.891496 0.749104 0.894428 0.721625 0.893451 0.701314 0.888563 0.672640 0.881720 0.652330 0.868035 0.626045 0.841642 0.596177 0.826002 0.585424 0.800587 0.574671
