2 0.086601 0.036232 0.045752 0.063406 0.022876 0.096014 0.014706 0.117754 0.011438 0.139493 0.011438 0.166667 0.016340 0.195652 0.032680 0.231884 0.047386 0.251812 0.091503 0.280797 0.109477 0.284420 0.151961 0.284420 0.194444 0.264493 0.223856 0.233696 0.227124 0.222826 0.233660 0.217391 0.236928 0.197464 0.240196 0.195652 0.241830 0.137681 0.232026 0.106884 0.217320 0.077899 0.186275 0.047101 0.150327 0.032609 0.111111 0.030797
2 0.251634 0.282609 0.210784 0.307971 0.186275 0.336957 0.169935 0.384058 0.168301 0.413043 0.171569 0.443841 0.194444 0.490942 0.204248 0.503623 0.228758 0.521739 0.269608 0.534420 0.313725 0.530797 0.344771 0.516304 0.357843 0.505435 0.385621 0.465580 0.397059 0.422101 0.397059 0.391304 0.390523 0.358696 0.370915 0.324275 0.354575 0.306159 0.320261 0.284420 0.294118 0.278986
2 0.398693 0.507246 0.361111 0.518116 0.326797 0.543478 0.307190 0.577899 0.297386 0.606884 0.295752 0.648551 0.302288 0.686594 0.313725 0.710145 0.330065 0.730072 0.351307 0.746377 0.377451 0.757246 0.419935 0.760870 0.464052 0.748188 0.503268 0.710145 0.513072 0.692029 0.522876 0.655797 0.522876 0.621377 0.509804 0.572464 0.475490 0.530797 0.441176 0.512681
2 0.493464 0.266304 0.452614 0.284420 0.423203 0.313406 0.408497 0.342391 0.400327 0.384058 0.401961 0.411232 0.418301 0.460145 0.442810 0.492754 0.478758 0.514493 0.534314 0.519928 0.558824 0.512681 0.580065 0.500000 0.616013 0.460145 0.624183 0.443841 0.632353 0.409420 0.632353 0.369565 0.619281 0.327899 0.604575 0.306159 0.581699 0.284420 0.552288 0.268116 0.535948 0.264493
2 0.395425 0.030797 0.338235 0.032609 0.326797 0.038043 0.281046 0.074275 0.267974 0.096014 0.258170 0.123188 0.256536 0.172101 0.266340 0.215580 0.285948 0.246377 0.310458 0.266304 0.336601 0.278986 0.387255 0.282609 0.410131 0.278986 0.428105 0.269928 0.459150 0.240942 0.475490 0.211957 0.485294 0.172101 0.483660 0.128623 0.477124 0.103261 0.467320 0.083333 0.433007 0.047101
2 0.558824 0.032609 0.531046 0.052536 0.516340 0.070652 0.493464 0.115942 0.490196 0.161232 0.500000 0.201087 0.516340 0.231884 0.532680 0.251812 0.570261 0.273551 0.583333 0.277174 0.630719 0.277174 0.663399 0.264493 0.699346 0.230072 0.717320 0.193841 0.722222 0.148551 0.718954 0.117754 0.712418 0.096014 0.686275 0.056159 0.655229 0.032609 0.609477 0.025362 0.586601 0.025362
2 0.741830 0.257246 0.702614 0.271739 0.665033 0.304348 0.643791 0.351449 0.642157 0.403986 0.660131 0.458333 0.683007 0.487319 0.723856 0.509058 0.776144 0.514493 0.800654 0.507246 0.828431 0.490942 0.857843 0.454710 0.872549 0.411232 0.872549 0.362319 0.867647 0.342391 0.856209 0.318841 0.818627 0.277174 0.800654 0.266304 0.781046 0.260870
2 0.609477 0.503623 0.566993 0.528986 0.540850 0.563406 0.529412 0.601449 0.527778 0.639493 0.532680 0.666667 0.552288 0.708333 0.583333 0.739130 0.604575 0.750000 0.633987 0.755435 0.683007 0.750000 0.712418 0.730072 0.728758 0.706522 0.720588 0.701087 0.720588 0.690217 0.736928 0.673913 0.745098 0.630435 0.754902 0.612319 0.753268 0.588768 0.733660 0.550725 0.702614 0.516304 0.666667 0.500000
2 0.508170 0.739130 0.477124 0.750000 0.455882 0.766304 0.436275 0.791667 0.421569 0.827899 0.421569 0.896739 0.437908 0.932971 0.472222 0.969203 0.500000 0.983696 0.544118 0.989130 0.562092 0.985507 0.601307 0.963768 0.620915 0.942029 0.633987 0.920290 0.645425 0.873188 0.643791 0.829710 0.630719 0.795290 0.620915 0.780797 0.589869 0.751812 0.547386 0.737319
2 0.851307 0.027174 0.815359 0.039855 0.781046 0.072464 0.756536 0.117754 0.751634 0.139493 0.751634 0.175725 0.761438 0.217391 0.772876 0.237319 0.789216 0.255435 0.838235 0.282609 0.877451 0.286232 0.897059 0.282609 0.928105 0.268116 0.957516 0.239130 0.967320 0.222826 0.980392 0.182971 0.982026 0.135870 0.975490 0.106884 0.960784 0.074275 0.933007 0.047101 0.895425 0.028986
