3 0.177453 0.209000 0.173278 0.212000 0.173278 0.240000 0.178497 0.251000 0.179541 0.343000 0.181628 0.363000 0.187891 0.377000 0.202505 0.387000 0.222338 0.391000 0.265136 0.391000 0.287056 0.389000 0.295407 0.386000 0.304802 0.379000 0.312109 0.363000 0.315240 0.251000 0.322547 0.231000 0.321503 0.211000 0.318372 0.208000 0.305846 0.206000 0.203549 0.206000
3 0.152401 0.006000 0.088727 0.004000 0.022965 0.005000 0.005219 0.010000 0.005219 0.032000 0.009395 0.047000 0.011482 0.068000 0.012526 0.154000 0.017745 0.171000 0.030271 0.183000 0.046973 0.188000 0.099165 0.189000 0.127349 0.184000 0.138831 0.174000 0.146138 0.149000 0.148225 0.050000 0.154489 0.034000 0.154489 0.008000
3 0.009395 0.210000 0.005219 0.214000 0.005219 0.230000 0.011482 0.252000 0.012526 0.353000 0.017745 0.373000 0.029228 0.385000 0.044885 0.390000 0.100209 0.391000 0.128392 0.386000 0.139875 0.375000 0.145094 0.359000 0.147182 0.255000 0.154489 0.234000 0.154489 0.213000 0.148225 0.208000 0.130480 0.206000 0.048017 0.206000
3 0.175365 0.412000 0.172234 0.420000 0.173278 0.439000 0.178497 0.455000 0.179541 0.552000 0.181628 0.567000 0.187891 0.579000 0.199374 0.588000 0.212944 0.592000 0.231733 0.594000 0.282881 0.592000 0.301670 0.584000 0.307933 0.576000 0.313152 0.562000 0.314196 0.472000 0.316284 0.453000 0.322547 0.435000 0.322547 0.414000 0.316284 0.409000 0.201461 0.408000
3 0.006263 0.412000 0.006263 0.438000 0.008351 0.441000 0.011482 0.466000 0.012526 0.559000 0.018789 0.577000 0.026096 0.585000 0.040710 0.591000 0.052192 0.593000 0.102296 0.593000 0.121086 0.590000 0.132568 0.585000 0.138831 0.578000 0.145094 0.562000 0.148225 0.453000 0.154489 0.435000 0.154489 0.414000 0.144050 0.408000 0.032359 0.408000
3 0.846555 0.614000 0.844468 0.626000 0.845511 0.643000 0.850731 0.659000 0.851775 0.755000 0.853862 0.768000 0.860125 0.781000 0.874739 0.792000 0.898747 0.796000 0.948852 0.795000 0.971816 0.788000 0.980167 0.779000 0.985386 0.762000 0.986430 0.679000 0.988518 0.655000 0.993737 0.640000 0.993737 0.615000 0.987474 0.611000 0.973904 0.610000 0.858038 0.611000
3 0.847599 0.815000 0.844468 0.819000 0.844468 0.841000 0.850731 0.861000 0.851775 0.956000 0.853862 0.969000 0.860125 0.983000 0.869520 0.991000 0.883090 0.996000 0.939457 0.997000 0.967641 0.992000 0.978079 0.983000 0.984342 0.969000 0.986430 0.870000 0.988518 0.856000 0.994781 0.840000 0.995825 0.822000 0.993737 0.816000 0.972860 0.812000 0.889353 0.812000
3 0.681628 0.814000 0.677453 0.818000 0.676409 0.829000 0.677453 0.845000 0.682672 0.863000 0.683716 0.953000 0.685804 0.970000 0.692067 0.983000 0.707724 0.994000 0.725470 0.997000 0.775574 0.997000 0.801670 0.991000 0.811065 0.982000 0.817328 0.962000 0.819415 0.867000 0.821503 0.852000 0.826722 0.841000 0.826722 0.818000 0.822547 0.814000 0.800626 0.812000
3 0.680585 0.613000 0.676409 0.618000 0.676409 0.634000 0.682672 0.669000 0.683716 0.756000 0.688935 0.777000 0.699374 0.788000 0.708768 0.793000 0.716075 0.793000 0.721294 0.796000 0.774530 0.796000 0.793319 0.793000 0.802714 0.789000 0.813152 0.777000 0.818372 0.757000 0.819415 0.663000 0.826722 0.638000 0.825678 0.615000 0.820459 0.611000 0.799582 0.610000 0.687891 0.611000
3 0.514614 0.814000 0.509395 0.819000 0.509395 0.836000 0.514614 0.857000 0.515658 0.949000 0.516701 0.965000 0.524008 0.983000 0.534447 0.992000 0.556367 0.997000 0.610647 0.997000 0.631524 0.992000 0.643006 0.982000 0.648225 0.970000 0.652401 0.857000 0.658664 0.842000 0.657620 0.817000 0.650313 0.813000 0.548017 0.812000
3 0.653445 0.612000 0.628392 0.610000 0.516701 0.612000 0.509395 0.617000 0.509395 0.639000 0.514614 0.656000 0.516701 0.762000 0.519833 0.773000 0.529228 0.787000 0.538622 0.792000 0.552192 0.795000 0.605428 0.796000 0.626305 0.793000 0.643006 0.781000 0.648225 0.771000 0.650313 0.755000 0.651357 0.660000 0.658664 0.638000 0.658664 0.618000
3 0.006263 0.815000 0.004175 0.818000 0.004175 0.830000 0.010438 0.870000 0.011482 0.954000 0.013570 0.970000 0.018789 0.982000 0.035491 0.994000 0.053236 0.997000 0.106472 0.997000 0.121086 0.995000 0.130480 0.991000 0.138831 0.982000 0.145094 0.963000 0.147182 0.869000 0.155532 0.837000 0.154489 0.817000 0.151357 0.814000 0.136743 0.812000 0.032359 0.812000
3 0.344468 0.814000 0.340292 0.820000 0.340292 0.832000 0.346555 0.872000 0.347599 0.956000 0.350731 0.973000 0.356994 0.985000 0.368476 0.993000 0.394572 0.997000 0.440501 0.997000 0.455115 0.995000 0.466597 0.990000 0.473904 0.983000 0.481211 0.962000 0.483299 0.867000 0.485386 0.853000 0.490605 0.843000 0.491649 0.824000 0.489562 0.817000 0.486430 0.814000 0.456159 0.812000 0.375783 0.812000
3 0.316284 0.611000 0.184760 0.611000 0.173278 0.616000 0.173278 0.643000 0.178497 0.657000 0.180585 0.764000 0.187891 0.781000 0.196242 0.789000 0.222338 0.796000 0.266180 0.796000 0.291232 0.792000 0.299582 0.788000 0.307933 0.779000 0.312109 0.770000 0.314196 0.754000 0.315240 0.660000 0.322547 0.638000 0.322547 0.616000
3 0.150313 0.612000 0.128392 0.610000 0.016701 0.611000 0.005219 0.615000 0.005219 0.642000 0.010438 0.658000 0.012526 0.762000 0.015658 0.775000 0.026096 0.788000 0.037578 0.793000 0.055324 0.796000 0.097077 0.796000 0.123173 0.792000 0.130480 0.789000 0.136743 0.783000 0.144050 0.769000 0.146138 0.754000 0.147182 0.666000 0.149269 0.653000 0.154489 0.640000 0.154489 0.616000
3 0.174322 0.815000 0.172234 0.819000 0.172234 0.835000 0.178497 0.871000 0.179541 0.959000 0.181628 0.971000 0.187891 0.984000 0.198330 0.992000 0.222338 0.997000 0.275574 0.997000 0.297495 0.991000 0.307933 0.980000 0.312109 0.969000 0.314196 0.877000 0.316284 0.857000 0.322547 0.839000 0.323591 0.822000 0.318372 0.814000 0.301670 0.812000 0.203549 0.812000
3 0.343424 0.613000 0.340292 0.618000 0.346555 0.667000 0.347599 0.759000 0.351775 0.775000 0.355950 0.782000 0.368476 0.792000 0.394572 0.796000 0.446764 0.795000 0.467641 0.788000 0.477035 0.776000 0.481211 0.761000 0.483299 0.658000 0.490605 0.640000 0.489562 0.616000 0.481211 0.611000 0.456159 0.610000 0.352818 0.611000
3 0.845511 0.007000 0.844468 0.035000 0.850731 0.055000 0.852818 0.157000 0.859081 0.173000 0.869520 0.183000 0.876827 0.186000 0.898747 0.189000 0.949896 0.188000 0.964509 0.185000 0.973904 0.180000 0.983299 0.166000 0.985386 0.155000 0.986430 0.073000 0.988518 0.049000 0.994781 0.030000 0.993737 0.009000 0.981211 0.004000 0.866388 0.004000
3 0.846555 0.210000 0.844468 0.213000 0.844468 0.234000 0.850731 0.253000 0.851775 0.348000 0.853862 0.363000 0.859081 0.375000 0.865344 0.382000 0.875783 0.388000 0.896660 0.391000 0.950939 0.390000 0.964509 0.387000 0.973904 0.382000 0.983299 0.368000 0.985386 0.355000 0.987474 0.250000 0.994781 0.233000 0.993737 0.212000 0.988518 0.208000 0.980167 0.206000 0.874739 0.206000
3 0.848643 0.411000 0.844468 0.415000 0.845511 0.439000 0.850731 0.455000 0.851775 0.551000 0.853862 0.565000 0.860125 0.579000 0.876827 0.590000 0.910230 0.594000 0.951983 0.592000 0.966597 0.588000 0.974948 0.583000 0.983299 0.570000 0.985386 0.560000 0.986430 0.468000 0.989562 0.443000 0.993737 0.435000 0.993737 0.414000 0.981211 0.408000 0.872651 0.408000
3 0.679541 0.007000 0.676409 0.012000 0.676409 0.029000 0.682672 0.053000 0.684760 0.155000 0.689979 0.171000 0.702505 0.183000 0.708768 0.186000 0.727557 0.189000 0.772443 0.189000 0.790188 0.187000 0.801670 0.183000 0.811065 0.174000 0.817328 0.156000 0.819415 0.058000 0.821503 0.044000 0.826722 0.034000 0.826722 0.008000 0.816284 0.004000 0.725470 0.004000
3 0.509395 0.009000 0.509395 0.035000 0.514614 0.049000 0.516701 0.154000 0.524008 0.174000 0.532359 0.182000 0.552192 0.188000 0.601253 0.189000 0.627349 0.186000 0.633612 0.183000 0.643006 0.174000 0.649269 0.157000 0.651357 0.058000 0.653445 0.045000 0.658664 0.034000 0.658664 0.009000 0.651357 0.005000 0.604384 0.004000 0.524008 0.005000
3 0.345511 0.006000 0.341336 0.010000 0.341336 0.035000 0.346555 0.057000 0.347599 0.147000 0.349687 0.161000 0.355950 0.174000 0.370564 0.185000 0.394572 0.189000 0.445720 0.188000 0.457203 0.186000 0.467641 0.181000 0.475992 0.171000 0.481211 0.152000 0.484342 0.047000 0.490605 0.032000 0.490605 0.009000 0.482255 0.005000 0.464509 0.004000
3 0.822547 0.208000 0.784969 0.205000 0.688935 0.207000 0.680585 0.209000 0.677453 0.212000 0.677453 0.237000 0.682672 0.253000 0.684760 0.355000 0.687891 0.369000 0.696242 0.381000 0.708768 0.388000 0.718163 0.390000 0.772443 0.391000 0.798539 0.387000 0.810021 0.378000 0.816284 0.363000 0.818372 0.351000 0.820459 0.249000 0.826722 0.235000 0.826722 0.212000
3 0.680585 0.411000 0.676409 0.416000 0.677453 0.439000 0.682672 0.456000 0.683716 0.546000 0.685804 0.564000 0.691023 0.577000 0.700418 0.586000 0.722338 0.593000 0.758873 0.594000 0.786013 0.592000 0.804802 0.585000 0.811065 0.578000 0.817328 0.561000 0.819415 0.458000 0.826722 0.434000 0.826722 0.414000 0.816284 0.408000 0.701461 0.408000
3 0.514614 0.411000 0.509395 0.415000 0.509395 0.427000 0.515658 0.464000 0.515658 0.542000 0.517745 0.564000 0.524008 0.578000 0.538622 0.589000 0.559499 0.593000 0.608559 0.593000 0.626305 0.590000 0.637787 0.584000 0.647182 0.570000 0.649269 0.561000 0.650313 0.474000 0.652401 0.451000 0.658664 0.435000 0.658664 0.415000 0.656576 0.412000 0.647182 0.408000 0.545929 0.408000
3 0.514614 0.209000 0.509395 0.213000 0.509395 0.234000 0.515658 0.258000 0.516701 0.355000 0.520877 0.371000 0.525052 0.378000 0.538622 0.387000 0.551148 0.390000 0.603340 0.391000 0.630480 0.387000 0.643006 0.376000 0.649269 0.358000 0.651357 0.255000 0.658664 0.235000 0.658664 0.213000 0.655532 0.209000 0.644050 0.206000 0.531315 0.207000
3 0.343424 0.411000 0.340292 0.421000 0.346555 0.464000 0.348643 0.563000 0.355950 0.579000 0.369520 0.589000 0.387265 0.593000 0.439457 0.593000 0.455115 0.591000 0.466597 0.586000 0.475992 0.576000 0.481211 0.557000 0.483299 0.460000 0.485386 0.448000 0.490605 0.436000 0.490605 0.415000 0.488518 0.412000 0.478079 0.408000 0.368476 0.408000
3 0.344468 0.209000 0.341336 0.214000 0.341336 0.238000 0.346555 0.252000 0.347599 0.350000 0.349687 0.363000 0.355950 0.377000 0.367432 0.386000 0.391441 0.391000 0.435282 0.391000 0.455115 0.389000 0.464509 0.385000 0.475992 0.374000 0.481211 0.354000 0.483299 0.251000 0.490605 0.232000 0.489562 0.212000 0.486430 0.209000 0.471816 0.206000 0.391441 0.206000
3 0.174322 0.007000 0.172234 0.009000 0.172234 0.031000 0.178497 0.058000 0.180585 0.159000 0.187891 0.175000 0.202505 0.185000 0.226514 0.189000 0.277662 0.188000 0.298539 0.182000 0.305846 0.175000 0.313152 0.155000 0.314196 0.065000 0.316284 0.048000 0.322547 0.032000 0.322547 0.009000 0.316284 0.005000 0.218163 0.004000 0.181628 0.005000
