5 0.348000 0.200000 0.340000 0.208000 0.336000 0.246000 0.328000 0.260000 0.310000 0.576000 0.334000 0.582000 0.366000 0.582000 0.376000 0.576000 0.388000 0.330000 0.388000 0.220000 0.380000 0.204000
5 0.858000 0.216000 0.836000 0.224000 0.832000 0.230000 0.858000 0.590000 0.866000 0.598000 0.924000 0.598000 0.928000 0.594000 0.920000 0.428000 0.896000 0.228000 0.886000 0.216000
5 0.788000 0.226000 0.772000 0.232000 0.768000 0.238000 0.788000 0.588000 0.794000 0.594000 0.856000 0.594000 0.858000 0.570000 0.846000 0.470000 0.830000 0.230000 0.820000 0.224000
5 0.740000 0.216000 0.710000 0.222000 0.704000 0.232000 0.714000 0.588000 0.720000 0.594000 0.774000 0.594000 0.786000 0.588000 0.776000 0.446000 0.766000 0.226000 0.760000 0.218000
5 0.662000 0.210000 0.650000 0.214000 0.642000 0.226000 0.646000 0.580000 0.652000 0.584000 0.708000 0.586000 0.712000 0.584000 0.702000 0.220000 0.692000 0.210000
5 0.602000 0.214000 0.588000 0.218000 0.580000 0.228000 0.580000 0.574000 0.592000 0.580000 0.640000 0.580000 0.644000 0.576000 0.640000 0.228000 0.632000 0.216000
5 0.548000 0.212000 0.534000 0.214000 0.522000 0.222000 0.518000 0.246000 0.514000 0.572000 0.516000 0.582000 0.526000 0.586000 0.572000 0.586000 0.578000 0.582000 0.576000 0.224000 0.562000 0.214000
5 0.472000 0.222000 0.458000 0.230000 0.454000 0.256000 0.446000 0.578000 0.450000 0.584000 0.498000 0.586000 0.514000 0.580000 0.514000 0.236000 0.506000 0.224000
5 0.412000 0.212000 0.400000 0.216000 0.394000 0.228000 0.380000 0.572000 0.388000 0.576000 0.444000 0.576000 0.454000 0.226000 0.440000 0.214000
5 0.300000 0.194000 0.280000 0.198000 0.274000 0.240000 0.266000 0.256000 0.266000 0.310000 0.246000 0.572000 0.254000 0.576000 0.304000 0.576000 0.310000 0.556000 0.326000 0.258000 0.322000 0.246000 0.322000 0.204000
5 0.242000 0.194000 0.218000 0.196000 0.212000 0.234000 0.202000 0.254000 0.182000 0.570000 0.188000 0.574000 0.238000 0.574000 0.244000 0.568000 0.264000 0.250000 0.262000 0.206000 0.254000 0.196000
5 0.186000 0.168000 0.174000 0.168000 0.170000 0.174000 0.164000 0.210000 0.154000 0.222000 0.150000 0.246000 0.138000 0.270000 0.124000 0.458000 0.110000 0.570000 0.114000 0.574000 0.176000 0.576000 0.182000 0.564000 0.188000 0.418000 0.200000 0.294000 0.200000 0.232000 0.192000 0.216000 0.190000 0.172000
5 0.112000 0.196000 0.100000 0.196000 0.090000 0.202000 0.086000 0.232000 0.072000 0.256000 0.046000 0.500000 0.044000 0.570000 0.048000 0.574000 0.106000 0.576000 0.110000 0.570000 0.138000 0.228000 0.136000 0.206000
