1 0.659375 0.853016 0.657500 0.868309 0.658125 0.903144 0.660625 0.919286 0.665625 0.922685 0.889375 0.922685 0.893125 0.920136 0.898125 0.898046 0.898750 0.865760 0.893750 0.838573 0.886875 0.813084 0.872500 0.782498 0.858750 0.762107 0.839375 0.742566 0.818750 0.729822 0.796875 0.722175 0.771875 0.721325 0.750000 0.725573 0.731875 0.734919 0.728750 0.734919 0.703750 0.756160 0.688125 0.775701 0.671875 0.806287 0.671250 0.811385 0.664375 0.829227 0.661875 0.846219
1 0.065000 0.188615 0.048125 0.196262 0.031875 0.209856 0.016875 0.228547 0.015625 0.232795 0.008125 0.243840 0.003125 0.256585 0.000000 0.259133 0.000000 0.405268 0.003125 0.408666 0.003750 0.412914 0.016250 0.435854 0.026250 0.449448 0.047500 0.468989 0.064375 0.477485 0.085000 0.483432 0.109375 0.483432 0.123750 0.480034 0.147500 0.468139 0.163125 0.454545 0.179375 0.435854 0.195625 0.404418 0.203125 0.379779 0.206875 0.347494 0.206875 0.313509 0.203750 0.291419 0.195000 0.263381 0.190000 0.254885 0.186875 0.243840 0.170625 0.220051 0.155000 0.204758 0.131250 0.190314 0.103750 0.184367 0.086250 0.184367
1 0.086250 0.026338 0.084375 0.062872 0.086875 0.090059 0.095000 0.120646 0.110625 0.153781 0.122500 0.169924 0.134375 0.182668 0.145625 0.189465 0.150625 0.194562 0.154375 0.195412 0.157500 0.199660 0.171250 0.204758 0.192500 0.209006 0.211250 0.208156 0.240625 0.197961 0.257500 0.186916 0.268750 0.173322 0.272500 0.171623 0.279375 0.162277 0.295625 0.132540 0.304375 0.107901 0.305625 0.096007 0.310000 0.079014 0.311250 0.062022 0.310000 0.043331 0.304375 0.007647 0.300000 0.000000 0.093125 0.000000
1 0.308125 0.195412 0.299375 0.197111 0.288125 0.203059 0.283750 0.203059 0.273750 0.210705 0.270000 0.211555 0.265625 0.217502 0.259375 0.220051 0.251875 0.227698 0.235625 0.252336 0.232500 0.261682 0.228125 0.267630 0.220000 0.290569 0.214375 0.329652 0.214375 0.344095 0.216875 0.365336 0.216250 0.372133 0.220000 0.395072 0.226250 0.409516 0.228750 0.419711 0.236250 0.435854 0.251875 0.457094 0.262500 0.467290 0.283750 0.482583 0.312500 0.490229 0.333125 0.490229 0.361875 0.480884 0.375625 0.469839 0.382500 0.466440 0.391875 0.454545 0.396250 0.451997 0.406875 0.435004 0.420625 0.404418 0.428750 0.372982 0.430625 0.329652 0.428750 0.323704 0.428125 0.306712 0.425625 0.301614 0.420625 0.280374 0.412500 0.259133 0.408750 0.254885 0.405000 0.245540 0.388125 0.224299 0.380625 0.216653 0.363125 0.204758 0.347500 0.199660 0.344375 0.197111
1 0.181250 0.460493 0.158750 0.470688 0.141250 0.484282 0.127500 0.499575 0.110625 0.525913 0.101875 0.548003 0.094375 0.576890 0.093125 0.620221 0.096250 0.648258 0.102500 0.673747 0.118125 0.709431 0.134375 0.729822 0.148125 0.740867 0.153750 0.743415 0.156875 0.747664 0.173750 0.757859 0.191875 0.762957 0.221875 0.762957 0.241875 0.757859 0.258125 0.748513 0.279375 0.729822 0.295625 0.706882 0.305625 0.686491 0.313125 0.661852 0.318125 0.624469 0.317500 0.593883 0.314375 0.571793 0.308750 0.548853 0.290625 0.509771 0.277500 0.491929 0.265000 0.478335 0.250000 0.468989 0.228750 0.460493 0.216250 0.458794
1 0.419375 0.480884 0.400000 0.485132 0.376875 0.497026 0.363750 0.508921 0.345625 0.533560 0.337500 0.548853 0.328125 0.573492 0.322500 0.604928 0.321875 0.636364 0.323750 0.654206 0.329375 0.681393 0.336250 0.700935 0.341250 0.707732 0.344375 0.716228 0.355000 0.734070 0.368125 0.748513 0.389375 0.761257 0.411250 0.768904 0.436250 0.770603 0.460000 0.765506 0.486875 0.748513 0.498750 0.735769 0.513750 0.713679 0.523125 0.694987 0.531250 0.669499 0.533750 0.648258 0.533750 0.610025 0.531875 0.603229 0.531875 0.588785 0.530000 0.576890 0.522500 0.556500 0.518750 0.551402 0.514375 0.539507 0.501250 0.522515 0.498125 0.514868 0.488125 0.506372 0.483125 0.499575 0.475625 0.497026 0.458125 0.485132 0.435625 0.480884
1 0.533125 0.179269 0.518125 0.184367 0.501875 0.192863 0.497500 0.198811 0.486250 0.207307 0.471875 0.222600 0.454375 0.250637 0.447500 0.269329 0.439375 0.298216 0.436875 0.320306 0.438125 0.353441 0.446250 0.386576 0.455000 0.411215 0.469375 0.437553 0.492500 0.463891 0.517500 0.478335 0.536250 0.484282 0.558750 0.485132 0.581250 0.480884 0.591875 0.475786 0.618125 0.456245 0.640000 0.426508 0.655625 0.393373 0.664375 0.357689 0.665625 0.325404 0.663125 0.298216 0.659375 0.292268 0.655000 0.268479 0.640625 0.236194 0.615625 0.202209 0.597500 0.188615 0.578125 0.180969 0.565625 0.178420
1 0.320625 0.026338 0.314375 0.073067 0.317500 0.101105 0.321250 0.119796 0.325625 0.133390 0.344375 0.171623 0.360000 0.191164 0.376250 0.205607 0.392500 0.214104 0.420000 0.220051 0.445625 0.219201 0.458750 0.215803 0.483750 0.203059 0.500000 0.187766 0.521875 0.153781 0.531250 0.130841 0.536250 0.111300 0.540000 0.085811 0.540000 0.052676 0.531875 0.010195 0.526875 0.000000 0.330625 0.000000 0.326250 0.008496 0.325625 0.013594
1 0.545625 0.000000 0.545000 0.027188 0.548125 0.057774 0.560000 0.094308 0.574375 0.122345 0.594375 0.148683 0.610625 0.163127 0.625625 0.171623 0.648125 0.179269 0.677500 0.180119 0.697500 0.176720 0.710625 0.172472 0.725000 0.163976 0.748750 0.138488 0.765000 0.113849 0.780000 0.082413 0.787500 0.060323 0.790625 0.028887 0.789375 0.000000
1 0.758750 0.170773 0.735000 0.180119 0.720000 0.191164 0.704375 0.208156 0.688750 0.234494 0.685625 0.246389 0.680000 0.259133 0.673125 0.286321 0.671250 0.310110 0.673125 0.355990 0.681875 0.386576 0.696875 0.416313 0.711875 0.435854 0.727500 0.451147 0.743750 0.459643 0.760625 0.464741 0.778750 0.467290 0.796875 0.466440 0.818750 0.458794 0.834375 0.448598 0.843750 0.440102 0.861250 0.418862 0.874375 0.396771 0.877500 0.384027 0.882500 0.373832 0.888750 0.346644 0.890000 0.329652 0.888750 0.291419 0.880625 0.254885 0.873750 0.236194 0.868750 0.230246 0.862500 0.218352 0.841875 0.192863 0.826250 0.181818 0.807500 0.172472 0.786250 0.169074
1 0.859375 0.445200 0.837500 0.453696 0.821875 0.464741 0.798125 0.493628 0.793125 0.505523 0.790000 0.508921 0.781250 0.532710 0.773125 0.570093 0.771875 0.583687 0.773125 0.621071 0.778125 0.644860 0.789375 0.676296 0.801250 0.698386 0.815000 0.716228 0.828750 0.728972 0.848750 0.742566 0.873125 0.749363 0.898750 0.750212 0.921250 0.742566 0.937500 0.734070 0.955625 0.717927 0.968750 0.700935 0.968750 0.698386 0.977500 0.685641 0.978125 0.681393 0.983750 0.671198 0.991875 0.646559 0.993750 0.628717 0.996875 0.622770 0.997500 0.615973 0.996875 0.579439 0.993750 0.570943 0.992500 0.550552 0.983750 0.520816 0.968750 0.493628 0.948125 0.468989 0.930625 0.454545 0.906250 0.444350 0.881875 0.441801
1 0.635000 0.461342 0.610000 0.468989 0.595000 0.477485 0.580000 0.492778 0.563750 0.517417 0.559375 0.528462 0.555625 0.533560 0.546875 0.556500 0.540000 0.585387 0.538750 0.604928 0.541250 0.635514 0.547500 0.666100 0.555625 0.689890 0.569375 0.714528 0.592500 0.740867 0.603125 0.749363 0.618125 0.757009 0.632500 0.761257 0.665625 0.762957 0.678750 0.760408 0.702500 0.749363 0.721250 0.734070 0.735000 0.717927 0.749375 0.693288 0.757500 0.671198 0.763750 0.639762 0.765000 0.605777 0.763125 0.582838 0.756875 0.555650 0.748125 0.532710 0.735000 0.509771 0.713750 0.485132 0.694375 0.470688 0.668750 0.461342
1 0.000000 0.768904 0.000000 0.921835 0.074375 0.923534 0.180625 0.922685 0.185000 0.920136 0.187500 0.911640 0.191250 0.881054 0.191250 0.859813 0.189375 0.852167 0.186875 0.823280 0.178750 0.800340 0.170625 0.783347 0.155000 0.757859 0.140000 0.742566 0.122500 0.732370 0.099375 0.723874 0.089375 0.722175 0.065000 0.723025 0.048750 0.727273 0.033125 0.734919 0.028750 0.740017 0.023750 0.742566 0.013125 0.756160 0.009375 0.757859 0.005000 0.764656
1 0.212500 0.856415 0.211250 0.868309 0.212500 0.904843 0.216250 0.920136 0.220625 0.922685 0.416250 0.922685 0.420625 0.919286 0.423750 0.904843 0.421875 0.857264 0.413750 0.825828 0.403750 0.802039 0.396250 0.789295 0.370000 0.758709 0.356875 0.751062 0.335625 0.744265 0.325625 0.742566 0.297500 0.743415 0.281875 0.749363 0.267500 0.758709 0.263125 0.764656 0.258750 0.765506 0.251875 0.772302 0.246875 0.780799 0.243125 0.783347 0.228125 0.807986 0.220000 0.827528 0.215625 0.849618
1 0.430000 0.853016 0.428125 0.868309 0.428750 0.893798 0.433750 0.919286 0.437500 0.922685 0.642500 0.923534 0.646875 0.922685 0.649375 0.920136 0.652500 0.903993 0.653750 0.871708 0.649375 0.841121 0.641875 0.815633 0.633750 0.797791 0.616250 0.772302 0.599375 0.754460 0.585625 0.743415 0.565000 0.735769 0.540000 0.733220 0.516250 0.736619 0.494375 0.746814 0.470625 0.765506 0.461250 0.776551 0.447500 0.798641 0.438125 0.822430 0.434375 0.840272
1 0.805000 0.005098 0.802500 0.015293 0.798125 0.024639 0.795625 0.039932 0.795625 0.081563 0.800000 0.107052 0.806250 0.129142 0.822500 0.162277 0.836875 0.180969 0.851875 0.194562 0.876250 0.206457 0.890625 0.210705 0.908750 0.212404 0.931875 0.208156 0.949375 0.200510 0.968125 0.186916 0.981875 0.171623 0.994375 0.153781 0.996875 0.147833 1.000000 0.145285 1.000000 0.000000 0.808750 0.000000
