2 0.053846 0.075000 0.033333 0.092857 0.000000 0.150000 0.000000 0.275000 0.012821 0.310714 0.043590 0.353571 0.089744 0.382143 0.151282 0.385714 0.169231 0.367857 0.176923 0.371429 0.210256 0.310714 0.220513 0.271429 0.220513 0.200000 0.210256 0.153571 0.169231 0.085714 0.143590 0.067857 0.089744 0.060714
2 0.002564 0.732143 0.000000 0.928571 0.197436 0.925000 0.215385 0.864286 0.217949 0.800000 0.194872 0.739286 0.161538 0.696429 0.123077 0.675000 0.074359 0.675000 0.033333 0.696429
2 0.202564 0.378571 0.156410 0.414286 0.133333 0.453571 0.120513 0.500000 0.123077 0.582143 0.141026 0.632143 0.171795 0.671429 0.225641 0.696429 0.266667 0.696429 0.297436 0.675000 0.335897 0.621429 0.346154 0.582143 0.343590 0.489286 0.320513 0.428571 0.284615 0.389286 0.253846 0.375000
2 0.346154 0.064286 0.307692 0.085714 0.274359 0.132143 0.256410 0.203571 0.258974 0.260714 0.276923 0.317857 0.312821 0.378571 0.343590 0.400000 0.397436 0.400000 0.456410 0.325000 0.469231 0.296429 0.479487 0.235714 0.476923 0.182143 0.461538 0.132143 0.428205 0.085714 0.389744 0.064286
2 0.466667 0.360714 0.428205 0.382143 0.397436 0.421429 0.376923 0.482143 0.376923 0.546429 0.394872 0.610714 0.420513 0.650000 0.464103 0.682143 0.502564 0.685714 0.535897 0.667857 0.574359 0.621429 0.594872 0.567857 0.600000 0.492857 0.584615 0.432143 0.556410 0.389286 0.512821 0.360714
2 0.256410 0.767857 0.243590 0.814286 0.243590 0.882143 0.256410 0.928571 0.461538 0.925000 0.476923 0.853571 0.471795 0.796429 0.448718 0.742857 0.412821 0.703571 0.374359 0.685714 0.325641 0.692857 0.282051 0.725000
2 0.530769 0.742857 0.515385 0.796429 0.515385 0.853571 0.523077 0.892857 0.538462 0.928571 0.723077 0.928571 0.735897 0.907143 0.748718 0.842857 0.743590 0.789286 0.723077 0.732143 0.692308 0.692857 0.656410 0.671429 0.605128 0.671429 0.564103 0.696429
2 0.728205 0.364286 0.687179 0.385714 0.648718 0.435714 0.635897 0.482143 0.635897 0.550000 0.651282 0.610714 0.674359 0.646429 0.702564 0.667857 0.753846 0.675000 0.802564 0.653571 0.841026 0.607143 0.858974 0.557143 0.861538 0.492857 0.843590 0.428571 0.810256 0.385714 0.771795 0.364286
2 0.787179 0.735714 0.779487 0.767857 0.776923 0.828571 0.782051 0.875000 0.800000 0.925000 0.984615 0.928571 1.000000 0.910714 1.000000 0.757143 0.984615 0.725000 0.953846 0.692857 0.912821 0.671429 0.864103 0.671429 0.820513 0.696429
2 0.994872 0.378571 0.974359 0.382143 0.930769 0.407143 0.894872 0.453571 0.889744 0.475000 0.889744 0.567857 0.897436 0.614286 0.910256 0.646429 0.946154 0.678571 0.976923 0.689286 1.000000 0.689286 1.000000 0.382143
2 0.610256 0.060714 0.569231 0.078571 0.538462 0.110714 0.523077 0.139286 0.510256 0.185714 0.510256 0.253571 0.525641 0.310714 0.556410 0.353571 0.594872 0.371429 0.643590 0.371429 0.682051 0.346429 0.710256 0.300000 0.728205 0.235714 0.728205 0.185714 0.715385 0.135714 0.684615 0.089286 0.646154 0.064286
2 0.838462 0.060714 0.787179 0.092857 0.751282 0.150000 0.746154 0.171429 0.748718 0.267857 0.764103 0.328571 0.784615 0.360714 0.812821 0.375000 0.882051 0.375000 0.925641 0.335714 0.953846 0.289286 0.969231 0.232143 0.969231 0.182143 0.956410 0.135714 0.930769 0.092857 0.892308 0.064286
