0 0.539623 0.089474 0.498113 0.147368 0.501887 0.247368 0.543396 0.294737 0.600000 0.294737 0.633962 0.268421 0.652830 0.205263 0.641509 0.126316 0.596226 0.084211
0 0.720755 0.084211 0.679245 0.115789 0.667925 0.136842 0.660377 0.173684 0.664151 0.231579 0.671698 0.257895 0.709434 0.294737 0.766038 0.300000 0.800000 0.278947 0.815094 0.247368 0.815094 0.147368 0.796226 0.110526 0.769811 0.089474
0 0.098113 0.721053 0.075472 0.747368 0.056604 0.800000 0.064151 0.900000 0.086792 0.926316 0.184906 0.921053 0.218868 0.863158 0.218868 0.773684 0.196226 0.731579 0.166038 0.710526
0 0.256604 0.731579 0.226415 0.800000 0.230189 0.878947 0.241509 0.910526 0.264151 0.926316 0.343396 0.926316 0.366038 0.915789 0.388679 0.873684 0.388679 0.778947 0.373585 0.742105 0.328302 0.710526 0.290566 0.710526
0 0.437736 0.710526 0.411321 0.742105 0.403774 0.773684 0.403774 0.873684 0.437736 0.921053 0.532075 0.915789 0.562264 0.857895 0.554717 0.752632 0.524528 0.710526 0.467925 0.694737
0 0.596226 0.715789 0.577358 0.742105 0.569811 0.784211 0.569811 0.857895 0.577358 0.884211 0.611321 0.921053 0.694340 0.921053 0.713208 0.905263 0.732075 0.863158 0.735849 0.810526 0.720755 0.742105 0.701887 0.715789 0.664151 0.694737 0.633962 0.694737
0 0.758491 0.736842 0.758491 0.768421 0.747170 0.794737 0.747170 0.868421 0.758491 0.900000 0.781132 0.921053 0.811321 0.926316 0.883019 0.921053 0.898113 0.900000 0.909434 0.810526 0.905660 0.784211 0.875472 0.731579 0.837736 0.710526 0.803774 0.710526
0 0.886792 0.500000 0.845283 0.526316 0.826415 0.557895 0.826415 0.657895 0.852830 0.705263 0.883019 0.726316 0.916981 0.726316 0.969811 0.684211 0.981132 0.657895 0.984906 0.610526 0.962264 0.531579 0.913208 0.500000
0 0.709434 0.500000 0.679245 0.526316 0.660377 0.568421 0.656604 0.663158 0.716981 0.715789 0.773585 0.710526 0.811321 0.657895 0.811321 0.557895 0.796226 0.526316 0.766038 0.500000
0 0.539623 0.494737 0.501887 0.536842 0.490566 0.631579 0.498113 0.657895 0.539623 0.705263 0.577358 0.710526 0.626415 0.673684 0.641509 0.642105 0.645283 0.568421 0.633962 0.531579 0.607547 0.500000 0.581132 0.489474
0 0.369811 0.489474 0.320755 0.531579 0.313208 0.578947 0.316981 0.647368 0.343396 0.694737 0.377358 0.715789 0.411321 0.715789 0.467925 0.663158 0.479245 0.600000 0.475472 0.563158 0.437736 0.500000 0.418868 0.489474
0 0.218868 0.484211 0.154717 0.526316 0.143396 0.563158 0.143396 0.631579 0.154717 0.668421 0.181132 0.700000 0.207547 0.715789 0.241509 0.715789 0.305660 0.657895 0.305660 0.557895 0.267925 0.500000
0 0.052830 0.484211 0.022642 0.494737 0.000000 0.521053 0.000000 0.694737 0.064151 0.721053 0.116981 0.689474 0.135849 0.657895 0.135849 0.547368 0.109434 0.505263
0 0.128302 0.278947 0.094340 0.300000 0.075472 0.326316 0.064151 0.363158 0.064151 0.421053 0.079245 0.463158 0.132075 0.505263 0.166038 0.505263 0.218868 0.463158 0.230189 0.415789 0.226415 0.352632 0.184906 0.289474
0 0.305660 0.273684 0.249057 0.321053 0.237736 0.352632 0.237736 0.415789 0.249057 0.457895 0.298113 0.500000 0.332075 0.500000 0.366038 0.478947 0.384906 0.452632 0.396226 0.373684 0.384906 0.326316 0.358491 0.289474
0 0.475472 0.273684 0.437736 0.294737 0.411321 0.336842 0.407547 0.426316 0.418868 0.457895 0.445283 0.489474 0.501887 0.500000 0.550943 0.463158 0.562264 0.431579 0.566038 0.363158 0.558491 0.326316 0.535849 0.294737 0.501887 0.273684
0 0.071698 0.073684 0.037736 0.089474 0.015094 0.121053 0.003774 0.194737 0.018868 0.263158 0.045283 0.284211 0.086792 0.294737 0.128302 0.273684 0.154717 0.221053 0.154717 0.142105 0.124528 0.094737
0 0.226415 0.073684 0.196226 0.089474 0.169811 0.126316 0.166038 0.205263 0.188679 0.268421 0.211321 0.289474 0.252830 0.300000 0.313208 0.252632 0.320755 0.231579 0.320755 0.152632 0.313208 0.121053 0.283019 0.089474
0 0.388679 0.068421 0.343396 0.110526 0.328302 0.178947 0.343396 0.257895 0.388679 0.300000 0.418868 0.305263 0.483019 0.247368 0.486792 0.147368 0.452830 0.084211 0.430189 0.068421
0 0.633962 0.284211 0.584906 0.331579 0.577358 0.352632 0.577358 0.436842 0.588679 0.468421 0.630189 0.500000 0.679245 0.500000 0.716981 0.468421 0.728302 0.436842 0.732075 0.352632 0.701887 0.300000 0.679245 0.284211
0 0.811321 0.284211 0.773585 0.305263 0.743396 0.357895 0.743396 0.436842 0.750943 0.468421 0.781132 0.500000 0.830189 0.515789 0.890566 0.463158 0.901887 0.363158 0.890566 0.331579 0.856604 0.294737
0 0.901887 0.100000 0.871698 0.110526 0.833962 0.157895 0.822642 0.242105 0.837736 0.278947 0.894340 0.326316 0.913208 0.326316 0.969811 0.284211 0.984906 0.252632 0.984906 0.189474 0.950943 0.121053
