0 0.526144 0.346056 0.508170 0.358779 0.501634 0.371501 0.495098 0.470738 0.462418 0.544529 0.449346 0.595420 0.447712 0.811705 0.452614 0.987277 0.455882 1.000000 0.653595 1.000000 0.656863 0.969466 0.655229 0.941476 0.658497 0.936387 0.655229 0.916031 0.656863 0.720102 0.647059 0.699746 0.655229 0.679389 0.655229 0.666667 0.647059 0.651399 0.651961 0.623410 0.650327 0.580153 0.632353 0.521628 0.611111 0.486005 0.602941 0.463104 0.593137 0.366412 0.571895 0.346056
0 0.138889 0.381679 0.101307 0.381679 0.080065 0.391858 0.065359 0.409669 0.060458 0.442748 0.060458 0.508906 0.037582 0.557252 0.008170 0.648855 0.001634 0.707379 0.003268 0.748092 0.000000 0.755725 0.000000 1.000000 0.217320 1.000000 0.215686 0.931298 0.223856 0.875318 0.223856 0.669211 0.217320 0.613232 0.200980 0.559796 0.163399 0.493639 0.165033 0.447837 0.161765 0.407125 0.153595 0.391858
0 0.704248 0.005089 0.692810 0.022901 0.692810 0.078880 0.696078 0.094148 0.715686 0.127226 0.720588 0.201018 0.736928 0.236641 0.748366 0.236641 0.751634 0.211196 0.763072 0.193384 0.794118 0.178117 0.795752 0.155216 0.785948 0.122137 0.769608 0.086514 0.769608 0.040712 0.766340 0.022901 0.745098 0.002545
0 0.558824 0.020356 0.540850 0.030534 0.534314 0.045802 0.535948 0.127226 0.547386 0.147583 0.555556 0.226463 0.558824 0.234097 0.575163 0.241730 0.594771 0.218830 0.611111 0.213740 0.620915 0.203562 0.625817 0.188295 0.625817 0.152672 0.612745 0.111959 0.614379 0.089059 0.609477 0.038168 0.594771 0.022901
0 0.433007 0.045802 0.416667 0.040712 0.388889 0.043257 0.377451 0.048346 0.367647 0.063613 0.366013 0.129771 0.359477 0.142494 0.364379 0.229008 0.379085 0.264631 0.393791 0.244275 0.410131 0.234097 0.446078 0.229008 0.455882 0.216285 0.457516 0.155216 0.447712 0.132316 0.444444 0.063613
0 0.254902 0.055980 0.240196 0.048346 0.210784 0.048346 0.192810 0.055980 0.184641 0.066158 0.181373 0.078880 0.181373 0.139949 0.173203 0.160305 0.176471 0.246819 0.183007 0.264631 0.220588 0.254453 0.254902 0.256997 0.266340 0.231552 0.271242 0.203562 0.269608 0.155216 0.261438 0.134860 0.261438 0.081425
0 0.870915 0.000000 0.859477 0.015267 0.859477 0.073791 0.888889 0.106870 0.893791 0.139949 0.893791 0.183206 0.900327 0.201018 0.926471 0.249364 0.941176 0.249364 0.947712 0.190840 0.967320 0.167939 0.967320 0.155216 0.936275 0.091603 0.934641 0.022901 0.928105 0.007634 0.915033 0.000000
0 0.014706 0.091603 0.008170 0.155216 0.021242 0.170483 0.066993 0.170483 0.084967 0.162850 0.093137 0.147583 0.093137 0.104326 0.083333 0.078880 0.039216 0.073791
0 0.813725 0.094148 0.808824 0.111959 0.810458 0.173028 0.841503 0.211196 0.849673 0.292621 0.875817 0.335878 0.883987 0.358779 0.893791 0.368957 0.900327 0.312977 0.911765 0.290076 0.923203 0.279898 0.923203 0.262087 0.913399 0.229008 0.892157 0.185751 0.890523 0.114504 0.879085 0.094148 0.866013 0.086514 0.834967 0.083969
0 0.651961 0.099237 0.642157 0.104326 0.632353 0.119593 0.630719 0.180662 0.624183 0.213740 0.645425 0.221374 0.665033 0.244275 0.669935 0.259542 0.673203 0.325700 0.700980 0.379135 0.705882 0.381679 0.712418 0.348601 0.738562 0.310433 0.743464 0.277354 0.738562 0.251908 0.717320 0.198473 0.712418 0.119593 0.704248 0.106870 0.691176 0.099237
0 0.524510 0.127226 0.490196 0.127226 0.477124 0.132316 0.467320 0.142494 0.462418 0.160305 0.460784 0.234097 0.473856 0.259542 0.482026 0.346056 0.493464 0.366412 0.526144 0.343511 0.557190 0.335878 0.565359 0.318066 0.563725 0.274809 0.547386 0.229008 0.549020 0.175573 0.545752 0.147583 0.537582 0.134860
0 0.344771 0.139949 0.312092 0.134860 0.289216 0.142494 0.274510 0.157761 0.272876 0.231552 0.266340 0.251908 0.266340 0.264631 0.274510 0.292621 0.279412 0.363868 0.289216 0.381679 0.320261 0.366412 0.370915 0.366412 0.374183 0.361323 0.377451 0.343511 0.377451 0.292621 0.370915 0.262087 0.357843 0.229008 0.357843 0.160305
0 0.096405 0.170483 0.086601 0.185751 0.083333 0.262087 0.071895 0.292621 0.071895 0.379135 0.075163 0.384224 0.086601 0.384224 0.101307 0.376590 0.129085 0.374046 0.153595 0.381679 0.160131 0.389313 0.174837 0.346056 0.178105 0.274809 0.171569 0.259542 0.171569 0.180662 0.166667 0.170483 0.150327 0.160305 0.117647 0.160305
0 0.767974 0.190840 0.758170 0.201018 0.754902 0.216285 0.754902 0.282443 0.748366 0.318066 0.779412 0.325700 0.803922 0.346056 0.812092 0.374046 0.815359 0.447837 0.838235 0.488550 0.851307 0.493639 0.882353 0.414758 0.885621 0.396947 0.882353 0.361323 0.874183 0.335878 0.844771 0.284987 0.843137 0.218830 0.831699 0.195929 0.813725 0.185751 0.779412 0.185751
0 0.606209 0.218830 0.588235 0.229008 0.578431 0.244275 0.578431 0.346056 0.594771 0.368957 0.607843 0.473282 0.633987 0.521628 0.648693 0.562341 0.656863 0.567430 0.663399 0.529262 0.681373 0.491094 0.697712 0.437659 0.697712 0.386768 0.671569 0.330789 0.669935 0.269720 0.663399 0.239186 0.651961 0.226463 0.635621 0.218830
0 0.423203 0.234097 0.401961 0.241730 0.385621 0.262087 0.379085 0.379135 0.388889 0.407125 0.393791 0.483461 0.419935 0.529262 0.423203 0.547074 0.436275 0.569975 0.437908 0.580153 0.444444 0.582697 0.488562 0.468193 0.493464 0.437659 0.491830 0.379135 0.477124 0.346056 0.475490 0.272265 0.468954 0.249364 0.449346 0.236641
0 0.238562 0.256997 0.218954 0.256997 0.197712 0.264631 0.183007 0.279898 0.178105 0.310433 0.178105 0.363868 0.166667 0.402036 0.169935 0.498728 0.199346 0.544529 0.217320 0.587786 0.222222 0.613232 0.227124 0.613232 0.243464 0.564885 0.264706 0.519084 0.281046 0.468193 0.284314 0.437659 0.284314 0.391858 0.274510 0.368957 0.271242 0.282443 0.263072 0.267176
0 0.045752 0.274809 0.000000 0.274809 0.000000 0.651399 0.006536 0.643766 0.008170 0.623410 0.053922 0.516539 0.058824 0.488550 0.057190 0.460560 0.065359 0.404580 0.066993 0.333333 0.060458 0.284987
0 0.931373 0.284987 0.916667 0.290076 0.905229 0.302799 0.900327 0.340967 0.900327 0.379135 0.877451 0.432570 0.854575 0.501272 0.854575 0.529262 0.867647 0.590331 0.867647 0.994911 0.870915 1.000000 1.000000 1.000000 1.000000 0.363868 0.996732 0.353690 0.996732 0.323155 0.988562 0.305344 0.977124 0.295165 0.960784 0.287532
0 0.736928 0.325700 0.717320 0.343511 0.712418 0.374046 0.710784 0.427481 0.674837 0.511450 0.663399 0.559796 0.663399 0.687023 0.666667 0.689567 0.668301 0.704835 0.663399 0.715013 0.663399 0.842239 0.671569 0.994911 0.674837 1.000000 0.859477 1.000000 0.859477 0.862595 0.864379 0.811705 0.864379 0.638677 0.857843 0.559796 0.848039 0.511450 0.812092 0.445293 0.810458 0.363868 0.803922 0.346056 0.776144 0.325700
0 0.366013 0.371501 0.348039 0.366412 0.320261 0.368957 0.305556 0.376590 0.292484 0.391858 0.287582 0.412214 0.284314 0.496183 0.251634 0.554707 0.235294 0.613232 0.230392 0.669211 0.233660 0.898219 0.240196 0.941476 0.238562 0.984733 0.241830 1.000000 0.428105 1.000000 0.444444 0.829517 0.444444 0.643766 0.433007 0.577608 0.415033 0.529262 0.388889 0.483461 0.390523 0.450382 0.385621 0.396947 0.379085 0.381679
