2 0.274510 0.392442 0.241830 0.392442 0.204248 0.409884 0.173203 0.444767 0.148693 0.502907 0.140523 0.555233 0.145425 0.616279 0.156863 0.654070 0.171569 0.680233 0.196078 0.706395 0.240196 0.723837 0.289216 0.712209 0.326797 0.677326 0.352941 0.625000 0.361111 0.587209 0.362745 0.537791 0.361111 0.514535 0.351307 0.473837 0.321895 0.421512 0.305556 0.406977
2 0.248366 0.212209 0.223856 0.174419 0.200980 0.156977 0.155229 0.151163 0.127451 0.159884 0.093137 0.188953 0.071895 0.223837 0.062092 0.252907 0.058824 0.281977 0.062092 0.334302 0.070261 0.357558 0.086601 0.383721 0.117647 0.406977 0.155229 0.412791 0.200980 0.395349 0.233660 0.360465 0.253268 0.313953 0.256536 0.296512 0.256536 0.247093
2 0.351307 0.296512 0.343137 0.319767 0.338235 0.360465 0.343137 0.412791 0.357843 0.453488 0.372549 0.476744 0.405229 0.505814 0.434641 0.517442 0.460784 0.517442 0.488562 0.505814 0.521242 0.470930 0.540850 0.418605 0.542484 0.366279 0.529412 0.311047 0.500000 0.264535 0.475490 0.244186 0.433007 0.232558 0.405229 0.238372 0.375817 0.258721
2 0.093137 0.584302 0.065359 0.569767 0.029412 0.569767 0.000000 0.581395 0.000000 0.965116 0.014706 0.959302 0.017974 0.947674 0.058824 0.938953 0.089869 0.906977 0.116013 0.866279 0.140523 0.796512 0.147059 0.747093 0.147059 0.709302 0.142157 0.671512 0.125817 0.625000 0.116013 0.607558
2 0.000000 0.000000 0.000000 0.171512 0.022876 0.180233 0.057190 0.180233 0.102941 0.156977 0.125817 0.130814 0.142157 0.090116 0.145425 0.049419 0.138889 0.017442 0.130719 0.000000
2 0.248366 0.095930 0.243464 0.119186 0.243464 0.145349 0.254902 0.194767 0.282680 0.232558 0.315359 0.250000 0.357843 0.250000 0.380719 0.238372 0.401961 0.218023 0.416667 0.191860 0.424837 0.154070 0.423203 0.110465 0.413399 0.078488 0.390523 0.046512 0.362745 0.029070 0.321895 0.023256 0.295752 0.031977 0.261438 0.066860
2 0.297386 0.767442 0.282680 0.834302 0.282680 0.904070 0.294118 0.962209 0.307190 1.000000 0.513072 1.000000 0.516340 0.994186 0.532680 0.912791 0.529412 0.825581 0.508170 0.755814 0.490196 0.720930 0.468954 0.694767 0.428105 0.668605 0.377451 0.668605 0.351307 0.683140 0.331699 0.703488 0.312092 0.732558
2 0.501634 0.534884 0.488562 0.598837 0.491830 0.659884 0.511438 0.726744 0.547386 0.781977 0.593137 0.813953 0.619281 0.819767 0.643791 0.816860 0.669935 0.802326 0.686275 0.784884 0.709150 0.738372 0.712418 0.720930 0.694444 0.718023 0.691176 0.697674 0.694444 0.688953 0.717320 0.683140 0.717320 0.642442 0.710784 0.601744 0.686275 0.540698 0.656863 0.500000 0.614379 0.470930 0.566993 0.468023 0.529412 0.491279
2 0.508170 0.159884 0.504902 0.183140 0.508170 0.241279 0.531046 0.290698 0.570261 0.328488 0.601307 0.340116 0.629085 0.340116 0.656863 0.328488 0.683007 0.296512 0.694444 0.255814 0.694444 0.215116 0.676471 0.156977 0.653595 0.125000 0.622549 0.101744 0.596405 0.093023 0.570261 0.093023 0.549020 0.101744 0.524510 0.125000
2 0.668301 0.354651 0.660131 0.392442 0.660131 0.433140 0.671569 0.485465 0.696078 0.534884 0.738562 0.578488 0.779412 0.593023 0.828431 0.587209 0.854575 0.563953 0.870915 0.529070 0.875817 0.500000 0.875817 0.470930 0.866013 0.418605 0.838235 0.360465 0.812092 0.328488 0.779412 0.305233 0.753268 0.296512 0.727124 0.296512 0.704248 0.305233 0.687908 0.319767
2 0.821895 0.223837 0.816993 0.244186 0.820261 0.299419 0.828431 0.328488 0.859477 0.380814 0.890523 0.412791 0.936275 0.436047 0.975490 0.438953 1.000000 0.427326 1.000000 0.247093 0.983660 0.223837 0.949346 0.191860 0.905229 0.171512 0.874183 0.171512 0.848039 0.183140 0.836601 0.194767
2 0.663399 0.895349 0.660131 0.953488 0.665033 1.000000 0.928105 1.000000 0.923203 0.970930 0.906863 0.921512 0.874183 0.857558 0.844771 0.819767 0.792484 0.781977 0.748366 0.776163 0.718954 0.787791 0.697712 0.808140 0.679739 0.837209
2 0.658497 0.049419 0.658497 0.101744 0.671569 0.136628 0.694444 0.171512 0.735294 0.200581 0.781046 0.206395 0.808824 0.197674 0.826797 0.177326 0.838235 0.142442 0.839869 0.113372 0.828431 0.063953 0.810458 0.031977 0.777778 0.002907 0.689542 0.000000 0.673203 0.014535
2 0.869281 0.593023 0.852941 0.622093 0.844771 0.651163 0.843137 0.677326 0.844771 0.732558 0.852941 0.752907 0.852941 0.767442 0.861111 0.796512 0.893791 0.860465 0.926471 0.904070 0.968954 0.936047 0.973856 0.933140 0.977124 0.941860 1.000000 0.941860 1.000000 0.598837 0.967320 0.578488 0.936275 0.569767 0.900327 0.572674
