3 0.393333 0.218333 0.388333 0.225000 0.388333 0.246667 0.400000 0.261667 0.400000 0.273333 0.386667 0.291667 0.386667 0.333333 0.391667 0.340000 0.416667 0.348333 0.426667 0.358333 0.426667 0.396667 0.430000 0.410000 0.440000 0.416667 0.580000 0.415000 0.586667 0.405000 0.580000 0.380000 0.581667 0.355000 0.621667 0.336667 0.623333 0.296667 0.606667 0.271667 0.606667 0.260000 0.618333 0.248333 0.618333 0.223333 0.608333 0.216667 0.583333 0.211667 0.526667 0.208333 0.453333 0.208333
3 0.720000 0.213333 0.711667 0.221667 0.718333 0.266667 0.703333 0.291667 0.703333 0.330000 0.711667 0.333333 0.775000 0.336667 0.810000 0.346667 0.825000 0.361667 0.825000 0.383333 0.813333 0.400000 0.813333 0.411667 0.828333 0.428333 0.833333 0.440000 0.835000 0.583333 0.840000 0.586667 0.868333 0.585000 0.920000 0.573333 0.940000 0.555000 0.948333 0.533333 0.950000 0.293333 0.931667 0.266667 0.933333 0.256667 0.943333 0.245000 0.945000 0.230000 0.941667 0.220000 0.916667 0.210000 0.868333 0.205000 0.780000 0.205000
3 0.295000 0.211667 0.278333 0.205000 0.246667 0.200000 0.181667 0.198333 0.095000 0.201667 0.061667 0.213333 0.058333 0.233333 0.070000 0.251667 0.070000 0.260000 0.055000 0.276667 0.051667 0.295000 0.051667 0.528333 0.060000 0.551667 0.063333 0.551667 0.076667 0.533333 0.088333 0.528333 0.130000 0.520000 0.155000 0.520000 0.165000 0.515000 0.165000 0.438333 0.171667 0.421667 0.183333 0.408333 0.183333 0.400000 0.170000 0.380000 0.170000 0.363333 0.176667 0.351667 0.198333 0.341667 0.221667 0.336667 0.298333 0.333333 0.305000 0.330000 0.305000 0.283333 0.288333 0.261667 0.288333 0.248333 0.298333 0.236667 0.298333 0.218333
3 0.125000 0.018333 0.120000 0.023333 0.118333 0.038333 0.128333 0.051667 0.128333 0.063333 0.115000 0.080000 0.111667 0.095000 0.113333 0.193333 0.118333 0.198333 0.240000 0.196667 0.245000 0.180000 0.260000 0.156667 0.258333 0.143333 0.251667 0.133333 0.251667 0.120000 0.255000 0.115000 0.273333 0.106667 0.340000 0.103333 0.343333 0.100000 0.341667 0.080000 0.326667 0.060000 0.326667 0.051667 0.336667 0.040000 0.336667 0.026667 0.325000 0.016667 0.171667 0.015000
3 0.391667 0.430000 0.376667 0.441667 0.376667 0.466667 0.390000 0.481667 0.391667 0.498333 0.376667 0.513333 0.371667 0.533333 0.371667 0.788333 0.376667 0.806667 0.395000 0.826667 0.410000 0.820000 0.525000 0.821667 0.533333 0.828333 0.536667 0.845000 0.541667 0.850000 0.580000 0.845000 0.611667 0.833333 0.633333 0.811667 0.643333 0.785000 0.641667 0.525000 0.635000 0.508333 0.620000 0.493333 0.621667 0.483333 0.635000 0.468333 0.636667 0.446667 0.633333 0.440000 0.623333 0.431667 0.596667 0.423333 0.550000 0.418333 0.423333 0.421667
3 0.586667 0.351667 0.581667 0.360000 0.581667 0.381667 0.590000 0.400000 0.591667 0.416667 0.630000 0.431667 0.640000 0.445000 0.640000 0.465000 0.626667 0.486667 0.626667 0.495000 0.643333 0.521667 0.648333 0.728333 0.660000 0.733333 0.685000 0.735000 0.750000 0.733333 0.786667 0.726667 0.808333 0.718333 0.823333 0.701667 0.831667 0.671667 0.831667 0.448333 0.828333 0.430000 0.810000 0.413333 0.811667 0.400000 0.823333 0.383333 0.825000 0.371667 0.821667 0.358333 0.811667 0.350000 0.793333 0.343333 0.730000 0.335000 0.646667 0.336667 0.618333 0.340000
3 0.656667 0.025000 0.656667 0.041667 0.668333 0.050000 0.668333 0.061667 0.655000 0.076667 0.653333 0.101667 0.723333 0.106667 0.745000 0.111667 0.750000 0.118333 0.750000 0.131667 0.741667 0.143333 0.740000 0.160000 0.753333 0.181667 0.756667 0.205000 0.873333 0.205000 0.876667 0.201667 0.878333 0.098333 0.875000 0.078333 0.863333 0.063333 0.863333 0.055000 0.873333 0.041667 0.873333 0.028333 0.866667 0.020000 0.840000 0.015000 0.683333 0.015000 0.665000 0.018333
3 0.530000 0.110000 0.525000 0.120000 0.525000 0.130000 0.536667 0.143333 0.538333 0.153333 0.523333 0.185000 0.523333 0.205000 0.526667 0.208333 0.600000 0.211667 0.613333 0.216667 0.620000 0.223333 0.621667 0.240000 0.610000 0.258333 0.608333 0.270000 0.625000 0.298333 0.625000 0.330000 0.628333 0.335000 0.696667 0.330000 0.701667 0.291667 0.713333 0.268333 0.710000 0.221667 0.723333 0.210000 0.743333 0.208333 0.753333 0.201667 0.750000 0.173333 0.738333 0.160000 0.738333 0.146667 0.750000 0.131667 0.748333 0.116667 0.738333 0.110000 0.656667 0.103333 0.560000 0.105000
3 0.400000 0.021667 0.395000 0.030000 0.395000 0.038333 0.403333 0.050000 0.403333 0.060000 0.391667 0.071667 0.388333 0.100000 0.396667 0.103333 0.458333 0.105000 0.476667 0.116667 0.476667 0.131667 0.470000 0.141667 0.468333 0.158333 0.481667 0.176667 0.486667 0.205000 0.518333 0.205000 0.521667 0.201667 0.523333 0.181667 0.535000 0.156667 0.533333 0.143333 0.525000 0.131667 0.525000 0.115000 0.528333 0.110000 0.550000 0.103333 0.608333 0.101667 0.611667 0.096667 0.608333 0.071667 0.596667 0.060000 0.596667 0.045000 0.603333 0.036667 0.603333 0.030000 0.600000 0.028333 0.600000 0.021667 0.593333 0.018333 0.418333 0.016667
3 0.255000 0.118333 0.253333 0.133333 0.263333 0.150000 0.263333 0.160000 0.250000 0.171667 0.245000 0.193333 0.251667 0.200000 0.293333 0.208333 0.300000 0.218333 0.301667 0.233333 0.291667 0.250000 0.291667 0.263333 0.306667 0.283333 0.310000 0.330000 0.383333 0.335000 0.385000 0.295000 0.396667 0.273333 0.396667 0.260000 0.386667 0.241667 0.390000 0.221667 0.420000 0.210000 0.481667 0.205000 0.481667 0.181667 0.465000 0.155000 0.471667 0.130000 0.468333 0.111667 0.416667 0.106667 0.321667 0.106667 0.266667 0.110000
3 0.085000 0.531667 0.071667 0.541667 0.066667 0.553333 0.068333 0.581667 0.085000 0.603333 0.068333 0.623333 0.063333 0.640000 0.063333 0.895000 0.071667 0.926667 0.088333 0.945000 0.105000 0.955000 0.170000 0.968333 0.241667 0.968333 0.276667 0.961667 0.303333 0.951667 0.331667 0.925000 0.340000 0.903333 0.343333 0.641667 0.335000 0.618333 0.323333 0.603333 0.338333 0.578333 0.338333 0.550000 0.335000 0.543333 0.313333 0.530000 0.266667 0.523333 0.135000 0.523333
3 0.188333 0.346667 0.171667 0.360000 0.171667 0.383333 0.186667 0.400000 0.186667 0.408333 0.171667 0.423333 0.166667 0.436667 0.168333 0.518333 0.293333 0.523333 0.323333 0.531667 0.338333 0.545000 0.340000 0.578333 0.330000 0.595000 0.328333 0.605000 0.343333 0.630000 0.345000 0.736667 0.363333 0.738333 0.368333 0.733333 0.370000 0.523333 0.386667 0.498333 0.386667 0.486667 0.375000 0.468333 0.375000 0.443333 0.385000 0.430000 0.410000 0.421667 0.418333 0.415000 0.425000 0.383333 0.425000 0.360000 0.418333 0.351667 0.401667 0.345000 0.353333 0.335000 0.240000 0.336667
