0 0.606209 0.398693 0.562092 0.394336 0.545752 0.398693 0.537582 0.407407 0.535948 0.474946 0.501634 0.531590 0.498366 0.553377 0.493464 0.559913 0.491830 0.610022 0.496732 0.625272 0.506536 0.612200 0.517974 0.581699 0.545752 0.549020 0.550654 0.535948 0.547386 0.488017 0.552288 0.453159 0.558824 0.444444 0.573529 0.437908 0.612745 0.435730 0.612745 0.411765
0 0.630719 0.442266 0.620915 0.437908 0.571895 0.437908 0.553922 0.446623 0.549020 0.461874 0.550654 0.533769 0.547386 0.544662 0.517974 0.581699 0.501634 0.629630 0.501634 0.694989 0.509804 0.688453 0.524510 0.651416 0.558824 0.607843 0.560458 0.586057 0.553922 0.564270 0.557190 0.516340 0.562092 0.505447 0.584967 0.492375 0.638889 0.492375 0.638889 0.459695
0 0.718954 0.342048 0.710784 0.337691 0.671569 0.337691 0.661765 0.346405 0.661765 0.403050 0.638889 0.442266 0.642157 0.490196 0.658497 0.492375 0.686275 0.446623 0.691176 0.429194 0.691176 0.379085 0.697712 0.368192 0.718954 0.363834 0.722222 0.359477
0 0.754902 0.368192 0.743464 0.363834 0.707516 0.363834 0.692810 0.372549 0.689542 0.400871 0.691176 0.433551 0.656863 0.492375 0.656863 0.503268 0.665033 0.520697 0.665033 0.538126 0.668301 0.542484 0.674837 0.538126 0.679739 0.525054 0.700980 0.498911 0.709150 0.481481 0.709150 0.431373 0.714052 0.411765 0.725490 0.403050 0.758170 0.398693 0.759804 0.376906
0 0.779412 0.405229 0.733660 0.400871 0.714052 0.409586 0.709150 0.444444 0.710784 0.479303 0.673203 0.538126 0.669935 0.553377 0.671569 0.570806 0.696078 0.586057 0.710784 0.586057 0.743464 0.544662 0.751634 0.527233 0.751634 0.492375 0.759804 0.448802 0.769608 0.437908 0.785948 0.433551 0.787582 0.420479
0 0.834967 0.442266 0.784314 0.433551 0.766340 0.437908 0.758170 0.448802 0.750000 0.529412 0.712418 0.581699 0.704248 0.612200 0.699346 0.688453 0.700980 0.710240 0.707516 0.725490 0.714052 0.729847 0.736928 0.729847 0.748366 0.725490 0.753268 0.716776 0.756536 0.690632 0.766340 0.671024 0.781046 0.610022 0.795752 0.592593 0.790850 0.579521 0.790850 0.551198 0.797386 0.509804 0.805556 0.498911 0.843137 0.488017 0.844771 0.461874 0.841503 0.448802
0 0.887255 0.501089 0.864379 0.492375 0.831699 0.490196 0.807190 0.496732 0.795752 0.511983 0.789216 0.568627 0.795752 0.599129 0.782680 0.610022 0.766340 0.633987 0.763072 0.657952 0.748366 0.694989 0.748366 0.708061 0.735294 0.721133 0.730392 0.738562 0.735294 0.766885 0.766340 0.827887 0.771242 0.825708 0.782680 0.793028 0.816993 0.738562 0.843137 0.721133 0.849673 0.708061 0.846405 0.660131 0.854575 0.596950 0.869281 0.577342 0.888889 0.570806 0.897059 0.559913 0.897059 0.518519
0 0.967320 0.586057 0.939542 0.572985 0.898693 0.568627 0.869281 0.577342 0.856209 0.594771 0.848039 0.653595 0.848039 0.673203 0.854575 0.703704 0.852941 0.721133 0.843137 0.729847 0.821895 0.734205 0.803922 0.755991 0.784314 0.790850 0.769608 0.836601 0.772876 0.930283 0.767974 1.000000 1.000000 1.000000 1.000000 0.775599 0.968954 0.725490 0.978758 0.686275 0.980392 0.610022
0 0.653595 0.501089 0.633987 0.492375 0.586601 0.492375 0.566993 0.498911 0.558824 0.509804 0.555556 0.577342 0.563725 0.592593 0.562092 0.603486 0.522876 0.655773 0.500000 0.716776 0.498366 0.797386 0.501634 0.834423 0.506536 0.834423 0.532680 0.771242 0.555556 0.732026 0.562092 0.699346 0.571895 0.675381 0.573529 0.627451 0.578431 0.596950 0.602941 0.575163 0.660131 0.568627 0.661765 0.522876
0 0.588235 0.583878 0.578431 0.599129 0.571895 0.686275 0.578431 0.708061 0.555556 0.736383 0.516340 0.808279 0.501634 0.854031 0.500000 0.906318 0.506536 1.000000 0.764706 1.000000 0.767974 0.871460 0.763072 0.830065 0.725490 0.753813 0.712418 0.736383 0.699346 0.729847 0.689542 0.714597 0.687908 0.699346 0.694444 0.671024 0.699346 0.618736 0.697712 0.596950 0.684641 0.581699 0.665033 0.572985 0.619281 0.572985
0 0.361111 0.442266 0.356209 0.455338 0.357843 0.490196 0.403595 0.490196 0.424837 0.498911 0.429739 0.505447 0.436275 0.531590 0.436275 0.575163 0.431373 0.588235 0.431373 0.603486 0.467320 0.655773 0.485294 0.701525 0.491830 0.703704 0.495098 0.694989 0.493464 0.651416 0.483660 0.603486 0.473856 0.581699 0.437908 0.527233 0.439542 0.511983 0.444444 0.507625 0.444444 0.459695 0.441176 0.448802 0.429739 0.437908 0.410131 0.435730 0.367647 0.437908
0 0.334967 0.501089 0.328431 0.516340 0.326797 0.564270 0.395425 0.568627 0.410131 0.577342 0.418301 0.588235 0.423203 0.642702 0.419935 0.701525 0.467320 0.764706 0.485294 0.806100 0.491830 0.810458 0.495098 0.779956 0.493464 0.721133 0.486928 0.712418 0.467320 0.660131 0.429739 0.605664 0.428105 0.594771 0.434641 0.579521 0.434641 0.525054 0.429739 0.503268 0.416667 0.494553 0.395425 0.490196 0.351307 0.492375
0 0.261438 0.337691 0.258170 0.357298 0.285948 0.359477 0.297386 0.368192 0.302288 0.381264 0.300654 0.431373 0.325163 0.470588 0.334967 0.479303 0.338235 0.457516 0.330065 0.420479 0.320261 0.398693 0.318627 0.342048 0.305556 0.333333
0 0.238562 0.363834 0.233660 0.372549 0.233660 0.389978 0.258170 0.392157 0.271242 0.403050 0.276144 0.429194 0.276144 0.474946 0.302288 0.514161 0.313725 0.540305 0.323529 0.546841 0.333333 0.490196 0.320261 0.459695 0.300654 0.431373 0.302288 0.379085 0.299020 0.368192 0.285948 0.359477 0.261438 0.357298
0 0.204248 0.396514 0.196078 0.413943 0.199346 0.431373 0.238562 0.437908 0.250000 0.455338 0.250000 0.529412 0.290850 0.588235 0.312092 0.572985 0.318627 0.562092 0.316993 0.549020 0.303922 0.516340 0.274510 0.470588 0.272876 0.403050 0.264706 0.394336 0.236928 0.389978
0 0.171569 0.437908 0.161765 0.453159 0.161765 0.479303 0.191176 0.485839 0.207516 0.503268 0.210784 0.520697 0.210784 0.596950 0.253268 0.651416 0.269608 0.686275 0.279412 0.692810 0.285948 0.684096 0.290850 0.662309 0.290850 0.592593 0.274510 0.559913 0.248366 0.525054 0.251634 0.505447 0.248366 0.448802 0.240196 0.437908 0.227124 0.433551
0 0.119281 0.490196 0.106209 0.503268 0.104575 0.549020 0.109477 0.557734 0.119281 0.562092 0.132353 0.583878 0.140523 0.638344 0.142157 0.684096 0.200980 0.758170 0.232026 0.830065 0.266340 0.755991 0.271242 0.703704 0.258170 0.662309 0.207516 0.590414 0.210784 0.557734 0.205882 0.498911 0.191176 0.485839 0.142157 0.483660
0 0.305556 0.579521 0.297386 0.590414 0.294118 0.607843 0.292484 0.679739 0.300654 0.697168 0.300654 0.708061 0.276144 0.738562 0.240196 0.819172 0.228758 0.860566 0.228758 0.906318 0.238562 1.000000 0.468954 1.000000 0.475490 0.993464 0.482026 0.995643 0.498366 0.921569 0.495098 0.830065 0.467320 0.769063 0.416667 0.699346 0.423203 0.671024 0.418301 0.588235 0.405229 0.572985 0.379085 0.566449 0.325163 0.568627
0 0.016340 0.575163 0.008170 0.592593 0.006536 0.605664 0.008170 0.673203 0.013072 0.686275 0.019608 0.690632 0.021242 0.703704 0.000000 0.738562 0.000000 1.000000 0.228758 1.000000 0.230392 0.954248 0.225490 0.934641 0.225490 0.901961 0.220588 0.877996 0.223856 0.875817 0.223856 0.847495 0.218954 0.806100 0.209150 0.777778 0.194444 0.751634 0.140523 0.688453 0.137255 0.679739 0.138889 0.647059 0.127451 0.575163 0.116013 0.562092 0.106209 0.557734 0.063725 0.557734 0.035948 0.564270
