1 0.713851 0.354492 0.704718 0.359375 0.703196 0.387695 0.675799 0.461914 0.672755 0.476562 0.674277 0.505859 0.680365 0.511719 0.771689 0.512695 0.776256 0.511719 0.779300 0.506836 0.780822 0.465820 0.754947 0.386719 0.754947 0.359375 0.748858 0.355469
1 0.205479 0.000000 0.202435 0.002930 0.191781 0.002930 0.185693 0.005859 0.182648 0.027344 0.153729 0.108398 0.153729 0.139648 0.167428 0.142578 0.245053 0.142578 0.257230 0.137695 0.257230 0.119141 0.231355 0.039062 0.231355 0.005859 0.226788 0.000000
1 0.301370 0.000000 0.296804 0.004883 0.293760 0.038086 0.266362 0.118164 0.264840 0.136719 0.267884 0.140625 0.277017 0.142578 0.362253 0.142578 0.371385 0.136719 0.371385 0.119141 0.348554 0.045898 0.348554 0.007812 0.342466 0.000000
1 0.412481 0.003906 0.404871 0.009766 0.404871 0.038086 0.375951 0.118164 0.375951 0.139648 0.386606 0.143555 0.471842 0.143555 0.479452 0.139648 0.479452 0.125000 0.456621 0.050781 0.456621 0.008789 0.452055 0.004883 0.439878 0.002930
1 0.523592 0.008789 0.515982 0.015625 0.514460 0.043945 0.500761 0.073242 0.497717 0.091797 0.485540 0.121094 0.485540 0.140625 0.491629 0.143555 0.508371 0.145508 0.576865 0.145508 0.582953 0.142578 0.585997 0.128906 0.578387 0.086914 0.566210 0.045898 0.567732 0.013672 0.558600 0.007812
1 0.631659 0.008789 0.622527 0.015625 0.621005 0.044922 0.608828 0.071289 0.605784 0.091797 0.593607 0.117188 0.592085 0.142578 0.610350 0.146484 0.687976 0.147461 0.694064 0.141602 0.695586 0.117188 0.671233 0.041016 0.674277 0.015625 0.663623 0.008789
1 0.742770 0.009766 0.727549 0.016602 0.724505 0.047852 0.703196 0.108398 0.698630 0.144531 0.706240 0.148438 0.796043 0.149414 0.802131 0.139648 0.802131 0.122070 0.777778 0.042969 0.779300 0.014648 0.770167 0.009766
1 0.853881 0.009766 0.843227 0.011719 0.834094 0.017578 0.832572 0.046875 0.805175 0.130859 0.805175 0.147461 0.837139 0.151367 0.901065 0.152344 0.905632 0.151367 0.908676 0.146484 0.910198 0.119141 0.885845 0.046875 0.885845 0.015625 0.872146 0.009766
1 0.964992 0.010742 0.952816 0.012695 0.943683 0.018555 0.942161 0.046875 0.926941 0.095703 0.914764 0.123047 0.911720 0.147461 0.914764 0.151367 0.928463 0.153320 1.000000 0.154297 1.000000 0.057617 0.995434 0.045898 0.995434 0.016602 0.983257 0.011719
1 0.035008 0.346680 0.024353 0.352539 0.022831 0.374023 0.012177 0.410156 0.000000 0.436523 0.000000 0.505859 0.095890 0.506836 0.100457 0.504883 0.103501 0.499023 0.103501 0.469727 0.077626 0.387695 0.074581 0.372070 0.076104 0.351562 0.062405 0.345703
1 0.156773 0.347656 0.146119 0.349609 0.138508 0.359375 0.138508 0.376953 0.132420 0.399414 0.109589 0.456055 0.109589 0.504883 0.121766 0.507812 0.213090 0.506836 0.217656 0.493164 0.217656 0.465820 0.190259 0.384766 0.190259 0.352539 0.182648 0.348633
1 0.257230 0.350586 0.251142 0.354492 0.249619 0.389648 0.220700 0.466797 0.220700 0.503906 0.223744 0.507812 0.325723 0.508789 0.330289 0.499023 0.330289 0.466797 0.304414 0.395508 0.301370 0.373047 0.302892 0.354492 0.293760 0.349609
1 0.378995 0.350586 0.372907 0.352539 0.369863 0.357422 0.371385 0.381836 0.350076 0.430664 0.337900 0.467773 0.337900 0.499023 0.343988 0.507812 0.436834 0.508789 0.444444 0.499023 0.445967 0.464844 0.423135 0.396484 0.423135 0.356445 0.415525 0.351562
1 0.490107 0.351562 0.484018 0.356445 0.482496 0.385742 0.453577 0.459961 0.450533 0.484375 0.452055 0.507812 0.458143 0.510742 0.546423 0.510742 0.555556 0.507812 0.558600 0.499023 0.558600 0.466797 0.534247 0.389648 0.534247 0.356445 0.528158 0.352539
1 0.602740 0.352539 0.596651 0.353516 0.592085 0.359375 0.590563 0.390625 0.563166 0.461914 0.563166 0.507812 0.567732 0.510742 0.659056 0.511719 0.666667 0.507812 0.669711 0.495117 0.669711 0.465820 0.643836 0.390625 0.643836 0.357422 0.636225 0.353516
1 0.837139 0.356445 0.824962 0.361328 0.821918 0.367188 0.820396 0.389648 0.789954 0.470703 0.791476 0.506836 0.797565 0.512695 0.885845 0.513672 0.893455 0.510742 0.896499 0.473633 0.890411 0.439453 0.872146 0.392578 0.873668 0.363281 0.869102 0.358398 0.861492 0.356445
1 0.062405 0.681641 0.030441 0.681641 0.022831 0.683594 0.016743 0.688477 0.016743 0.716797 0.006088 0.745117 0.000000 0.750977 0.000000 0.862305 0.077626 0.862305 0.085236 0.860352 0.091324 0.853516 0.094368 0.835938 0.092846 0.801758 0.071537 0.727539 0.070015 0.685547
1 0.173516 0.681641 0.147641 0.682617 0.135464 0.688477 0.133942 0.720703 0.098935 0.822266 0.095890 0.857422 0.106545 0.862305 0.199391 0.862305 0.210046 0.858398 0.211568 0.813477 0.207002 0.804688 0.202435 0.773438 0.185693 0.716797 0.187215 0.686523
1 0.257230 0.683594 0.249619 0.687500 0.248097 0.719727 0.219178 0.803711 0.217656 0.858398 0.232877 0.861328 0.313546 0.862305 0.321157 0.858398 0.325723 0.823242 0.299848 0.717773 0.302892 0.688477 0.295282 0.683594
1 0.372907 0.685547 0.366819 0.686523 0.360731 0.692383 0.362253 0.708984 0.357686 0.731445 0.328767 0.811523 0.327245 0.860352 0.334855 0.863281 0.368341 0.864258 0.432268 0.863281 0.438356 0.858398 0.438356 0.814453 0.415525 0.738281 0.410959 0.692383 0.401826 0.686523
1 0.484018 0.687500 0.477930 0.690430 0.474886 0.696289 0.474886 0.714844 0.467275 0.744141 0.461187 0.753906 0.442922 0.813477 0.441400 0.859375 0.445967 0.863281 0.544901 0.864258 0.552511 0.857422 0.554033 0.828125 0.526636 0.726562 0.523592 0.692383 0.515982 0.688477
1 0.599696 0.687500 0.592085 0.690430 0.589041 0.696289 0.584475 0.725586 0.563166 0.790039 0.555556 0.826172 0.555556 0.860352 0.561644 0.864258 0.657534 0.865234 0.663623 0.863281 0.666667 0.857422 0.666667 0.833008 0.656012 0.783203 0.642314 0.740234 0.637747 0.696289 0.634703 0.690430 0.628615 0.687500
1 0.716895 0.685547 0.704718 0.687500 0.700152 0.692383 0.697108 0.721680 0.671233 0.806641 0.672755 0.861328 0.680365 0.865234 0.703196 0.866211 0.768645 0.865234 0.774734 0.860352 0.776256 0.824219 0.773212 0.802734 0.751903 0.728516 0.750381 0.695312 0.747336 0.688477 0.741248 0.686523
1 0.818874 0.688477 0.812785 0.696289 0.811263 0.731445 0.780822 0.820312 0.780822 0.863281 0.785388 0.866211 0.808219 0.867188 0.884323 0.866211 0.890411 0.861328 0.891933 0.831055 0.861492 0.722656 0.861492 0.695312 0.853881 0.688477
1 0.931507 0.689453 0.928463 0.693359 0.926941 0.722656 0.914764 0.750977 0.894977 0.821289 0.893455 0.858398 0.896499 0.865234 0.908676 0.868164 1.000000 0.868164 1.000000 0.791016 0.992390 0.775391 0.978691 0.721680 0.980213 0.696289 0.977169 0.691406 0.971081 0.689453
1 0.946728 0.356445 0.934551 0.361328 0.934551 0.384766 0.907154 0.451172 0.901065 0.475586 0.902588 0.509766 0.910198 0.513672 1.000000 0.513672 1.000000 0.436523 0.984779 0.394531 0.984779 0.360352 0.974125 0.357422
