2 0.130556 0.203540 0.094444 0.230088 0.072222 0.274336 0.061111 0.314159 0.063889 0.402655 0.077778 0.442478 0.113889 0.491150 0.138889 0.504425 0.194444 0.500000 0.230556 0.460177 0.250000 0.407080 0.255556 0.376106 0.250000 0.300885 0.233333 0.256637 0.211111 0.225664 0.180556 0.203540
2 0.130556 0.508850 0.091667 0.530973 0.061111 0.579646 0.052778 0.615044 0.050000 0.681416 0.063889 0.747788 0.083333 0.783186 0.116667 0.809735 0.158333 0.814159 0.197222 0.792035 0.219444 0.761062 0.236111 0.721239 0.244444 0.641593 0.230556 0.579646 0.208333 0.539823 0.175000 0.513274
2 0.288889 0.358407 0.255556 0.398230 0.236111 0.455752 0.233333 0.513274 0.241667 0.561947 0.266667 0.615044 0.297222 0.641593 0.350000 0.646018 0.375000 0.632743 0.405556 0.588496 0.416667 0.557522 0.422222 0.522124 0.416667 0.438053 0.405556 0.407080 0.366667 0.358407 0.350000 0.349558
2 0.272222 0.061947 0.241667 0.110619 0.230556 0.168142 0.233333 0.238938 0.250000 0.292035 0.275000 0.327434 0.308333 0.345133 0.352778 0.345133 0.369444 0.336283 0.402778 0.287611 0.416667 0.238938 0.416667 0.159292 0.402778 0.106195 0.380556 0.070796 0.344444 0.044248 0.297222 0.044248
2 0.297222 0.654867 0.266667 0.672566 0.241667 0.707965 0.219444 0.787611 0.222222 0.845133 0.236111 0.898230 0.263889 0.938053 0.305556 0.960177 0.336111 0.955752 0.369444 0.933628 0.394444 0.893805 0.408333 0.836283 0.405556 0.756637 0.388889 0.707965 0.363889 0.672566 0.336111 0.654867
2 0.475000 0.654867 0.438889 0.681416 0.413889 0.738938 0.413889 0.853982 0.427778 0.893805 0.450000 0.929204 0.486111 0.951327 0.525000 0.951327 0.561111 0.924779 0.586111 0.880531 0.594444 0.849558 0.594444 0.761062 0.575000 0.703540 0.552778 0.672566 0.525000 0.654867
2 0.497222 0.358407 0.463889 0.380531 0.438889 0.415929 0.425000 0.477876 0.425000 0.544248 0.441667 0.601770 0.461111 0.628319 0.491667 0.650442 0.538889 0.650442 0.577778 0.619469 0.594444 0.588496 0.608333 0.544248 0.608333 0.469027 0.588889 0.407080 0.569444 0.380531 0.538889 0.358407
2 0.477778 0.061947 0.447222 0.092920 0.425000 0.150442 0.422222 0.252212 0.427778 0.278761 0.444444 0.318584 0.480556 0.349558 0.547222 0.349558 0.591667 0.296460 0.602778 0.256637 0.605556 0.172566 0.597222 0.132743 0.555556 0.066372 0.522222 0.053097
2 0.669444 0.061947 0.636111 0.092920 0.613889 0.141593 0.613889 0.278761 0.652778 0.340708 0.683333 0.353982 0.736111 0.345133 0.777778 0.292035 0.788889 0.256637 0.794444 0.185841 0.783333 0.128319 0.766667 0.092920 0.744444 0.070796 0.700000 0.057522
2 0.675000 0.362832 0.641667 0.389381 0.616667 0.442478 0.613889 0.561947 0.638889 0.619469 0.669444 0.646018 0.727778 0.650442 0.761111 0.623894 0.780556 0.588496 0.794444 0.535398 0.794444 0.469027 0.775000 0.407080 0.747222 0.371681 0.727778 0.358407
2 0.633333 0.672566 0.616667 0.694690 0.600000 0.743363 0.600000 0.862832 0.605556 0.880531 0.638889 0.929204 0.669444 0.951327 0.711111 0.951327 0.750000 0.924779 0.775000 0.871681 0.783333 0.814159 0.780556 0.765487 0.763889 0.712389 0.736111 0.672566 0.705556 0.654867 0.663889 0.654867
2 0.836111 0.654867 0.811111 0.681416 0.788889 0.738938 0.788889 0.871681 0.805556 0.902655 0.847222 0.938053 0.894444 0.942478 0.933333 0.920354 0.961111 0.876106 0.972222 0.836283 0.972222 0.765487 0.961111 0.721239 0.936111 0.676991 0.900000 0.650442
2 0.852778 0.358407 0.813889 0.393805 0.800000 0.429204 0.797222 0.575221 0.819444 0.615044 0.861111 0.641593 0.905556 0.646018 0.941667 0.623894 0.966667 0.592920 0.983333 0.544248 0.983333 0.438053 0.958333 0.393805 0.916667 0.353982 0.880556 0.349558
2 0.869444 0.053097 0.833333 0.075221 0.811111 0.101770 0.797222 0.141593 0.797222 0.247788 0.850000 0.336283 0.905556 0.345133 0.941667 0.323009 0.969444 0.278761 0.983333 0.238938 0.986111 0.168142 0.977778 0.123894 0.941667 0.070796 0.905556 0.053097
