3 0.532500 0.355833 0.527500 0.360833 0.525000 0.366667 0.525000 0.380000 0.527500 0.389167 0.535000 0.397500 0.531667 0.400833 0.517500 0.405833 0.512500 0.415000 0.515000 0.503333 0.515000 0.630833 0.516667 0.635000 0.521667 0.639167 0.569167 0.655833 0.639167 0.657500 0.678333 0.656667 0.693333 0.654167 0.732500 0.633333 0.736667 0.625000 0.736667 0.487500 0.739167 0.418333 0.735000 0.405000 0.720833 0.396667 0.726667 0.382500 0.726667 0.373333 0.724167 0.366667 0.719167 0.360833 0.685833 0.348333 0.645000 0.342500 0.608333 0.341667 0.571667 0.344167 0.557500 0.346667
3 0.040000 0.025833 0.030000 0.032500 0.027500 0.040833 0.029167 0.058333 0.037500 0.068333 0.037500 0.070833 0.021667 0.077500 0.015000 0.087500 0.018333 0.217500 0.017500 0.294167 0.020000 0.303333 0.033333 0.310833 0.068333 0.323333 0.080000 0.325000 0.190000 0.323333 0.200833 0.319167 0.232500 0.301667 0.237500 0.293333 0.236667 0.220833 0.239167 0.087500 0.236667 0.079167 0.231667 0.075000 0.223333 0.072500 0.221667 0.070000 0.225833 0.060833 0.227500 0.050000 0.225000 0.038333 0.220000 0.032500 0.199167 0.024167 0.169167 0.017500 0.152500 0.015833 0.087500 0.015833 0.063333 0.019167
3 0.282500 0.030000 0.278333 0.033333 0.275000 0.040000 0.275000 0.053333 0.276667 0.061667 0.285000 0.071667 0.266667 0.079167 0.262500 0.087500 0.265000 0.160000 0.264167 0.305000 0.265833 0.309167 0.270000 0.312500 0.305833 0.326667 0.329167 0.331667 0.436667 0.329167 0.445000 0.327500 0.476667 0.311667 0.484167 0.305833 0.486667 0.300000 0.485833 0.223333 0.488333 0.090833 0.484167 0.078333 0.470833 0.071667 0.476667 0.054167 0.475000 0.040000 0.467500 0.032500 0.445000 0.024167 0.415833 0.018333 0.395833 0.016667 0.325000 0.018333 0.305833 0.021667
3 0.531667 0.028333 0.524167 0.033333 0.521667 0.040833 0.523333 0.061667 0.530000 0.071667 0.514167 0.079167 0.509167 0.087500 0.511667 0.200833 0.510833 0.298333 0.514167 0.310000 0.524167 0.315833 0.560833 0.329167 0.572500 0.331667 0.598333 0.332500 0.684167 0.330000 0.694167 0.326667 0.728333 0.307500 0.733333 0.300833 0.735000 0.085833 0.731667 0.078333 0.718333 0.071667 0.723333 0.055833 0.723333 0.044167 0.720833 0.038333 0.713333 0.031667 0.685833 0.022500 0.645000 0.016667 0.585833 0.016667 0.554167 0.020833
3 0.782500 0.027500 0.774167 0.033333 0.771667 0.040000 0.772500 0.059167 0.780833 0.071667 0.763333 0.080000 0.759167 0.085833 0.758333 0.090833 0.760833 0.191667 0.760000 0.293333 0.760833 0.304167 0.763333 0.309167 0.769167 0.313333 0.810833 0.329167 0.829167 0.331667 0.892500 0.331667 0.937500 0.329167 0.979167 0.307500 0.984167 0.300833 0.985000 0.288333 0.984167 0.150000 0.985833 0.087500 0.981667 0.078333 0.968333 0.071667 0.973333 0.055000 0.973333 0.044167 0.970000 0.037500 0.962500 0.031667 0.938333 0.023333 0.914167 0.018333 0.895000 0.016667 0.835833 0.016667 0.806667 0.020000
3 0.040000 0.353333 0.029167 0.360833 0.026667 0.367500 0.026667 0.382500 0.028333 0.388333 0.039167 0.396667 0.036667 0.400000 0.025000 0.402500 0.017500 0.406667 0.014167 0.415000 0.016667 0.553333 0.015833 0.627500 0.017500 0.634167 0.028333 0.641667 0.070000 0.656667 0.084167 0.658333 0.186667 0.656667 0.202500 0.650833 0.233333 0.634167 0.238333 0.625833 0.240833 0.418333 0.237500 0.405833 0.233333 0.402500 0.224167 0.400000 0.222500 0.396667 0.226667 0.390833 0.228333 0.383333 0.228333 0.370833 0.225000 0.363333 0.213333 0.356667 0.182500 0.346667 0.136667 0.342500 0.072500 0.344167
3 0.282500 0.355833 0.275833 0.363333 0.274167 0.375833 0.276667 0.388333 0.285000 0.397500 0.281667 0.400833 0.267500 0.405833 0.263333 0.410833 0.261667 0.420000 0.264167 0.493333 0.264167 0.623333 0.265833 0.634167 0.279167 0.642500 0.323333 0.657500 0.380833 0.658333 0.438333 0.655833 0.482500 0.633333 0.487500 0.623333 0.486667 0.552500 0.489167 0.417500 0.485000 0.405000 0.475000 0.400833 0.471667 0.397500 0.476667 0.383333 0.475000 0.366667 0.470000 0.360833 0.464167 0.357500 0.433333 0.347500 0.380833 0.341667 0.350833 0.341667 0.314167 0.345000
3 0.782500 0.353333 0.771667 0.361667 0.770000 0.366667 0.770833 0.385833 0.772500 0.390000 0.780000 0.396667 0.778333 0.399167 0.771667 0.400833 0.760000 0.407500 0.757500 0.413333 0.759167 0.627500 0.761667 0.635000 0.768333 0.640000 0.819167 0.657500 0.890000 0.658333 0.936667 0.655000 0.975833 0.634167 0.981667 0.626667 0.984167 0.416667 0.981667 0.406667 0.966667 0.396667 0.971667 0.381667 0.971667 0.372500 0.967500 0.362500 0.955000 0.355833 0.931667 0.348333 0.909167 0.344167 0.860833 0.341667 0.810833 0.345000
3 0.036667 0.681667 0.028333 0.688333 0.026667 0.696667 0.028333 0.714167 0.033333 0.720833 0.034167 0.725000 0.018333 0.733333 0.015000 0.736667 0.013333 0.743333 0.015833 0.820833 0.016667 0.960000 0.025000 0.966667 0.069167 0.982500 0.082500 0.984167 0.186667 0.982500 0.205000 0.975833 0.233333 0.960833 0.239167 0.951667 0.240000 0.936667 0.239167 0.852500 0.241667 0.746667 0.240833 0.738333 0.237500 0.732500 0.223333 0.724167 0.228333 0.707500 0.228333 0.699167 0.225000 0.690000 0.215000 0.684167 0.186667 0.674167 0.137500 0.668333 0.085000 0.669167 0.049167 0.676667 0.045000 0.680000
3 0.282500 0.682500 0.276667 0.688333 0.275000 0.705000 0.279167 0.718333 0.283333 0.720000 0.286667 0.724167 0.267500 0.732500 0.262500 0.740000 0.265000 0.877500 0.264167 0.954167 0.266667 0.961667 0.277500 0.968333 0.322500 0.983333 0.379167 0.984167 0.440000 0.980833 0.481667 0.960000 0.486667 0.952500 0.487500 0.774167 0.489167 0.751667 0.488333 0.743333 0.484167 0.731667 0.470833 0.724167 0.476667 0.708333 0.475833 0.696667 0.472500 0.690000 0.463333 0.684167 0.431667 0.673333 0.386667 0.668333 0.342500 0.668333 0.315000 0.671667
3 0.532500 0.682500 0.525833 0.690833 0.525000 0.705000 0.528333 0.716667 0.537500 0.724167 0.516667 0.733333 0.512500 0.741667 0.515833 0.960000 0.526667 0.967500 0.569167 0.982500 0.601667 0.985000 0.688333 0.981667 0.733333 0.959167 0.736667 0.952500 0.737500 0.937500 0.736667 0.831667 0.739167 0.742500 0.735833 0.732500 0.720833 0.724167 0.726667 0.710000 0.726667 0.700000 0.723333 0.690833 0.713333 0.684167 0.682500 0.673333 0.629167 0.668333 0.587500 0.669167 0.562500 0.672500
3 0.779167 0.681667 0.770833 0.690000 0.770000 0.705000 0.771667 0.712500 0.780000 0.725000 0.761667 0.733333 0.758333 0.740000 0.760000 0.817500 0.760000 0.920833 0.758333 0.948333 0.759167 0.957500 0.761667 0.962500 0.771667 0.968333 0.818333 0.984167 0.857500 0.985000 0.932500 0.981667 0.943333 0.978333 0.975000 0.961667 0.979167 0.958333 0.982500 0.950833 0.980833 0.885000 0.983333 0.739167 0.978333 0.730000 0.964167 0.724167 0.971667 0.709167 0.971667 0.699167 0.968333 0.690000 0.955833 0.682500 0.932500 0.675000 0.886667 0.668333 0.852500 0.667500 0.805833 0.672500
