5 0.256364 0.405455 0.250909 0.412727 0.256364 0.434545 0.243636 0.447273 0.241818 0.454545 0.243636 0.778182 0.252727 0.789091 0.300000 0.789091 0.320000 0.781818 0.314545 0.609091 0.314545 0.449091 0.300000 0.434545 0.307273 0.418182 0.305455 0.407273
5 0.361818 0.401818 0.349091 0.407273 0.349091 0.420000 0.354545 0.432727 0.340000 0.449091 0.345455 0.778182 0.350909 0.785455 0.396364 0.787273 0.412727 0.785455 0.421818 0.776364 0.412727 0.449091 0.398182 0.430909 0.403636 0.412727 0.401818 0.405455 0.392727 0.401818
5 0.465455 0.358182 0.458182 0.363636 0.458182 0.403636 0.443636 0.418182 0.447273 0.781818 0.454545 0.785455 0.481818 0.787273 0.503636 0.785455 0.514545 0.778182 0.510909 0.416364 0.498182 0.405455 0.496364 0.360000
5 0.556364 0.358182 0.552727 0.361818 0.552727 0.403636 0.540000 0.414545 0.538182 0.607273 0.532727 0.776364 0.541818 0.785455 0.589091 0.785455 0.600000 0.780000 0.603636 0.414545 0.594545 0.405455 0.592727 0.360000
5 0.641818 0.358182 0.632727 0.361818 0.630909 0.403636 0.621818 0.420000 0.620000 0.594545 0.623636 0.665455 0.620000 0.774545 0.621818 0.781818 0.629091 0.785455 0.680000 0.785455 0.687273 0.781818 0.687273 0.421818 0.678182 0.405455 0.674545 0.360000
5 0.860000 0.163636 0.850909 0.170909 0.850909 0.212727 0.841818 0.234545 0.843636 0.770909 0.850909 0.778182 0.867273 0.781818 0.940000 0.781818 0.949091 0.774545 0.945455 0.494545 0.949091 0.236364 0.938182 0.212727 0.936364 0.165455 0.927273 0.161818
5 0.056364 0.507273 0.049091 0.512727 0.049091 0.540000 0.043636 0.565455 0.047273 0.785455 0.052727 0.790909 0.080000 0.790909 0.092727 0.783636 0.087273 0.530909 0.083636 0.509091
5 0.110909 0.507273 0.107273 0.512727 0.107273 0.550909 0.103636 0.560000 0.101818 0.780000 0.109091 0.790909 0.134545 0.790909 0.149091 0.783636 0.149091 0.567273 0.145455 0.516364 0.140000 0.507273
5 0.187273 0.441818 0.176364 0.443636 0.172727 0.449091 0.172727 0.481818 0.161818 0.501818 0.167273 0.629091 0.167273 0.780000 0.176364 0.789091 0.225455 0.787273 0.229091 0.780000 0.221818 0.496364 0.214545 0.483636 0.212727 0.447273 0.209091 0.443636
5 0.749091 0.160000 0.727273 0.167273 0.725455 0.216364 0.716364 0.232727 0.714545 0.250909 0.716364 0.570909 0.709091 0.769091 0.714545 0.780000 0.729091 0.783636 0.794545 0.785455 0.810909 0.781818 0.816364 0.770909 0.814545 0.518182 0.823636 0.234545 0.814545 0.220000 0.812727 0.163636 0.805455 0.160000
