0 0.710784 0.002545 0.696078 0.012723 0.692810 0.022901 0.691176 0.063613 0.694444 0.091603 0.710784 0.114504 0.715686 0.129771 0.720588 0.203562 0.745098 0.249364 0.748366 0.246819 0.748366 0.223919 0.753268 0.206107 0.767974 0.188295 0.790850 0.178117 0.794118 0.170483 0.785948 0.122137 0.769608 0.086514 0.766340 0.022901 0.759804 0.012723 0.743464 0.002545
0 0.820261 0.089059 0.812092 0.096692 0.808824 0.109415 0.810458 0.173028 0.841503 0.211196 0.849673 0.292621 0.874183 0.333333 0.882353 0.356234 0.893791 0.368957 0.898693 0.343511 0.898693 0.318066 0.906863 0.295165 0.923203 0.279898 0.923203 0.262087 0.913399 0.229008 0.892157 0.188295 0.890523 0.111959 0.879085 0.094148 0.867647 0.086514 0.834967 0.083969
0 0.651961 0.099237 0.642157 0.104326 0.632353 0.119593 0.630719 0.211196 0.653595 0.226463 0.666667 0.244275 0.674837 0.325700 0.687908 0.356234 0.705882 0.376590 0.712418 0.346056 0.736928 0.312977 0.743464 0.279898 0.738562 0.251908 0.732026 0.241730 0.715686 0.190840 0.717320 0.160305 0.714052 0.124682 0.697712 0.101781 0.678105 0.096692
0 0.524510 0.127226 0.490196 0.127226 0.477124 0.132316 0.467320 0.142494 0.462418 0.160305 0.460784 0.236641 0.473856 0.259542 0.482026 0.346056 0.493464 0.366412 0.524510 0.343511 0.557190 0.335878 0.565359 0.318066 0.563725 0.274809 0.547386 0.229008 0.549020 0.175573 0.545752 0.147583 0.537582 0.134860
0 0.558824 0.020356 0.545752 0.025445 0.534314 0.045802 0.534314 0.127226 0.547386 0.150127 0.550654 0.206107 0.555556 0.229008 0.568627 0.244275 0.575163 0.244275 0.588235 0.226463 0.612745 0.213740 0.624183 0.201018 0.627451 0.155216 0.612745 0.109415 0.609477 0.038168 0.593137 0.022901
0 0.433007 0.045802 0.418301 0.040712 0.388889 0.043257 0.377451 0.048346 0.367647 0.063613 0.366013 0.127226 0.359477 0.139949 0.364379 0.231552 0.379085 0.262087 0.393791 0.244275 0.410131 0.234097 0.444444 0.229008 0.455882 0.216285 0.457516 0.155216 0.447712 0.129771 0.444444 0.063613
0 0.254902 0.055980 0.240196 0.048346 0.210784 0.048346 0.192810 0.055980 0.184641 0.066158 0.181373 0.076336 0.181373 0.139949 0.173203 0.165394 0.176471 0.239186 0.181373 0.264631 0.218954 0.254453 0.258170 0.254453 0.258170 0.246819 0.267974 0.226463 0.269608 0.157761 0.261438 0.134860 0.261438 0.076336
0 0.116013 0.000000 0.114379 0.050891 0.101307 0.094148 0.102941 0.132316 0.114379 0.155216 0.155229 0.155216 0.178105 0.127226 0.181373 0.066158 0.187908 0.055980 0.191176 0.038168 0.189542 0.000000
0 0.037582 0.073791 0.016340 0.086514 0.011438 0.099237 0.008170 0.162850 0.000000 0.185751 0.000000 0.272265 0.039216 0.269720 0.063725 0.277354 0.073529 0.264631 0.081699 0.241730 0.084967 0.188295 0.093137 0.157761 0.093137 0.096692 0.080065 0.076336
0 0.767974 0.190840 0.758170 0.201018 0.754902 0.213740 0.754902 0.282443 0.748366 0.318066 0.785948 0.328244 0.803922 0.346056 0.812092 0.371501 0.816993 0.450382 0.838235 0.486005 0.849673 0.493639 0.883987 0.407125 0.885621 0.386768 0.882353 0.361323 0.874183 0.335878 0.846405 0.290076 0.843137 0.218830 0.831699 0.195929 0.815359 0.185751 0.779412 0.185751
0 0.604575 0.218830 0.588235 0.229008 0.578431 0.244275 0.576797 0.343511 0.593137 0.363868 0.598039 0.381679 0.607843 0.473282 0.635621 0.524173 0.645425 0.557252 0.651961 0.567430 0.656863 0.567430 0.660131 0.539440 0.683007 0.486005 0.697712 0.437659 0.700980 0.402036 0.694444 0.371501 0.671569 0.328244 0.669935 0.269720 0.663399 0.239186 0.637255 0.218830
0 0.281046 0.147583 0.274510 0.157761 0.272876 0.231552 0.266340 0.251908 0.266340 0.267176 0.274510 0.292621 0.279412 0.366412 0.289216 0.381679 0.331699 0.363868 0.372549 0.366412 0.377451 0.346056 0.377451 0.292621 0.370915 0.262087 0.359477 0.236641 0.359477 0.173028 0.354575 0.150127 0.344771 0.139949 0.326797 0.134860 0.300654 0.137405
0 0.421569 0.234097 0.392157 0.249364 0.383987 0.267176 0.379085 0.379135 0.388889 0.404580 0.393791 0.486005 0.418301 0.526718 0.439542 0.585242 0.444444 0.585242 0.455882 0.544529 0.468954 0.521628 0.488562 0.465649 0.493464 0.437659 0.493464 0.389313 0.478758 0.348601 0.475490 0.269720 0.470588 0.251908 0.450980 0.236641
0 0.238562 0.256997 0.204248 0.262087 0.189542 0.272265 0.181373 0.284987 0.178105 0.363868 0.166667 0.399491 0.169935 0.498728 0.200980 0.549618 0.223856 0.613232 0.233660 0.600509 0.269608 0.503817 0.276144 0.498728 0.284314 0.442748 0.284314 0.391858 0.274510 0.368957 0.271242 0.282443 0.263072 0.267176
0 0.096405 0.170483 0.086601 0.185751 0.083333 0.259542 0.070261 0.300254 0.071895 0.381679 0.081699 0.386768 0.102941 0.376590 0.137255 0.376590 0.161765 0.386768 0.174837 0.351145 0.178105 0.277354 0.171569 0.259542 0.171569 0.180662 0.166667 0.170483 0.150327 0.160305 0.119281 0.160305
0 0.931373 0.284987 0.916667 0.290076 0.906863 0.300254 0.901961 0.320611 0.900327 0.379135 0.877451 0.432570 0.854575 0.501272 0.854575 0.529262 0.867647 0.590331 0.867647 0.839695 0.864379 0.903308 0.867647 0.994911 0.870915 1.000000 1.000000 1.000000 1.000000 0.363868 0.996732 0.353690 0.996732 0.325700 0.993464 0.312977 0.980392 0.297710 0.959150 0.287532
0 0.736928 0.325700 0.722222 0.335878 0.715686 0.348601 0.709150 0.432570 0.678105 0.501272 0.663399 0.557252 0.663399 0.849873 0.669935 0.992366 0.673203 1.000000 0.861111 1.000000 0.859477 0.885496 0.864379 0.842239 0.864379 0.620865 0.857843 0.559796 0.848039 0.511450 0.812092 0.445293 0.810458 0.363868 0.803922 0.346056 0.776144 0.325700
0 0.526144 0.346056 0.501634 0.368957 0.495098 0.470738 0.464052 0.539440 0.449346 0.592875 0.447712 0.811705 0.455882 1.000000 0.655229 1.000000 0.656863 0.941476 0.660131 0.933842 0.656863 0.916031 0.658497 0.763359 0.653595 0.697201 0.658497 0.674300 0.658497 0.651399 0.650327 0.580153 0.630719 0.516539 0.614379 0.491094 0.602941 0.463104 0.599673 0.404580 0.593137 0.366412 0.586601 0.356234 0.563725 0.343511
0 0.315359 0.371501 0.297386 0.384224 0.290850 0.396947 0.285948 0.493639 0.251634 0.554707 0.233660 0.625954 0.230392 0.684478 0.233660 0.882952 0.240196 0.928753 0.241830 1.000000 0.428105 1.000000 0.431373 0.938931 0.444444 0.826972 0.444444 0.684478 0.439542 0.603053 0.413399 0.526718 0.388889 0.486005 0.388889 0.427481 0.382353 0.389313 0.374183 0.376590 0.357843 0.368957
0 0.045752 0.274809 0.000000 0.274809 0.000000 0.664122 0.024510 0.585242 0.058824 0.498728 0.058824 0.437659 0.065359 0.404580 0.066993 0.333333 0.060458 0.284987
0 0.143791 0.384224 0.127451 0.379135 0.101307 0.381679 0.080065 0.391858 0.065359 0.409669 0.060458 0.442748 0.060458 0.508906 0.039216 0.552163 0.008170 0.648855 0.001634 0.707379 0.003268 0.748092 0.000000 0.753181 0.000000 1.000000 0.217320 1.000000 0.215686 0.926209 0.223856 0.875318 0.223856 0.674300 0.220588 0.636132 0.200980 0.559796 0.163399 0.496183 0.165033 0.447837 0.161765 0.407125 0.153595 0.391858
0 0.281046 0.000000 0.281046 0.040712 0.267974 0.081425 0.266340 0.129771 0.269608 0.147583 0.279412 0.150127 0.305556 0.134860 0.354575 0.137405 0.362745 0.122137 0.364379 0.094148 0.362745 0.061069 0.354575 0.043257 0.354575 0.000000
0 0.870915 0.000000 0.859477 0.015267 0.859477 0.073791 0.888889 0.106870 0.895425 0.188295 0.926471 0.249364 0.939542 0.249364 0.944444 0.231552 0.947712 0.190840 0.967320 0.167939 0.967320 0.155216 0.936275 0.091603 0.934641 0.022901 0.928105 0.007634 0.915033 0.000000
