4 0.583333 0.124000 0.509333 0.120000 0.505333 0.124000 0.503333 0.132000 0.502667 0.176000 0.498000 0.250000 0.497333 0.692000 0.498000 0.778000 0.500667 0.786000 0.532000 0.788000 0.537333 0.778000 0.537333 0.722000 0.536000 0.716000 0.537333 0.654000 0.532667 0.524000 0.532000 0.370000 0.534000 0.348000 0.537333 0.336000 0.540667 0.312000 0.542000 0.268000 0.544000 0.252000 0.548667 0.246000 0.588000 0.246000 0.592000 0.242000 0.589333 0.180000 0.589333 0.136000 0.587333 0.128000
4 0.558667 0.602000 0.556000 0.608000 0.555333 0.684000 0.553333 0.692000 0.552000 0.722000 0.553333 0.738000 0.550667 0.816000 0.550667 0.844000 0.552667 0.868000 0.552000 0.938000 0.554667 0.944000 0.610667 0.948000 0.613333 0.938000 0.615333 0.898000 0.617333 0.692000 0.616000 0.654000 0.612000 0.620000 0.612667 0.606000 0.608667 0.598000 0.566667 0.598000
4 0.181333 0.168000 0.178000 0.172000 0.176000 0.184000 0.177333 0.222000 0.175333 0.250000 0.176667 0.624000 0.183333 0.630000 0.202667 0.630000 0.208000 0.634000 0.211333 0.644000 0.213333 0.694000 0.218667 0.722000 0.220000 0.842000 0.239333 0.842000 0.240667 0.838000 0.242000 0.810000 0.240667 0.636000 0.241333 0.496000 0.240000 0.478000 0.241333 0.468000 0.241333 0.434000 0.242667 0.424000 0.248667 0.406000 0.250667 0.390000 0.250667 0.284000 0.245333 0.226000 0.244667 0.178000 0.240000 0.164000
4 0.156000 0.642000 0.151333 0.654000 0.150000 0.692000 0.147333 0.718000 0.149333 0.862000 0.148667 0.924000 0.150000 0.958000 0.153333 0.978000 0.158667 0.996000 0.216667 0.988000 0.218667 0.976000 0.217333 0.738000 0.211333 0.682000 0.210000 0.642000 0.202000 0.632000 0.178667 0.632000
4 0.135333 0.196000 0.079333 0.200000 0.073333 0.204000 0.070667 0.218000 0.071333 0.268000 0.069333 0.358000 0.072000 0.576000 0.072667 0.812000 0.077333 0.904000 0.080000 0.910000 0.132000 0.906000 0.143333 0.902000 0.146667 0.894000 0.146667 0.770000 0.144667 0.726000 0.148000 0.702000 0.148667 0.644000 0.146000 0.542000 0.145333 0.354000 0.144000 0.306000 0.140667 0.258000 0.140000 0.206000
4 0.300667 0.122000 0.298667 0.126000 0.297333 0.164000 0.294667 0.172000 0.282000 0.188000 0.277333 0.206000 0.277333 0.248000 0.279333 0.270000 0.278000 0.282000 0.278000 0.326000 0.300000 0.328000 0.303333 0.334000 0.306667 0.372000 0.321333 0.426000 0.323333 0.466000 0.322000 0.470000 0.322667 0.502000 0.324667 0.508000 0.358667 0.510000 0.366000 0.520000 0.366667 0.568000 0.372000 0.584000 0.374667 0.600000 0.376000 0.630000 0.376000 0.768000 0.377333 0.780000 0.381333 0.780000 0.385333 0.768000 0.386667 0.210000 0.385333 0.192000 0.381333 0.178000 0.367333 0.148000 0.366667 0.116000 0.364000 0.110000 0.312000 0.116000
4 0.547333 0.248000 0.543333 0.262000 0.544000 0.284000 0.542667 0.306000 0.532667 0.368000 0.532667 0.432000 0.534667 0.472000 0.533333 0.504000 0.538000 0.674000 0.538667 0.824000 0.542000 0.838000 0.546000 0.842000 0.550000 0.812000 0.550667 0.798000 0.549333 0.788000 0.552667 0.748000 0.551333 0.728000 0.554000 0.694000 0.556000 0.612000 0.559333 0.602000 0.564667 0.598000 0.607333 0.596000 0.611333 0.602000 0.615333 0.616000 0.615333 0.646000 0.617333 0.678000 0.617333 0.854000 0.618667 0.858000 0.624667 0.858000 0.627333 0.854000 0.628667 0.842000 0.633333 0.636000 0.636667 0.578000 0.636667 0.536000 0.640667 0.420000 0.640000 0.380000 0.629333 0.316000 0.628667 0.256000 0.625333 0.248000
4 0.452667 0.322000 0.422667 0.320000 0.408000 0.326000 0.404667 0.352000 0.405333 0.366000 0.402667 0.378000 0.402667 0.388000 0.404667 0.394000 0.403333 0.406000 0.403333 0.422000 0.404667 0.426000 0.402667 0.442000 0.404000 0.456000 0.402000 0.532000 0.402000 0.728000 0.405333 0.810000 0.404000 0.814000 0.404667 0.856000 0.407333 0.874000 0.409333 0.874000 0.410667 0.868000 0.409333 0.826000 0.412667 0.756000 0.412667 0.736000 0.411333 0.732000 0.412667 0.694000 0.416667 0.686000 0.461333 0.684000 0.463333 0.676000 0.462667 0.502000 0.464000 0.450000 0.462000 0.408000 0.462667 0.388000 0.461333 0.378000 0.462667 0.372000 0.460667 0.332000
4 0.469333 0.016000 0.447333 0.008000 0.414000 0.008000 0.400667 0.014000 0.397333 0.030000 0.394667 0.568000 0.393333 0.578000 0.393333 0.630000 0.392000 0.634000 0.391333 0.718000 0.392000 0.730000 0.395333 0.736000 0.398667 0.736000 0.402000 0.730000 0.402000 0.708000 0.403333 0.700000 0.402667 0.644000 0.404000 0.626000 0.402667 0.612000 0.404000 0.608000 0.404000 0.594000 0.402000 0.584000 0.404000 0.576000 0.404000 0.564000 0.402000 0.560000 0.404000 0.546000 0.404000 0.532000 0.402667 0.528000 0.404000 0.470000 0.402667 0.458000 0.404000 0.452000 0.403333 0.426000 0.404667 0.422000 0.404667 0.406000 0.403333 0.404000 0.404667 0.390000 0.404667 0.338000 0.407333 0.328000 0.417333 0.322000 0.439333 0.320000 0.451333 0.322000 0.458000 0.328000 0.460000 0.334000 0.461333 0.348000 0.463333 0.484000 0.462000 0.666000 0.464000 0.678000 0.468000 0.680000 0.470667 0.678000 0.474000 0.664000 0.474667 0.644000 0.473333 0.628000 0.474667 0.624000 0.474667 0.610000 0.473333 0.604000 0.474667 0.594000 0.474000 0.540000 0.475333 0.530000 0.475333 0.400000 0.478000 0.296000 0.479333 0.156000 0.477333 0.122000 0.476667 0.030000 0.474667 0.022000
4 0.484000 0.688000 0.416000 0.688000 0.412667 0.696000 0.412000 0.792000 0.410667 0.802000 0.412000 0.856000 0.409333 0.876000 0.410667 0.888000 0.410667 0.962000 0.412000 0.972000 0.415333 0.976000 0.484000 0.974000 0.487333 0.968000 0.488667 0.846000 0.485333 0.760000 0.486667 0.716000 0.486000 0.698000
4 0.298667 0.516000 0.295333 0.534000 0.296000 0.558000 0.294667 0.570000 0.289333 0.590000 0.286000 0.630000 0.287333 0.682000 0.287333 0.922000 0.288667 0.932000 0.300000 0.964000 0.306667 0.970000 0.374000 0.958000 0.376000 0.952000 0.375333 0.636000 0.373333 0.606000 0.366000 0.566000 0.365333 0.520000 0.359333 0.512000 0.315333 0.512000
4 0.300000 0.330000 0.266667 0.336000 0.260667 0.344000 0.260000 0.372000 0.258000 0.386000 0.252000 0.398000 0.242667 0.432000 0.243333 0.876000 0.247333 0.884000 0.275333 0.900000 0.282000 0.900000 0.284667 0.894000 0.286667 0.858000 0.285333 0.816000 0.285333 0.616000 0.294667 0.562000 0.296000 0.522000 0.300667 0.514000 0.320000 0.510000 0.321333 0.506000 0.320667 0.430000 0.304667 0.366000 0.302667 0.336000
