0 0.251634 0.166667 0.248366 0.174020 0.248366 0.218137 0.271242 0.225490 0.287582 0.240196 0.297386 0.193627 0.295752 0.169118 0.284314 0.161765 0.258170 0.161765
0 0.053922 0.227941 0.045752 0.223039 0.016340 0.223039 0.000000 0.232843 0.000000 0.375000 0.004902 0.375000 0.019608 0.348039 0.022876 0.284314 0.031046 0.274510 0.057190 0.264706 0.058824 0.247549
0 0.073529 0.154412 0.050654 0.156863 0.035948 0.171569 0.035948 0.218137 0.055556 0.232843 0.060458 0.264706 0.066993 0.264706 0.071895 0.247549 0.073529 0.203431 0.088235 0.188725 0.086601 0.161765
0 0.050654 0.129902 0.024510 0.127451 0.008170 0.142157 0.008170 0.178922 0.019608 0.215686 0.026144 0.218137 0.031046 0.213235 0.035948 0.171569 0.042484 0.161765 0.055556 0.154412 0.057190 0.144608
0 0.078431 0.105392 0.073529 0.112745 0.076797 0.149510 0.088235 0.166667 0.089869 0.181373 0.101307 0.186275 0.107843 0.144608 0.119281 0.129902 0.119281 0.112745 0.109477 0.102941
0 0.120915 0.129902 0.107843 0.144608 0.107843 0.181373 0.120915 0.191176 0.130719 0.208333 0.130719 0.215686 0.137255 0.215686 0.142157 0.198529 0.142157 0.176471 0.155229 0.161765 0.155229 0.139706 0.147059 0.129902
0 0.150327 0.164216 0.142157 0.174020 0.143791 0.220588 0.161765 0.227941 0.174837 0.247549 0.181373 0.230392 0.181373 0.208333 0.192810 0.191176 0.192810 0.176471 0.184641 0.161765 0.165033 0.159314
0 0.302288 0.196078 0.295752 0.203431 0.294118 0.262255 0.320261 0.272059 0.328431 0.284314 0.328431 0.296569 0.333333 0.306373 0.343137 0.274510 0.346405 0.203431 0.330065 0.193627
0 0.210784 0.137255 0.204248 0.149510 0.205882 0.186275 0.228758 0.196078 0.236928 0.215686 0.241830 0.218137 0.251634 0.161765 0.250000 0.139706 0.233660 0.132353
0 0.406863 0.198529 0.400327 0.213235 0.403595 0.267157 0.449346 0.269608 0.452614 0.237745 0.450980 0.205882 0.437908 0.196078
0 0.506536 0.203431 0.504902 0.227941 0.511438 0.252451 0.509804 0.269608 0.513072 0.289216 0.532680 0.272059 0.558824 0.269608 0.555556 0.252451 0.555556 0.208333 0.542484 0.196078 0.514706 0.196078
0 0.821895 0.208333 0.816993 0.223039 0.818627 0.240196 0.836601 0.250000 0.843137 0.259804 0.841503 0.303922 0.848039 0.323529 0.864379 0.323529 0.870915 0.284314 0.866013 0.259804 0.869281 0.240196 0.867647 0.215686 0.839869 0.203431
0 0.846405 0.178922 0.843137 0.183824 0.843137 0.203431 0.861111 0.210784 0.869281 0.223039 0.867647 0.264706 0.872549 0.276961 0.887255 0.279412 0.893791 0.250000 0.890523 0.186275 0.874183 0.176471
0 0.931373 0.208333 0.923203 0.220588 0.923203 0.240196 0.950980 0.262255 0.950980 0.311275 0.959150 0.328431 0.968954 0.325980 0.977124 0.311275 0.978758 0.279412 0.973856 0.262255 0.977124 0.223039 0.962418 0.210784
0 0.870915 0.149510 0.866013 0.171569 0.892157 0.191176 0.890523 0.225490 0.895425 0.242647 0.901961 0.245098 0.918301 0.237745 0.918301 0.225490 0.908497 0.193627 0.911765 0.178922 0.910131 0.156863 0.890523 0.147059
0 0.725490 0.203431 0.718954 0.208333 0.717320 0.235294 0.733660 0.254902 0.733660 0.313725 0.750000 0.318627 0.753268 0.316176 0.754902 0.294118 0.763072 0.276961 0.767974 0.218137 0.763072 0.210784 0.746732 0.203431
0 0.750000 0.171569 0.743464 0.178922 0.741830 0.198529 0.766340 0.218137 0.764706 0.269608 0.766340 0.276961 0.779412 0.276961 0.784314 0.272059 0.785948 0.254902 0.795752 0.237745 0.792484 0.230392 0.790850 0.183824 0.772876 0.171569
0 0.777778 0.149510 0.774510 0.154412 0.774510 0.171569 0.790850 0.183824 0.795752 0.232843 0.812092 0.235294 0.820261 0.205882 0.820261 0.159314 0.810458 0.149510 0.795752 0.144608
0 0.651961 0.171569 0.647059 0.178922 0.645425 0.193627 0.663399 0.223039 0.661765 0.272059 0.674837 0.274510 0.678105 0.245098 0.696078 0.225490 0.694444 0.181373 0.674837 0.169118
0 0.349673 0.171569 0.349673 0.227941 0.397059 0.230392 0.398693 0.183824 0.395425 0.169118 0.390523 0.164216 0.361111 0.161765
0 0.450980 0.174020 0.449346 0.196078 0.454248 0.215686 0.454248 0.237745 0.498366 0.230392 0.498366 0.181373 0.493464 0.171569 0.485294 0.166667 0.460784 0.166667
0 0.588235 0.169118 0.557190 0.169118 0.549020 0.176471 0.549020 0.193627 0.557190 0.213235 0.555556 0.237745 0.560458 0.257353 0.565359 0.257353 0.575163 0.235294 0.601307 0.227941 0.596405 0.183824
0 0.624183 0.142157 0.594771 0.142157 0.588235 0.156863 0.598039 0.188725 0.598039 0.203431 0.606209 0.223039 0.616013 0.203431 0.635621 0.196078 0.632353 0.149510
0 0.687908 0.142157 0.681373 0.151961 0.681373 0.169118 0.694444 0.181373 0.699346 0.225490 0.709150 0.232843 0.717320 0.210784 0.728758 0.198529 0.725490 0.149510 0.707516 0.139706
0 0.093137 0.316176 0.080065 0.318627 0.063725 0.330882 0.063725 0.365196 0.066993 0.377451 0.047386 0.426471 0.040850 0.465686 0.050654 0.620098 0.052288 0.710784 0.060458 0.799020 0.062092 0.921569 0.070261 0.950980 0.084967 0.968137 0.129085 0.973039 0.145425 0.968137 0.166667 0.950980 0.179739 0.921569 0.163399 0.453431 0.153595 0.424020 0.127451 0.377451 0.125817 0.328431 0.114379 0.318627
0 0.214052 0.316176 0.197712 0.323529 0.192810 0.333333 0.194444 0.387255 0.174837 0.433824 0.168301 0.470588 0.183007 0.835784 0.183007 0.906863 0.187908 0.936275 0.199346 0.955882 0.217320 0.968137 0.241830 0.970588 0.259804 0.968137 0.282680 0.955882 0.294118 0.941176 0.299020 0.926471 0.295752 0.784314 0.297386 0.651961 0.289216 0.455882 0.282680 0.431373 0.258170 0.384804 0.254902 0.367647 0.256536 0.335784 0.253268 0.325980 0.238562 0.316176
0 0.336601 0.316176 0.328431 0.328431 0.330065 0.377451 0.312092 0.414216 0.297386 0.470588 0.302288 0.617647 0.303922 0.916667 0.310458 0.936275 0.321895 0.953431 0.348039 0.965686 0.367647 0.965686 0.398693 0.953431 0.410131 0.938725 0.419935 0.909314 0.421569 0.519608 0.418301 0.455882 0.413399 0.431373 0.388889 0.375000 0.390523 0.325980 0.370915 0.313725
0 0.477124 0.318627 0.464052 0.328431 0.459150 0.392157 0.436275 0.433824 0.424837 0.473039 0.429739 0.598039 0.429739 0.742647 0.426471 0.762255 0.428105 0.909314 0.436275 0.936275 0.446078 0.948529 0.485294 0.963235 0.521242 0.953431 0.532680 0.938725 0.540850 0.904412 0.539216 0.799020 0.544118 0.715686 0.542484 0.580882 0.547386 0.448529 0.539216 0.419118 0.521242 0.379902 0.524510 0.333333 0.517974 0.321078
0 0.627451 0.321078 0.598039 0.323529 0.588235 0.333333 0.586601 0.384804 0.563725 0.428922 0.555556 0.465686 0.544118 0.914216 0.547386 0.928922 0.557190 0.943627 0.575163 0.955882 0.604575 0.963235 0.638889 0.950980 0.648693 0.936275 0.655229 0.914216 0.653595 0.877451 0.660131 0.686275 0.655229 0.659314 0.658497 0.654412 0.656863 0.612745 0.660131 0.563725 0.666667 0.522059 0.666667 0.443627 0.647059 0.387255 0.648693 0.338235 0.643791 0.328431
0 0.754902 0.323529 0.728758 0.323529 0.718954 0.330882 0.715686 0.340686 0.715686 0.377451 0.709150 0.397059 0.687908 0.431373 0.678105 0.480392 0.671569 0.605392 0.673203 0.666667 0.665033 0.740196 0.658497 0.904412 0.663399 0.926471 0.673203 0.941176 0.687908 0.953431 0.710784 0.960784 0.736928 0.958333 0.751634 0.950980 0.766340 0.928922 0.774510 0.752451 0.779412 0.710784 0.779412 0.651961 0.787582 0.549020 0.795752 0.509804 0.795752 0.485294 0.787582 0.433824 0.774510 0.392157 0.777778 0.345588 0.769608 0.330882
0 0.870915 0.328431 0.851307 0.328431 0.838235 0.340686 0.836601 0.382353 0.812092 0.433824 0.807190 0.460784 0.810458 0.473039 0.795752 0.558824 0.794118 0.634804 0.785948 0.664216 0.789216 0.674020 0.787582 0.742647 0.784314 0.750000 0.784314 0.784314 0.774510 0.852941 0.771242 0.906863 0.777778 0.933824 0.785948 0.946078 0.821895 0.968137 0.846405 0.968137 0.864379 0.960784 0.877451 0.946078 0.882353 0.931373 0.882353 0.852941 0.893791 0.735294 0.897059 0.634804 0.913399 0.529412 0.913399 0.465686 0.905229 0.421569 0.895425 0.392157 0.898693 0.350490 0.892157 0.338235
0 0.988562 0.328431 0.973856 0.328431 0.960784 0.338235 0.957516 0.355392 0.959150 0.377451 0.937908 0.419118 0.924837 0.465686 0.905229 0.642157 0.901961 0.745098 0.888889 0.845588 0.888889 0.928922 0.908497 0.948529 0.939542 0.960784 0.967320 0.958333 0.980392 0.948529 0.991830 0.926471 0.993464 0.901961 1.000000 0.877451 1.000000 0.333333
0 0.075163 0.272059 0.047386 0.269608 0.031046 0.274510 0.022876 0.284314 0.022876 0.340686 0.008170 0.377451 0.008170 0.392157 0.031046 0.436275 0.039216 0.436275 0.062092 0.392157 0.063725 0.330882 0.084967 0.311275 0.083333 0.284314
0 0.192810 0.272059 0.169935 0.269608 0.155229 0.274510 0.145425 0.286765 0.147059 0.328431 0.133987 0.370098 0.133987 0.382353 0.161765 0.438725 0.169935 0.438725 0.192810 0.382353 0.191176 0.335784 0.205882 0.311275 0.204248 0.281863
0 0.289216 0.267157 0.269608 0.281863 0.269608 0.335784 0.261438 0.352941 0.259804 0.375000 0.266340 0.397059 0.285948 0.426471 0.290850 0.443627 0.297386 0.446078 0.328431 0.372549 0.326797 0.279412 0.320261 0.272059
0 0.413399 0.269608 0.400327 0.276961 0.397059 0.284314 0.397059 0.330882 0.392157 0.355392 0.392157 0.379902 0.419935 0.443627 0.426471 0.446078 0.450980 0.401961 0.459150 0.375000 0.459150 0.350490 0.454248 0.328431 0.454248 0.281863 0.442810 0.272059
0 0.535948 0.272059 0.522876 0.279412 0.519608 0.289216 0.519608 0.311275 0.527778 0.333333 0.526144 0.377451 0.531046 0.397059 0.544118 0.416667 0.547386 0.428922 0.555556 0.431373 0.581699 0.382353 0.583333 0.367647 0.576797 0.330882 0.578431 0.289216 0.566993 0.274510
0 0.650327 0.279412 0.642157 0.291667 0.642157 0.318627 0.650327 0.340686 0.650327 0.389706 0.665033 0.421569 0.674837 0.431373 0.683007 0.399510 0.697712 0.375000 0.700980 0.360294 0.700980 0.299020 0.694444 0.284314 0.684641 0.279412
0 0.767974 0.279412 0.758170 0.289216 0.756536 0.316176 0.758170 0.323529 0.776144 0.338235 0.776144 0.389706 0.779412 0.406863 0.790850 0.436275 0.800654 0.446078 0.821895 0.397059 0.821895 0.370098 0.812092 0.338235 0.815359 0.299020 0.810458 0.289216 0.797386 0.281863
0 0.874183 0.286765 0.869281 0.299020 0.869281 0.323529 0.898693 0.345588 0.898693 0.397059 0.906863 0.416667 0.908497 0.431373 0.915033 0.438725 0.923203 0.436275 0.937908 0.399510 0.924837 0.345588 0.928105 0.299020 0.901961 0.284314
0 0.156863 0.225490 0.130719 0.225490 0.117647 0.232843 0.114379 0.240196 0.116013 0.281863 0.107843 0.311275 0.125817 0.323529 0.133987 0.352941 0.142157 0.343137 0.145425 0.286765 0.151961 0.276961 0.169935 0.269608 0.171569 0.264706 0.169935 0.235294
0 0.112745 0.188725 0.084967 0.191176 0.073529 0.203431 0.073529 0.264706 0.084967 0.284314 0.088235 0.311275 0.101307 0.311275 0.107843 0.301471 0.112745 0.284314 0.111111 0.247549 0.127451 0.223039 0.125817 0.196078
0 0.241830 0.225490 0.233660 0.230392 0.228758 0.242647 0.230392 0.284314 0.220588 0.311275 0.246732 0.318627 0.261438 0.333333 0.264706 0.328431 0.267974 0.284314 0.282680 0.267157 0.282680 0.237745 0.274510 0.227941
0 0.192810 0.193627 0.183007 0.203431 0.183007 0.235294 0.178105 0.262255 0.199346 0.274510 0.205882 0.286765 0.209150 0.308824 0.215686 0.308824 0.227124 0.284314 0.227124 0.242647 0.235294 0.225490 0.235294 0.205882 0.230392 0.196078 0.220588 0.191176
0 0.349673 0.232843 0.344771 0.242647 0.344771 0.279412 0.338235 0.311275 0.366013 0.311275 0.393791 0.321078 0.400327 0.250000 0.398693 0.237745 0.390523 0.230392 0.375817 0.227941
0 0.455882 0.240196 0.457516 0.325980 0.480392 0.316176 0.514706 0.316176 0.508170 0.289216 0.508170 0.245098 0.503268 0.235294 0.465686 0.232843
0 0.609477 0.235294 0.576797 0.235294 0.566993 0.250000 0.566993 0.269608 0.578431 0.286765 0.583333 0.338235 0.593137 0.323529 0.622549 0.316176 0.619281 0.284314 0.622549 0.252451
0 0.616013 0.203431 0.611111 0.210784 0.611111 0.235294 0.624183 0.252451 0.625817 0.296569 0.630719 0.303922 0.637255 0.303922 0.638889 0.289216 0.655229 0.267157 0.661765 0.240196 0.661765 0.215686 0.645425 0.200980
0 0.687908 0.235294 0.676471 0.252451 0.676471 0.272059 0.699346 0.291667 0.702614 0.343137 0.709150 0.350490 0.717320 0.330882 0.732026 0.316176 0.728758 0.299020 0.732026 0.252451 0.714052 0.235294
0 0.797386 0.242647 0.787582 0.254902 0.787582 0.276961 0.808824 0.289216 0.816993 0.301471 0.813725 0.340686 0.823529 0.365196 0.831699 0.367647 0.836601 0.340686 0.843137 0.330882 0.839869 0.303922 0.843137 0.259804 0.839869 0.252451 0.821895 0.242647
0 0.897059 0.250000 0.893791 0.279412 0.919935 0.291667 0.928105 0.301471 0.928105 0.357843 0.939542 0.384804 0.947712 0.382353 0.954248 0.348039 0.954248 0.325980 0.946078 0.299020 0.949346 0.259804 0.926471 0.245098 0.905229 0.245098
