2 0.000000 0.512000 0.000000 0.778667 0.010000 0.800000 0.081667 0.754667 0.151667 0.733333 0.203333 0.733333 0.246667 0.749333 0.298333 0.800000 0.303333 0.800000 0.303333 0.658667 0.298333 0.576000 0.290000 0.546667 0.268333 0.509333 0.258333 0.466667 0.241667 0.448000 0.220000 0.434667 0.190000 0.426667 0.123333 0.429333 0.096667 0.437333 0.040000 0.469333
2 0.496667 0.320000 0.480000 0.304000 0.451667 0.290667 0.383333 0.285333 0.328333 0.301333 0.310000 0.314667 0.290000 0.341333 0.283333 0.362667 0.285000 0.381333 0.266667 0.437333 0.266667 0.466667 0.271667 0.498667 0.296667 0.552000 0.305000 0.589333 0.310000 0.637333 0.318333 0.634667 0.326667 0.621333 0.330000 0.589333 0.343333 0.554667 0.365000 0.525333 0.386667 0.506667 0.443333 0.482667 0.523333 0.477333 0.528333 0.437333 0.526667 0.416000 0.506667 0.370667 0.506667 0.344000
2 0.000000 0.818667 0.000000 1.000000 0.351667 1.000000 0.356667 0.994667 0.355000 0.962667 0.346667 0.920000 0.326667 0.874667 0.311667 0.853333 0.296667 0.808000 0.280000 0.781333 0.241667 0.749333 0.201667 0.736000 0.121667 0.741333 0.053333 0.773333
2 0.601667 0.538667 0.581667 0.517333 0.546667 0.493333 0.513333 0.482667 0.461667 0.482667 0.415000 0.493333 0.385000 0.509333 0.360000 0.533333 0.341667 0.562667 0.335000 0.581333 0.330000 0.624000 0.311667 0.674667 0.311667 0.778667 0.316667 0.842667 0.350000 0.917333 0.366667 0.997333 0.411667 1.000000 0.451667 0.930667 0.471667 0.906667 0.510000 0.877333 0.566667 0.856000 0.626667 0.856000 0.631667 0.850667 0.640000 0.802667 0.646667 0.690667 0.641667 0.661333 0.623333 0.616000 0.621667 0.589333 0.615000 0.562667
2 0.795000 0.362667 0.748333 0.338667 0.711667 0.330667 0.655000 0.336000 0.633333 0.344000 0.603333 0.368000 0.595000 0.381333 0.591667 0.416000 0.570000 0.461333 0.566667 0.480000 0.568333 0.504000 0.600000 0.533333 0.615000 0.560000 0.625000 0.592000 0.626667 0.616000 0.636667 0.634667 0.648333 0.677333 0.651667 0.714667 0.646667 0.845333 0.656667 0.858667 0.663333 0.850667 0.665000 0.792000 0.671667 0.744000 0.703333 0.685333 0.713333 0.653333 0.730000 0.621333 0.748333 0.602667 0.778333 0.586667 0.815000 0.576000 0.838333 0.576000 0.843333 0.570667 0.850000 0.520000 0.843333 0.482667 0.835000 0.461333 0.835000 0.418667 0.828333 0.400000 0.811667 0.376000
2 0.678333 0.744000 0.671667 0.789333 0.673333 0.872000 0.740000 0.922667 0.775000 0.968000 0.793333 1.000000 1.000000 1.000000 1.000000 0.661333 0.958333 0.624000 0.913333 0.597333 0.858333 0.581333 0.811667 0.581333 0.778333 0.589333 0.735000 0.618667 0.720000 0.642667 0.708333 0.688000 0.691667 0.712000
2 0.265000 0.357333 0.258333 0.336000 0.240000 0.306667 0.235000 0.277333 0.218333 0.258667 0.181667 0.248000 0.118333 0.250667 0.071667 0.266667 0.031667 0.298667 0.020000 0.325333 0.021667 0.352000 0.008333 0.413333 0.020000 0.477333 0.030000 0.477333 0.093333 0.437333 0.145000 0.424000 0.210000 0.429333 0.233333 0.440000 0.258333 0.461333 0.261667 0.456000 0.266667 0.405333
2 0.451667 0.186667 0.443333 0.173333 0.423333 0.160000 0.383333 0.152000 0.326667 0.157333 0.283333 0.181333 0.273333 0.200000 0.271667 0.229333 0.258333 0.272000 0.260000 0.312000 0.270000 0.357333 0.280000 0.365333 0.280000 0.354667 0.290000 0.333333 0.325000 0.301333 0.376667 0.282667 0.431667 0.282667 0.466667 0.290667 0.470000 0.274667 0.468333 0.248000 0.453333 0.213333
2 0.686667 0.213333 0.640000 0.186667 0.566667 0.184000 0.526667 0.200000 0.508333 0.218667 0.506667 0.245333 0.493333 0.274667 0.486667 0.304000 0.506667 0.333333 0.513333 0.354667 0.513333 0.370667 0.530000 0.410667 0.531667 0.477333 0.535000 0.482667 0.560000 0.488000 0.563333 0.482667 0.571667 0.445333 0.586667 0.416000 0.588333 0.394667 0.611667 0.357333 0.645000 0.336000 0.706667 0.328000 0.710000 0.322667 0.708333 0.298667 0.696667 0.261333 0.698333 0.245333 0.695000 0.226667
2 0.760000 0.328000 0.765000 0.344000 0.791667 0.357333 0.823333 0.389333 0.841667 0.426667 0.853333 0.432000 0.848333 0.440000 0.856667 0.429333 0.865000 0.440000 0.913333 0.437333 0.958333 0.400000 1.000000 0.394667 1.000000 0.288000 0.975000 0.250667 0.951667 0.234667 0.916667 0.221333 0.856667 0.213333 0.798333 0.232000 0.783333 0.258667 0.781667 0.277333 0.766667 0.304000
2 0.658333 0.189333 0.685000 0.208000 0.696667 0.226667 0.703333 0.250667 0.720000 0.264000 0.741667 0.269333 0.780000 0.264000 0.796667 0.232000 0.845000 0.210667 0.840000 0.178667 0.841667 0.152000 0.830000 0.130667 0.810000 0.117333 0.763333 0.104000 0.690000 0.114667 0.673333 0.130667
2 0.046667 0.242667 0.051667 0.272000 0.133333 0.245333 0.181667 0.245333 0.211667 0.253333 0.241667 0.269333 0.245000 0.258667 0.250000 0.258667 0.256667 0.224000 0.250000 0.194667 0.236667 0.173333 0.233333 0.149333 0.225000 0.136000 0.195000 0.122667 0.146667 0.122667 0.098333 0.136000 0.065000 0.157333 0.056667 0.173333 0.056667 0.202667
2 0.450000 0.165333 0.461667 0.210667 0.496667 0.229333 0.520000 0.202667 0.541667 0.189333 0.583333 0.178667 0.623333 0.181333 0.626667 0.176000 0.616667 0.138667 0.615000 0.109333 0.598333 0.090667 0.570000 0.080000 0.511667 0.080000 0.471667 0.093333 0.460000 0.112000
2 0.796667 0.101333 0.798333 0.109333 0.831667 0.130667 0.843333 0.154667 0.841667 0.176000 0.848333 0.202667 0.860000 0.210667 0.901667 0.210667 0.920000 0.181333 0.931667 0.149333 0.961667 0.133333 0.953333 0.074667 0.936667 0.058667 0.906667 0.045333 0.846667 0.042667 0.820000 0.050667 0.808333 0.064000
2 0.248333 0.170667 0.251667 0.184000 0.265000 0.197333 0.295000 0.170667 0.321667 0.157333 0.343333 0.152000 0.425000 0.157333 0.425000 0.141333 0.413333 0.112000 0.410000 0.082667 0.396667 0.069333 0.371667 0.061333 0.315000 0.061333 0.281667 0.072000 0.260000 0.093333 0.258333 0.117333 0.248333 0.149333
2 0.236667 0.112000 0.220000 0.072000 0.218333 0.058667 0.206667 0.045333 0.175000 0.037333 0.131667 0.040000 0.101667 0.048000 0.076667 0.064000 0.070000 0.077333 0.070000 0.093333 0.061667 0.125333 0.063333 0.154667 0.068333 0.154667 0.088333 0.138667 0.153333 0.120000 0.200000 0.122667 0.236667 0.138667
2 0.411667 0.080000 0.425000 0.122667 0.453333 0.125333 0.465000 0.098667 0.478333 0.088000 0.510000 0.077333 0.555000 0.074667 0.553333 0.037333 0.545000 0.018667 0.523333 0.010667 0.443333 0.010667 0.430000 0.016000 0.416667 0.032000
2 0.596667 0.077333 0.616667 0.109333 0.618333 0.130667 0.625000 0.152000 0.641667 0.157333 0.643333 0.162667 0.663333 0.157333 0.673333 0.130667 0.691667 0.112000 0.736667 0.104000 0.745000 0.096000 0.743333 0.056000 0.738333 0.045333 0.720000 0.032000 0.698333 0.026667 0.620000 0.032000 0.601667 0.048000
2 0.000000 0.013333 0.000000 0.096000 0.011667 0.098667 0.028333 0.112000 0.033333 0.122667 0.060000 0.120000 0.068333 0.096000 0.070000 0.069333 0.058333 0.032000 0.040000 0.016000
2 0.000000 0.098667 0.000000 0.216000 0.008333 0.221333 0.015000 0.248000 0.035000 0.277333 0.043333 0.277333 0.043333 0.250667 0.051667 0.208000 0.050000 0.170667 0.026667 0.130667 0.020000 0.106667
