0 0.905751 0.766773 0.883387 0.766773 0.876997 0.773163 0.872204 0.800319 0.857827 0.817891 0.876997 0.840256 0.883387 0.875399 0.894569 0.875399 0.902556 0.869010 0.928115 0.862620 0.936102 0.845048 0.936102 0.830671 0.920128 0.814696 0.921725 0.781150 0.913738 0.769968
0 0.939297 0.191693 0.929712 0.199681 0.928115 0.214058 0.921725 0.220447 0.908946 0.225240 0.902556 0.233227 0.905751 0.285942 0.915335 0.301917 0.937700 0.308307 0.944089 0.314696 0.945687 0.325879 0.955272 0.327476 0.960064 0.305112 0.974441 0.276358 0.976038 0.250799 0.963259 0.228435 0.963259 0.196486 0.960064 0.193291
0 0.014377 0.004792 0.006390 0.017572 0.009585 0.043131 0.000000 0.065495 0.000000 0.091054 0.006390 0.103834 0.012780 0.135783 0.017572 0.140575 0.036741 0.143770 0.075080 0.140575 0.086262 0.126198 0.075080 0.062300 0.049521 0.036741 0.043131 0.012780 0.038339 0.006390 0.030351 0.003195
0 0.148562 0.003195 0.142173 0.007987 0.142173 0.036741 0.130990 0.060703 0.140575 0.130990 0.151757 0.145367 0.170927 0.148562 0.190096 0.146965 0.201278 0.137380 0.193291 0.062300 0.180511 0.036741 0.175719 0.006390 0.172524 0.003195
0 0.207668 0.000000 0.202875 0.006390 0.204473 0.036741 0.194888 0.060703 0.204473 0.138978 0.207668 0.143770 0.217252 0.146965 0.263578 0.143770 0.271565 0.132588 0.268371 0.065495 0.244409 0.033546 0.241214 0.015974 0.233227 0.000000
0 0.327476 0.003195 0.305112 0.003195 0.298722 0.007987 0.295527 0.038339 0.279553 0.062300 0.281150 0.124601 0.289137 0.146965 0.297125 0.140575 0.300319 0.113419 0.308307 0.103834 0.317891 0.100639 0.325879 0.102236 0.335463 0.110224 0.337061 0.124601 0.346645 0.140575 0.357827 0.138978 0.356230 0.059105 0.351438 0.047923 0.337061 0.033546 0.333866 0.014377
0 0.325879 0.102236 0.305112 0.105431 0.301917 0.113419 0.301917 0.135783 0.289137 0.154952 0.289137 0.193291 0.298722 0.242812 0.317891 0.230032 0.319489 0.209265 0.327476 0.196486 0.348243 0.193291 0.354633 0.201278 0.362620 0.201278 0.359425 0.153355 0.340256 0.134185 0.333866 0.108626
0 0.381789 0.000000 0.376997 0.007987 0.375399 0.035144 0.359425 0.060703 0.364217 0.134185 0.376997 0.148562 0.429712 0.142173 0.436102 0.134185 0.436102 0.067093 0.431310 0.051118 0.413738 0.028754 0.412141 0.014377 0.405751 0.000000
0 0.531949 0.102236 0.512780 0.102236 0.507987 0.105431 0.504792 0.132588 0.482428 0.156550 0.482428 0.199681 0.485623 0.234824 0.488818 0.238019 0.500000 0.233227 0.506390 0.214058 0.506390 0.194888 0.515974 0.186901 0.536741 0.188498 0.546326 0.207668 0.547923 0.225240 0.554313 0.222045 0.557508 0.166134 0.552716 0.150160 0.541534 0.132588 0.538339 0.108626
0 0.515974 0.000000 0.498403 0.004792 0.493610 0.011182 0.490415 0.028754 0.476038 0.047923 0.474441 0.062300 0.484026 0.146965 0.488818 0.146965 0.503195 0.134185 0.507987 0.107029 0.519169 0.100639 0.530351 0.102236 0.538339 0.110224 0.541534 0.130990 0.547923 0.132588 0.551118 0.126198 0.551118 0.052716 0.544728 0.036741 0.531949 0.020767 0.530351 0.007987
0 0.592652 0.000000 0.583067 0.000000 0.575080 0.006390 0.571885 0.031949 0.560703 0.046326 0.554313 0.062300 0.555911 0.108626 0.562300 0.138978 0.575080 0.151757 0.584665 0.151757 0.592652 0.138978 0.600639 0.103834 0.608626 0.089457 0.610224 0.068690 0.616613 0.055911 0.616613 0.047923 0.607029 0.030351 0.605431 0.011182 0.600639 0.003195
0 0.632588 0.000000 0.630990 0.023962 0.624601 0.031949 0.618211 0.051118 0.640575 0.060703 0.648562 0.102236 0.648562 0.138978 0.653355 0.143770 0.666134 0.146965 0.672524 0.142173 0.674121 0.127796 0.678914 0.121406 0.682109 0.054313 0.666134 0.027157 0.664537 0.000000
0 0.618211 0.057508 0.611821 0.067093 0.610224 0.087859 0.602236 0.107029 0.599042 0.130990 0.586262 0.161342 0.587859 0.190096 0.584665 0.198083 0.583067 0.234824 0.592652 0.236422 0.600639 0.233227 0.610224 0.210863 0.630990 0.207668 0.642173 0.220447 0.643770 0.246006 0.654952 0.260383 0.661342 0.225240 0.661342 0.202875 0.646965 0.169329 0.646965 0.110224 0.642173 0.063898 0.632588 0.057508
0 0.720447 0.009585 0.714058 0.015974 0.709265 0.043131 0.690096 0.068690 0.690096 0.130990 0.694888 0.137380 0.704473 0.140575 0.742812 0.143770 0.750799 0.138978 0.758786 0.071885 0.757188 0.063898 0.744409 0.047923 0.744409 0.015974 0.734824 0.009585
0 0.956869 0.000000 0.936102 0.001597 0.928115 0.036741 0.907348 0.070288 0.907348 0.148562 0.953674 0.150160 0.971246 0.143770 0.980831 0.083067 0.979233 0.068690 0.969649 0.054313 0.966454 0.038339 0.966454 0.009585
0 0.779553 0.118211 0.766773 0.119808 0.742812 0.177316 0.742812 0.241214 0.750799 0.241214 0.771565 0.225240 0.781150 0.199681 0.795527 0.191693 0.790735 0.127796 0.787540 0.121406
0 0.936102 0.308307 0.912141 0.306709 0.907348 0.313099 0.904153 0.329073 0.888179 0.341853 0.880192 0.354633 0.875399 0.373802 0.873802 0.415335 0.864217 0.479233 0.865815 0.495208 0.928115 0.496805 0.937700 0.490415 0.953674 0.413738 0.968051 0.373802 0.968051 0.353035 0.944089 0.330671 0.940895 0.313099
0 0.841853 0.292332 0.830671 0.297125 0.822684 0.330671 0.824281 0.348243 0.837061 0.370607 0.841853 0.402556 0.830671 0.490415 0.837061 0.496805 0.853035 0.496805 0.862620 0.490415 0.861022 0.477636 0.869010 0.437700 0.875399 0.343450 0.865815 0.298722
0 0.722045 0.316294 0.704473 0.314696 0.694888 0.321086 0.691693 0.341853 0.670927 0.357827 0.659744 0.380192 0.656550 0.400958 0.656550 0.484026 0.670927 0.498403 0.718850 0.498403 0.730032 0.485623 0.741214 0.389776 0.733227 0.354633 0.726837 0.348243 0.726837 0.327476
0 0.595847 0.325879 0.584665 0.327476 0.578275 0.332268 0.575080 0.361022 0.555911 0.392971 0.549521 0.476038 0.554313 0.496805 0.560703 0.501597 0.616613 0.501597 0.627796 0.490415 0.634185 0.400958 0.613419 0.362620 0.608626 0.332268
0 0.418530 0.306709 0.413738 0.313099 0.415335 0.345048 0.391374 0.365815 0.386581 0.376997 0.391374 0.488818 0.396166 0.498403 0.405751 0.504792 0.455272 0.504792 0.468051 0.496805 0.471246 0.484026 0.472843 0.383387 0.468051 0.365815 0.445687 0.345048 0.447284 0.311502 0.444089 0.308307 0.429712 0.309904 0.428115 0.306709
0 0.321086 0.309904 0.317891 0.343450 0.297125 0.364217 0.293930 0.372204 0.293930 0.412141 0.301917 0.496805 0.308307 0.506390 0.316294 0.507987 0.372204 0.506390 0.381789 0.498403 0.384984 0.487220 0.381789 0.372204 0.375399 0.359425 0.353035 0.341853 0.348243 0.314696 0.325879 0.314696
0 0.060703 0.281150 0.057508 0.287540 0.060703 0.309904 0.075080 0.321086 0.083067 0.341853 0.115016 0.369010 0.119808 0.369010 0.137380 0.346645 0.137380 0.322684 0.134185 0.314696 0.123003 0.305112 0.103834 0.297125 0.092652 0.279553 0.068690 0.277955
0 0.055911 0.311502 0.046326 0.322684 0.044728 0.348243 0.027157 0.370607 0.027157 0.389776 0.039936 0.436102 0.046326 0.493610 0.051118 0.504792 0.057508 0.509585 0.116613 0.509585 0.127796 0.498403 0.129393 0.476038 0.118211 0.432907 0.115016 0.375399 0.108626 0.362620 0.081470 0.341853 0.076677 0.322684 0.068690 0.314696
0 0.241214 0.309904 0.231629 0.316294 0.228435 0.349840 0.210863 0.367412 0.206070 0.383387 0.207668 0.410543 0.215655 0.439297 0.218850 0.490415 0.223642 0.501597 0.233227 0.507987 0.282748 0.506390 0.292332 0.498403 0.295527 0.490415 0.290735 0.372204 0.268371 0.348243 0.263578 0.317891 0.258786 0.313099
0 0.150160 0.313099 0.140575 0.321086 0.140575 0.348243 0.126198 0.364217 0.119808 0.378594 0.121406 0.405751 0.134185 0.458466 0.135783 0.490415 0.146965 0.507987 0.202875 0.507987 0.212460 0.500000 0.214058 0.493610 0.209265 0.434505 0.204473 0.416933 0.204473 0.367412 0.186901 0.348243 0.178914 0.319489 0.170927 0.313099
0 0.341853 0.675719 0.329073 0.685304 0.325879 0.699681 0.305112 0.715655 0.298722 0.728435 0.298722 0.763578 0.309904 0.797125 0.317891 0.838658 0.329073 0.821086 0.338658 0.817891 0.349840 0.819489 0.359425 0.829073 0.365815 0.849840 0.383387 0.864217 0.391374 0.888179 0.399361 0.894569 0.405751 0.894569 0.413738 0.889776 0.416933 0.880192 0.410543 0.824281 0.413738 0.760383 0.408946 0.728435 0.399361 0.710863 0.383387 0.699681 0.370607 0.675719 0.362620 0.672524
0 0.210863 0.849840 0.188498 0.875399 0.174121 0.884984 0.164537 0.900958 0.159744 0.923323 0.159744 0.945687 0.164537 0.968051 0.170927 0.982428 0.178914 0.984026 0.191693 0.969649 0.214058 0.966454 0.225240 0.972843 0.231629 0.984026 0.234824 1.000000 0.253994 1.000000 0.282748 0.966454 0.287540 0.952077 0.287540 0.905751 0.279553 0.883387 0.263578 0.867412 0.249201 0.861022 0.244409 0.853035 0.234824 0.848243
0 0.551118 0.627796 0.525559 0.630990 0.511182 0.640575 0.501597 0.662939 0.500000 0.682109 0.484026 0.702875 0.477636 0.717252 0.476038 0.747604 0.487220 0.784345 0.493610 0.853035 0.501597 0.869010 0.506390 0.869010 0.528754 0.848243 0.549521 0.845048 0.559105 0.848243 0.568690 0.846645 0.576677 0.835463 0.578275 0.817891 0.592652 0.765176 0.592652 0.720447 0.584665 0.698083 0.563898 0.674121 0.568690 0.664537 0.568690 0.648562
0 0.666134 0.634185 0.656550 0.634185 0.642173 0.640575 0.630990 0.682109 0.608626 0.704473 0.595847 0.723642 0.592652 0.827476 0.618211 0.843450 0.626198 0.843450 0.637380 0.830671 0.661342 0.817891 0.670927 0.792332 0.677316 0.784345 0.701278 0.779553 0.706070 0.771565 0.709265 0.750799 0.706070 0.712460 0.701278 0.702875 0.680511 0.683706 0.685304 0.664537 0.683706 0.648562 0.678914 0.640575
0 0.474441 0.651757 0.453674 0.653355 0.444089 0.659744 0.440895 0.683706 0.426518 0.696486 0.415335 0.718850 0.413738 0.741214 0.418530 0.758786 0.421725 0.827476 0.426518 0.854633 0.437700 0.837061 0.448882 0.829073 0.466454 0.829073 0.479233 0.838658 0.484026 0.838658 0.485623 0.789137 0.476038 0.747604 0.476038 0.723642 0.484026 0.702875 0.485623 0.683706 0.482428 0.662939
0 0.214058 0.659744 0.204473 0.674121 0.201278 0.699681 0.185304 0.712460 0.178914 0.723642 0.174121 0.747604 0.175719 0.774760 0.188498 0.814696 0.196486 0.851438 0.201278 0.853035 0.212460 0.827476 0.223642 0.821086 0.247604 0.821086 0.263578 0.833866 0.266773 0.864217 0.274760 0.873802 0.282748 0.876997 0.284345 0.883387 0.293930 0.883387 0.297125 0.870607 0.289137 0.803514 0.292332 0.750799 0.287540 0.715655 0.279553 0.704473 0.271565 0.702875 0.250799 0.685304 0.250799 0.675719 0.244409 0.669329 0.241214 0.658147
0 0.793930 0.654952 0.765176 0.654952 0.749201 0.682109 0.728435 0.693291 0.710863 0.717252 0.710863 0.781150 0.720447 0.800319 0.722045 0.817891 0.736422 0.829073 0.747604 0.827476 0.761981 0.819489 0.768371 0.800319 0.777955 0.789137 0.795527 0.787540 0.813099 0.792332 0.819489 0.779553 0.824281 0.755591 0.821086 0.718850 0.814696 0.701278 0.801917 0.683706 0.800319 0.664537
0 0.910543 0.634185 0.892971 0.632588 0.884984 0.637380 0.867412 0.661342 0.862620 0.682109 0.845048 0.693291 0.827476 0.714058 0.821086 0.813099 0.829073 0.827476 0.865815 0.808307 0.872204 0.795527 0.875399 0.776358 0.884984 0.766773 0.897764 0.765176 0.910543 0.768371 0.920128 0.776358 0.923323 0.784345 0.931310 0.779553 0.936102 0.769968 0.940895 0.749201 0.939297 0.717252 0.924920 0.699681 0.924920 0.693291 0.918530 0.685304 0.924920 0.653355 0.921725 0.642173
0 0.704473 0.782748 0.686901 0.781150 0.677316 0.784345 0.670927 0.793930 0.667732 0.816294 0.642173 0.829073 0.626198 0.848243 0.627796 0.872204 0.642173 0.899361 0.646965 0.916933 0.640575 0.980831 0.646965 0.990415 0.645367 0.995208 0.661342 0.996805 0.666134 0.990415 0.664537 0.916933 0.667732 0.904153 0.675719 0.891374 0.709265 0.870607 0.714058 0.854633 0.728435 0.841853 0.728435 0.837061 0.715655 0.822684 0.717252 0.808307 0.714058 0.793930
0 0.779553 0.789137 0.768371 0.801917 0.765176 0.819489 0.747604 0.829073 0.741214 0.838658 0.755591 0.853035 0.768371 0.886581 0.782748 0.902556 0.789137 0.904153 0.800319 0.889776 0.821086 0.873802 0.825879 0.862620 0.825879 0.846645 0.814696 0.830671 0.811502 0.797125 0.797125 0.789137
0 0.691693 0.234824 0.674121 0.236422 0.664537 0.249201 0.662939 0.279553 0.651757 0.314696 0.664537 0.351438 0.685304 0.337061 0.699681 0.316294 0.720447 0.313099 0.717252 0.298722 0.702875 0.279553 0.701278 0.242812
0 0.610224 0.276358 0.602236 0.281150 0.595847 0.306709 0.583067 0.313099 0.578275 0.327476 0.599042 0.325879 0.608626 0.332268 0.616613 0.365815 0.634185 0.392971 0.638978 0.408946 0.637380 0.424920 0.642173 0.426518 0.648562 0.420128 0.654952 0.394569 0.656550 0.337061 0.648562 0.321086 0.634185 0.306709 0.632588 0.284345 0.626198 0.277955
0 0.635783 0.210863 0.618211 0.209265 0.607029 0.215655 0.600639 0.247604 0.587859 0.257188 0.578275 0.274760 0.579872 0.311502 0.584665 0.311502 0.594249 0.303514 0.600639 0.284345 0.613419 0.276358 0.630990 0.281150 0.638978 0.289137 0.640575 0.305112 0.645367 0.306709 0.656550 0.284345 0.656550 0.261981 0.643770 0.244409 0.642173 0.222045
0 0.533546 0.186901 0.514377 0.186901 0.507987 0.190096 0.504792 0.225240 0.485623 0.250799 0.485623 0.329073 0.492013 0.329073 0.493610 0.322684 0.503195 0.313099 0.514377 0.309904 0.517572 0.290735 0.530351 0.276358 0.544728 0.274760 0.559105 0.284345 0.562300 0.281150 0.563898 0.247604 0.559105 0.236422 0.547923 0.226837 0.541534 0.214058 0.539936 0.193291
0 0.383387 0.313099 0.381789 0.341853 0.388179 0.364217 0.396166 0.362620 0.420128 0.338658 0.428115 0.338658 0.421725 0.337061 0.416933 0.330671 0.416933 0.313099 0.426518 0.316294 0.436102 0.313099 0.439297 0.316294 0.437700 0.327476 0.444089 0.330671 0.440895 0.335463 0.444089 0.345048 0.460064 0.357827 0.468051 0.357827 0.464856 0.322684 0.460064 0.311502 0.448882 0.301917 0.444089 0.285942 0.439297 0.282748 0.416933 0.282748 0.405751 0.301917 0.394569 0.303514
0 0.413738 0.188498 0.405751 0.196486 0.404153 0.222045 0.391374 0.234824 0.381789 0.255591 0.386581 0.298722 0.391374 0.305112 0.405751 0.301917 0.418530 0.282748 0.436102 0.281150 0.444089 0.285942 0.455272 0.308307 0.460064 0.308307 0.463259 0.273163 0.461661 0.242812 0.444089 0.222045 0.439297 0.190096 0.436102 0.186901
0 0.327476 0.194888 0.321086 0.201278 0.319489 0.231629 0.306709 0.239617 0.298722 0.250799 0.297125 0.289137 0.300319 0.305112 0.303514 0.308307 0.311502 0.303514 0.324281 0.277955 0.341853 0.276358 0.353035 0.284345 0.361022 0.309904 0.373802 0.314696 0.376997 0.311502 0.378594 0.274760 0.375399 0.246006 0.359425 0.228435 0.356230 0.198083 0.346645 0.191693
0 0.321086 0.277955 0.313099 0.301917 0.305112 0.305112 0.295527 0.319489 0.295527 0.357827 0.301917 0.359425 0.316294 0.346645 0.317891 0.324281 0.322684 0.316294 0.341853 0.317891 0.348243 0.324281 0.353035 0.343450 0.364217 0.353035 0.373802 0.356230 0.376997 0.343450 0.375399 0.322684 0.369010 0.311502 0.356230 0.301917 0.351438 0.281150 0.343450 0.276358
0 0.000000 0.190096 0.000000 0.297125 0.043131 0.314696 0.051118 0.305112 0.046326 0.260383 0.025559 0.238019 0.014377 0.196486 0.006390 0.190096
0 0.068690 0.153355 0.065495 0.158147 0.065495 0.185304 0.059105 0.191693 0.054313 0.204473 0.055911 0.234824 0.065495 0.234824 0.068690 0.218850 0.075080 0.212460 0.091054 0.210863 0.100639 0.217252 0.111821 0.238019 0.132588 0.246006 0.135783 0.230032 0.129393 0.202875 0.124601 0.193291 0.105431 0.177316 0.100639 0.154952 0.095847 0.150160
0 0.073482 0.212460 0.068690 0.217252 0.063898 0.242812 0.051118 0.255591 0.051118 0.276358 0.054313 0.284345 0.057508 0.285942 0.070288 0.277955 0.086262 0.277955 0.103834 0.295527 0.130990 0.308307 0.134185 0.305112 0.134185 0.261981 0.130990 0.250799 0.108626 0.236422 0.099042 0.214058 0.092652 0.210863
0 0.236422 0.198083 0.230032 0.204473 0.230032 0.234824 0.220447 0.244409 0.217252 0.257188 0.217252 0.281150 0.223642 0.298722 0.228435 0.284345 0.244409 0.276358 0.255591 0.277955 0.263578 0.284345 0.273163 0.309904 0.287540 0.324281 0.293930 0.308307 0.292332 0.247604 0.273163 0.230032 0.265176 0.199681 0.252396 0.194888
0 0.164537 0.191693 0.158147 0.204473 0.159744 0.217252 0.142173 0.239617 0.137380 0.252396 0.142173 0.295527 0.150160 0.297125 0.153355 0.293930 0.158147 0.274760 0.175719 0.271565 0.185304 0.279553 0.188498 0.295527 0.201278 0.300319 0.207668 0.311502 0.214058 0.303514 0.210863 0.289137 0.215655 0.242812 0.196486 0.220447 0.193291 0.196486 0.186901 0.190096
0 0.158147 0.274760 0.153355 0.282748 0.153355 0.300319 0.148562 0.311502 0.172524 0.313099 0.180511 0.322684 0.186901 0.345048 0.201278 0.356230 0.209265 0.356230 0.212460 0.345048 0.210863 0.330671 0.201278 0.308307 0.188498 0.297125 0.183706 0.277955 0.175719 0.271565
0 0.530351 0.305112 0.523962 0.311502 0.522364 0.332268 0.512780 0.343450 0.493610 0.349840 0.485623 0.357827 0.480831 0.372204 0.480831 0.484026 0.485623 0.496805 0.496805 0.503195 0.541534 0.500000 0.547923 0.495208 0.549521 0.424920 0.560703 0.369010 0.539936 0.340256 0.543131 0.335463 0.543131 0.317891
0 0.803514 0.313099 0.789137 0.319489 0.781150 0.341853 0.757188 0.362620 0.749201 0.378594 0.747604 0.418530 0.739617 0.464856 0.739617 0.487220 0.747604 0.498403 0.822684 0.498403 0.829073 0.492013 0.838658 0.436102 0.840256 0.392971 0.835463 0.370607 0.819489 0.345048 0.817891 0.327476 0.813099 0.317891
0 0.971246 0.832268 0.948882 0.829073 0.939297 0.833866 0.934505 0.861022 0.899361 0.889776 0.899361 0.904153 0.910543 0.936102 0.907348 0.995208 0.912141 1.000000 0.980831 1.000000 0.980831 0.988818 1.000000 0.972843 1.000000 0.894569 0.984026 0.875399 0.984026 0.843450
0 0.857827 0.822684 0.845048 0.822684 0.835463 0.827476 0.829073 0.841853 0.824281 0.875399 0.797125 0.902556 0.798722 0.907348 0.793930 0.915335 0.792332 0.980831 0.795527 1.000000 0.894569 1.000000 0.902556 0.984026 0.908946 0.952077 0.904153 0.918530 0.880192 0.881789 0.875399 0.837061 0.867412 0.827476
0 0.746006 0.845048 0.733227 0.841853 0.720447 0.846645 0.712460 0.857827 0.709265 0.875399 0.688498 0.883387 0.670927 0.900958 0.664537 0.936102 0.674121 1.000000 0.782748 1.000000 0.792332 0.961661 0.790735 0.923323 0.779553 0.899361 0.765176 0.884984 0.757188 0.857827
0 0.594249 0.835463 0.576677 0.845048 0.567093 0.870607 0.547923 0.883387 0.531949 0.905751 0.531949 0.984026 0.539936 0.984026 0.551118 0.960064 0.560703 0.955272 0.576677 0.955272 0.599042 0.971246 0.605431 1.000000 0.630990 1.000000 0.645367 0.928115 0.643770 0.907348 0.626198 0.876997 0.621406 0.849840 0.608626 0.838658
0 0.078275 0.837061 0.063898 0.845048 0.057508 0.859425 0.054313 0.880192 0.033546 0.923323 0.030351 0.937700 0.033546 0.968051 0.047923 0.993610 0.055911 0.998403 0.083067 0.980831 0.102236 0.979233 0.115016 0.988818 0.119808 1.000000 0.148562 1.000000 0.162939 0.984026 0.158147 0.958466 0.158147 0.915335 0.169329 0.881789 0.166134 0.876997 0.167732 0.872204 0.159744 0.861022 0.143770 0.853035 0.115016 0.853035 0.099042 0.837061
0 0.087859 0.682109 0.078275 0.691693 0.076677 0.712460 0.063898 0.726837 0.057508 0.744409 0.062300 0.781150 0.075080 0.808307 0.079872 0.827476 0.087859 0.833866 0.100639 0.835463 0.118211 0.848243 0.137380 0.846645 0.153355 0.849840 0.177316 0.870607 0.183706 0.859425 0.185304 0.838658 0.172524 0.768371 0.170927 0.728435 0.154952 0.712460 0.129393 0.702875 0.116613 0.682109
0 0.448882 0.832268 0.437700 0.840256 0.428115 0.876997 0.407348 0.912141 0.405751 0.944089 0.412141 0.972843 0.412141 0.998403 0.504792 1.000000 0.514377 0.934505 0.506390 0.905751 0.501597 0.899361 0.500000 0.884984 0.484026 0.859425 0.479233 0.841853 0.468051 0.832268
0 0.369010 0.854633 0.359425 0.854633 0.349840 0.859425 0.333866 0.881789 0.313099 0.889776 0.298722 0.904153 0.292332 0.932907 0.292332 0.952077 0.301917 1.000000 0.405751 1.000000 0.408946 0.985623 0.404153 0.931310 0.405751 0.905751 0.386581 0.886581 0.380192 0.862620
0 0.699681 0.193291 0.691693 0.204473 0.688498 0.230032 0.702875 0.249201 0.702875 0.279553 0.718850 0.300319 0.720447 0.308307 0.725240 0.313099 0.731629 0.313099 0.741214 0.297125 0.744409 0.271565 0.739617 0.250799 0.728435 0.234824 0.728435 0.204473 0.718850 0.193291
0 0.872204 0.186901 0.867412 0.191693 0.861022 0.215655 0.848243 0.223642 0.837061 0.238019 0.833866 0.249201 0.833866 0.284345 0.837061 0.290735 0.864217 0.297125 0.872204 0.308307 0.878594 0.332268 0.888179 0.335463 0.889776 0.327476 0.904153 0.308307 0.905751 0.250799 0.899361 0.231629 0.900958 0.198083 0.896166 0.188498
0 0.795527 0.196486 0.781150 0.199681 0.773163 0.226837 0.752396 0.241214 0.747604 0.250799 0.746006 0.300319 0.750799 0.309904 0.765176 0.305112 0.768371 0.285942 0.776358 0.279553 0.792332 0.281150 0.797125 0.285942 0.797125 0.295527 0.803514 0.305112 0.809904 0.308307 0.819489 0.306709 0.825879 0.266773 0.819489 0.250799 0.811502 0.242812 0.811502 0.214058
