2 0.843077 0.305160 0.820769 0.314947 0.819231 0.317616 0.813846 0.319395 0.802308 0.330071 0.799231 0.330961 0.795385 0.338078 0.795385 0.341637 0.790769 0.346085 0.783846 0.371886 0.784615 0.379893 0.782308 0.388790 0.767692 0.403915 0.764615 0.411032 0.743077 0.436833 0.741538 0.443060 0.734615 0.453737 0.733077 0.465302 0.726923 0.484875 0.723846 0.524911 0.722308 0.528470 0.723077 0.533808 0.720000 0.547153 0.716154 0.592527 0.710000 0.637900 0.710000 0.651246 0.701538 0.668149 0.688462 0.673488 0.688462 0.701957 0.697692 0.702847 0.703077 0.705516 0.690000 0.780249 0.687692 0.809609 0.683846 0.830071 0.683846 0.857651 0.692308 0.860320 0.712308 0.861210 0.754615 0.872776 0.790769 0.875445 0.818462 0.879893 0.836154 0.885231 0.850000 0.884342 0.863077 0.888790 0.887692 0.890569 0.907692 0.895018 0.924615 0.894128 0.959231 0.901246 0.976154 0.901246 0.978462 0.899466 0.987692 0.904804 1.000000 0.905694 1.000000 0.298932 0.989231 0.296263 0.974615 0.296263 0.971538 0.294484 0.906923 0.292705 0.896923 0.295374 0.867692 0.298043 0.850769 0.304270
2 0.000000 0.260676 0.000000 0.763345 0.003846 0.765125 0.029231 0.766904 0.036923 0.771352 0.051538 0.774021 0.056154 0.773132 0.066923 0.776690 0.106154 0.780249 0.153846 0.790036 0.180000 0.790036 0.205385 0.796263 0.250000 0.800712 0.259231 0.804270 0.280000 0.806050 0.283077 0.804270 0.295385 0.805160 0.300769 0.802491 0.302308 0.798043 0.297692 0.794484 0.301538 0.785587 0.301538 0.781139 0.297692 0.778470 0.300769 0.767794 0.295385 0.762456 0.297692 0.754448 0.296154 0.742883 0.298462 0.735765 0.295385 0.730427 0.296923 0.719751 0.294615 0.713523 0.296923 0.706406 0.295385 0.697509 0.297692 0.693060 0.296923 0.680605 0.298462 0.673488 0.295385 0.668149 0.296923 0.655694 0.294615 0.650356 0.296154 0.643238 0.291538 0.637011 0.293846 0.630783 0.293846 0.624555 0.290769 0.619217 0.292308 0.616548 0.290769 0.603203 0.293077 0.600534 0.293077 0.595196 0.287692 0.588078 0.290000 0.584520 0.286923 0.580071 0.289231 0.578292 0.289231 0.574733 0.286923 0.572064 0.289231 0.569395 0.287692 0.564947 0.289231 0.559609 0.286154 0.556940 0.288462 0.554270 0.286154 0.548932 0.288462 0.545374 0.286154 0.541815 0.288462 0.536477 0.286154 0.532918 0.287692 0.528470 0.285385 0.525801 0.287692 0.522242 0.286154 0.517794 0.287692 0.512456 0.285385 0.510676 0.287692 0.504448 0.285385 0.493772 0.288462 0.483096 0.287692 0.478648 0.290000 0.464413 0.297692 0.442171 0.299231 0.419039 0.295385 0.399466 0.286923 0.386121 0.282308 0.383452 0.280769 0.375445 0.273846 0.365658 0.272308 0.360320 0.261538 0.346975 0.259231 0.339858 0.260000 0.318505 0.256154 0.301601 0.250000 0.290925 0.232308 0.274021 0.216923 0.265125 0.199231 0.258007 0.167692 0.250000 0.145385 0.248221 0.137692 0.245552 0.084615 0.245552 0.047692 0.249110
2 0.360000 0.312278 0.342308 0.329181 0.329231 0.354093 0.327692 0.362989 0.328462 0.395907 0.305385 0.440391 0.298462 0.464413 0.296154 0.485765 0.297692 0.518683 0.306923 0.585409 0.311538 0.681495 0.312308 0.758897 0.315385 0.798043 0.319231 0.810498 0.356923 0.818505 0.391538 0.822954 0.403077 0.827402 0.437692 0.830071 0.461538 0.835409 0.480769 0.836299 0.493077 0.838968 0.510000 0.838078 0.530769 0.843416 0.587692 0.848754 0.594615 0.851423 0.641538 0.856762 0.651538 0.854982 0.654615 0.851423 0.660769 0.856762 0.670000 0.854982 0.675385 0.834520 0.679231 0.810498 0.680000 0.790925 0.685385 0.764235 0.684615 0.718861 0.683077 0.706406 0.677692 0.700178 0.680000 0.673488 0.685385 0.650356 0.688462 0.646797 0.689231 0.639680 0.693846 0.630783 0.693846 0.619217 0.696923 0.615658 0.702308 0.599644 0.702308 0.588078 0.710000 0.561388 0.710000 0.549822 0.713077 0.539146 0.719231 0.499110 0.719231 0.480427 0.714615 0.460854 0.699231 0.425267 0.690000 0.416370 0.689231 0.409253 0.691538 0.404804 0.690769 0.400356 0.693846 0.387900 0.693846 0.369217 0.686154 0.345196 0.663077 0.321174 0.629231 0.300712 0.596923 0.290925 0.583077 0.284698 0.561538 0.280249 0.550000 0.280249 0.543077 0.277580 0.493077 0.274911 0.465385 0.276690 0.451538 0.280249 0.437692 0.281139 0.406923 0.289146 0.396923 0.294484 0.386154 0.297153 0.374615 0.303381 0.366154 0.310498
2 0.095385 0.143238 0.090769 0.152135 0.086154 0.155694 0.082308 0.165480 0.081538 0.180605 0.085385 0.193060 0.085385 0.202847 0.078462 0.219751 0.073846 0.241103 0.138462 0.242883 0.180000 0.250000 0.207692 0.258897 0.230769 0.270463 0.245385 0.282918 0.257692 0.299822 0.263077 0.318505 0.266154 0.345196 0.282308 0.372776 0.303846 0.403915 0.306154 0.421708 0.310000 0.421708 0.313846 0.411922 0.318462 0.407473 0.320000 0.399466 0.324615 0.390569 0.324615 0.369217 0.328462 0.346085 0.328462 0.336299 0.333846 0.333630 0.336154 0.329181 0.340769 0.326512 0.340000 0.322954 0.343846 0.318505 0.344615 0.314057 0.350769 0.313167 0.355385 0.307829 0.364615 0.305160 0.374615 0.297153 0.381538 0.295374 0.393846 0.280249 0.400000 0.255338 0.396923 0.240214 0.388462 0.219751 0.376923 0.201068 0.370000 0.184164 0.368462 0.156584 0.366154 0.148577 0.358462 0.137011 0.342308 0.125445 0.334615 0.123665 0.325385 0.118327 0.300000 0.111210 0.246154 0.105872 0.217692 0.105872 0.188462 0.108541 0.139231 0.122776 0.126154 0.124555
2 0.437692 0.165480 0.432308 0.175267 0.429231 0.189502 0.430000 0.214413 0.423846 0.222420 0.420769 0.232206 0.416154 0.238434 0.413077 0.247331 0.408462 0.252669 0.405385 0.258897 0.405385 0.263345 0.401538 0.268683 0.400769 0.283808 0.403846 0.287367 0.425385 0.281139 0.469231 0.274021 0.493077 0.272242 0.526923 0.273132 0.555385 0.277580 0.560000 0.276690 0.564615 0.279359 0.591538 0.284698 0.640000 0.303381 0.670000 0.322954 0.686923 0.341637 0.699231 0.372776 0.696923 0.379004 0.695385 0.396797 0.696154 0.410142 0.702308 0.419929 0.705385 0.431495 0.716154 0.449288 0.720769 0.449288 0.726154 0.436833 0.726923 0.423488 0.732308 0.397687 0.736154 0.346975 0.739231 0.341637 0.743077 0.311388 0.743077 0.290925 0.741538 0.280249 0.733846 0.264235 0.725385 0.237544 0.720000 0.226868 0.719231 0.219751 0.720000 0.212633 0.723077 0.205516 0.723077 0.191281 0.714615 0.173488 0.694615 0.157473 0.661538 0.142349 0.630769 0.137011 0.624615 0.134342 0.613077 0.134342 0.602308 0.130783 0.566923 0.129004 0.531538 0.129893 0.477692 0.141459 0.445385 0.157473
2 1.000000 0.156584 0.939231 0.148577 0.887692 0.149466 0.844615 0.157473 0.828462 0.163701 0.806154 0.177046 0.796923 0.189502 0.792308 0.220641 0.750000 0.282918 0.735385 0.392349 0.732308 0.442171 0.738462 0.437722 0.757692 0.414591 0.780000 0.384342 0.784615 0.354093 0.796923 0.331851 0.822308 0.312278 0.836154 0.305160 0.860769 0.297153 0.900000 0.290036 0.962308 0.289146 1.000000 0.292705
2 0.204615 0.027580 0.201538 0.032028 0.200000 0.040925 0.201538 0.070285 0.196154 0.080071 0.192308 0.095196 0.192308 0.104093 0.250000 0.103203 0.280000 0.105872 0.317692 0.112989 0.349231 0.127224 0.366154 0.144128 0.370769 0.155694 0.372308 0.174377 0.374615 0.177046 0.376154 0.190391 0.380769 0.201068 0.388462 0.209964 0.393077 0.221530 0.397692 0.225979 0.399231 0.236655 0.403846 0.248221 0.406923 0.243772 0.406923 0.237544 0.408462 0.235765 0.411538 0.236655 0.414615 0.233096 0.424615 0.214413 0.423077 0.197509 0.426923 0.167260 0.435385 0.162811 0.439231 0.156584 0.447692 0.150356 0.460769 0.144128 0.463846 0.138790 0.465385 0.131673 0.464615 0.118327 0.439231 0.057829 0.439231 0.032918 0.432308 0.022242 0.418462 0.011566 0.397692 0.003559 0.383077 0.001779 0.382308 0.000000 0.263846 0.000000 0.263077 0.001779 0.244615 0.004448 0.220769 0.014235
2 0.494615 0.048043 0.491538 0.060498 0.492308 0.083630 0.473846 0.128114 0.474615 0.137011 0.482308 0.137900 0.504615 0.131673 0.534615 0.127224 0.586923 0.126335 0.635385 0.132562 0.660769 0.139680 0.685385 0.150356 0.701538 0.159253 0.719231 0.176157 0.726154 0.193950 0.726154 0.208185 0.723077 0.213523 0.723846 0.228648 0.730000 0.246441 0.733846 0.251779 0.736923 0.268683 0.739231 0.271352 0.743846 0.271352 0.753846 0.186833 0.753846 0.168149 0.752308 0.166370 0.749231 0.130783 0.737692 0.088078 0.740000 0.064057 0.732308 0.045374 0.712308 0.032028 0.675385 0.019573 0.640000 0.014235 0.601538 0.012456 0.563846 0.015125 0.533846 0.022242 0.509231 0.032918 0.502308 0.038256
2 1.000000 0.041815 0.957692 0.032028 0.900769 0.028470 0.853077 0.032918 0.828462 0.040036 0.813846 0.048043 0.803077 0.060498 0.799231 0.072064 0.799231 0.080961 0.796154 0.095196 0.782308 0.118327 0.778462 0.128114 0.775385 0.130783 0.773077 0.137900 0.767692 0.142349 0.766154 0.153025 0.760000 0.169039 0.750000 0.251779 0.750769 0.271352 0.753077 0.272242 0.772308 0.249110 0.782308 0.229537 0.788462 0.222420 0.792308 0.197509 0.796923 0.185053 0.807692 0.173488 0.823077 0.163701 0.860769 0.151246 0.903846 0.145018 0.948462 0.145907 1.000000 0.152135
2 0.000000 0.000000 0.000000 0.075623 0.028462 0.086299 0.045385 0.102313 0.049231 0.113879 0.053077 0.135231 0.075385 0.174377 0.076923 0.174377 0.080769 0.159253 0.086154 0.150356 0.104615 0.133452 0.136154 0.118327 0.184615 0.105872 0.187692 0.101423 0.191538 0.080071 0.178462 0.048932 0.164615 0.024021 0.163846 0.004448 0.161538 0.000000
