3 0.531641 0.369141 0.524609 0.376172 0.523828 0.389453 0.524219 0.392578 0.525781 0.395703 0.531641 0.397656 0.533203 0.399219 0.533203 0.401562 0.532031 0.404687 0.523828 0.413672 0.521875 0.419922 0.522656 0.453906 0.522656 0.555078 0.521875 0.604297 0.520703 0.624609 0.521094 0.631250 0.524609 0.641797 0.528906 0.647656 0.536328 0.654687 0.546875 0.660547 0.554297 0.662891 0.614062 0.665234 0.661719 0.664453 0.684766 0.662500 0.694531 0.657813 0.703516 0.650391 0.710938 0.641016 0.713672 0.626953 0.712891 0.551562 0.713672 0.535547 0.713281 0.455078 0.714063 0.419922 0.711328 0.413281 0.703125 0.405078 0.701953 0.401172 0.702734 0.397266 0.704297 0.395703 0.708594 0.394531 0.710156 0.392578 0.710938 0.389062 0.710547 0.378906 0.708984 0.374609 0.701953 0.368359 0.690625 0.365234 0.676172 0.363281 0.646094 0.362500 0.643359 0.361719 0.639453 0.362500 0.625391 0.362109 0.623437 0.362891 0.589844 0.361719 0.570703 0.362109 0.539844 0.366406
3 0.478125 0.369531 0.462500 0.364453 0.449219 0.362891 0.435156 0.362891 0.432812 0.362109 0.426953 0.362500 0.416016 0.361328 0.412500 0.362109 0.408984 0.361328 0.405859 0.362109 0.399609 0.361719 0.396875 0.362500 0.388672 0.362500 0.385547 0.361719 0.344922 0.362109 0.342578 0.362891 0.322656 0.364063 0.314844 0.365625 0.310156 0.368359 0.305469 0.369531 0.301563 0.372656 0.299219 0.376172 0.298438 0.384375 0.298828 0.392188 0.307031 0.400000 0.307422 0.404297 0.298438 0.413672 0.296484 0.421484 0.297266 0.483203 0.296875 0.577734 0.295703 0.632031 0.296875 0.639062 0.301953 0.647656 0.312891 0.656641 0.323047 0.661328 0.332031 0.662891 0.358984 0.663672 0.362109 0.664453 0.388672 0.664062 0.392969 0.665234 0.417969 0.663672 0.441016 0.663672 0.454688 0.662500 0.462500 0.660547 0.475000 0.653906 0.483594 0.645703 0.487109 0.636328 0.488281 0.627734 0.488672 0.578906 0.489453 0.569141 0.489063 0.548438 0.489844 0.539062 0.489063 0.526563 0.489844 0.514062 0.488672 0.468359 0.489063 0.441406 0.488281 0.418750 0.486328 0.413672 0.478906 0.404687 0.477734 0.401562 0.478516 0.397656 0.482422 0.395313 0.484766 0.392188 0.485547 0.389844 0.485547 0.379297 0.483594 0.373828
3 0.248438 0.367969 0.237109 0.364453 0.214453 0.362500 0.208203 0.362891 0.189844 0.361328 0.171094 0.362109 0.127344 0.361719 0.106641 0.362891 0.087891 0.365625 0.079297 0.368359 0.072656 0.373047 0.070703 0.379297 0.070703 0.394141 0.072656 0.396875 0.080469 0.398047 0.081641 0.400781 0.079297 0.405078 0.071094 0.413281 0.069141 0.418750 0.069922 0.435547 0.069922 0.539062 0.068359 0.632812 0.070703 0.641016 0.075000 0.647266 0.083594 0.655078 0.089063 0.658594 0.100781 0.663281 0.122266 0.663672 0.125391 0.664453 0.179688 0.664844 0.222266 0.663281 0.234766 0.660547 0.240625 0.657813 0.251172 0.649219 0.256641 0.642578 0.258203 0.638672 0.259766 0.625781 0.258594 0.596094 0.258984 0.575781 0.258203 0.550000 0.259375 0.420312 0.256641 0.412891 0.251172 0.408203 0.248438 0.403516 0.249219 0.397656 0.255469 0.394922 0.256641 0.393750 0.257422 0.390234 0.256641 0.376563 0.255078 0.373828
3 0.080469 0.014453 0.075781 0.017578 0.073438 0.021484 0.071875 0.027344 0.071484 0.033984 0.071875 0.038672 0.078516 0.043359 0.080078 0.047656 0.079687 0.062500 0.083594 0.074609 0.083594 0.080859 0.082422 0.084375 0.080859 0.086328 0.072656 0.091016 0.071094 0.094922 0.071484 0.248828 0.070312 0.305078 0.071484 0.312891 0.075000 0.319922 0.080078 0.326562 0.084375 0.328906 0.091797 0.335547 0.098047 0.338281 0.102344 0.339062 0.135547 0.341016 0.150781 0.340625 0.158203 0.341797 0.170703 0.341797 0.179688 0.340625 0.201172 0.341406 0.231250 0.339062 0.240234 0.336719 0.244531 0.333984 0.256641 0.322266 0.262500 0.311719 0.264062 0.302734 0.263281 0.280469 0.264062 0.094922 0.262109 0.090625 0.255859 0.087500 0.252734 0.083984 0.252344 0.072656 0.253516 0.068750 0.253906 0.057813 0.251172 0.047266 0.251953 0.042578 0.255859 0.040234 0.258594 0.037109 0.259375 0.028906 0.257812 0.020313 0.255859 0.017188 0.251172 0.015234 0.247656 0.011719 0.226953 0.008203 0.191016 0.006641 0.133203 0.007422 0.129688 0.008203 0.118359 0.007812 0.103906 0.009375 0.096484 0.011719 0.088281 0.011719
3 0.480078 0.047656 0.466797 0.042969 0.448828 0.040625 0.418750 0.039453 0.357031 0.039844 0.336719 0.040625 0.322266 0.042188 0.314844 0.044141 0.310156 0.046875 0.306641 0.047266 0.302344 0.051953 0.299609 0.060937 0.299609 0.068750 0.301563 0.072656 0.305078 0.076563 0.302734 0.082812 0.297266 0.088281 0.294922 0.096094 0.295703 0.137109 0.295703 0.244531 0.294531 0.305859 0.296094 0.312891 0.301172 0.322266 0.309766 0.330469 0.317969 0.336328 0.332422 0.339453 0.382031 0.341406 0.392969 0.340625 0.428516 0.341016 0.459375 0.338672 0.467187 0.335938 0.475391 0.328906 0.483594 0.319531 0.487109 0.311328 0.487891 0.307031 0.487109 0.251563 0.488672 0.097656 0.487109 0.091016 0.478906 0.082812 0.477734 0.079297 0.478125 0.075000 0.482812 0.072656 0.485547 0.069922 0.486328 0.065625 0.485547 0.056250 0.484375 0.052344
3 0.525781 0.049219 0.523047 0.056641 0.522266 0.069141 0.523438 0.072656 0.525000 0.074219 0.528906 0.074219 0.530469 0.076563 0.526563 0.083594 0.520312 0.089453 0.518750 0.097266 0.519531 0.249609 0.517969 0.307031 0.518750 0.310547 0.523438 0.319531 0.533594 0.330469 0.539062 0.334766 0.544922 0.337500 0.551172 0.339062 0.596094 0.341406 0.620703 0.340625 0.626563 0.341406 0.653516 0.341016 0.678906 0.339453 0.686328 0.337891 0.693750 0.334375 0.701953 0.327344 0.707422 0.318750 0.711328 0.310156 0.711719 0.305469 0.711328 0.134766 0.712500 0.096875 0.710938 0.090625 0.702344 0.082422 0.700781 0.079297 0.701562 0.075391 0.708594 0.070703 0.709766 0.067969 0.709375 0.058594 0.707422 0.053125 0.703906 0.048438 0.693359 0.043750 0.682422 0.041406 0.652734 0.039453 0.585938 0.039453 0.554688 0.041016 0.541016 0.043359
3 0.928125 0.048438 0.919141 0.044141 0.900391 0.041016 0.864453 0.039062 0.844922 0.039062 0.841797 0.039844 0.805859 0.039453 0.803125 0.040234 0.788672 0.040234 0.786328 0.041016 0.774609 0.041406 0.751953 0.047656 0.748047 0.052344 0.746484 0.057031 0.746094 0.069922 0.747266 0.072656 0.750781 0.075391 0.751563 0.079687 0.749219 0.083984 0.744531 0.089453 0.742969 0.093750 0.743359 0.249219 0.742188 0.306250 0.743359 0.311719 0.747656 0.319922 0.753906 0.326953 0.763672 0.335156 0.771094 0.338281 0.800391 0.340625 0.861328 0.341406 0.896484 0.340234 0.907031 0.338672 0.914844 0.335938 0.920703 0.331641 0.928516 0.323828 0.935547 0.311328 0.936328 0.305469 0.936328 0.285547 0.935547 0.279297 0.935547 0.211719 0.936328 0.194141 0.935937 0.148438 0.936719 0.097266 0.935547 0.091016 0.925000 0.080078 0.925391 0.075391 0.930469 0.071484 0.932813 0.068359 0.932422 0.055469 0.931250 0.051953
3 0.710156 0.690625 0.705469 0.688672 0.698047 0.687109 0.693750 0.687109 0.683203 0.684766 0.674609 0.683984 0.639062 0.682813 0.622656 0.683984 0.588281 0.683203 0.570703 0.683984 0.553516 0.687891 0.540234 0.688672 0.533594 0.691406 0.532031 0.692969 0.530078 0.699609 0.529687 0.710547 0.531641 0.716016 0.535937 0.719141 0.536719 0.724219 0.530859 0.731641 0.525391 0.736328 0.523047 0.742578 0.522266 0.748047 0.525391 0.833984 0.525391 0.899609 0.524219 0.953906 0.525391 0.958594 0.530469 0.967187 0.540234 0.977344 0.548047 0.983203 0.559375 0.984766 0.609766 0.986719 0.644531 0.986719 0.685937 0.984766 0.694922 0.982031 0.696875 0.979688 0.701953 0.976562 0.706250 0.970703 0.710156 0.967187 0.715234 0.955078 0.716406 0.947266 0.716406 0.939844 0.715234 0.933203 0.715625 0.903516 0.714844 0.900000 0.715625 0.897266 0.715234 0.853125 0.716016 0.848437 0.715234 0.837891 0.716016 0.835156 0.715625 0.821875 0.716406 0.819141 0.715625 0.806641 0.716406 0.804297 0.717187 0.750781 0.716797 0.742578 0.714063 0.736328 0.705469 0.728125 0.703906 0.725000 0.705078 0.718750 0.712500 0.715234 0.714844 0.712891 0.716406 0.708594 0.715625 0.705469 0.716016 0.700391 0.713672 0.693750
3 0.928516 0.692187 0.919922 0.688672 0.909375 0.687500 0.892969 0.683984 0.851953 0.682813 0.842187 0.683984 0.804297 0.683203 0.782031 0.684766 0.770312 0.687891 0.759766 0.688672 0.755469 0.691016 0.751953 0.691797 0.748437 0.696875 0.747266 0.700000 0.747266 0.712109 0.748437 0.714844 0.754687 0.719531 0.754687 0.723828 0.751563 0.728906 0.745313 0.735547 0.742969 0.742578 0.744141 0.771094 0.743750 0.807422 0.744531 0.816406 0.744531 0.914062 0.742969 0.953906 0.745703 0.962109 0.748828 0.966797 0.758984 0.977734 0.766016 0.983203 0.771484 0.984375 0.784375 0.985156 0.824219 0.985156 0.833203 0.985938 0.888672 0.985156 0.904687 0.983984 0.912891 0.981250 0.915625 0.978516 0.919922 0.976172 0.923047 0.971094 0.928125 0.966016 0.931250 0.959375 0.933203 0.951562 0.933594 0.944531 0.932813 0.898438 0.934375 0.795703 0.933984 0.773438 0.935156 0.750391 0.934766 0.742578 0.932813 0.735938 0.923047 0.723828 0.923828 0.718750 0.928906 0.716797 0.931641 0.714063 0.932813 0.710547 0.933203 0.705078 0.931641 0.696484
3 0.305859 0.692969 0.301172 0.698047 0.299609 0.705078 0.299219 0.712500 0.301172 0.716797 0.303125 0.717969 0.307031 0.718359 0.308203 0.719531 0.309375 0.725391 0.305078 0.731250 0.298047 0.736328 0.296094 0.744141 0.298047 0.757422 0.299219 0.783594 0.299219 0.823438 0.298438 0.830859 0.299219 0.869141 0.298047 0.887891 0.298047 0.923438 0.296094 0.948828 0.296484 0.958594 0.298438 0.964063 0.314063 0.980469 0.319141 0.983594 0.325781 0.985156 0.356250 0.986328 0.366016 0.987500 0.401953 0.987891 0.458594 0.985156 0.466016 0.982812 0.470703 0.978516 0.475391 0.975781 0.483203 0.966797 0.485938 0.960156 0.487109 0.952344 0.485547 0.894922 0.485547 0.821484 0.486328 0.766406 0.487891 0.742969 0.484766 0.735547 0.478125 0.730078 0.476562 0.726562 0.476562 0.722656 0.477734 0.718750 0.478906 0.717578 0.483594 0.716406 0.485156 0.713281 0.485938 0.709375 0.485156 0.700000 0.483203 0.694531 0.478516 0.691406 0.471094 0.689063 0.451172 0.687500 0.446875 0.685937 0.416406 0.684375 0.399219 0.684766 0.397266 0.685547 0.371094 0.684375 0.345703 0.685156 0.342187 0.686328 0.337109 0.686328 0.333984 0.687500 0.329688 0.687500 0.326562 0.688672 0.321875 0.688672 0.319141 0.689844 0.313672 0.690234
3 0.078125 0.689063 0.072656 0.693750 0.070703 0.700391 0.071094 0.716406 0.071875 0.717578 0.076563 0.719531 0.077344 0.724609 0.069141 0.732422 0.067187 0.736719 0.066406 0.741797 0.067187 0.757031 0.066406 0.944141 0.067187 0.952734 0.071875 0.963672 0.085156 0.976953 0.094531 0.982422 0.102344 0.983984 0.153125 0.985156 0.216797 0.984375 0.227344 0.983203 0.237109 0.979688 0.241406 0.976953 0.251563 0.966797 0.256250 0.960547 0.258984 0.951953 0.258984 0.943359 0.258203 0.940234 0.258203 0.805078 0.259375 0.740234 0.258594 0.735547 0.257031 0.732422 0.248828 0.725391 0.247656 0.720313 0.249219 0.718359 0.255469 0.717578 0.257031 0.716016 0.257812 0.705469 0.256641 0.696484 0.249219 0.689453 0.244922 0.687891 0.240625 0.687500 0.229297 0.684375 0.199219 0.682813 0.176953 0.683203 0.164844 0.682422 0.161328 0.683203 0.150000 0.682422 0.145703 0.683203 0.133594 0.682422 0.131641 0.683203 0.110156 0.683594 0.094922 0.685156 0.092188 0.686328 0.087500 0.686328
3 0.923438 0.369141 0.919531 0.367188 0.908594 0.364453 0.886719 0.362500 0.844922 0.361719 0.842187 0.362891 0.824219 0.362109 0.789062 0.362891 0.767188 0.366406 0.764062 0.367578 0.758203 0.367969 0.751172 0.370312 0.746484 0.374609 0.744141 0.383594 0.744531 0.393359 0.747266 0.396875 0.749219 0.396875 0.751563 0.394141 0.754687 0.396875 0.751563 0.404687 0.744141 0.414453 0.742969 0.419141 0.743750 0.553125 0.742578 0.631641 0.743750 0.637500 0.750391 0.647266 0.758203 0.655078 0.765625 0.659375 0.773438 0.662891 0.783594 0.664062 0.795312 0.664062 0.797656 0.664844 0.835547 0.665625 0.898047 0.664062 0.905859 0.662891 0.913281 0.660156 0.920703 0.655469 0.929297 0.646484 0.933594 0.637109 0.935547 0.624609 0.935156 0.540625 0.935937 0.503906 0.935156 0.495312 0.935547 0.423438 0.936328 0.419141 0.933594 0.414062 0.925781 0.406250 0.923828 0.402344 0.923438 0.396875 0.929297 0.393750 0.931641 0.389453 0.931250 0.378516 0.928906 0.373047
