4 0.385000 0.402083 0.378750 0.431250 0.378750 0.475000 0.375000 0.514583 0.373750 0.685417 0.386250 0.691667 0.460000 0.693750 0.463750 0.677083 0.467500 0.625000 0.467500 0.410417 0.461250 0.406250
4 0.100000 0.279167 0.080000 0.279167 0.057500 0.287500 0.037500 0.310417 0.040000 0.429167 0.051250 0.650000 0.070000 0.683333 0.081250 0.695833 0.090000 0.695833 0.147500 0.670833 0.152500 0.660417 0.145000 0.431250 0.146250 0.385417 0.140000 0.314583 0.125000 0.297917
4 0.263750 0.475000 0.221250 0.477083 0.216250 0.481250 0.178750 0.485417 0.173750 0.545833 0.178750 0.577083 0.180000 0.625000 0.187500 0.670833 0.203750 0.672917 0.266250 0.662500 0.267500 0.597917
4 0.175000 0.179167 0.123750 0.189583 0.113750 0.197917 0.117500 0.289583 0.136250 0.304167 0.141250 0.312500 0.143750 0.327083 0.148750 0.406250 0.150000 0.516667 0.153750 0.525000 0.170000 0.520833 0.172500 0.506250 0.171250 0.491667 0.173750 0.485417 0.182500 0.479167 0.206250 0.477083 0.208750 0.468750 0.206250 0.443750 0.203750 0.210417 0.188750 0.187500
4 0.320000 0.250000 0.298750 0.235417 0.281250 0.231250 0.215000 0.258333 0.215000 0.412500 0.217500 0.425000 0.216250 0.470833 0.218750 0.475000 0.263750 0.468750 0.265000 0.447917 0.267500 0.443750 0.288750 0.435417 0.300000 0.416667 0.320000 0.412500 0.322500 0.358333 0.322500 0.258333
4 0.323750 0.418750 0.307500 0.416667 0.298750 0.420833 0.293750 0.437500 0.268750 0.445833 0.266250 0.454167 0.266250 0.570833 0.268750 0.597917 0.267500 0.731250 0.286250 0.756250 0.296250 0.750000 0.332500 0.745833 0.348750 0.735417 0.351250 0.727083 0.350000 0.643750 0.356250 0.458333 0.351250 0.445833 0.333750 0.435417
4 0.411250 0.235417 0.327500 0.252083 0.325000 0.256250 0.326250 0.416667 0.332500 0.429167 0.357500 0.452083 0.356250 0.562500 0.353750 0.579167 0.356250 0.602083 0.365000 0.602083 0.371250 0.589583 0.377500 0.429167 0.382500 0.404167 0.386250 0.400000 0.436250 0.402083 0.437500 0.266667 0.432500 0.254167
4 0.600000 0.372917 0.595000 0.377083 0.593750 0.406250 0.586250 0.447917 0.591250 0.612500 0.593750 0.622917 0.648750 0.629167 0.655000 0.622917 0.666250 0.587500 0.663750 0.420833 0.656250 0.402083 0.655000 0.381250 0.651250 0.377083
4 0.741250 0.150000 0.690000 0.147917 0.680000 0.150000 0.675000 0.158333 0.675000 0.177083 0.667500 0.233333 0.671250 0.516667 0.672500 0.539583 0.677500 0.545833 0.701250 0.545833 0.701250 0.510417 0.698750 0.502083 0.700000 0.460417 0.696250 0.431250 0.708750 0.395833 0.718750 0.385417 0.750000 0.383333 0.752500 0.377083 0.753750 0.212500 0.752500 0.195833 0.746250 0.172917 0.746250 0.156250
4 0.783750 0.383333 0.718750 0.387500 0.711250 0.393750 0.701250 0.422917 0.703750 0.616667 0.718750 0.664583 0.763750 0.660417 0.770000 0.654167 0.770000 0.622917 0.780000 0.539583 0.783750 0.531250 0.796250 0.531250 0.797500 0.466667 0.790000 0.433333 0.787500 0.395833
4 0.811250 0.116667 0.807500 0.127083 0.807500 0.145833 0.791250 0.189583 0.787500 0.208333 0.790000 0.406250 0.798750 0.458333 0.798750 0.529167 0.862500 0.541667 0.865000 0.531250 0.862500 0.370833 0.867500 0.352083 0.873750 0.343750 0.885000 0.302083 0.917500 0.304167 0.920000 0.187500 0.913750 0.170833 0.900000 0.152083 0.897500 0.127083
4 0.883750 0.306250 0.882500 0.322917 0.865000 0.366667 0.866250 0.560417 0.871250 0.600000 0.868750 0.639583 0.877500 0.652083 0.917500 0.668750 0.951250 0.637500 0.955000 0.368750 0.952500 0.358333 0.937500 0.335417 0.936250 0.322917 0.932500 0.316667 0.918750 0.310417 0.911250 0.312500 0.898750 0.304167
4 0.783750 0.533333 0.771250 0.629167 0.772500 0.720833 0.791250 0.727083 0.853750 0.733333 0.862500 0.697917 0.866250 0.643750 0.867500 0.587500 0.861250 0.572917 0.861250 0.552083 0.856250 0.545833
4 0.491250 0.139583 0.481250 0.127083 0.466250 0.125000 0.446250 0.141667 0.437500 0.158333 0.437500 0.395833 0.441250 0.404167 0.458750 0.402083 0.460000 0.304167 0.476250 0.256250 0.486250 0.235417 0.515000 0.237500 0.517500 0.145833
4 0.486250 0.237500 0.470000 0.272917 0.461250 0.302083 0.460000 0.404167 0.468750 0.410417 0.470000 0.510417 0.472500 0.529167 0.470000 0.610417 0.473750 0.616667 0.530000 0.631250 0.550000 0.585417 0.555000 0.370833 0.557500 0.331250 0.561250 0.320833 0.558750 0.283333 0.560000 0.250000 0.531250 0.241667
