1 0.843750 0.262887 0.828750 0.268041 0.822500 0.286082 0.822500 0.340206 0.818750 0.373711 0.797500 0.461340 0.793750 0.530928 0.793750 0.610825 0.797500 0.693299 0.791250 0.742268 0.791250 0.765464 0.795000 0.804124 0.802500 0.822165 0.827500 0.847938 0.855000 0.855670 0.860000 0.847938 0.870000 0.597938 0.876250 0.554124 0.890000 0.500000 0.890000 0.479381 0.876250 0.417526 0.868750 0.365979 0.868750 0.293814 0.866250 0.275773 0.856250 0.265464
1 0.085000 0.097938 0.077500 0.103093 0.075000 0.110825 0.077500 0.250000 0.072500 0.324742 0.055000 0.481959 0.051250 0.548969 0.051250 0.626289 0.053750 0.644330 0.055000 0.739691 0.058750 0.775773 0.061250 0.853093 0.060000 0.912371 0.062500 0.930412 0.073750 0.958763 0.081250 0.966495 0.108750 0.971649 0.131250 0.961340 0.146250 0.945876 0.156250 0.927835 0.165000 0.891753 0.163750 0.518041 0.131250 0.250000 0.127500 0.113402 0.123750 0.103093 0.115000 0.097938
1 0.942500 0.280928 0.923750 0.283505 0.915000 0.301546 0.912500 0.376289 0.906250 0.432990 0.875000 0.567010 0.865000 0.747423 0.863750 0.822165 0.860000 0.855670 0.861250 0.907216 0.867500 0.930412 0.880000 0.953608 0.895000 0.969072 0.913750 0.979381 0.946250 0.976804 0.960000 0.953608 0.973750 0.780928 0.973750 0.737113 0.983750 0.631443 0.981250 0.569588 0.963750 0.451031 0.963750 0.384021 0.968750 0.358247 0.967500 0.298969 0.962500 0.291237
1 0.747500 0.208763 0.736250 0.216495 0.733750 0.226804 0.731250 0.314433 0.711250 0.414948 0.706250 0.458763 0.710000 0.644330 0.703750 0.680412 0.703750 0.713918 0.708750 0.755155 0.721250 0.775773 0.745000 0.788660 0.760000 0.788660 0.775000 0.780928 0.783750 0.768041 0.786250 0.713918 0.782500 0.680412 0.782500 0.646907 0.791250 0.530928 0.791250 0.463918 0.788750 0.430412 0.772500 0.324742 0.773750 0.224227 0.765000 0.211340
1 0.657500 0.229381 0.648750 0.234536 0.645000 0.244845 0.645000 0.324742 0.641250 0.363402 0.628750 0.432990 0.622500 0.500000 0.621250 0.569588 0.628750 0.654639 0.622500 0.737113 0.626250 0.775773 0.635000 0.796392 0.650000 0.811856 0.673750 0.817010 0.693750 0.804124 0.703750 0.773196 0.705000 0.747423 0.697500 0.675258 0.705000 0.592784 0.705000 0.497423 0.698750 0.430412 0.685000 0.345361 0.685000 0.244845 0.676250 0.231959
1 0.556250 0.327320 0.546250 0.342784 0.545000 0.404639 0.533750 0.432990 0.517500 0.507732 0.516250 0.716495 0.517500 0.752577 0.525000 0.780928 0.543750 0.804124 0.570000 0.811856 0.581250 0.809278 0.596250 0.796392 0.602500 0.783505 0.608750 0.755155 0.612500 0.688144 0.613750 0.533505 0.608750 0.476804 0.585000 0.394330 0.585000 0.342784 0.575000 0.327320
1 0.466250 0.113402 0.461250 0.115979 0.456250 0.131443 0.456250 0.231959 0.453750 0.270619 0.438750 0.335052 0.435000 0.365979 0.436250 0.755155 0.445000 0.778351 0.458750 0.791237 0.478750 0.793814 0.498750 0.783505 0.512500 0.747423 0.517500 0.440722 0.515000 0.358247 0.508750 0.319588 0.501250 0.293814 0.496250 0.255155 0.496250 0.131443 0.490000 0.115979
1 0.371250 0.092784 0.361250 0.108247 0.360000 0.152062 0.362500 0.164948 0.358750 0.291237 0.341250 0.432990 0.341250 0.494845 0.346250 0.605670 0.346250 0.737113 0.348750 0.762887 0.357500 0.786082 0.373750 0.798969 0.393750 0.798969 0.415000 0.780928 0.421250 0.768041 0.426250 0.742268 0.426250 0.422680 0.406250 0.288660 0.401250 0.103093 0.392500 0.092784
1 0.288750 0.221649 0.281250 0.226804 0.277500 0.242268 0.277500 0.288660 0.280000 0.301546 0.278750 0.384021 0.261250 0.533505 0.263750 0.603093 0.262500 0.780928 0.265000 0.817010 0.270000 0.829897 0.285000 0.842784 0.307500 0.842784 0.330000 0.824742 0.338750 0.806701 0.343750 0.786082 0.342500 0.567010 0.338750 0.505155 0.321250 0.373711 0.320000 0.237113 0.310000 0.221649
1 0.201250 0.172680 0.191250 0.177835 0.186250 0.188144 0.186250 0.340206 0.176250 0.451031 0.168750 0.502577 0.166250 0.636598 0.167500 0.835052 0.170000 0.873711 0.178750 0.896907 0.188750 0.907216 0.217500 0.909794 0.248750 0.884021 0.257500 0.863402 0.262500 0.837629 0.258750 0.760309 0.261250 0.654639 0.257500 0.497423 0.241250 0.391753 0.233750 0.314433 0.232500 0.190722 0.222500 0.175258
