2 0.203846 0.325822 0.200000 0.345540 0.192308 0.368075 0.194615 0.669484 0.196154 0.701408 0.198462 0.710798 0.202308 0.718310 0.216154 0.722066 0.220000 0.725822 0.240769 0.726761 0.251538 0.729577 0.306923 0.724883 0.323077 0.720188 0.341538 0.718310 0.357692 0.711737 0.367692 0.702347 0.371538 0.684507 0.370000 0.378404 0.368462 0.363380 0.362308 0.344601 0.354615 0.330516 0.350000 0.326761 0.346154 0.326761 0.341538 0.322066 0.333846 0.323005 0.323846 0.320188 0.301538 0.321127 0.299231 0.319249 0.283846 0.318310 0.271538 0.320188 0.268462 0.318310 0.243077 0.318310 0.212308 0.321127
2 0.529231 0.333333 0.519231 0.330516 0.498462 0.330516 0.496154 0.328638 0.496154 0.325822 0.484615 0.325822 0.483077 0.331455 0.454615 0.329577 0.450769 0.333333 0.423077 0.331455 0.420000 0.333333 0.398462 0.332394 0.393077 0.334272 0.382308 0.347418 0.376154 0.366197 0.374615 0.542723 0.376154 0.685446 0.380769 0.707042 0.383846 0.711737 0.391538 0.716432 0.439231 0.725822 0.463077 0.725822 0.481538 0.723005 0.487692 0.724883 0.511538 0.717371 0.523846 0.716432 0.536923 0.707981 0.540769 0.701408 0.543846 0.690141 0.545385 0.371831 0.536923 0.342723
2 0.701538 0.335211 0.684615 0.334272 0.675385 0.331455 0.670000 0.334272 0.641538 0.332394 0.639231 0.334272 0.610769 0.333333 0.599231 0.336150 0.587692 0.335211 0.583846 0.338028 0.579231 0.337089 0.574615 0.341784 0.564615 0.344601 0.558462 0.356808 0.559231 0.360563 0.555385 0.368075 0.553077 0.379343 0.553077 0.487324 0.551538 0.495775 0.552308 0.672300 0.555385 0.692958 0.566154 0.703286 0.575385 0.705164 0.577692 0.707981 0.592308 0.711737 0.595385 0.714554 0.647692 0.719249 0.650000 0.717371 0.677692 0.717371 0.685385 0.714554 0.691538 0.715493 0.703077 0.710798 0.706923 0.706103 0.715385 0.675117 0.714615 0.669484 0.716923 0.657277 0.718462 0.379343 0.716923 0.369014 0.710769 0.353052 0.710000 0.344601
2 0.869231 0.342723 0.824615 0.340845 0.789231 0.342723 0.786923 0.344601 0.775385 0.343662 0.773077 0.345540 0.760000 0.344601 0.756154 0.346479 0.751538 0.346479 0.749231 0.343662 0.742308 0.343662 0.733846 0.347418 0.727692 0.354930 0.722308 0.375587 0.720000 0.586854 0.720769 0.676995 0.726154 0.692958 0.725385 0.701408 0.726923 0.710798 0.745385 0.710798 0.756154 0.707981 0.776923 0.712676 0.786154 0.711737 0.813077 0.715493 0.846154 0.715493 0.853846 0.712676 0.864615 0.713615 0.876923 0.709859 0.881538 0.706103 0.886923 0.688263 0.886154 0.415023 0.887692 0.376526 0.880769 0.349296
2 0.561538 0.000000 0.555385 0.008451 0.553846 0.025352 0.555385 0.058216 0.555385 0.323944 0.556923 0.328638 0.563077 0.333333 0.581538 0.332394 0.590000 0.329577 0.597692 0.330516 0.630000 0.324883 0.713846 0.329577 0.717692 0.322066 0.718462 0.311737 0.716923 0.050704 0.714615 0.000000
2 0.732308 0.000000 0.723077 0.009390 0.720769 0.024413 0.720769 0.201878 0.722308 0.204695 0.720769 0.307981 0.723077 0.328638 0.733846 0.333333 0.758462 0.333333 0.762308 0.331455 0.810769 0.328638 0.813846 0.330516 0.833846 0.330516 0.845385 0.333333 0.864615 0.333333 0.881538 0.337089 0.885385 0.329577 0.886923 0.299531 0.886154 0.279812 0.891538 0.076995 0.890769 0.000000
2 0.365385 0.720188 0.361538 0.717371 0.352308 0.717371 0.333846 0.725822 0.329231 0.724883 0.326923 0.727700 0.322308 0.727700 0.318462 0.730516 0.305385 0.731455 0.304615 0.733333 0.306154 0.735211 0.304615 0.737089 0.295385 0.738967 0.271538 0.737089 0.263846 0.738967 0.252308 0.738028 0.238462 0.734272 0.231538 0.735211 0.223077 0.733333 0.206923 0.725822 0.200769 0.726761 0.197692 0.734272 0.194615 0.751174 0.195385 0.820657 0.193846 0.904225 0.196154 0.914554 0.216154 0.916432 0.358462 0.915493 0.367692 0.912676 0.370000 0.898592 0.370000 0.738967
2 0.016923 0.321127 0.008462 0.329577 0.006923 0.338028 0.002308 0.349296 0.000000 0.351174 0.000000 0.715493 0.016923 0.727700 0.032308 0.731455 0.043846 0.732394 0.073077 0.729577 0.083077 0.731455 0.118462 0.726761 0.133846 0.721127 0.152308 0.719249 0.179231 0.709859 0.186923 0.702347 0.190000 0.685446 0.188462 0.383099 0.186923 0.367136 0.183846 0.356808 0.173846 0.344601 0.170000 0.346479 0.170000 0.340845 0.166154 0.337089 0.162308 0.338967 0.160000 0.334272 0.152308 0.331455 0.151538 0.329577 0.154615 0.326761 0.152308 0.323005 0.146154 0.324883 0.137692 0.321127 0.130000 0.323005 0.122308 0.320188 0.116923 0.320188 0.115385 0.322066 0.113077 0.320188 0.101538 0.320188 0.099231 0.322066 0.092308 0.319249
2 0.186923 0.718310 0.180769 0.715493 0.164615 0.721127 0.159231 0.721127 0.153846 0.724883 0.149231 0.723944 0.146154 0.727700 0.141538 0.725822 0.132308 0.729577 0.126154 0.729577 0.122308 0.734272 0.117692 0.732394 0.121538 0.735211 0.119231 0.737089 0.110000 0.738028 0.106923 0.740845 0.078462 0.738967 0.076923 0.740845 0.063846 0.739906 0.061538 0.741784 0.052308 0.741784 0.050000 0.739906 0.030000 0.739906 0.018462 0.737089 0.014615 0.734272 0.010000 0.735211 0.003846 0.747418 0.000000 0.750235 0.000000 0.881690 0.003077 0.884507 0.003077 0.889202 0.000000 0.892958 0.003846 0.897653 0.005385 0.903286 0.003846 0.908920 0.005385 0.912676 0.013077 0.915493 0.028462 0.916432 0.182308 0.915493 0.187692 0.913615 0.190000 0.907042 0.190769 0.752113 0.192308 0.749296 0.192308 0.731455
2 0.190769 0.000000 0.189231 0.007512 0.191538 0.094836 0.191538 0.222535 0.190000 0.264789 0.192308 0.310798 0.201538 0.316432 0.224615 0.313615 0.303846 0.314554 0.333846 0.317371 0.345385 0.321127 0.356923 0.322066 0.362308 0.324883 0.367692 0.319249 0.370000 0.307042 0.368462 0.230047 0.370000 0.071362 0.367692 0.033803 0.368462 0.016901 0.366154 0.000000
2 0.376923 0.000000 0.374615 0.024413 0.375385 0.092958 0.373846 0.125822 0.376154 0.319249 0.381538 0.325822 0.396923 0.325822 0.414615 0.321127 0.481538 0.320188 0.513077 0.321127 0.521538 0.323005 0.524615 0.325822 0.540769 0.327700 0.544615 0.321127 0.546154 0.287324 0.546154 0.168075 0.544615 0.137089 0.546154 0.092958 0.544615 0.072300 0.546154 0.059155 0.545385 0.003756 0.543846 0.000000
2 0.538462 0.718310 0.536154 0.715493 0.532308 0.715493 0.512308 0.723005 0.510000 0.722066 0.506154 0.724883 0.502308 0.723944 0.497692 0.728638 0.494615 0.727700 0.490000 0.730516 0.487692 0.728638 0.477692 0.728638 0.474615 0.730516 0.470000 0.728638 0.466923 0.731455 0.448462 0.729577 0.427692 0.730516 0.383846 0.717371 0.376923 0.729577 0.374615 0.740845 0.373846 0.871362 0.375385 0.913615 0.378462 0.915493 0.530000 0.916432 0.540000 0.914554 0.543077 0.908920 0.543846 0.898592 0.543077 0.852582 0.546154 0.738028
2 0.000000 0.000000 0.000000 0.310798 0.004615 0.313615 0.023846 0.311737 0.182308 0.313615 0.185385 0.311737 0.187692 0.306103 0.186154 0.033803 0.185385 0.011268 0.182308 0.000000
