3 0.018391 0.650505 0.011494 0.660606 0.011494 0.678788 0.022989 0.707071 0.009195 0.717172 0.002299 0.729293 0.002299 0.907071 0.006897 0.921212 0.045977 0.937374 0.085057 0.943434 0.174713 0.943434 0.234483 0.925253 0.243678 0.915152 0.243678 0.729293 0.222989 0.707071 0.236782 0.680808 0.234483 0.654545 0.216092 0.646465 0.032184 0.644444
3 0.829885 0.654545 0.825287 0.660606 0.825287 0.690909 0.811494 0.701010 0.772414 0.707071 0.749425 0.725253 0.754023 0.921212 0.822989 0.943434 0.921839 0.943434 0.977011 0.929293 0.990805 0.921212 0.990805 0.721212 0.974713 0.707071 0.983908 0.692929 0.983908 0.666667 0.963218 0.654545
3 0.517241 0.658586 0.510345 0.666667 0.510345 0.688889 0.524138 0.713131 0.501149 0.735354 0.503448 0.921212 0.537931 0.937374 0.625287 0.943434 0.682759 0.941414 0.733333 0.927273 0.742529 0.915152 0.740230 0.733333 0.717241 0.715152 0.657471 0.717172 0.648276 0.713131 0.641379 0.703030 0.636782 0.662626 0.629885 0.654545 0.563218 0.652525
3 0.020690 0.056566 0.013793 0.062626 0.011494 0.084848 0.022989 0.101010 0.025287 0.115152 0.002299 0.137374 0.004598 0.321212 0.022989 0.331313 0.078161 0.343434 0.183908 0.341414 0.234483 0.327273 0.243678 0.315152 0.243678 0.133333 0.222989 0.111111 0.236782 0.086869 0.236782 0.062626 0.220690 0.052525 0.036782 0.052525
3 0.262069 0.056566 0.257471 0.060606 0.257471 0.086869 0.268966 0.098990 0.271264 0.113131 0.250575 0.133333 0.252874 0.319192 0.262069 0.327273 0.289655 0.337374 0.342529 0.345455 0.427586 0.343434 0.485057 0.327273 0.491954 0.317172 0.489655 0.127273 0.471264 0.113131 0.482759 0.084848 0.480460 0.064646 0.457471 0.052525 0.278161 0.052525
3 0.510345 0.056566 0.501149 0.064646 0.501149 0.088889 0.514943 0.101010 0.498851 0.115152 0.501149 0.323232 0.526437 0.335354 0.567816 0.341414 0.666667 0.343434 0.724138 0.329293 0.733333 0.321212 0.735632 0.119192 0.717241 0.103030 0.733333 0.092929 0.731034 0.066667 0.705747 0.054545
3 0.763218 0.058586 0.756322 0.068687 0.756322 0.090909 0.763218 0.101010 0.758621 0.111111 0.742529 0.121212 0.740230 0.141414 0.744828 0.327273 0.777011 0.337374 0.809195 0.341414 0.928736 0.341414 0.960920 0.337374 0.990805 0.327273 0.995402 0.317172 0.995402 0.127273 0.972414 0.105051 0.983908 0.084848 0.981609 0.064646 0.963218 0.054545 0.813793 0.052525
3 0.016092 0.355556 0.009195 0.367677 0.009195 0.381818 0.022989 0.412121 0.002299 0.430303 0.002299 0.604040 0.006897 0.622222 0.032184 0.634343 0.062069 0.640404 0.193103 0.638384 0.239080 0.624242 0.243678 0.618182 0.243678 0.430303 0.225287 0.414141 0.225287 0.400000 0.236782 0.387879 0.234483 0.361616 0.218391 0.351515 0.036782 0.349495
3 0.264368 0.355556 0.259770 0.363636 0.259770 0.385859 0.268966 0.395960 0.271264 0.410101 0.250575 0.434343 0.252874 0.618182 0.264368 0.626263 0.303448 0.638384 0.342529 0.640404 0.439080 0.638384 0.485057 0.624242 0.491954 0.614141 0.491954 0.432323 0.475862 0.410101 0.485057 0.389899 0.485057 0.361616 0.471264 0.351515 0.434483 0.347475 0.289655 0.347475
3 0.760920 0.353535 0.754023 0.373737 0.767816 0.402020 0.767816 0.412121 0.754023 0.424242 0.754023 0.430303 0.777011 0.432323 0.795402 0.452525 0.822989 0.640404 0.829885 0.644444 0.901149 0.646465 0.951724 0.640404 0.983908 0.626263 0.988506 0.616162 0.990805 0.450505 0.986207 0.426263 0.970115 0.412121 0.970115 0.397980 0.979310 0.385859 0.977011 0.361616 0.960920 0.351515 0.781609 0.349495
3 0.524138 0.349495 0.512644 0.353535 0.505747 0.363636 0.505747 0.381818 0.517241 0.410101 0.501149 0.430303 0.501149 0.622222 0.531034 0.638384 0.556322 0.644444 0.627586 0.646465 0.632184 0.642424 0.632184 0.624242 0.611494 0.492929 0.618391 0.464646 0.636782 0.454545 0.689655 0.446465 0.696552 0.438384 0.712644 0.440404 0.733333 0.434343 0.733333 0.426263 0.714943 0.410101 0.731034 0.387879 0.731034 0.361616 0.726437 0.355556 0.705747 0.349495
3 0.266667 0.648485 0.259770 0.656566 0.257471 0.672727 0.271264 0.707071 0.255172 0.723232 0.250575 0.749495 0.255172 0.921212 0.264368 0.929293 0.335632 0.945455 0.422989 0.943434 0.480460 0.929293 0.489655 0.919192 0.491954 0.907071 0.489655 0.814141 0.494253 0.779798 0.491954 0.731313 0.473563 0.709091 0.473563 0.701010 0.487356 0.678788 0.482759 0.652525 0.441379 0.644444 0.289655 0.644444
