4 0.053125 0.322702 0.000000 0.346154 0.000000 0.587242 0.001875 0.588180 0.005000 0.604128 0.015000 0.626642 0.017500 0.636961 0.025000 0.650094 0.028750 0.651970 0.036875 0.650094 0.052500 0.640713 0.055625 0.635084 0.055625 0.605066 0.054375 0.587242 0.053125 0.584428 0.054375 0.574109 0.054375 0.556285 0.053125 0.550657 0.055625 0.540338 0.065000 0.531895 0.084375 0.522514 0.091875 0.514071 0.088125 0.434334 0.085625 0.409944 0.085000 0.377111 0.080625 0.364916 0.070625 0.349906 0.070000 0.346154 0.064375 0.339587 0.061250 0.331144
4 0.240625 0.066604 0.228750 0.067542 0.199375 0.076923 0.150625 0.100375 0.141875 0.108818 0.140000 0.121951 0.138125 0.124765 0.126875 0.128518 0.123750 0.138837 0.126250 0.242964 0.138125 0.486867 0.140625 0.489681 0.151250 0.493433 0.161250 0.504690 0.166250 0.514071 0.170000 0.516886 0.173125 0.529081 0.180625 0.542214 0.183125 0.551595 0.184375 0.575985 0.186250 0.580675 0.188750 0.581614 0.231875 0.565666 0.240000 0.560038 0.241250 0.554409 0.241875 0.456848 0.245625 0.450281 0.251875 0.445591 0.273750 0.437148 0.276250 0.428705 0.271875 0.205441 0.266250 0.170732 0.246250 0.088180 0.245000 0.070356
4 0.148125 0.495310 0.138125 0.496248 0.083750 0.527205 0.064375 0.535647 0.058750 0.542214 0.056875 0.547842 0.056875 0.592871 0.063125 0.700750 0.065625 0.779550 0.067500 0.790807 0.073750 0.807692 0.088750 0.837711 0.096875 0.848968 0.107500 0.847092 0.140625 0.827392 0.145000 0.815197 0.145000 0.790807 0.147500 0.782364 0.156875 0.772983 0.182500 0.763602 0.186250 0.760788 0.187500 0.757036 0.185625 0.710131 0.184375 0.605066 0.181250 0.552533 0.179375 0.543152 0.171875 0.530957 0.162500 0.510319 0.154375 0.500000
4 0.245000 0.735460 0.228750 0.741088 0.215625 0.750469 0.195000 0.757974 0.187500 0.764540 0.158125 0.776735 0.150000 0.781426 0.148125 0.785178 0.148125 0.875235 0.151875 0.970919 0.153750 0.982176 0.161250 1.000000 0.263750 1.000000 0.266250 0.997186 0.275625 0.994371 0.278750 0.989681 0.276250 0.805816 0.272500 0.787054 0.250000 0.741088
4 0.309375 0.427767 0.303125 0.427767 0.279375 0.439962 0.267500 0.442777 0.263125 0.446529 0.257500 0.446529 0.245000 0.455910 0.243125 0.460600 0.242500 0.579737 0.244375 0.685741 0.248125 0.705441 0.264375 0.737336 0.266875 0.745779 0.275000 0.757036 0.283125 0.755159 0.311875 0.740150 0.315625 0.736398 0.338125 0.726079 0.341875 0.718574 0.340625 0.587242 0.342500 0.508443 0.336250 0.489681 0.322500 0.458724 0.314375 0.436210
4 0.437500 0.024390 0.430625 0.024390 0.349375 0.059099 0.322500 0.067542 0.315000 0.071295 0.313125 0.075985 0.312500 0.260788 0.314375 0.424953 0.320625 0.444653 0.328125 0.456848 0.329375 0.462477 0.337500 0.479362 0.353750 0.503752 0.364375 0.501876 0.377500 0.493433 0.388750 0.489681 0.393750 0.484991 0.419375 0.475610 0.421875 0.467167 0.421875 0.424015 0.429375 0.414634 0.435000 0.413696 0.439375 0.408068 0.453125 0.405253 0.466875 0.398687 0.471875 0.390244 0.471875 0.377111 0.473750 0.373358 0.473125 0.361163 0.475000 0.357411 0.474375 0.346154 0.475625 0.342402 0.475000 0.314259 0.476875 0.281426 0.480000 0.093809 0.475625 0.079737
4 0.513125 0.386492 0.500625 0.387430 0.498125 0.390244 0.470000 0.399625 0.459375 0.406191 0.448125 0.409006 0.431250 0.417448 0.425625 0.424953 0.423125 0.481238 0.423125 0.611632 0.426875 0.621951 0.448125 0.662289 0.458125 0.663227 0.471250 0.655722 0.491250 0.648218 0.514375 0.631332 0.516250 0.623827 0.516875 0.556285 0.521875 0.547842 0.537500 0.538462 0.540625 0.530957 0.542500 0.483114 0.542500 0.438086 0.538750 0.426829 0.531875 0.417448 0.521875 0.396811
4 0.428125 0.696060 0.424375 0.694184 0.416250 0.696060 0.371875 0.718574 0.346875 0.727955 0.338125 0.734522 0.315000 0.742964 0.311875 0.747655 0.311250 0.795497 0.313125 0.888368 0.327500 0.919325 0.330000 0.927767 0.346250 0.954972 0.358125 0.952158 0.394375 0.936210 0.404375 0.929644 0.406250 0.924953 0.406250 0.878049 0.408750 0.863977 0.424375 0.851782 0.451250 0.839587 0.460000 0.829268 0.460625 0.774859 0.458750 0.760788 0.456250 0.756098 0.452500 0.741088 0.437500 0.715760
4 0.584375 0.519700 0.579375 0.519700 0.560625 0.530019 0.552500 0.531895 0.543125 0.539400 0.533750 0.543152 0.528125 0.547842 0.525000 0.547842 0.520000 0.553471 0.517500 0.563790 0.518750 0.602251 0.518125 0.684803 0.513750 0.789869 0.516875 0.799250 0.531250 0.821764 0.541250 0.842402 0.551250 0.855535 0.561250 0.853659 0.576250 0.843340 0.578750 0.815197 0.579375 0.776735 0.581250 0.770169 0.585625 0.764540 0.600625 0.757036 0.607500 0.751407 0.617500 0.739212 0.620625 0.727955 0.622500 0.695122 0.623125 0.641651 0.626875 0.600375 0.625625 0.578799 0.623750 0.571295 0.611875 0.554409 0.603125 0.538462
4 0.591875 0.106942 0.583125 0.106942 0.575000 0.110694 0.571250 0.116323 0.569375 0.126642 0.558750 0.139775 0.501875 0.166041 0.497500 0.174484 0.493750 0.329268 0.495000 0.368668 0.500625 0.382739 0.513750 0.383677 0.518125 0.389306 0.521875 0.391182 0.531250 0.407129 0.532500 0.413696 0.538750 0.419325 0.550625 0.416510 0.570625 0.404315 0.573125 0.394934 0.573750 0.357411 0.576250 0.330206 0.577500 0.244841 0.580000 0.231707 0.586875 0.224203 0.601250 0.217636 0.610625 0.203565 0.619375 0.196060 0.624375 0.194184 0.631250 0.186679 0.631250 0.181051 0.628125 0.173546 0.605000 0.139775 0.601250 0.117261 0.596875 0.110694
4 0.700625 0.168856 0.682500 0.171670 0.627500 0.193246 0.611250 0.205441 0.601875 0.218574 0.583750 0.227955 0.579375 0.236398 0.577500 0.342402 0.575625 0.361163 0.573750 0.502814 0.577500 0.511257 0.586875 0.514071 0.591875 0.517824 0.595625 0.525328 0.606875 0.537523 0.617500 0.557223 0.623750 0.563790 0.629375 0.588180 0.633125 0.591932 0.686250 0.567542 0.688750 0.560976 0.689375 0.532833 0.698750 0.516886 0.716250 0.507505 0.719375 0.502814 0.721250 0.436210 0.723125 0.415572 0.722500 0.396811 0.726875 0.333959 0.727500 0.291745 0.716875 0.241088 0.705000 0.194184 0.703750 0.175422
4 0.969375 0.161351 0.964375 0.161351 0.946875 0.168856 0.918750 0.184803 0.907500 0.188555 0.896875 0.196060 0.891875 0.196998 0.878125 0.206379 0.875000 0.212008 0.872500 0.263602 0.867500 0.313321 0.861875 0.446529 0.859375 0.469981 0.858125 0.524390 0.854375 0.577861 0.858125 0.580675 0.886875 0.572233 0.895000 0.579737 0.918750 0.615385 0.929375 0.638837 0.930625 0.659475 0.931875 0.661351 0.936250 0.661351 1.000000 0.629456 1.000000 0.213884 0.997500 0.212008 0.995000 0.204503 0.981250 0.181989 0.975625 0.168856
4 0.780000 0.483114 0.767500 0.485929 0.741250 0.500000 0.732500 0.501876 0.720000 0.508443 0.716250 0.514071 0.702500 0.517824 0.696250 0.524390 0.694375 0.532833 0.689375 0.593809 0.686250 0.696998 0.687500 0.699812 0.690625 0.700750 0.704375 0.695122 0.716250 0.694184 0.718750 0.698874 0.720000 0.719512 0.723750 0.742964 0.728125 0.758912 0.731250 0.763602 0.756875 0.754221 0.764375 0.748593 0.766250 0.737336 0.768125 0.702627 0.771250 0.686679 0.775625 0.623827 0.785625 0.613508 0.802500 0.607880 0.810625 0.602251 0.811875 0.599437 0.815000 0.556285 0.813750 0.533771 0.804375 0.515947 0.784375 0.485929
4 0.713750 0.697936 0.705625 0.697936 0.700625 0.701689 0.697500 0.700750 0.693750 0.703565 0.681250 0.706379 0.641250 0.727017 0.631250 0.735460 0.618125 0.742964 0.609375 0.756098 0.596250 0.760788 0.591250 0.765478 0.585625 0.766417 0.582500 0.772045 0.580625 0.781426 0.575625 0.958724 0.577500 0.967167 0.590625 0.991557 0.596875 1.000000 0.736875 1.000000 0.739375 0.984053 0.743750 0.927767 0.746875 0.851782 0.746250 0.833959 0.741250 0.809568 0.721875 0.745779 0.717500 0.720450 0.716875 0.704503
4 0.888125 0.577861 0.870625 0.579737 0.848125 0.590994 0.815000 0.603189 0.809375 0.607880 0.783125 0.617261 0.777500 0.628518 0.777500 0.636961 0.774375 0.657598 0.773125 0.689493 0.767500 0.735460 0.766250 0.795497 0.763750 0.814259 0.759375 0.888368 0.761875 0.896811 0.766875 0.904315 0.768125 0.909006 0.798125 0.959662 0.810000 0.956848 0.846250 0.937148 0.851875 0.936210 0.888750 0.918386 0.903125 0.909944 0.905625 0.905253 0.915625 0.810507 0.924375 0.694184 0.925000 0.670732 0.927500 0.657598 0.927500 0.642589 0.924375 0.633208 0.913125 0.610694
4 0.865625 0.221388 0.853125 0.223265 0.791250 0.252345 0.782500 0.265478 0.780625 0.280488 0.776250 0.371482 0.775625 0.432458 0.778125 0.445591 0.782500 0.455910 0.803750 0.489681 0.811250 0.488743 0.850000 0.471857 0.855000 0.468105 0.858125 0.462477 0.860000 0.444653 0.863125 0.352720 0.871875 0.242964 0.871250 0.227955
4 0.506875 0.814259 0.501250 0.813321 0.493125 0.817073 0.450625 0.843340 0.439375 0.847092 0.434375 0.851782 0.415625 0.861163 0.411250 0.865854 0.408750 0.875235 0.408125 0.926829 0.410000 0.935272 0.409375 0.972795 0.411250 1.000000 0.537500 1.000000 0.538125 0.910882 0.539375 0.893058 0.537500 0.867730 0.535000 0.864916 0.530625 0.852720
