0 0.334967 0.501089 0.328431 0.516340 0.326797 0.564270 0.393791 0.568627 0.410131 0.577342 0.418301 0.588235 0.423203 0.642702 0.419935 0.703704 0.460784 0.755991 0.483660 0.803922 0.491830 0.810458 0.495098 0.779956 0.493464 0.721133 0.464052 0.653595 0.429739 0.603486 0.429739 0.588235 0.434641 0.579521 0.436275 0.562092 0.434641 0.522876 0.429739 0.503268 0.398693 0.490196 0.351307 0.492375
0 0.754902 0.368192 0.743464 0.363834 0.707516 0.363834 0.692810 0.372549 0.689542 0.398693 0.691176 0.433551 0.656863 0.492375 0.668301 0.544662 0.702614 0.496732 0.709150 0.481481 0.709150 0.431373 0.714052 0.411765 0.725490 0.403050 0.759804 0.398693 0.759804 0.376906
0 0.779412 0.405229 0.733660 0.400871 0.714052 0.409586 0.709150 0.442266 0.710784 0.479303 0.673203 0.538126 0.669935 0.551198 0.671569 0.570806 0.696078 0.586057 0.709150 0.586057 0.743464 0.544662 0.751634 0.527233 0.751634 0.492375 0.756536 0.457516 0.766340 0.440087 0.781046 0.435730 0.787582 0.427015 0.785948 0.413943
0 0.834967 0.442266 0.785948 0.433551 0.766340 0.437908 0.759804 0.446623 0.751634 0.490196 0.750000 0.529412 0.717320 0.572985 0.707516 0.599129 0.700980 0.640523 0.700980 0.681917 0.704248 0.686275 0.704248 0.699346 0.714052 0.716776 0.748366 0.718954 0.754902 0.710240 0.758170 0.684096 0.772876 0.660131 0.782680 0.605664 0.794118 0.594771 0.790850 0.551198 0.797386 0.509804 0.802288 0.501089 0.813725 0.494553 0.843137 0.488017 0.844771 0.461874 0.841503 0.448802
0 0.887255 0.501089 0.862745 0.492375 0.828431 0.490196 0.807190 0.496732 0.795752 0.509804 0.789216 0.562092 0.794118 0.599129 0.787582 0.607843 0.764706 0.612200 0.767974 0.627451 0.756536 0.666667 0.751634 0.673203 0.741830 0.675381 0.740196 0.686275 0.745098 0.690632 0.745098 0.697168 0.725490 0.718954 0.730392 0.734205 0.730392 0.753813 0.764706 0.827887 0.771242 0.825708 0.782680 0.793028 0.812092 0.742919 0.836601 0.725490 0.848039 0.710240 0.846405 0.653595 0.852941 0.601307 0.869281 0.577342 0.888889 0.570806 0.897059 0.559913 0.897059 0.518519
0 0.653595 0.501089 0.625817 0.492375 0.591503 0.492375 0.573529 0.496732 0.562092 0.505447 0.555556 0.577342 0.563725 0.590414 0.562092 0.603486 0.529412 0.644880 0.516340 0.673203 0.513072 0.690632 0.501634 0.710240 0.498366 0.786492 0.501634 0.834423 0.506536 0.834423 0.516340 0.806100 0.560458 0.718954 0.562092 0.701525 0.573529 0.671024 0.578431 0.596950 0.598039 0.577342 0.660131 0.568627 0.656863 0.542484 0.660131 0.518519
0 0.967320 0.586057 0.937908 0.572985 0.888889 0.570806 0.869281 0.577342 0.856209 0.594771 0.848039 0.653595 0.848039 0.671024 0.854575 0.690632 0.852941 0.721133 0.841503 0.729847 0.821895 0.734205 0.803922 0.755991 0.784314 0.790850 0.769608 0.834423 0.772876 0.930283 0.767974 1.000000 1.000000 1.000000 1.000000 0.764706 0.968954 0.725490 0.978758 0.684096 0.980392 0.614379 0.975490 0.596950
0 0.686275 0.581699 0.666667 0.572985 0.612745 0.572985 0.593137 0.579521 0.581699 0.590414 0.576797 0.607843 0.571895 0.694989 0.578431 0.708061 0.555556 0.736383 0.531046 0.777778 0.501634 0.851852 0.500000 0.908497 0.504902 1.000000 0.764706 1.000000 0.769608 0.906318 0.766340 0.843137 0.733660 0.766885 0.697712 0.721133 0.696078 0.666667 0.700980 0.605664
0 0.021242 0.570806 0.011438 0.581699 0.006536 0.596950 0.008170 0.677560 0.019608 0.694989 0.019608 0.705882 0.000000 0.736383 0.000000 1.000000 0.232026 1.000000 0.232026 0.960784 0.225490 0.917211 0.225490 0.830065 0.220588 0.821351 0.220588 0.808279 0.194444 0.749455 0.142157 0.690632 0.137255 0.668845 0.138889 0.638344 0.127451 0.572985 0.111111 0.557734 0.099673 0.555556 0.060458 0.557734
0 0.119281 0.490196 0.106209 0.503268 0.104575 0.546841 0.132353 0.583878 0.140523 0.638344 0.142157 0.686275 0.199346 0.755991 0.232026 0.827887 0.241830 0.814815 0.271242 0.740741 0.271242 0.699346 0.248366 0.644880 0.207516 0.590414 0.210784 0.562092 0.207516 0.503268 0.191176 0.485839 0.145425 0.483660
0 0.168301 0.440087 0.161765 0.453159 0.161765 0.479303 0.166667 0.483660 0.192810 0.485839 0.207516 0.503268 0.212418 0.553377 0.209150 0.590414 0.212418 0.599129 0.248366 0.642702 0.267974 0.684096 0.277778 0.694989 0.289216 0.671024 0.290850 0.592593 0.274510 0.559913 0.250000 0.529412 0.251634 0.470588 0.246732 0.444444 0.230392 0.433551 0.202614 0.431373
0 0.200980 0.398693 0.196078 0.413943 0.196078 0.427015 0.199346 0.431373 0.233660 0.435730 0.246732 0.446623 0.253268 0.494553 0.250000 0.529412 0.272876 0.557734 0.290850 0.588235 0.312092 0.572985 0.316993 0.562092 0.313725 0.540305 0.303922 0.516340 0.274510 0.470588 0.276144 0.433551 0.272876 0.403050 0.264706 0.394336 0.245098 0.389978 0.214052 0.392157
0 0.240196 0.361656 0.233660 0.370370 0.233660 0.389978 0.259804 0.392157 0.272876 0.405229 0.277778 0.444444 0.276144 0.472767 0.305556 0.518519 0.316993 0.544662 0.320261 0.544662 0.333333 0.492375 0.326797 0.472767 0.299020 0.427015 0.302288 0.407407 0.300654 0.372549 0.287582 0.359477 0.256536 0.357298
0 0.261438 0.337691 0.258170 0.357298 0.285948 0.359477 0.297386 0.368192 0.302288 0.381264 0.300654 0.433551 0.333333 0.485839 0.341503 0.485839 0.339869 0.448802 0.320261 0.392157 0.318627 0.342048 0.303922 0.333333
0 0.318627 0.570806 0.305556 0.579521 0.295752 0.594771 0.292484 0.679739 0.302288 0.701525 0.300654 0.708061 0.276144 0.738562 0.238562 0.823529 0.228758 0.858388 0.228758 0.908497 0.238562 0.976035 0.238562 1.000000 0.256536 1.000000 0.261438 0.995643 0.271242 1.000000 0.436275 1.000000 0.462418 0.989107 0.467320 0.991285 0.462418 0.982571 0.472222 0.976035 0.490196 0.952070 0.495098 0.938998 0.498366 0.915033 0.496732 0.840959 0.490196 0.814815 0.467320 0.769063 0.416667 0.699346 0.423203 0.664488 0.418301 0.590414 0.405229 0.572985 0.392157 0.568627 0.338235 0.566449
0 0.718954 0.342048 0.710784 0.337691 0.673203 0.337691 0.661765 0.346405 0.661765 0.400871 0.638889 0.442266 0.640523 0.483660 0.643791 0.492375 0.658497 0.492375 0.686275 0.446623 0.691176 0.429194 0.691176 0.379085 0.697712 0.368192 0.718954 0.363834 0.722222 0.359477
0 0.361111 0.442266 0.356209 0.455338 0.357843 0.490196 0.403595 0.490196 0.424837 0.498911 0.429739 0.505447 0.436275 0.531590 0.436275 0.577342 0.431373 0.590414 0.431373 0.603486 0.467320 0.655773 0.485294 0.701525 0.491830 0.703704 0.495098 0.686275 0.493464 0.651416 0.483660 0.603486 0.473856 0.581699 0.437908 0.527233 0.439542 0.514161 0.444444 0.507625 0.444444 0.459695 0.441176 0.448802 0.434641 0.440087 0.411765 0.435730 0.367647 0.437908
0 0.392157 0.359477 0.385621 0.368192 0.383987 0.389978 0.419935 0.392157 0.437908 0.398693 0.444444 0.411765 0.447712 0.440087 0.468954 0.466231 0.470588 0.477124 0.480392 0.492375 0.483660 0.511983 0.488562 0.514161 0.483660 0.488017 0.483660 0.459695 0.454248 0.407407 0.450980 0.368192 0.439542 0.359477
0 0.596405 0.363834 0.588235 0.359477 0.566993 0.359477 0.537582 0.368192 0.532680 0.385621 0.531046 0.446623 0.517974 0.461874 0.501634 0.494553 0.501634 0.522876 0.509804 0.518519 0.532680 0.483660 0.535948 0.472767 0.537582 0.409586 0.553922 0.396514 0.601307 0.396514 0.602941 0.376906
0 0.581699 0.337691 0.540850 0.335512 0.527778 0.344227 0.524510 0.403050 0.491830 0.461874 0.490196 0.488017 0.493464 0.505447 0.503268 0.498911 0.514706 0.472767 0.531046 0.453159 0.535948 0.416122 0.534314 0.387800 0.539216 0.370370 0.558824 0.361656 0.586601 0.361656 0.588235 0.348584
0 0.370915 0.398693 0.366013 0.409586 0.367647 0.440087 0.426471 0.437908 0.442810 0.450980 0.446078 0.498911 0.450980 0.507625 0.446078 0.509804 0.441176 0.527233 0.454248 0.555556 0.477124 0.586057 0.483660 0.588235 0.486928 0.559913 0.483660 0.535948 0.468954 0.514161 0.468954 0.466231 0.446078 0.435730 0.441176 0.403050 0.436275 0.396514 0.421569 0.392157 0.382353 0.392157
0 0.606209 0.398693 0.598039 0.394336 0.563725 0.394336 0.539216 0.405229 0.535948 0.427015 0.537582 0.474946 0.500000 0.540305 0.498366 0.607843 0.501634 0.620915 0.522876 0.572985 0.545752 0.549020 0.550654 0.538126 0.552288 0.525054 0.547386 0.507625 0.547386 0.488017 0.553922 0.448802 0.573529 0.437908 0.612745 0.435730 0.612745 0.411765
0 0.630719 0.442266 0.620915 0.437908 0.571895 0.437908 0.553922 0.446623 0.549020 0.464052 0.550654 0.533769 0.547386 0.544662 0.522876 0.572985 0.503268 0.623094 0.500000 0.653595 0.501634 0.697168 0.511438 0.688453 0.524510 0.651416 0.558824 0.605664 0.560458 0.586057 0.553922 0.566449 0.557190 0.516340 0.562092 0.505447 0.584967 0.492375 0.638889 0.492375 0.638889 0.459695
