1 0.624615 0.738594 0.610000 0.728730 0.594615 0.728730 0.582308 0.736128 0.574615 0.747226 0.570000 0.759556 0.566154 0.801480 0.566923 0.813810 0.558462 0.844636 0.553846 0.854501 0.553077 0.861899 0.554615 0.864365 0.615385 0.865598 0.625385 0.861899 0.625385 0.838471 0.633077 0.811344 0.636923 0.778052 0.632308 0.753391
1 0.797692 0.755857 0.786923 0.738594 0.773077 0.729963 0.761538 0.728730 0.753077 0.731196 0.743077 0.739827 0.735385 0.753391 0.730769 0.769420 0.724615 0.812577 0.713846 0.831073 0.696923 0.852035 0.693846 0.861899 0.730000 0.864365 0.775385 0.863132 0.784615 0.860666 0.785385 0.847102 0.800000 0.811344 0.803077 0.796547 0.803077 0.774353
1 0.968462 0.780518 0.957692 0.759556 0.949231 0.750925 0.933846 0.743527 0.923846 0.743527 0.915385 0.747226 0.908462 0.753391 0.900000 0.768187 0.889231 0.811344 0.880000 0.828607 0.860769 0.853268 0.860769 0.859433 0.936923 0.859433 0.949231 0.855734 0.954615 0.849568 0.970000 0.810111 0.970769 0.794081
1 0.207692 0.744760 0.199231 0.765721 0.196923 0.789149 0.201538 0.812577 0.215385 0.847102 0.219231 0.861899 0.236154 0.864365 0.246923 0.861899 0.289231 0.861899 0.287692 0.853268 0.280769 0.844636 0.280000 0.837238 0.273846 0.829840 0.270769 0.812577 0.269231 0.781751 0.264615 0.757090 0.255385 0.738594 0.241538 0.729963 0.226923 0.729963 0.220000 0.732429
1 0.070000 0.546239 0.062308 0.557337 0.055385 0.579531 0.056154 0.595561 0.063077 0.615290 0.078462 0.647349 0.081538 0.658446 0.086923 0.701603 0.093846 0.739827 0.112308 0.769420 0.125385 0.819975 0.133846 0.837238 0.150769 0.860666 0.199231 0.861899 0.209231 0.858200 0.210000 0.842170 0.198462 0.811344 0.195385 0.794081 0.195385 0.768187 0.196923 0.760789 0.203846 0.748459 0.202308 0.733662 0.173077 0.683107 0.166154 0.674476 0.140769 0.627620 0.133846 0.611591 0.125385 0.569667 0.115385 0.546239 0.108462 0.538841 0.100769 0.535142 0.088462 0.535142
1 0.118462 0.332922 0.103846 0.345253 0.099231 0.353884 0.095385 0.366215 0.095385 0.384710 0.107692 0.425401 0.114615 0.459926 0.118462 0.533909 0.121538 0.554871 0.131538 0.590629 0.133846 0.605425 0.141538 0.627620 0.156154 0.655980 0.190000 0.707768 0.198462 0.710234 0.219231 0.689273 0.229231 0.675709 0.234615 0.663379 0.239231 0.639951 0.238462 0.621455 0.223077 0.563502 0.212308 0.537608 0.199231 0.498150 0.173846 0.438964 0.165385 0.408138 0.162308 0.376079 0.156923 0.352651 0.146923 0.337855 0.138462 0.332922
1 0.095385 0.188656 0.088462 0.209618 0.088462 0.221948 0.094615 0.247842 0.107692 0.283600 0.115385 0.325524 0.122308 0.330456 0.138462 0.331689 0.146154 0.336621 0.156154 0.348952 0.162308 0.368681 0.166923 0.403206 0.180769 0.451295 0.202308 0.500617 0.204615 0.511714 0.211538 0.528977 0.217692 0.533909 0.217692 0.540074 0.223077 0.559803 0.233077 0.575832 0.237692 0.577065 0.238462 0.565968 0.241538 0.562269 0.241538 0.548705 0.243077 0.546239 0.243077 0.464858 0.240000 0.441430 0.230000 0.401973 0.216923 0.367448 0.201538 0.335388 0.155385 0.247842 0.150000 0.208385 0.144615 0.188656 0.138462 0.180025 0.126923 0.173859 0.110769 0.176326
1 0.258462 0.294698 0.244615 0.304562 0.235385 0.320592 0.233846 0.331689 0.235385 0.352651 0.244615 0.389642 0.249231 0.395808 0.247692 0.559803 0.246154 0.564735 0.245385 0.586930 0.246923 0.631319 0.252308 0.651048 0.261538 0.664612 0.275385 0.676942 0.283077 0.680641 0.313846 0.679408 0.335385 0.668311 0.352308 0.647349 0.358462 0.633785 0.361538 0.620222 0.363846 0.586930 0.356154 0.556104 0.346923 0.533909 0.338462 0.501850 0.329231 0.478422 0.300000 0.385943 0.296923 0.371147 0.295385 0.325524 0.292308 0.314427 0.280769 0.298397 0.271538 0.294698
1 0.340769 0.172626 0.329231 0.183724 0.321538 0.204686 0.322308 0.225647 0.331538 0.279901 0.331538 0.308261 0.329231 0.332922 0.327692 0.395808 0.324615 0.425401 0.324615 0.452528 0.329231 0.473490 0.348462 0.530210 0.353077 0.538841 0.360769 0.545006 0.366923 0.546239 0.372308 0.541307 0.374615 0.535142 0.380000 0.468557 0.379231 0.450062 0.381538 0.431566 0.382308 0.394575 0.378462 0.381011 0.373846 0.347719 0.373846 0.323058 0.377692 0.307028 0.385385 0.295931 0.386923 0.288533 0.383077 0.258940 0.383077 0.207152 0.377692 0.187423 0.373846 0.180025 0.366923 0.173859 0.359231 0.171393
1 0.396154 0.290999 0.383846 0.299630 0.376923 0.311961 0.375385 0.319359 0.375385 0.346486 0.383077 0.390875 0.383846 0.418002 0.374615 0.561036 0.367692 0.601726 0.368462 0.635018 0.375385 0.655980 0.390769 0.676942 0.414615 0.686806 0.440769 0.685573 0.452308 0.680641 0.463846 0.670777 0.480000 0.646116 0.487692 0.622688 0.488462 0.605425 0.486923 0.590629 0.475385 0.542540 0.470000 0.528977 0.467692 0.512947 0.438462 0.398274 0.436154 0.376079 0.436923 0.347719 0.435385 0.318126 0.425385 0.297164 0.409231 0.289766
1 0.064615 0.552404 0.055385 0.579531 0.056923 0.599260 0.060769 0.604192 0.064615 0.617756 0.070000 0.626387 0.070769 0.632552 0.077692 0.641184 0.085385 0.680641 0.086923 0.702836 0.093077 0.738594 0.095385 0.744760 0.100000 0.748459 0.109231 0.763255 0.116154 0.784217 0.120000 0.807645 0.126154 0.824908 0.131538 0.831073 0.133846 0.839704 0.144615 0.856967 0.150000 0.861899 0.177692 0.860666 0.207692 0.863132 0.211538 0.860666 0.212308 0.848335 0.200000 0.813810 0.195385 0.792848 0.196154 0.766954 0.203846 0.748459 0.203846 0.737361 0.171538 0.680641 0.156923 0.659679 0.154615 0.652281 0.140769 0.628853 0.133846 0.612824 0.123846 0.564735 0.116923 0.548705 0.103077 0.536375 0.087692 0.535142 0.072308 0.543773
1 0.529231 0.157830 0.513077 0.159063 0.503077 0.166461 0.497692 0.175092 0.493077 0.189889 0.493077 0.214550 0.496154 0.240444 0.494615 0.272503 0.476923 0.389642 0.470769 0.415536 0.467692 0.443896 0.463077 0.466091 0.463077 0.482121 0.469231 0.503083 0.470000 0.511714 0.477692 0.530210 0.483846 0.532676 0.489231 0.538841 0.506923 0.543773 0.520769 0.541307 0.526923 0.530210 0.532308 0.505549 0.533077 0.494451 0.537692 0.480888 0.553846 0.411837 0.557692 0.385943 0.554615 0.316893 0.546923 0.270037 0.547692 0.252774 0.553846 0.212084 0.553846 0.189889 0.545385 0.168927
1 0.604615 0.297164 0.591538 0.292232 0.573077 0.297164 0.562308 0.311961 0.557692 0.329223 0.557692 0.348952 0.560000 0.369914 0.559231 0.390875 0.553077 0.420469 0.546923 0.440197 0.545385 0.453761 0.532308 0.501850 0.530000 0.520345 0.522308 0.554871 0.514615 0.575832 0.508462 0.605425 0.514615 0.643650 0.520769 0.658446 0.524615 0.662145 0.530000 0.660912 0.539231 0.626387 0.539231 0.596794 0.541538 0.564735 0.550769 0.545006 0.565385 0.532676 0.583846 0.532676 0.599231 0.546239 0.607692 0.564735 0.609231 0.572133 0.608462 0.606658 0.602308 0.636252 0.604615 0.668311 0.606154 0.670777 0.610769 0.670777 0.623846 0.653514 0.627692 0.641184 0.630000 0.604192 0.626154 0.574599 0.623077 0.511714 0.620000 0.490752 0.613077 0.399507 0.613846 0.382244 0.620769 0.344020 0.620769 0.329223 0.616923 0.313194
1 0.672308 0.152898 0.658462 0.152898 0.650000 0.156597 0.641538 0.166461 0.637692 0.178792 0.635385 0.194821 0.636154 0.235512 0.634615 0.249075 0.620000 0.313194 0.623077 0.330456 0.623077 0.342787 0.616154 0.382244 0.616154 0.422935 0.624615 0.527744 0.626923 0.536375 0.632308 0.540074 0.647692 0.540074 0.660769 0.520345 0.664615 0.503083 0.673077 0.479655 0.693846 0.435265 0.698462 0.413070 0.694615 0.344020 0.686923 0.284834 0.686923 0.251541 0.694615 0.218249 0.696923 0.188656 0.693846 0.172626 0.683077 0.157830
1 0.592308 0.538841 0.580769 0.532676 0.562308 0.535142 0.549231 0.547472 0.542308 0.567201 0.540769 0.580764 0.540769 0.618989 0.536923 0.643650 0.506923 0.744760 0.503077 0.752158 0.496923 0.774353 0.491538 0.784217 0.491538 0.828607 0.493846 0.840937 0.501538 0.863132 0.506154 0.865598 0.543846 0.865598 0.548462 0.863132 0.561538 0.829840 0.564615 0.812577 0.566923 0.775586 0.572308 0.750925 0.584615 0.733662 0.596923 0.727497 0.604615 0.727497 0.608462 0.722565 0.606154 0.689273 0.601538 0.657213 0.601538 0.633785 0.607692 0.600493 0.608462 0.573366 0.602308 0.551171
1 0.755385 0.315660 0.749231 0.313194 0.728462 0.314427 0.720769 0.320592 0.715385 0.329223 0.710000 0.347719 0.707692 0.394575 0.700000 0.424168 0.673846 0.480888 0.661538 0.524044 0.655385 0.533909 0.649231 0.552404 0.642308 0.559803 0.646154 0.564735 0.639231 0.586930 0.640000 0.642417 0.644615 0.668311 0.648462 0.675709 0.650769 0.691739 0.658462 0.707768 0.663077 0.707768 0.670769 0.695438 0.671538 0.690506 0.687692 0.658446 0.710769 0.622688 0.716923 0.606658 0.720000 0.572133 0.728462 0.543773 0.736154 0.531443 0.744615 0.524044 0.757692 0.519112 0.760000 0.515413 0.759231 0.462392 0.761538 0.416769 0.772308 0.376079 0.774615 0.355117 0.771538 0.335388 0.763077 0.321825
1 0.778462 0.533909 0.766923 0.528977 0.763846 0.524044 0.748462 0.524044 0.735385 0.532676 0.727692 0.546239 0.721538 0.573366 0.720000 0.598027 0.716154 0.614057 0.689231 0.658446 0.677692 0.685573 0.663846 0.711467 0.643846 0.760789 0.640000 0.782984 0.640769 0.810111 0.646154 0.836005 0.657692 0.861899 0.681538 0.863132 0.691538 0.858200 0.709231 0.836005 0.723077 0.811344 0.730000 0.768187 0.737692 0.748459 0.743846 0.738594 0.755385 0.728730 0.773846 0.725031 0.775385 0.717633 0.773846 0.690506 0.774615 0.642417 0.777692 0.626387 0.784615 0.604192 0.787692 0.600493 0.791538 0.577065 0.787692 0.549938
1 0.881538 0.183724 0.869231 0.177559 0.856923 0.177559 0.844615 0.184957 0.836923 0.197287 0.828462 0.260173 0.819231 0.288533 0.798462 0.337855 0.781538 0.388409 0.774615 0.400740 0.766154 0.424168 0.761538 0.453761 0.763077 0.509248 0.767692 0.520345 0.777692 0.528977 0.783846 0.528977 0.787692 0.524044 0.797692 0.501850 0.801538 0.498150 0.834615 0.436498 0.844615 0.410604 0.846923 0.384710 0.854615 0.348952 0.860769 0.335388 0.874615 0.319359 0.876923 0.298397 0.882308 0.273736 0.896923 0.224414 0.896923 0.213317 0.894615 0.202219 0.886923 0.188656
1 0.900000 0.329223 0.891538 0.325524 0.874615 0.325524 0.867692 0.329223 0.859231 0.340321 0.852308 0.360049 0.847692 0.401973 0.842308 0.422935 0.820000 0.467324 0.793077 0.512947 0.786154 0.531443 0.786154 0.538841 0.792308 0.559803 0.793077 0.583231 0.787692 0.606658 0.782308 0.617756 0.776154 0.651048 0.776923 0.686806 0.780000 0.705302 0.780000 0.717633 0.782308 0.727497 0.785385 0.731196 0.791538 0.728730 0.823077 0.674476 0.849231 0.639951 0.866154 0.611591 0.875385 0.564735 0.892308 0.532676 0.893077 0.498150 0.900000 0.432799 0.905385 0.419236 0.917692 0.373613 0.917692 0.360049 0.913077 0.344020
1 0.935385 0.549938 0.923846 0.540074 0.910000 0.535142 0.892308 0.540074 0.886154 0.547472 0.875385 0.570900 0.872308 0.595561 0.866154 0.617756 0.820769 0.680641 0.796923 0.725031 0.793077 0.739827 0.803846 0.766954 0.805385 0.790382 0.802308 0.810111 0.790769 0.840937 0.790769 0.850801 0.796154 0.859433 0.846154 0.860666 0.856154 0.858200 0.871538 0.838471 0.883077 0.817509 0.889231 0.802713 0.890769 0.790382 0.898462 0.766954 0.912308 0.744760 0.913846 0.738594 0.916154 0.689273 0.913846 0.681874 0.914615 0.669544 0.913077 0.665845 0.914615 0.658446 0.933077 0.630086 0.944615 0.598027 0.946154 0.584464 0.944615 0.568434
1 0.043846 0.770654 0.040000 0.789149 0.041538 0.808878 0.053846 0.842170 0.063846 0.856967 0.090769 0.860666 0.143846 0.861899 0.143846 0.856967 0.139231 0.845869 0.133846 0.839704 0.120769 0.812577 0.116154 0.785450 0.110769 0.766954 0.106923 0.758323 0.096154 0.745993 0.086923 0.741060 0.065385 0.743527 0.055385 0.750925
1 0.369231 0.738594 0.361538 0.750925 0.356923 0.774353 0.357692 0.799014 0.360769 0.815043 0.367692 0.834772 0.369231 0.860666 0.380769 0.864365 0.403846 0.863132 0.425385 0.865598 0.436923 0.863132 0.436923 0.852035 0.430000 0.832306 0.427692 0.817509 0.427692 0.770654 0.424615 0.754624 0.420000 0.743527 0.409231 0.731196 0.396923 0.726264 0.383077 0.727497
