3 0.022989 0.715152 0.009195 0.725253 0.011494 0.757576 0.002299 0.771717 0.006897 0.886869 0.050575 0.905051 0.124138 0.903030 0.147126 0.894949 0.163218 0.880808 0.163218 0.767677 0.151724 0.753535 0.160920 0.739394 0.160920 0.723232 0.144828 0.713131 0.101149 0.707071 0.059770 0.707071
3 0.202299 0.711111 0.183908 0.723232 0.188506 0.757576 0.179310 0.773737 0.181609 0.884848 0.222989 0.905051 0.287356 0.905051 0.321839 0.890909 0.331034 0.876768 0.331034 0.773737 0.321839 0.755556 0.328736 0.725253 0.319540 0.715152 0.298851 0.709091 0.234483 0.707071
3 0.478161 0.713131 0.427586 0.707071 0.383908 0.709091 0.365517 0.713131 0.354023 0.721212 0.351724 0.745455 0.356322 0.755556 0.344828 0.769697 0.344828 0.882828 0.354023 0.890909 0.397701 0.905051 0.441379 0.905051 0.462069 0.901010 0.491954 0.886869 0.496552 0.777778 0.491954 0.763636 0.482759 0.755556 0.491954 0.741414 0.491954 0.723232
3 0.531034 0.713131 0.514943 0.723232 0.514943 0.743434 0.521839 0.755556 0.512644 0.769697 0.514943 0.886869 0.531034 0.896970 0.565517 0.905051 0.622989 0.903030 0.648276 0.892929 0.662069 0.880808 0.662069 0.769697 0.652874 0.757576 0.657471 0.741414 0.655172 0.719192 0.625287 0.709091 0.597701 0.707071
3 0.696552 0.713131 0.680460 0.727273 0.680460 0.741414 0.689655 0.753535 0.678161 0.769697 0.678161 0.884848 0.705747 0.901010 0.726437 0.905051 0.788506 0.903030 0.816092 0.892929 0.827586 0.876768 0.827586 0.769697 0.816092 0.753535 0.825287 0.733333 0.822989 0.723232 0.809195 0.715152 0.779310 0.709091 0.735632 0.707071
3 0.859770 0.715152 0.848276 0.725253 0.848276 0.741414 0.855172 0.753535 0.843678 0.765657 0.843678 0.882828 0.855172 0.892929 0.889655 0.905051 0.947126 0.905051 0.974713 0.896970 0.993103 0.882828 0.993103 0.769697 0.981609 0.755556 0.993103 0.733333 0.990805 0.719192 0.951724 0.709091 0.889655 0.709091
3 0.521839 0.094949 0.512644 0.107071 0.512644 0.123232 0.519540 0.135354 0.508046 0.147475 0.510345 0.258586 0.533333 0.272727 0.563218 0.278788 0.625287 0.276768 0.655172 0.264646 0.662069 0.256566 0.664368 0.151515 0.652874 0.135354 0.659770 0.109091 0.655172 0.096970 0.627586 0.090909 0.544828 0.090909
3 0.356322 0.303030 0.349425 0.313131 0.356322 0.339394 0.347126 0.353535 0.349425 0.466667 0.386207 0.482828 0.455172 0.482828 0.480460 0.474747 0.496552 0.460606 0.496552 0.351515 0.487356 0.339394 0.494253 0.323232 0.491954 0.305051 0.448276 0.294949 0.388506 0.294949
3 0.202299 0.296970 0.183908 0.309091 0.186207 0.341414 0.179310 0.355556 0.181609 0.464646 0.227586 0.484848 0.285057 0.484848 0.317241 0.474747 0.328736 0.466667 0.333333 0.436364 0.333333 0.355556 0.321839 0.337374 0.328736 0.321212 0.326437 0.305051 0.310345 0.296970 0.282759 0.292929
3 0.356322 0.094949 0.347126 0.107071 0.356322 0.133333 0.344828 0.145455 0.347126 0.258586 0.388506 0.278788 0.452874 0.278788 0.485057 0.266667 0.494253 0.252525 0.494253 0.149495 0.482759 0.133333 0.489655 0.117172 0.487356 0.098990 0.457471 0.090909 0.372414 0.090909
3 0.202299 0.092929 0.186207 0.103030 0.183908 0.117172 0.188506 0.135354 0.179310 0.149495 0.179310 0.248485 0.183908 0.260606 0.225287 0.278788 0.291954 0.278788 0.314943 0.270707 0.331034 0.260606 0.333333 0.151515 0.321839 0.135354 0.328736 0.121212 0.328736 0.101010 0.317241 0.092929 0.287356 0.088889
3 0.018391 0.094949 0.009195 0.103030 0.013793 0.133333 0.002299 0.147475 0.006897 0.260606 0.036782 0.276768 0.062069 0.280808 0.128736 0.278788 0.160920 0.264646 0.165517 0.258586 0.167816 0.149495 0.154023 0.133333 0.160920 0.115152 0.158621 0.101010 0.151724 0.094949 0.121839 0.090909 0.039080 0.090909
3 0.027586 0.296970 0.006897 0.313131 0.013793 0.337374 0.000000 0.357576 0.006897 0.464646 0.050575 0.484848 0.110345 0.484848 0.140230 0.476768 0.158621 0.464646 0.160920 0.353535 0.151724 0.339394 0.158621 0.321212 0.156322 0.305051 0.147126 0.298990 0.117241 0.292929 0.045977 0.292929
3 0.533333 0.296970 0.517241 0.305051 0.514943 0.325253 0.524138 0.337374 0.510345 0.359596 0.510345 0.456566 0.514943 0.468687 0.556322 0.484848 0.625287 0.482828 0.659770 0.464646 0.662069 0.357576 0.648276 0.339394 0.657471 0.327273 0.657471 0.305051 0.648276 0.298990 0.622989 0.294949
3 0.689655 0.094949 0.685057 0.098990 0.685057 0.119192 0.691954 0.131313 0.678161 0.147475 0.678161 0.244444 0.682759 0.260606 0.708046 0.274747 0.728736 0.278788 0.793103 0.276768 0.818391 0.266667 0.827586 0.258586 0.829885 0.248485 0.827586 0.143434 0.820690 0.135354 0.827586 0.123232 0.825287 0.098990 0.783908 0.088889 0.726437 0.088889
3 0.855172 0.096970 0.845977 0.109091 0.845977 0.123232 0.852874 0.133333 0.843678 0.147475 0.843678 0.248485 0.848276 0.260606 0.868966 0.272727 0.889655 0.276768 0.954023 0.276768 0.983908 0.264646 0.993103 0.250505 0.993103 0.145455 0.981609 0.131313 0.988506 0.119192 0.988506 0.103030 0.977011 0.094949 0.951724 0.090909 0.880460 0.090909
3 0.694253 0.296970 0.680460 0.309091 0.680460 0.323232 0.687356 0.335354 0.678161 0.351515 0.678161 0.454545 0.682759 0.468687 0.717241 0.482828 0.747126 0.484848 0.786207 0.482828 0.818391 0.470707 0.827586 0.460606 0.827586 0.351515 0.820690 0.343434 0.827586 0.319192 0.825287 0.307071 0.816092 0.298990 0.786207 0.292929 0.733333 0.290909
3 0.859770 0.298990 0.845977 0.313131 0.845977 0.323232 0.855172 0.337374 0.843678 0.357576 0.848276 0.466667 0.891954 0.484848 0.940230 0.484848 0.974713 0.476768 0.990805 0.466667 0.993103 0.351515 0.986207 0.341414 0.990805 0.307071 0.977011 0.298990 0.914943 0.292929
3 0.016092 0.507071 0.006897 0.521212 0.013793 0.545455 0.004598 0.559596 0.006897 0.674747 0.041379 0.688889 0.064368 0.690909 0.131034 0.688889 0.154023 0.678788 0.163218 0.670707 0.165517 0.567677 0.154023 0.547475 0.160920 0.531313 0.158621 0.511111 0.142529 0.503030 0.105747 0.498990 0.052874 0.498990
3 0.195402 0.507071 0.183908 0.521212 0.190805 0.543434 0.179310 0.561616 0.183908 0.672727 0.211494 0.688889 0.232184 0.692929 0.285057 0.692929 0.319540 0.680808 0.331034 0.668687 0.331034 0.563636 0.321839 0.545455 0.328736 0.529293 0.326437 0.513131 0.305747 0.503030 0.268966 0.498990 0.218391 0.501010
3 0.365517 0.503030 0.349425 0.517172 0.349425 0.533333 0.356322 0.543434 0.347126 0.557576 0.349425 0.672727 0.365517 0.682828 0.397701 0.690909 0.450575 0.690909 0.482759 0.680808 0.491954 0.674747 0.496552 0.656566 0.496552 0.559596 0.485057 0.545455 0.491954 0.529293 0.491954 0.513131 0.480460 0.505051 0.459770 0.501010 0.413793 0.498990
3 0.531034 0.505051 0.514943 0.515152 0.512644 0.523232 0.519540 0.543434 0.510345 0.561616 0.514943 0.674747 0.551724 0.690909 0.620690 0.690909 0.648276 0.680808 0.662069 0.664646 0.662069 0.563636 0.650575 0.547475 0.657471 0.531313 0.657471 0.515152 0.645977 0.507071 0.606897 0.501010
3 0.809195 0.505051 0.760920 0.498990 0.717241 0.501010 0.691954 0.507071 0.680460 0.515152 0.678161 0.533333 0.685057 0.549495 0.678161 0.559596 0.678161 0.670707 0.687356 0.678788 0.721839 0.690909 0.781609 0.690909 0.813793 0.680808 0.825287 0.670707 0.827586 0.557576 0.816092 0.545455 0.822989 0.535354 0.822989 0.515152
3 0.855172 0.509091 0.843678 0.521212 0.843678 0.533333 0.852874 0.545455 0.843678 0.559596 0.845977 0.672727 0.868966 0.686869 0.898851 0.692929 0.954023 0.690909 0.977011 0.682828 0.993103 0.670707 0.995402 0.656566 0.993103 0.557576 0.983908 0.545455 0.993103 0.529293 0.990805 0.513131 0.956322 0.501010 0.885057 0.501010
