5 0.220000 0.461333 0.206667 0.464000 0.200000 0.470667 0.201333 0.528000 0.193333 0.542667 0.200000 0.685333 0.212000 0.857333 0.220000 0.865333 0.242667 0.868000 0.265333 0.860000 0.272000 0.850667 0.262667 0.546667 0.258667 0.534667 0.252000 0.526667 0.248000 0.469333 0.240000 0.462667
5 0.921333 0.297333 0.866667 0.297333 0.861333 0.313333 0.858667 0.344000 0.848000 0.360000 0.844000 0.372000 0.809333 0.736000 0.812000 0.762667 0.826667 0.772000 0.844000 0.777333 0.874667 0.776000 0.880000 0.772000 0.884000 0.761333 0.896000 0.644000 0.929333 0.382667 0.929333 0.365333 0.922667 0.354667 0.925333 0.301333
5 0.806667 0.494667 0.774667 0.494667 0.768000 0.500000 0.758667 0.564000 0.757333 0.669333 0.748000 0.781333 0.762667 0.790667 0.780000 0.793333 0.800000 0.790667 0.805333 0.781333 0.820000 0.624000 0.822667 0.565333 0.826667 0.538667 0.826667 0.504000 0.818667 0.497333
5 0.816000 0.290667 0.770667 0.290667 0.766667 0.296000 0.762667 0.328000 0.754667 0.338667 0.752000 0.348000 0.740000 0.517333 0.742667 0.542667 0.740000 0.608000 0.753333 0.610667 0.756000 0.606667 0.758667 0.549333 0.768000 0.498667 0.778667 0.493333 0.810667 0.494667 0.814667 0.486667 0.820000 0.418667 0.828000 0.366667 0.828000 0.341333 0.821333 0.326667 0.822667 0.297333
5 0.714667 0.298667 0.674667 0.298667 0.672000 0.301333 0.666667 0.341333 0.660000 0.349333 0.657333 0.358667 0.650667 0.462667 0.652000 0.522667 0.646667 0.641333 0.656000 0.617333 0.657333 0.602667 0.664000 0.582667 0.676000 0.573333 0.678667 0.541333 0.690667 0.528000 0.694667 0.500000 0.700000 0.492000 0.717333 0.489333 0.720000 0.485333 0.730667 0.353333 0.725333 0.342667 0.725333 0.302667
5 0.722667 0.490667 0.702667 0.490667 0.697333 0.494667 0.690667 0.528000 0.680000 0.538667 0.677333 0.572000 0.682667 0.585333 0.682667 0.605333 0.686667 0.622667 0.685333 0.701333 0.681333 0.730667 0.680000 0.784000 0.688000 0.790667 0.701333 0.790667 0.721333 0.629333 0.725333 0.617333 0.736000 0.612000 0.738667 0.598667 0.741333 0.542667 0.730667 0.529333 0.730667 0.497333
5 0.742667 0.613333 0.728000 0.614667 0.722667 0.622667 0.704000 0.773333 0.701333 0.844000 0.706667 0.850667 0.716000 0.854667 0.730667 0.854667 0.738667 0.845333 0.740000 0.808000 0.756000 0.672000 0.756000 0.624000 0.752000 0.617333
5 0.677333 0.578667 0.669333 0.578667 0.664000 0.584000 0.661333 0.602667 0.653333 0.624000 0.648000 0.661333 0.638667 0.846667 0.642667 0.853333 0.653333 0.857333 0.670667 0.856000 0.676000 0.848000 0.678667 0.758667 0.686667 0.640000 0.682667 0.588000
5 0.617333 0.456000 0.608000 0.461333 0.608000 0.481333 0.597333 0.496000 0.593333 0.605333 0.596000 0.608000 0.616000 0.609333 0.624000 0.620000 0.617333 0.788000 0.628000 0.789333 0.636000 0.784000 0.638667 0.772000 0.644000 0.620000 0.652000 0.496000 0.648000 0.485333 0.641333 0.481333 0.642667 0.462667 0.637333 0.457333
5 0.609333 0.608000 0.594667 0.608000 0.590667 0.612000 0.586667 0.625333 0.576000 0.840000 0.577333 0.850667 0.581333 0.854667 0.597333 0.858667 0.608000 0.856000 0.612000 0.850667 0.618667 0.740000 0.622667 0.616000 0.618667 0.610667
5 0.613333 0.236000 0.588000 0.236000 0.580000 0.240000 0.577333 0.246667 0.578667 0.268000 0.556000 0.286667 0.552000 0.309333 0.550667 0.394667 0.564000 0.400000 0.569333 0.405333 0.572000 0.440000 0.581333 0.456000 0.578667 0.552000 0.572000 0.648000 0.570667 0.729333 0.573333 0.732000 0.577333 0.732000 0.582667 0.645333 0.586667 0.613333 0.592000 0.608000 0.596000 0.496000 0.604000 0.481333 0.608000 0.462667 0.613333 0.457333 0.633333 0.454667 0.636000 0.452000 0.645333 0.296000 0.644000 0.289333 0.621333 0.270667 0.620000 0.264000 0.624000 0.254667 0.624000 0.242667
5 0.538667 0.400000 0.533333 0.408000 0.530667 0.440000 0.521333 0.449333 0.518667 0.457333 0.517333 0.581333 0.520000 0.586667 0.536000 0.586667 0.541333 0.598667 0.546667 0.636000 0.545333 0.785333 0.554667 0.786667 0.564000 0.781333 0.566667 0.766667 0.569333 0.662667 0.577333 0.568000 0.580000 0.454667 0.570667 0.442667 0.568000 0.402667 0.557333 0.398667
5 0.521333 0.586667 0.517333 0.596000 0.516000 0.622667 0.508000 0.656000 0.509333 0.685333 0.504000 0.846667 0.512000 0.856000 0.530667 0.857333 0.540000 0.849333 0.546667 0.646667 0.538667 0.590667 0.534667 0.586667
5 0.469333 0.421333 0.454667 0.424000 0.450667 0.436000 0.460000 0.449333 0.462667 0.476000 0.474667 0.490667 0.474667 0.788000 0.477333 0.792000 0.490667 0.792000 0.500000 0.786667 0.502667 0.774667 0.504000 0.689333 0.506667 0.682667 0.504000 0.646667 0.508000 0.620000 0.509333 0.466667 0.506667 0.460000 0.492000 0.448000 0.493333 0.428000 0.486667 0.422667
5 0.438667 0.233333 0.436000 0.273333 0.426667 0.284000 0.422667 0.297333 0.425333 0.440000 0.430667 0.441333 0.449333 0.437333 0.453333 0.425333 0.457333 0.422667 0.486667 0.422667 0.494667 0.432000 0.494667 0.450667 0.501333 0.457333 0.508000 0.458667 0.510667 0.452000 0.514667 0.290667 0.501333 0.272000 0.501333 0.237333 0.498667 0.234667
5 0.372000 0.266667 0.353333 0.266667 0.349333 0.269333 0.345333 0.305333 0.329333 0.318667 0.329333 0.386667 0.332000 0.398667 0.338667 0.398667 0.348000 0.390667 0.346667 0.373333 0.352000 0.369333 0.386667 0.368000 0.400000 0.370667 0.401333 0.322667 0.384000 0.305333 0.380000 0.272000
5 0.352000 0.369333 0.348000 0.372000 0.349333 0.389333 0.340000 0.398667 0.329333 0.402667 0.324000 0.410667 0.322667 0.429333 0.329333 0.760000 0.333333 0.781333 0.340000 0.786667 0.344000 0.785333 0.345333 0.689333 0.352000 0.665333 0.366667 0.660000 0.373333 0.668000 0.376000 0.684000 0.378667 0.790667 0.382667 0.794667 0.388000 0.794667 0.406667 0.788000 0.410667 0.780000 0.412000 0.494667 0.421333 0.478667 0.421333 0.412000 0.414667 0.402667 0.401333 0.393333 0.400000 0.384000 0.402667 0.376000 0.398667 0.370667 0.393333 0.368000
5 0.358667 0.662667 0.352000 0.666667 0.349333 0.681333 0.348000 0.821333 0.349333 0.853333 0.354667 0.858667 0.365333 0.860000 0.372000 0.857333 0.377333 0.849333 0.377333 0.738667 0.372000 0.673333 0.365333 0.662667
5 0.293333 0.574667 0.282667 0.594667 0.281333 0.610667 0.286667 0.744000 0.286667 0.857333 0.293333 0.865333 0.312000 0.866667 0.318667 0.864000 0.326667 0.852000 0.321333 0.681333 0.314667 0.634667 0.312000 0.589333 0.302667 0.574667
5 0.222667 0.326667 0.212000 0.333333 0.216000 0.454667 0.218667 0.460000 0.241333 0.462667 0.248000 0.469333 0.252000 0.521333 0.262667 0.542667 0.273333 0.789333 0.280000 0.792000 0.284000 0.781333 0.281333 0.596000 0.284000 0.586667 0.294667 0.573333 0.302667 0.574667 0.309333 0.581333 0.312000 0.580000 0.309333 0.421333 0.304000 0.337333 0.296000 0.326667
5 0.260000 0.246667 0.220000 0.248000 0.217333 0.250667 0.217333 0.258667 0.222667 0.266667 0.222667 0.280000 0.214667 0.286667 0.200000 0.292000 0.206667 0.441333 0.210667 0.458667 0.214667 0.458667 0.216000 0.449333 0.210667 0.345333 0.213333 0.332000 0.221333 0.326667 0.289333 0.325333 0.292000 0.322667 0.290667 0.293333 0.268000 0.274667 0.265333 0.266667 0.266667 0.250667
5 0.113333 0.288000 0.109333 0.292000 0.109333 0.337333 0.094667 0.349333 0.122667 0.740000 0.125333 0.754667 0.130667 0.760000 0.148000 0.765333 0.164000 0.765333 0.186667 0.757333 0.194667 0.749333 0.197333 0.738667 0.180000 0.353333 0.176000 0.344000 0.164000 0.334667 0.157333 0.290667 0.144000 0.286667
