1 0.177500 0.063565 0.156500 0.063565 0.150500 0.065531 0.149000 0.068152 0.147500 0.090433 0.147500 0.142857 0.145500 0.167759 0.142500 0.180210 0.139500 0.201835 0.125500 0.252294 0.122500 0.287680 0.124000 0.357143 0.123000 0.374836 0.123500 0.420052 0.122000 0.444954 0.122500 0.460026 0.124500 0.467890 0.130000 0.475098 0.142000 0.480341 0.158000 0.482307 0.160000 0.479030 0.160500 0.468545 0.162000 0.462647 0.168500 0.456750 0.195500 0.456094 0.201000 0.457405 0.204000 0.462647 0.205500 0.471822 0.209000 0.471822 0.213500 0.467890 0.216500 0.460026 0.216500 0.406291 0.215500 0.391219 0.216500 0.343381 0.213500 0.269332 0.209500 0.244430 0.203500 0.220839 0.199000 0.209699 0.196500 0.199869 0.190000 0.163172 0.188000 0.136959 0.187500 0.103539 0.188500 0.095020 0.187000 0.070773 0.185000 0.066186
1 0.062000 0.041284 0.055500 0.042595 0.052000 0.046527 0.050500 0.075360 0.052500 0.080603 0.053000 0.096330 0.051000 0.137615 0.048500 0.155963 0.049000 0.161861 0.043000 0.196592 0.040000 0.203801 0.038500 0.216907 0.031500 0.245085 0.026000 0.290301 0.027500 0.329620 0.027000 0.433159 0.028000 0.435125 0.027500 0.448231 0.028500 0.450852 0.027000 0.454784 0.027500 0.465269 0.032000 0.475754 0.040500 0.479030 0.069000 0.482307 0.092000 0.481651 0.108000 0.477064 0.116000 0.467890 0.117000 0.446920 0.116000 0.439712 0.117000 0.429227 0.115500 0.350590 0.117000 0.330275 0.116500 0.274574 0.112000 0.258847 0.109000 0.235256 0.097500 0.177588 0.094000 0.150066 0.090500 0.085845 0.093000 0.076016 0.093000 0.064220 0.091000 0.056356 0.092000 0.048493 0.087500 0.042595 0.080500 0.041284
1 0.243500 0.055046 0.239000 0.057012 0.238000 0.074050 0.236000 0.082569 0.236000 0.093054 0.237500 0.095675 0.238000 0.107471 0.234000 0.157274 0.230000 0.175623 0.228000 0.179554 0.225000 0.192005 0.220000 0.203145 0.217000 0.216252 0.212000 0.228702 0.211500 0.244430 0.214000 0.254260 0.217000 0.276540 0.218500 0.309305 0.219000 0.418087 0.220000 0.441678 0.219000 0.468545 0.220000 0.470511 0.224000 0.472477 0.241500 0.467890 0.266500 0.468545 0.272500 0.469856 0.278500 0.473788 0.288000 0.472477 0.293000 0.467235 0.292500 0.322412 0.293500 0.254260 0.295500 0.222805 0.289000 0.200524 0.284000 0.189384 0.277500 0.157929 0.276000 0.135649 0.276000 0.096986 0.278000 0.091743 0.276500 0.076016 0.277000 0.059633 0.275000 0.056356 0.270000 0.055046
1 0.330500 0.062254 0.324000 0.064875 0.323000 0.067497 0.323500 0.072739 0.321000 0.083224 0.320500 0.094364 0.323500 0.103539 0.321500 0.121887 0.319500 0.157929 0.314000 0.172346 0.309000 0.198558 0.306000 0.203801 0.297500 0.235911 0.296000 0.283093 0.296500 0.354522 0.295500 0.378113 0.297000 0.438401 0.296500 0.460026 0.299000 0.463958 0.298500 0.466579 0.299500 0.466579 0.299500 0.463958 0.306500 0.457405 0.327500 0.456094 0.341000 0.458060 0.344500 0.462647 0.346500 0.478375 0.348500 0.481651 0.352000 0.484273 0.368500 0.482962 0.380500 0.476409 0.384000 0.467235 0.383000 0.442988 0.384500 0.437090 0.385000 0.353211 0.386500 0.318480 0.385500 0.307995 0.386500 0.287680 0.386500 0.250328 0.385500 0.237877 0.382500 0.220839 0.375500 0.199214 0.374500 0.191350 0.369000 0.174312 0.363500 0.151376 0.361500 0.127785 0.361500 0.099607 0.363000 0.093709 0.361000 0.073394 0.361500 0.067497 0.360000 0.064220 0.357500 0.062910
1 0.434000 0.055701 0.400500 0.055701 0.396000 0.063565 0.396000 0.068807 0.398000 0.072739 0.396000 0.087156 0.397500 0.100262 0.395000 0.141547 0.390000 0.168414 0.384000 0.186107 0.382000 0.198558 0.382000 0.208388 0.388500 0.230668 0.390000 0.247051 0.390500 0.325688 0.387500 0.451507 0.389000 0.466579 0.394000 0.468545 0.397500 0.467890 0.399000 0.456094 0.403000 0.453473 0.413000 0.450852 0.433000 0.450852 0.442000 0.452818 0.447000 0.455439 0.448000 0.454128 0.449000 0.444954 0.449500 0.404325 0.450500 0.396461 0.450000 0.297510 0.449000 0.279161 0.450500 0.272608 0.451500 0.243119 0.455000 0.215596 0.452500 0.199869 0.446000 0.180210 0.444500 0.169725 0.441000 0.158585 0.437500 0.119266 0.437500 0.096330 0.438500 0.093054 0.438000 0.072084 0.439500 0.066841 0.437500 0.059633
1 0.486500 0.062254 0.479000 0.064220 0.477000 0.068152 0.477000 0.080603 0.475500 0.089777 0.477000 0.116645 0.475000 0.144823 0.472500 0.159895 0.469500 0.170380 0.468000 0.184142 0.462000 0.204456 0.458000 0.223460 0.455500 0.228702 0.453500 0.240498 0.453500 0.275229 0.452500 0.279161 0.453500 0.398427 0.452500 0.407602 0.453000 0.439712 0.452000 0.456750 0.453500 0.471166 0.457500 0.476409 0.462000 0.479685 0.472500 0.483617 0.501500 0.484928 0.504500 0.483617 0.506500 0.479030 0.506500 0.468545 0.504500 0.460026 0.504500 0.448231 0.506500 0.441022 0.506500 0.430537 0.508000 0.426606 0.511500 0.423329 0.517000 0.422018 0.542500 0.422674 0.545500 0.421363 0.546000 0.419397 0.544500 0.338794 0.546000 0.278506 0.544500 0.275229 0.543500 0.252294 0.541500 0.235256 0.538000 0.218873 0.523000 0.165138 0.519500 0.145478 0.517000 0.114024 0.518000 0.091743 0.516000 0.079948 0.515500 0.065531 0.514500 0.063565 0.508000 0.062254
1 0.584500 0.049803 0.580000 0.051114 0.578500 0.053735 0.577500 0.066841 0.575500 0.075360 0.578000 0.094364 0.578000 0.126474 0.574000 0.171035 0.569500 0.190039 0.561000 0.214941 0.555500 0.227392 0.552000 0.243119 0.550500 0.256225 0.549000 0.289646 0.550000 0.349279 0.549500 0.407602 0.550000 0.423984 0.552000 0.432503 0.552000 0.443644 0.551000 0.446265 0.552500 0.470511 0.556000 0.476409 0.569000 0.482307 0.584500 0.484273 0.611000 0.484273 0.615000 0.479685 0.616500 0.471166 0.616000 0.453473 0.615000 0.452163 0.614500 0.443644 0.616000 0.435125 0.616000 0.425295 0.618000 0.416776 0.619500 0.414810 0.639500 0.411533 0.643000 0.405636 0.642500 0.384666 0.643500 0.359764 0.642500 0.345347 0.643500 0.342726 0.643500 0.328309 0.642500 0.321756 0.644000 0.311271 0.643500 0.251638 0.641000 0.235256 0.625500 0.190695 0.620000 0.161206 0.617500 0.128440 0.617000 0.102883 0.619000 0.074705 0.616000 0.053080 0.608000 0.049148
1 0.687000 0.067497 0.680500 0.068807 0.676500 0.072739 0.676500 0.081913 0.674500 0.094364 0.674500 0.101573 0.676500 0.110092 0.676000 0.127785 0.671000 0.171691 0.668000 0.186107 0.656500 0.220839 0.649500 0.252294 0.649000 0.323722 0.650000 0.329620 0.649500 0.357143 0.651000 0.363041 0.650500 0.382045 0.652000 0.404325 0.655500 0.412844 0.660500 0.418742 0.663500 0.425950 0.663000 0.468545 0.664500 0.479685 0.666000 0.481651 0.679500 0.483617 0.706500 0.483617 0.712500 0.480341 0.718500 0.468545 0.720500 0.454784 0.726000 0.435125 0.726500 0.424640 0.728000 0.419397 0.728500 0.402359 0.727000 0.385976 0.728000 0.365007 0.731500 0.358453 0.739000 0.353211 0.742000 0.349279 0.743500 0.335518 0.742000 0.256881 0.737500 0.230013 0.722500 0.180210 0.718000 0.157929 0.714500 0.121887 0.714500 0.107471 0.717000 0.101573 0.716500 0.085190 0.714500 0.079948 0.715500 0.072739 0.713000 0.069463 0.707000 0.067497
1 0.791000 0.039974 0.787000 0.041284 0.786000 0.058322 0.784500 0.065531 0.785000 0.076016 0.786500 0.079948 0.785500 0.082569 0.781500 0.138270 0.777500 0.157274 0.765500 0.182176 0.758500 0.210354 0.757500 0.245085 0.759000 0.258847 0.758500 0.263434 0.760500 0.274574 0.759000 0.280472 0.759000 0.296199 0.761500 0.306684 0.760000 0.309305 0.759000 0.319135 0.760000 0.322412 0.760000 0.334207 0.761500 0.336828 0.761000 0.351245 0.762000 0.353211 0.771000 0.357798 0.775000 0.361730 0.774000 0.376147 0.775000 0.380079 0.775000 0.397117 0.773500 0.406291 0.773500 0.417431 0.775500 0.429882 0.775000 0.436435 0.777500 0.445609 0.778000 0.452163 0.780000 0.457405 0.782500 0.476409 0.785500 0.482307 0.790500 0.484928 0.834000 0.484273 0.836500 0.481651 0.840500 0.450852 0.842500 0.442333 0.843500 0.410878 0.843000 0.362385 0.844500 0.338139 0.846500 0.329620 0.847500 0.253604 0.850500 0.245740 0.850500 0.212320 0.848000 0.197248 0.844000 0.182176 0.832500 0.157929 0.828500 0.142202 0.826500 0.121887 0.825000 0.082569 0.824000 0.080603 0.827000 0.069463 0.826000 0.056356 0.824000 0.049148 0.825000 0.044561 0.822500 0.040629
1 0.916500 0.045872 0.909000 0.047837 0.907500 0.051114 0.906000 0.076016 0.908500 0.088467 0.907500 0.092398 0.907500 0.117955 0.905500 0.154653 0.903500 0.165138 0.902500 0.180210 0.899500 0.192005 0.897500 0.209043 0.894500 0.222149 0.892000 0.227392 0.890500 0.238532 0.888000 0.244430 0.882500 0.268021 0.879500 0.300131 0.880500 0.331586 0.883000 0.336173 0.889000 0.337484 0.892000 0.344692 0.892500 0.357798 0.894000 0.364351 0.892000 0.376147 0.891500 0.389253 0.892000 0.420052 0.895000 0.435125 0.899500 0.475098 0.907000 0.482962 0.940000 0.483617 0.957500 0.482307 0.963500 0.478375 0.967000 0.477720 0.972000 0.466579 0.972500 0.454784 0.969500 0.450852 0.972000 0.430537 0.972000 0.422674 0.970500 0.415465 0.971500 0.413499 0.972500 0.391874 0.971000 0.386632 0.972500 0.359764 0.971500 0.357798 0.972000 0.327654 0.971000 0.323722 0.972500 0.306029 0.971500 0.278506 0.968000 0.256225 0.962500 0.235911 0.959500 0.217562 0.953500 0.196592 0.951500 0.169725 0.948500 0.158585 0.947000 0.098296 0.945500 0.086501 0.949000 0.075360 0.947000 0.064220 0.947500 0.060944 0.946000 0.057012 0.946500 0.051769 0.944500 0.047837 0.934000 0.045216
1 0.088500 0.497379 0.085000 0.498689 0.080000 0.498034 0.077000 0.500000 0.068000 0.501311 0.065000 0.506553 0.063500 0.522280 0.064500 0.562910 0.062500 0.607471 0.058000 0.644823 0.056000 0.650066 0.053000 0.670380 0.047500 0.688729 0.040500 0.735256 0.041500 0.811927 0.042500 0.813893 0.042000 0.826999 0.043000 0.830931 0.042500 0.903670 0.043500 0.908912 0.043000 0.928571 0.044000 0.940367 0.047000 0.948231 0.049500 0.950852 0.058000 0.953473 0.079500 0.956750 0.103500 0.956094 0.124000 0.951507 0.130500 0.947575 0.132500 0.944299 0.135000 0.929227 0.133000 0.848624 0.133500 0.741809 0.132500 0.720183 0.126500 0.688729 0.118500 0.660550 0.113500 0.634993 0.109500 0.604194 0.106000 0.557012 0.106000 0.540629 0.108000 0.531455 0.106000 0.504587 0.104000 0.500655
1 0.173000 0.459371 0.166000 0.462647 0.163000 0.471166 0.163000 0.479030 0.160500 0.487549 0.161000 0.496723 0.163000 0.501966 0.159500 0.551769 0.152000 0.585190 0.150000 0.588467 0.143500 0.615334 0.141500 0.619921 0.137500 0.649410 0.137500 0.684797 0.139500 0.693316 0.139000 0.702490 0.141000 0.730668 0.141000 0.774574 0.139000 0.821101 0.139000 0.939712 0.142500 0.946920 0.150500 0.952163 0.172000 0.955439 0.191000 0.955439 0.202000 0.953473 0.203500 0.951507 0.204000 0.836828 0.204500 0.814548 0.205500 0.810616 0.205000 0.783748 0.206000 0.780472 0.203500 0.699214 0.204500 0.689384 0.204500 0.664482 0.207500 0.642202 0.212500 0.618611 0.217500 0.601573 0.217500 0.593054 0.210500 0.570773 0.206500 0.552425 0.204000 0.528834 0.203500 0.500000 0.204500 0.480996 0.202000 0.462647 0.195500 0.460026
1 0.244500 0.470511 0.236500 0.471822 0.232500 0.477720 0.231500 0.496068 0.229000 0.500655 0.231000 0.519004 0.231000 0.535387 0.228000 0.568152 0.225500 0.581913 0.220500 0.595675 0.218000 0.608126 0.216000 0.612058 0.212000 0.627785 0.206500 0.663172 0.207000 0.726081 0.209500 0.758847 0.209500 0.795544 0.206500 0.874836 0.207000 0.954128 0.211500 0.965924 0.218000 0.969201 0.241500 0.972477 0.273000 0.971822 0.289500 0.967235 0.296500 0.961337 0.299000 0.952163 0.298000 0.923984 0.299000 0.920708 0.298000 0.908912 0.299000 0.857143 0.294500 0.782438 0.294500 0.743775 0.299000 0.667759 0.294500 0.636304 0.283000 0.597641 0.280000 0.583879 0.278000 0.579948 0.275500 0.566186 0.273000 0.526868 0.274500 0.499345 0.272500 0.487549 0.272000 0.475754 0.265000 0.471166
1 0.314000 0.459371 0.305500 0.461992 0.302500 0.470511 0.303000 0.473788 0.301000 0.483617 0.301500 0.497379 0.303000 0.501966 0.302000 0.503932 0.300500 0.544561 0.296000 0.574705 0.290500 0.589122 0.287500 0.602228 0.288000 0.608126 0.295500 0.633683 0.301000 0.667759 0.299000 0.689384 0.301000 0.701180 0.299500 0.704456 0.298500 0.712320 0.297000 0.749017 0.297000 0.790957 0.302000 0.872215 0.301000 0.876147 0.301000 0.940367 0.302000 0.951507 0.306000 0.955439 0.341500 0.955439 0.356000 0.952163 0.365500 0.946265 0.368500 0.937090 0.370000 0.845347 0.367500 0.784404 0.365500 0.762779 0.366500 0.724115 0.368000 0.711009 0.368500 0.648755 0.365000 0.619921 0.348000 0.564875 0.344500 0.528178 0.343500 0.500655 0.345000 0.484928 0.342000 0.461992 0.337500 0.460682
1 0.406500 0.454784 0.404500 0.456750 0.400000 0.480996 0.400000 0.488860 0.402500 0.499345 0.402000 0.524246 0.397000 0.563565 0.389000 0.589122 0.376500 0.619921 0.373500 0.634993 0.372500 0.665138 0.375000 0.697903 0.375000 0.742464 0.373000 0.780472 0.374500 0.787680 0.375500 0.832241 0.375000 0.863041 0.373500 0.881389 0.373500 0.939056 0.374500 0.942988 0.377000 0.946265 0.389000 0.952818 0.407000 0.955439 0.443000 0.954784 0.460000 0.949541 0.467500 0.942988 0.469500 0.936435 0.469500 0.907602 0.470500 0.896461 0.469500 0.870249 0.469500 0.790957 0.470500 0.783093 0.469500 0.760813 0.469500 0.688729 0.471000 0.644823 0.468500 0.624509 0.460500 0.600262 0.453000 0.583224 0.446000 0.558978 0.444000 0.541940 0.442000 0.496068 0.444000 0.491481 0.444500 0.485583 0.444000 0.478375 0.440000 0.461992 0.440000 0.457405 0.438500 0.455439 0.434000 0.454128
1 0.525000 0.423984 0.516500 0.424640 0.510000 0.427261 0.508500 0.431193 0.508500 0.440367 0.507000 0.446265 0.508000 0.463303 0.507500 0.496723 0.504000 0.541940 0.497500 0.579292 0.492000 0.598296 0.489000 0.615334 0.484000 0.627785 0.476000 0.671691 0.474000 0.704456 0.474500 0.718218 0.473500 0.720839 0.474500 0.724771 0.473500 0.753604 0.474000 0.768021 0.475000 0.771298 0.474000 0.781127 0.474500 0.795544 0.473500 0.797510 0.473500 0.816514 0.474500 0.818480 0.473500 0.823067 0.475000 0.833552 0.475000 0.841415 0.474000 0.844037 0.474500 0.857143 0.473500 0.861075 0.474500 0.880079 0.473500 0.918742 0.475000 0.938401 0.478500 0.945609 0.485500 0.950852 0.494000 0.953473 0.514000 0.956094 0.540500 0.956094 0.560500 0.953473 0.569000 0.949541 0.577000 0.941022 0.579000 0.933814 0.579000 0.874836 0.580500 0.842071 0.579000 0.814548 0.580500 0.811271 0.579500 0.792923 0.580500 0.772608 0.579500 0.740498 0.580000 0.695282 0.578500 0.673657 0.571000 0.632372 0.564500 0.612058 0.563000 0.600262 0.556500 0.576671 0.550000 0.535387 0.547500 0.502621 0.548500 0.499345 0.547500 0.431193 0.545500 0.427261 0.541000 0.425295
1 0.627500 0.416121 0.619500 0.420708 0.618500 0.423984 0.619000 0.429882 0.617000 0.439056 0.618000 0.473788 0.614500 0.543906 0.611500 0.561599 0.608500 0.591743 0.603500 0.610747 0.598500 0.636959 0.596000 0.644168 0.593000 0.670380 0.590500 0.680210 0.587000 0.706422 0.586000 0.734600 0.587000 0.763434 0.586000 0.766710 0.585500 0.797510 0.586000 0.835518 0.585000 0.845347 0.585500 0.936435 0.587500 0.942988 0.590500 0.946920 0.601500 0.952163 0.621500 0.955439 0.663000 0.954784 0.678000 0.950852 0.685000 0.945609 0.687500 0.939712 0.688000 0.883355 0.689500 0.872870 0.689000 0.845347 0.690000 0.832896 0.689000 0.823722 0.689500 0.769332 0.688500 0.758191 0.689500 0.748362 0.688000 0.688729 0.686500 0.673657 0.678500 0.631062 0.676000 0.624509 0.670500 0.595020 0.668500 0.589122 0.664000 0.559633 0.660500 0.511796 0.658000 0.423984 0.654500 0.418087
1 0.744500 0.357798 0.736500 0.359109 0.734000 0.361730 0.733500 0.370249 0.731500 0.378768 0.732500 0.391219 0.731500 0.405636 0.732500 0.408912 0.724500 0.456750 0.717500 0.479685 0.713500 0.501966 0.711000 0.530144 0.708500 0.542595 0.708500 0.551114 0.703500 0.566186 0.702500 0.579948 0.697000 0.617300 0.697000 0.629751 0.701000 0.646134 0.702000 0.661861 0.700500 0.676278 0.696500 0.692005 0.695500 0.718218 0.696500 0.720839 0.695500 0.723460 0.696000 0.730013 0.695000 0.738532 0.695500 0.824377 0.694000 0.929227 0.695000 0.937090 0.697500 0.942988 0.701000 0.947575 0.712500 0.952163 0.732000 0.955439 0.765500 0.956094 0.778500 0.954784 0.788000 0.951507 0.795000 0.944954 0.797500 0.935780 0.799500 0.887942 0.798500 0.885321 0.798500 0.868283 0.799500 0.864351 0.798000 0.853866 0.798000 0.837484 0.799000 0.832896 0.797500 0.823067 0.798500 0.819135 0.797500 0.815203 0.798500 0.812582 0.798000 0.806029 0.799000 0.803408 0.798000 0.798820 0.798000 0.782438 0.799000 0.779161 0.798000 0.775885 0.799000 0.772608 0.798000 0.758847 0.799000 0.754915 0.798000 0.751638 0.799000 0.749017 0.798500 0.719528 0.799500 0.699869 0.798500 0.688073 0.794500 0.668414 0.794500 0.653997 0.799500 0.631717 0.799500 0.621232 0.798000 0.611402 0.797500 0.595675 0.796000 0.591743 0.789500 0.549803 0.784000 0.495413 0.780000 0.475098 0.774500 0.454784 0.772500 0.439056 0.771000 0.402359 0.770000 0.397772 0.770000 0.391219 0.771000 0.389253 0.770000 0.363696 0.768000 0.360419 0.765000 0.359109
1 0.858500 0.337484 0.852000 0.342071 0.850500 0.348624 0.849000 0.363696 0.848000 0.417431 0.846000 0.426606 0.842000 0.482962 0.839500 0.496723 0.836000 0.502621 0.832000 0.537353 0.830500 0.540629 0.831000 0.544561 0.826000 0.555046 0.826000 0.559633 0.821500 0.579292 0.818500 0.638270 0.817000 0.650066 0.818000 0.669725 0.817000 0.679554 0.817000 0.740498 0.818500 0.779161 0.817500 0.781782 0.817500 0.794889 0.816000 0.798820 0.817500 0.811271 0.814000 0.851245 0.813500 0.938401 0.819500 0.946920 0.830000 0.951507 0.854500 0.955439 0.875000 0.956094 0.904000 0.952163 0.912000 0.944954 0.914500 0.936435 0.916000 0.882045 0.915500 0.817169 0.914500 0.811927 0.915500 0.782438 0.914500 0.773919 0.916000 0.764089 0.915500 0.736566 0.916500 0.724115 0.915500 0.720183 0.915500 0.688729 0.917500 0.661861 0.918000 0.627130 0.916500 0.595675 0.912000 0.559633 0.909500 0.555701 0.906500 0.541284 0.904000 0.519659 0.901500 0.511140 0.901000 0.501966 0.898500 0.496068 0.897500 0.480341 0.895000 0.471166 0.892000 0.447575 0.889500 0.402359 0.891000 0.366972 0.889500 0.344037 0.888000 0.341415 0.881500 0.338139
