3 0.197500 0.780000 0.191875 0.783125 0.186875 0.790625 0.187500 0.801250 0.192500 0.806875 0.192500 0.810000 0.190000 0.812500 0.180625 0.816875 0.176875 0.823750 0.177500 0.962500 0.178750 0.965000 0.193125 0.976250 0.206250 0.983750 0.215000 0.986250 0.280000 0.986875 0.293750 0.985625 0.301250 0.983125 0.326875 0.967500 0.330000 0.960625 0.329375 0.826250 0.328125 0.821250 0.325000 0.817500 0.311875 0.810625 0.311875 0.806875 0.318125 0.802500 0.319375 0.800000 0.320000 0.791250 0.318750 0.787500 0.314375 0.783125 0.301875 0.778125 0.280000 0.775000 0.226875 0.774375 0.211875 0.776250
3 0.033750 0.271250 0.026250 0.275000 0.023125 0.278125 0.021250 0.283125 0.022500 0.293750 0.028125 0.298750 0.028750 0.303750 0.025625 0.306875 0.020625 0.306875 0.017500 0.308750 0.012500 0.315000 0.012500 0.420625 0.013750 0.452500 0.020625 0.460625 0.025625 0.461875 0.031875 0.467500 0.051875 0.476250 0.111250 0.476875 0.130625 0.475000 0.139375 0.468750 0.145000 0.467500 0.155000 0.460625 0.163125 0.451250 0.162500 0.314375 0.158750 0.310625 0.151250 0.308125 0.146250 0.308750 0.144375 0.299375 0.150000 0.295625 0.152500 0.291875 0.153750 0.285000 0.151875 0.279375 0.145625 0.273750 0.136250 0.270000 0.115000 0.266875 0.063750 0.266250 0.049375 0.267500
3 0.190000 0.275625 0.185625 0.282500 0.185625 0.290000 0.187500 0.295625 0.192500 0.300000 0.191875 0.303125 0.189375 0.305625 0.180000 0.308750 0.176250 0.313750 0.176250 0.448750 0.178125 0.455000 0.195000 0.466875 0.210000 0.474375 0.218750 0.476250 0.289375 0.476250 0.295000 0.475000 0.310625 0.466875 0.313125 0.463750 0.320625 0.460000 0.327500 0.452500 0.328750 0.444375 0.326875 0.315625 0.325000 0.311250 0.315000 0.305625 0.310625 0.306250 0.309375 0.303750 0.309375 0.299375 0.316875 0.291250 0.317500 0.286250 0.315000 0.278750 0.310000 0.274375 0.298750 0.270000 0.276250 0.266875 0.220625 0.266875 0.215625 0.268750 0.203750 0.270000
3 0.363125 0.271875 0.353750 0.277500 0.351250 0.281875 0.351250 0.291875 0.352500 0.295000 0.357500 0.299375 0.357500 0.302500 0.346250 0.307500 0.341875 0.314375 0.341875 0.450625 0.343750 0.455000 0.360625 0.467500 0.378750 0.475625 0.395000 0.476875 0.459375 0.475625 0.470625 0.468750 0.475625 0.467500 0.490625 0.455625 0.493125 0.451250 0.493750 0.441250 0.493125 0.320625 0.491250 0.311875 0.487500 0.308750 0.479375 0.305625 0.476250 0.302500 0.476250 0.299375 0.481875 0.294375 0.483125 0.291250 0.483125 0.283750 0.481250 0.278750 0.475625 0.273750 0.467500 0.270625 0.446250 0.266875 0.383750 0.266875
3 0.525000 0.273125 0.520000 0.276250 0.516250 0.281250 0.516250 0.292500 0.517500 0.295625 0.522500 0.299375 0.522500 0.302500 0.520000 0.305000 0.510000 0.309375 0.506875 0.313750 0.506875 0.450625 0.508750 0.455000 0.514375 0.460000 0.540000 0.474375 0.551875 0.476875 0.623750 0.475625 0.638750 0.468125 0.655625 0.455625 0.658125 0.447500 0.656875 0.313750 0.653750 0.309375 0.641250 0.303125 0.640625 0.299375 0.647500 0.291875 0.648125 0.283750 0.646250 0.279375 0.639375 0.273750 0.633750 0.271250 0.611875 0.266875 0.553750 0.266875 0.533125 0.270000
3 0.191875 0.018125 0.188750 0.021250 0.186250 0.026875 0.186250 0.034375 0.191250 0.043750 0.190625 0.047500 0.181875 0.051875 0.177500 0.056250 0.176250 0.060000 0.176250 0.194375 0.177500 0.198125 0.193125 0.210625 0.205000 0.217500 0.215000 0.220000 0.276875 0.221250 0.294375 0.219375 0.300625 0.216875 0.323125 0.201875 0.328125 0.195000 0.327500 0.061250 0.325625 0.056250 0.323125 0.053750 0.312500 0.049375 0.310625 0.046250 0.311875 0.040625 0.316250 0.036875 0.317500 0.033125 0.315625 0.023750 0.307500 0.016875 0.301875 0.016250 0.291875 0.012500 0.266250 0.009375 0.226250 0.010000 0.212500 0.011875
3 0.360000 0.016875 0.352500 0.023750 0.351250 0.028125 0.351875 0.037500 0.358750 0.045000 0.354375 0.049375 0.344375 0.053750 0.341875 0.064375 0.341875 0.193125 0.343125 0.198125 0.346250 0.201875 0.358750 0.210000 0.376875 0.219375 0.389375 0.220625 0.448750 0.220625 0.466875 0.216875 0.468750 0.214375 0.475625 0.211250 0.489375 0.201250 0.493125 0.195000 0.492500 0.060000 0.490000 0.055000 0.476250 0.048125 0.477500 0.041875 0.482500 0.036875 0.483125 0.028125 0.481875 0.024375 0.478750 0.020625 0.471875 0.016250 0.460625 0.013125 0.439375 0.010625 0.385000 0.011250
3 0.636250 0.016250 0.612500 0.011250 0.590000 0.010000 0.556875 0.010625 0.540625 0.012500 0.525000 0.016875 0.516875 0.024375 0.516250 0.035000 0.522500 0.044375 0.522500 0.046250 0.520000 0.049375 0.510000 0.053750 0.506875 0.060000 0.506875 0.194375 0.508125 0.198125 0.511250 0.201250 0.535625 0.217500 0.545625 0.220000 0.609375 0.220625 0.624375 0.219375 0.631250 0.216875 0.655000 0.201250 0.658125 0.188750 0.657500 0.061875 0.656250 0.055625 0.654375 0.053750 0.642500 0.048750 0.640625 0.045625 0.641875 0.041875 0.647500 0.036875 0.648125 0.028125 0.646875 0.023750
3 0.688750 0.016875 0.680625 0.026250 0.681250 0.036250 0.688125 0.045625 0.685625 0.048750 0.676250 0.052500 0.672500 0.055625 0.671250 0.063750 0.671250 0.186250 0.673125 0.197500 0.676875 0.201875 0.689375 0.210625 0.706875 0.219375 0.723750 0.220625 0.780000 0.220625 0.795625 0.217500 0.797500 0.215000 0.809375 0.208750 0.818750 0.201250 0.823125 0.191250 0.821875 0.059375 0.819375 0.054375 0.811875 0.051875 0.806250 0.048125 0.805625 0.045000 0.811875 0.036875 0.812500 0.027500 0.811250 0.023750 0.806250 0.018750 0.799375 0.015625 0.781875 0.011875 0.761875 0.010000 0.726875 0.010000 0.707500 0.012500
3 0.968125 0.016875 0.951875 0.012500 0.918750 0.010000 0.886875 0.010625 0.861250 0.015000 0.853125 0.018125 0.847500 0.023750 0.846250 0.026250 0.846250 0.034375 0.852500 0.046250 0.838125 0.055625 0.836875 0.060000 0.836875 0.193125 0.838125 0.196875 0.844375 0.203750 0.865625 0.216875 0.872500 0.219375 0.884375 0.220625 0.920625 0.221250 0.951875 0.220000 0.960625 0.217500 0.984375 0.201875 0.986875 0.198125 0.988750 0.188125 0.987500 0.062500 0.986250 0.056875 0.983125 0.053125 0.974375 0.050000 0.971250 0.047500 0.970625 0.045000 0.971875 0.042500 0.977500 0.036875 0.977500 0.026875 0.975625 0.021875
3 0.690000 0.273125 0.680625 0.282500 0.681250 0.291250 0.683125 0.295000 0.688125 0.298750 0.687500 0.303125 0.673750 0.310000 0.671250 0.315000 0.671250 0.446250 0.673125 0.454375 0.691250 0.467500 0.708750 0.475625 0.722500 0.476875 0.778750 0.476875 0.788125 0.475625 0.804375 0.467500 0.820000 0.455625 0.823125 0.443750 0.822500 0.322500 0.820625 0.311250 0.816250 0.308125 0.806875 0.305625 0.805000 0.303125 0.805000 0.298750 0.810000 0.295625 0.811875 0.292500 0.812500 0.285625 0.810625 0.278125 0.803125 0.273125 0.792500 0.269375 0.760625 0.266250 0.710625 0.267500
3 0.853750 0.273750 0.846250 0.281875 0.846875 0.292500 0.851875 0.298750 0.852500 0.303125 0.844375 0.306875 0.836875 0.313125 0.836250 0.432500 0.836875 0.449375 0.838125 0.452500 0.843750 0.459375 0.857500 0.468125 0.870625 0.474375 0.878125 0.476250 0.951875 0.476250 0.968125 0.468750 0.984375 0.456875 0.988125 0.451875 0.988750 0.447500 0.988125 0.322500 0.986875 0.313750 0.984375 0.310000 0.980000 0.306875 0.973125 0.305000 0.970625 0.301875 0.971250 0.298750 0.976250 0.295000 0.977500 0.291250 0.977500 0.282500 0.976250 0.279375 0.971250 0.275000 0.963750 0.271250 0.940625 0.266875 0.881875 0.266875 0.861250 0.270625
3 0.030000 0.016875 0.023750 0.021875 0.021250 0.027500 0.022500 0.037500 0.029375 0.045625 0.026250 0.048750 0.016875 0.051875 0.012500 0.059375 0.011875 0.183125 0.013125 0.194375 0.016250 0.201250 0.040000 0.216250 0.050625 0.219375 0.124375 0.219375 0.137500 0.216250 0.142500 0.211250 0.161250 0.200625 0.164375 0.193125 0.163125 0.173125 0.163125 0.063750 0.159375 0.055625 0.148125 0.049375 0.145625 0.045625 0.152500 0.034375 0.153125 0.029375 0.151875 0.025000 0.146250 0.018750 0.138750 0.015625 0.128125 0.013125 0.105000 0.010625 0.056250 0.011250 0.041250 0.013125
3 0.024375 0.524375 0.021250 0.529375 0.021875 0.541250 0.023125 0.544375 0.028125 0.548750 0.028125 0.551875 0.026875 0.553750 0.015625 0.558125 0.011250 0.564375 0.011250 0.702500 0.013125 0.709375 0.024375 0.718125 0.046875 0.730000 0.051875 0.731250 0.124375 0.731875 0.130000 0.731250 0.139375 0.727500 0.163125 0.711875 0.166875 0.705625 0.165625 0.563750 0.161875 0.558750 0.155000 0.556875 0.148750 0.552500 0.148750 0.549375 0.155625 0.543125 0.155625 0.528125 0.147500 0.521875 0.135625 0.517500 0.111250 0.515000 0.053125 0.515625 0.040000 0.517500
3 0.188750 0.524375 0.185625 0.531250 0.186875 0.543750 0.192500 0.548750 0.192500 0.551250 0.190000 0.554375 0.179375 0.558750 0.176250 0.563750 0.175625 0.671250 0.176875 0.708125 0.188125 0.717500 0.202500 0.726250 0.210625 0.730000 0.223750 0.732500 0.287500 0.731875 0.295000 0.730625 0.305625 0.725625 0.313125 0.720000 0.320000 0.717500 0.328750 0.710000 0.330625 0.703750 0.330625 0.575625 0.329375 0.564375 0.327500 0.560625 0.320625 0.556250 0.315000 0.555000 0.312500 0.552500 0.313125 0.548125 0.320625 0.540625 0.321250 0.533750 0.319375 0.528125 0.309375 0.520625 0.299375 0.517500 0.283750 0.515625 0.226250 0.515000 0.203750 0.517500
3 0.361250 0.520000 0.351875 0.525625 0.349375 0.532500 0.350000 0.541250 0.351875 0.545000 0.356250 0.548750 0.356250 0.551875 0.354375 0.554375 0.344375 0.558125 0.340625 0.563125 0.340000 0.568750 0.340625 0.678125 0.339375 0.698125 0.341250 0.709375 0.351250 0.717500 0.378125 0.730625 0.394375 0.731875 0.457500 0.731250 0.467500 0.727500 0.490625 0.712500 0.495625 0.705000 0.494375 0.564375 0.491250 0.559375 0.478750 0.555625 0.476250 0.552500 0.476875 0.549375 0.482500 0.545625 0.484375 0.542500 0.485000 0.533125 0.483125 0.526875 0.472500 0.520625 0.463750 0.517500 0.440000 0.515625 0.383750 0.515625 0.368125 0.517500
3 0.524375 0.520625 0.516250 0.525625 0.513125 0.536250 0.515625 0.545000 0.520625 0.548750 0.520625 0.552500 0.518125 0.555000 0.506875 0.559375 0.504375 0.563750 0.504375 0.705625 0.505625 0.709375 0.515000 0.716875 0.528750 0.725000 0.543750 0.730625 0.574375 0.732500 0.609375 0.732500 0.623125 0.731250 0.631875 0.727500 0.655000 0.713125 0.657500 0.710000 0.659375 0.701875 0.658125 0.565625 0.656250 0.560625 0.653750 0.558125 0.643125 0.553750 0.641250 0.550625 0.641250 0.548750 0.648750 0.541875 0.649375 0.531875 0.646250 0.525625 0.635000 0.519375 0.626875 0.516875 0.611875 0.515625 0.578750 0.515000 0.541250 0.516250 0.532500 0.517500
3 0.690000 0.519375 0.680625 0.525000 0.678125 0.528750 0.678125 0.540000 0.680625 0.545625 0.684375 0.548125 0.684375 0.552500 0.681250 0.555000 0.673750 0.557500 0.668750 0.563750 0.668125 0.651875 0.668750 0.705625 0.670000 0.709375 0.680000 0.717500 0.706875 0.730625 0.719375 0.731875 0.774375 0.731875 0.787500 0.730625 0.795625 0.727500 0.818125 0.713125 0.823750 0.705625 0.822500 0.565000 0.821250 0.561250 0.818125 0.558125 0.808125 0.555000 0.805625 0.552500 0.805625 0.548750 0.811250 0.545000 0.813125 0.535000 0.811250 0.526875 0.804375 0.521875 0.792500 0.517500 0.770000 0.515000 0.719375 0.515000 0.703750 0.516250
3 0.853750 0.520000 0.844375 0.525625 0.841875 0.533125 0.843750 0.544375 0.848750 0.548750 0.848750 0.552500 0.846250 0.555000 0.836250 0.558750 0.832500 0.564375 0.832500 0.700625 0.833750 0.708750 0.845625 0.718125 0.865000 0.728750 0.875625 0.731250 0.945000 0.731875 0.958750 0.728750 0.981875 0.713750 0.986875 0.708750 0.988750 0.702500 0.987500 0.569375 0.986250 0.563125 0.981875 0.557500 0.973125 0.555000 0.970000 0.552500 0.969375 0.549375 0.977500 0.541250 0.978125 0.533750 0.975625 0.527500 0.965000 0.520625 0.945625 0.516250 0.919375 0.515000 0.876250 0.515625 0.860625 0.517500
3 0.027500 0.783125 0.023750 0.786875 0.022500 0.796875 0.024375 0.803125 0.028750 0.806875 0.029375 0.810000 0.018125 0.816875 0.013750 0.822500 0.013750 0.858125 0.015000 0.862500 0.013750 0.954375 0.015625 0.966875 0.040625 0.983125 0.058750 0.986875 0.123750 0.986875 0.126875 0.985000 0.139375 0.983125 0.143125 0.979375 0.155000 0.972500 0.157500 0.969375 0.163125 0.967500 0.165625 0.961250 0.163750 0.886250 0.165000 0.852500 0.164375 0.823750 0.161875 0.818125 0.148125 0.810625 0.148750 0.806875 0.155000 0.800625 0.156250 0.794375 0.154375 0.786875 0.150000 0.782500 0.137500 0.778125 0.110000 0.774375 0.058750 0.774375 0.038750 0.778125
3 0.356250 0.782500 0.351250 0.788750 0.350625 0.798750 0.351875 0.803125 0.356250 0.806875 0.356875 0.810000 0.347500 0.815625 0.341875 0.821875 0.340625 0.953125 0.342500 0.966250 0.368125 0.982500 0.380000 0.986250 0.444375 0.986875 0.466875 0.983125 0.472500 0.977500 0.491250 0.967500 0.493750 0.961250 0.493125 0.825000 0.490625 0.818750 0.478125 0.812500 0.476250 0.809375 0.476875 0.806250 0.483125 0.801875 0.484375 0.792500 0.482500 0.786875 0.478125 0.782500 0.463750 0.777500 0.442500 0.774375 0.393125 0.773750 0.368125 0.777500
3 0.519375 0.783125 0.515625 0.788750 0.515000 0.796875 0.516875 0.803125 0.521250 0.806875 0.521250 0.810625 0.518125 0.813125 0.509375 0.816250 0.505000 0.821875 0.505000 0.961250 0.507500 0.966250 0.535000 0.984375 0.545625 0.986875 0.566875 0.987500 0.621250 0.986875 0.631250 0.983125 0.655000 0.968750 0.656875 0.966250 0.658125 0.959375 0.656875 0.885625 0.657500 0.824375 0.654375 0.817500 0.643125 0.812500 0.640625 0.810000 0.640625 0.806250 0.647500 0.801875 0.648750 0.795625 0.647500 0.787500 0.643125 0.783125 0.627500 0.777500 0.596875 0.774375 0.547500 0.775000 0.533125 0.777500
3 0.684375 0.782500 0.680625 0.786250 0.679375 0.790000 0.680000 0.802500 0.686250 0.807500 0.686875 0.810625 0.675000 0.818125 0.671250 0.824375 0.670000 0.851250 0.671250 0.870625 0.669375 0.876250 0.669375 0.889375 0.671250 0.898125 0.670000 0.906875 0.670000 0.940625 0.671250 0.943750 0.670000 0.948125 0.672500 0.966875 0.677500 0.968750 0.685000 0.975625 0.690000 0.976250 0.698125 0.981250 0.715000 0.986250 0.718125 0.986250 0.720625 0.981875 0.723125 0.985000 0.779375 0.986250 0.785625 0.983125 0.792500 0.982500 0.796875 0.979375 0.808750 0.975000 0.814375 0.968125 0.819375 0.966250 0.821875 0.960000 0.821875 0.940625 0.820625 0.936250 0.821875 0.928750 0.820625 0.822500 0.818750 0.818750 0.811250 0.815000 0.806875 0.814375 0.803750 0.811250 0.804375 0.807500 0.811250 0.801875 0.812500 0.796875 0.811250 0.787500 0.806250 0.782500 0.795625 0.778125 0.770000 0.774375 0.715000 0.774375 0.698750 0.776875
3 0.853125 0.780625 0.848750 0.783125 0.843750 0.790000 0.843750 0.799375 0.850000 0.810000 0.847500 0.812500 0.838125 0.816250 0.835000 0.819375 0.833125 0.824375 0.833750 0.961250 0.836875 0.967500 0.861250 0.983125 0.875000 0.986875 0.936875 0.987500 0.951875 0.986250 0.960625 0.982500 0.983750 0.967500 0.986250 0.961875 0.986250 0.825000 0.982500 0.817500 0.971250 0.812500 0.968750 0.810000 0.968750 0.806250 0.975625 0.800625 0.975625 0.788125 0.971250 0.783750 0.962500 0.779375 0.937500 0.775000 0.883750 0.774375 0.868750 0.776250
