5 0.743636 0.372881 0.740000 0.377724 0.736364 0.411622 0.725455 0.430993 0.701818 0.769976 0.712727 0.782082 0.730909 0.786925 0.745455 0.784504 0.750909 0.774818 0.780000 0.433414 0.772727 0.418886 0.774545 0.382567 0.770909 0.375303
5 0.090909 0.595642 0.083636 0.610169 0.083636 0.665860 0.098182 0.840194 0.116364 0.842615 0.118182 0.791768 0.109091 0.624697 0.103636 0.598063
5 0.509091 0.324455 0.500000 0.336562 0.505455 0.353511 0.503636 0.360775 0.489091 0.372881 0.483636 0.384988 0.476364 0.786925 0.480000 0.796610 0.496364 0.806295 0.527273 0.806295 0.541818 0.794189 0.545455 0.772397 0.558182 0.382567 0.540000 0.360775 0.545455 0.341404 0.543636 0.329298
5 0.370909 0.196126 0.367273 0.200969 0.365455 0.794189 0.367273 0.806295 0.380000 0.818402 0.416364 0.823245 0.441818 0.813559 0.450909 0.799031 0.458182 0.217918 0.456364 0.203390 0.445455 0.198547
5 0.267273 0.142857 0.263636 0.150121 0.263636 0.217918 0.254545 0.232446 0.263636 0.491525 0.267273 0.750605 0.276364 0.823245 0.283636 0.830508 0.303636 0.830508 0.338182 0.813559 0.345455 0.803874 0.347273 0.791768 0.343636 0.234867 0.334545 0.217918 0.330909 0.152542 0.318182 0.145278
5 0.189091 0.188862 0.172727 0.191283 0.169091 0.198547 0.169091 0.256659 0.147273 0.276029 0.145455 0.317191 0.156364 0.464891 0.172727 0.815981 0.178182 0.828087 0.187273 0.832930 0.221818 0.832930 0.232727 0.828087 0.238182 0.815981 0.250909 0.694915 0.240000 0.309927 0.236364 0.280872 0.220000 0.268765 0.212727 0.256659 0.209091 0.198547 0.201818 0.191283
5 0.123636 0.537530 0.109091 0.552058 0.110909 0.685230 0.114545 0.697337 0.121818 0.876513 0.127273 0.883777 0.149091 0.883777 0.163636 0.869249 0.154545 0.668281 0.147273 0.619855 0.143636 0.552058 0.136364 0.542373
5 0.858182 0.489104 0.843636 0.491525 0.827273 0.552058 0.805455 0.767554 0.818182 0.779661 0.834545 0.779661 0.860000 0.576271 0.861818 0.496368
5 0.812727 0.479419 0.803636 0.479419 0.798182 0.491525 0.781818 0.581114 0.765455 0.767554 0.778182 0.779661 0.794545 0.777240 0.818182 0.571429 0.816364 0.484262
5 0.696364 0.421308 0.663636 0.421308 0.663636 0.443099 0.649091 0.460048 0.632727 0.774818 0.636364 0.784504 0.654545 0.794189 0.678182 0.794189 0.685455 0.789346 0.689091 0.777240 0.709091 0.464891 0.698182 0.450363 0.701818 0.426150
5 0.614545 0.370460 0.592727 0.372881 0.592727 0.397094 0.580000 0.414044 0.565455 0.779661 0.569091 0.786925 0.587273 0.794189 0.609091 0.791768 0.614545 0.782082 0.632727 0.414044 0.621818 0.399516 0.623636 0.375303
