2 0.549479 0.106481 0.476562 0.108796 0.442708 0.115741 0.440104 0.120370 0.430990 0.173611 0.429688 0.356481 0.432292 0.502315 0.434896 0.518519 0.442708 0.532407 0.488281 0.546296 0.514323 0.543981 0.552083 0.530093 0.561198 0.509259 0.563802 0.467593 0.565104 0.231481 0.559896 0.148148 0.553385 0.111111
2 0.828125 0.467593 0.817708 0.504630 0.820312 0.537037 0.820312 0.659722 0.815104 0.729167 0.815104 0.828704 0.828125 0.849537 0.854167 0.865741 0.886719 0.870370 0.910156 0.863426 0.932292 0.842593 0.937500 0.821759 0.937500 0.722222 0.946615 0.576389 0.945312 0.504630 0.934896 0.474537 0.912760 0.481481 0.867188 0.481481
2 0.959635 0.048611 0.898438 0.055556 0.895833 0.060185 0.858073 0.062500 0.845052 0.071759 0.835938 0.122685 0.832031 0.273148 0.826823 0.344907 0.824219 0.453704 0.829427 0.465278 0.868490 0.476852 0.915365 0.476852 0.937500 0.469907 0.947917 0.451389 0.970052 0.129630 0.968750 0.101852 0.959635 0.062500
2 0.704427 0.493056 0.692708 0.525463 0.695312 0.562500 0.692708 0.858796 0.704427 0.875000 0.731771 0.888889 0.768229 0.891204 0.787760 0.884259 0.804688 0.868056 0.812500 0.842593 0.812500 0.743056 0.819010 0.608796 0.817708 0.527778 0.809896 0.500000 0.805990 0.495370 0.742188 0.502315 0.721354 0.493056
2 0.821615 0.078704 0.795573 0.087963 0.782552 0.085648 0.779948 0.090278 0.734375 0.085648 0.723958 0.087963 0.714844 0.099537 0.707031 0.136574 0.704427 0.173611 0.705729 0.287037 0.700521 0.442130 0.701823 0.483796 0.734375 0.497685 0.770833 0.500000 0.807292 0.493056 0.819010 0.474537 0.833333 0.180556 0.832031 0.122685
2 0.690104 0.092593 0.618490 0.094907 0.589844 0.101852 0.585938 0.111111 0.572917 0.185185 0.567708 0.270833 0.569010 0.497685 0.578125 0.513889 0.600260 0.523148 0.653646 0.525463 0.682292 0.516204 0.691406 0.500000 0.695312 0.469907 0.703125 0.229167 0.700521 0.145833 0.694010 0.101852
2 0.680990 0.525463 0.673177 0.523148 0.638021 0.537037 0.585938 0.527778 0.576823 0.532407 0.569010 0.587963 0.565104 0.782407 0.570312 0.837963 0.570312 0.886574 0.580729 0.905093 0.613281 0.921296 0.645833 0.921296 0.673177 0.905093 0.682292 0.891204 0.686198 0.877315 0.691406 0.719907 0.691406 0.567130 0.686198 0.534722
2 0.135417 0.143519 0.123698 0.196759 0.123698 0.250000 0.127604 0.314815 0.127604 0.398148 0.136719 0.553241 0.140625 0.576389 0.154948 0.592593 0.203125 0.601852 0.248698 0.592593 0.273438 0.578704 0.283854 0.560185 0.286458 0.532407 0.277344 0.212963 0.272135 0.182870 0.259115 0.138889 0.250000 0.131944 0.156250 0.134259 0.153646 0.138889
2 0.276042 0.592593 0.266927 0.590278 0.247396 0.606481 0.218750 0.615741 0.194010 0.615741 0.152344 0.599537 0.144531 0.618056 0.139323 0.652778 0.141927 0.833333 0.147135 0.895833 0.149740 0.983796 0.156250 1.000000 0.263021 1.000000 0.279948 0.983796 0.289062 0.967593 0.291667 0.951389 0.289062 0.659722 0.285156 0.618056
2 0.407552 0.118056 0.298177 0.127315 0.294271 0.136574 0.283854 0.212963 0.283854 0.312500 0.291667 0.532407 0.294271 0.546296 0.302083 0.560185 0.322917 0.569444 0.378906 0.569444 0.414062 0.553241 0.427083 0.530093 0.425781 0.215278 0.423177 0.185185
2 0.414062 0.557870 0.367188 0.574074 0.329427 0.571759 0.302083 0.564815 0.298177 0.571759 0.290365 0.608796 0.295573 0.907407 0.298177 0.939815 0.304688 0.953704 0.316406 0.965278 0.342448 0.976852 0.380208 0.976852 0.406250 0.962963 0.423177 0.944444 0.429688 0.928241 0.432292 0.909722 0.429688 0.606481 0.420573 0.567130
2 0.549479 0.541667 0.539062 0.543981 0.520833 0.557870 0.475260 0.560185 0.449219 0.548611 0.445312 0.550926 0.440104 0.567130 0.433594 0.608796 0.432292 0.638889 0.434896 0.886574 0.438802 0.916667 0.454427 0.935185 0.483073 0.946759 0.522135 0.944444 0.545573 0.928241 0.555990 0.912037 0.561198 0.895833 0.561198 0.583333
2 0.072917 0.168981 0.058594 0.168981 0.053385 0.175926 0.000000 0.180556 0.000000 0.645833 0.031250 0.643519 0.070312 0.631944 0.093750 0.615741 0.105469 0.592593 0.106771 0.555556 0.102865 0.511574 0.100260 0.370370 0.093750 0.238426 0.088542 0.208333
2 0.093750 0.620370 0.087240 0.620370 0.067708 0.636574 0.055990 0.638889 0.052083 0.645833 0.000000 0.650463 0.000000 1.000000 0.119792 0.997685 0.111979 0.685185 0.108073 0.652778
