3 0.345714 0.114286 0.285714 0.114286 0.242857 0.122857 0.225714 0.131429 0.205714 0.160000 0.211429 0.205714 0.205714 0.234286 0.240000 0.265714 0.248571 0.285714 0.245714 0.331429 0.251429 0.362857 0.242857 0.402857 0.242857 0.460000 0.280000 0.502857 0.285714 0.534286 0.294286 0.542857 0.305714 0.542857 0.334286 0.517143 0.368571 0.502857 0.374286 0.374286 0.382857 0.354286 0.425714 0.320000 0.440000 0.257143 0.437143 0.165714 0.431429 0.151429 0.397143 0.125714
3 0.251429 0.045714 0.225714 0.025714 0.160000 0.008571 0.100000 0.011429 0.042857 0.031429 0.022857 0.060000 0.025714 0.105714 0.020000 0.117143 0.034286 0.248571 0.074286 0.231429 0.117143 0.225714 0.200000 0.234286 0.205714 0.220000 0.205714 0.157143 0.228571 0.125714 0.248571 0.117143 0.257143 0.088571 0.257143 0.057143
3 0.220000 0.248571 0.185714 0.234286 0.117143 0.228571 0.051429 0.242857 0.020000 0.265714 0.014286 0.280000 0.017143 0.331429 0.011429 0.374286 0.025714 0.417143 0.031429 0.511429 0.060000 0.482857 0.097143 0.465714 0.174286 0.460000 0.234286 0.468571 0.234286 0.417143 0.248571 0.365714 0.242857 0.331429 0.245714 0.285714 0.240000 0.268571
3 0.260000 0.482857 0.208571 0.465714 0.157143 0.460000 0.091429 0.468571 0.045714 0.494286 0.031429 0.528571 0.025714 0.600000 0.031429 0.625714 0.031429 0.731429 0.037143 0.754286 0.051429 0.768571 0.074286 0.780000 0.094286 0.777143 0.108571 0.705714 0.145714 0.677143 0.194286 0.662857 0.280000 0.662857 0.282857 0.517143
3 0.751429 0.662857 0.720000 0.680000 0.705714 0.708571 0.702857 0.845714 0.708571 0.937143 0.728571 0.960000 0.791429 0.982857 0.837143 0.985714 0.897143 0.977143 0.931429 0.957143 0.951429 0.911429 0.957143 0.828571 0.951429 0.702857 0.925714 0.674286 0.877143 0.654286 0.797143 0.651429
3 0.437143 0.680000 0.405714 0.702857 0.397143 0.725714 0.400000 0.897143 0.408571 0.954286 0.437143 0.980000 0.480000 1.000000 0.557143 1.000000 0.611429 0.980000 0.637143 0.957143 0.645714 0.934286 0.651429 0.788571 0.642857 0.757143 0.645714 0.714286 0.640000 0.702857 0.600000 0.674286 0.554286 0.665714 0.500000 0.665714
3 0.131429 0.685714 0.108571 0.711429 0.100000 0.822857 0.111429 0.948571 0.134286 0.977143 0.174286 0.994286 0.200000 1.000000 0.268571 1.000000 0.331429 0.968571 0.345714 0.945714 0.351429 0.785714 0.345714 0.774286 0.348571 0.714286 0.331429 0.694286 0.280000 0.668571 0.191429 0.665714
3 0.517143 0.514286 0.457143 0.500000 0.382857 0.502857 0.328571 0.522857 0.305714 0.551429 0.305714 0.671429 0.351429 0.717143 0.348571 0.765714 0.357143 0.820000 0.368571 0.828571 0.394286 0.831429 0.397143 0.720000 0.417143 0.691429 0.482857 0.665714 0.554286 0.662857 0.560000 0.554286 0.545714 0.531429
3 0.760000 0.357143 0.728571 0.385714 0.725714 0.477143 0.734286 0.482857 0.777143 0.485714 0.831429 0.508571 0.854286 0.542857 0.860000 0.640000 0.905714 0.660000 0.928571 0.657143 0.962857 0.625714 0.971429 0.597143 0.974286 0.457143 0.965714 0.380000 0.954286 0.365714 0.928571 0.351429 0.874286 0.340000 0.820000 0.340000
3 0.808571 0.497143 0.768571 0.485714 0.720000 0.482857 0.642857 0.500000 0.617143 0.522857 0.608571 0.560000 0.605714 0.668571 0.608571 0.677143 0.640000 0.700000 0.648571 0.717143 0.657143 0.805714 0.674286 0.814286 0.700000 0.817143 0.700000 0.771429 0.705714 0.757143 0.702857 0.711429 0.722857 0.677143 0.757143 0.657143 0.800000 0.648571 0.851429 0.648571 0.860000 0.640000 0.851429 0.537143 0.837143 0.514286
3 0.754286 0.028571 0.734286 0.054286 0.737143 0.100000 0.728571 0.131429 0.765714 0.162857 0.771429 0.180000 0.765714 0.217143 0.771429 0.265714 0.762857 0.291429 0.760000 0.345714 0.777143 0.348571 0.817143 0.337143 0.871429 0.337143 0.951429 0.354286 0.954286 0.191429 0.965714 0.154286 0.965714 0.057143 0.960000 0.045714 0.922857 0.020000 0.874286 0.008571 0.800000 0.011429
3 0.677143 0.122857 0.625714 0.122857 0.585714 0.131429 0.557143 0.145714 0.537143 0.177143 0.542857 0.225714 0.534286 0.248571 0.540000 0.297143 0.548571 0.314286 0.597143 0.331429 0.625714 0.360000 0.634286 0.497143 0.717143 0.480000 0.725714 0.385714 0.754286 0.351429 0.760000 0.291429 0.768571 0.271429 0.762857 0.225714 0.768571 0.202857 0.765714 0.165714 0.751429 0.148571 0.725714 0.134286
3 0.422857 0.022857 0.388571 0.045714 0.382857 0.057143 0.385714 0.120000 0.417143 0.134286 0.437143 0.157143 0.442857 0.254286 0.434286 0.282857 0.434286 0.314286 0.525714 0.311429 0.534286 0.305714 0.537143 0.171429 0.560000 0.142857 0.602857 0.122857 0.611429 0.085714 0.608571 0.057143 0.582857 0.031429 0.542857 0.017143 0.460000 0.014286
3 0.408571 0.331429 0.382857 0.354286 0.377143 0.368571 0.377143 0.420000 0.371429 0.437143 0.374286 0.502857 0.468571 0.500000 0.534286 0.522857 0.554286 0.542857 0.562857 0.562857 0.557143 0.591429 0.562857 0.640000 0.585714 0.637143 0.602857 0.617143 0.608571 0.534286 0.628571 0.500000 0.622857 0.354286 0.588571 0.328571 0.540000 0.314286 0.465714 0.314286
