1 0.125817 0.323529 0.062092 0.325980 0.032680 0.338235 0.000000 0.365196 0.000000 0.656863 0.029412 0.686275 0.086601 0.703431 0.129085 0.693627 0.158497 0.671569 0.186275 0.639706 0.202614 0.607843 0.210784 0.580882 0.218954 0.534314 0.218954 0.482843 0.204248 0.409314 0.187908 0.375000 0.169935 0.352941
1 0.112745 0.031863 0.101307 0.073529 0.102941 0.129902 0.099673 0.166667 0.102941 0.203431 0.124183 0.276961 0.156863 0.328431 0.183007 0.350490 0.200980 0.357843 0.254902 0.357843 0.303922 0.325980 0.330065 0.289216 0.348039 0.247549 0.357843 0.210784 0.359477 0.154412 0.349673 0.102941 0.321895 0.041667 0.303922 0.014706 0.287582 0.000000 0.140523 0.000000 0.125817 0.012255
1 0.312092 0.328431 0.282680 0.355392 0.263072 0.382353 0.251634 0.404412 0.235294 0.455882 0.230392 0.492647 0.233660 0.566176 0.250000 0.622549 0.274510 0.664216 0.294118 0.686275 0.320261 0.703431 0.366013 0.710784 0.397059 0.703431 0.426471 0.686275 0.441176 0.671569 0.464052 0.634804 0.483660 0.580882 0.490196 0.531863 0.490196 0.497549 0.480392 0.436275 0.460784 0.387255 0.434641 0.350490 0.415033 0.335784 0.370915 0.318627 0.336601 0.318627
1 0.334967 0.762255 0.312092 0.718137 0.299020 0.703431 0.246732 0.666667 0.204248 0.656863 0.181373 0.664216 0.142157 0.696078 0.109477 0.745098 0.096405 0.774510 0.088235 0.808824 0.083333 0.855392 0.083333 0.884804 0.086601 0.892157 0.083333 0.946078 0.088235 0.953431 0.098039 0.953431 0.101307 0.963235 0.098039 0.965686 0.094771 0.960784 0.101307 0.970588 0.093137 0.977941 0.093137 0.995098 0.096405 1.000000 0.312092 1.000000 0.320261 0.990196 0.336601 0.946078 0.349673 0.870098 0.349673 0.828431
1 0.390523 0.740196 0.370915 0.784314 0.361111 0.823529 0.359477 0.855392 0.362745 0.904412 0.377451 0.968137 0.392157 1.000000 0.593137 1.000000 0.611111 0.953431 0.617647 0.924020 0.624183 0.840686 0.612745 0.784314 0.584967 0.727941 0.550654 0.688725 0.516340 0.674020 0.478758 0.671569 0.452614 0.678922 0.421569 0.698529
1 0.683007 0.338235 0.633987 0.328431 0.606209 0.333333 0.563725 0.352941 0.545752 0.375000 0.514706 0.441176 0.501634 0.504902 0.501634 0.549020 0.511438 0.600490 0.531046 0.649510 0.544118 0.671569 0.578431 0.703431 0.589869 0.703431 0.604575 0.715686 0.681373 0.710784 0.686275 0.688725 0.702614 0.681373 0.733660 0.647059 0.756536 0.585784 0.763072 0.546569 0.763072 0.495098 0.750000 0.436275 0.715686 0.367647
1 0.454248 0.004902 0.423203 0.036765 0.383987 0.107843 0.374183 0.154412 0.372549 0.208333 0.375817 0.230392 0.388889 0.269608 0.406863 0.306373 0.423203 0.328431 0.452614 0.355392 0.491830 0.370098 0.524510 0.367647 0.553922 0.355392 0.576797 0.335784 0.594771 0.311275 0.611111 0.281863 0.624183 0.245098 0.632353 0.169118 0.622549 0.107843 0.588235 0.039216 0.555556 0.004902 0.542484 0.000000 0.468954 0.000000
1 0.857843 0.002451 0.732026 0.000000 0.717320 0.007353 0.687908 0.039216 0.650327 0.112745 0.638889 0.166667 0.640523 0.223039 0.661765 0.294118 0.679739 0.325980 0.707516 0.352941 0.735294 0.370098 0.769608 0.377451 0.787582 0.375000 0.836601 0.343137 0.874183 0.289216 0.890523 0.235294 0.895425 0.186275 0.893791 0.144608 0.901961 0.112745 0.903595 0.083333 0.892157 0.041667
1 0.834967 0.355392 0.799020 0.394608 0.776144 0.458333 0.767974 0.509804 0.767974 0.544118 0.776144 0.593137 0.790850 0.632353 0.813725 0.669118 0.834967 0.683824 0.861111 0.688725 0.864379 0.705882 0.872549 0.715686 0.918301 0.732843 0.967320 0.732843 0.972222 0.710784 0.972222 0.686275 0.986928 0.664216 1.000000 0.656863 1.000000 0.392157 0.967320 0.362745 0.919935 0.340686 0.872549 0.338235
1 0.696078 0.683824 0.691176 0.691176 0.687908 0.715686 0.655229 0.759804 0.633987 0.825980 0.635621 0.909314 0.642157 0.946078 0.656863 0.995098 0.661765 1.000000 0.890523 1.000000 0.898693 0.968137 0.893791 0.921569 0.897059 0.855392 0.890523 0.799020 0.874183 0.754902 0.839869 0.710784 0.820261 0.705882 0.808824 0.681373 0.779412 0.671569 0.758170 0.671569
