2 0.194872 0.525000 0.156410 0.507143 0.102564 0.507143 0.046154 0.535714 0.030769 0.553571 0.020513 0.582143 0.007692 0.671429 0.051282 0.696429 0.087179 0.764286 0.107692 0.767857 0.128205 0.721429 0.151282 0.696429 0.200000 0.671429 0.238462 0.667857 0.241026 0.625000 0.220513 0.578571 0.217949 0.557143
2 0.307692 0.364286 0.243590 0.357143 0.197436 0.375000 0.174359 0.400000 0.156410 0.460714 0.151282 0.500000 0.207692 0.535714 0.243590 0.614286 0.256410 0.610714 0.279487 0.557143 0.300000 0.532143 0.333333 0.514286 0.364103 0.510714 0.374359 0.500000 0.369231 0.464286 0.348718 0.400000 0.335897 0.382143
2 0.253846 0.642857 0.253846 0.671429 0.302564 0.696429 0.320513 0.721429 0.333333 0.757143 0.384615 0.750000 0.415385 0.703571 0.446154 0.685714 0.487179 0.675000 0.487179 0.635714 0.471795 0.607143 0.464103 0.560714 0.448718 0.539286 0.400000 0.514286 0.341026 0.514286 0.302564 0.532143 0.279487 0.560714 0.271795 0.600000
2 0.392308 0.485714 0.394872 0.510714 0.428205 0.521429 0.451282 0.539286 0.471795 0.575000 0.489744 0.575000 0.515385 0.592857 0.523077 0.592857 0.548718 0.546429 0.569231 0.532143 0.605128 0.525000 0.610256 0.514286 0.587179 0.417857 0.553846 0.385714 0.523077 0.375000 0.466667 0.375000 0.430769 0.392857 0.417949 0.410714
2 0.294872 0.346429 0.300000 0.360714 0.341026 0.385714 0.364103 0.432143 0.405128 0.435714 0.415385 0.410714 0.441026 0.382143 0.494872 0.371429 0.500000 0.364286 0.487179 0.321429 0.484615 0.285714 0.458974 0.253571 0.410256 0.235714 0.361538 0.239286 0.323077 0.260714 0.312821 0.278571
2 0.217949 0.235714 0.187179 0.225000 0.151282 0.225000 0.094872 0.250000 0.074359 0.282143 0.064103 0.353571 0.105128 0.375000 0.135897 0.435714 0.156410 0.439286 0.171795 0.403571 0.194872 0.375000 0.220513 0.360714 0.266667 0.353571 0.266667 0.328571 0.251282 0.275000 0.235897 0.250000
2 0.312821 0.710714 0.284615 0.685714 0.241026 0.671429 0.200000 0.675000 0.164103 0.689286 0.141026 0.707143 0.117949 0.742857 0.112821 0.785714 0.100000 0.821429 0.100000 0.857143 0.146154 0.882143 0.176923 0.928571 0.225641 0.928571 0.261538 0.889286 0.284615 0.875000 0.346154 0.860714 0.343590 0.807143
2 0.366667 0.814286 0.366667 0.864286 0.402564 0.878571 0.433333 0.907143 0.446154 0.928571 0.517949 0.928571 0.543590 0.896429 0.564103 0.882143 0.612821 0.867857 0.610256 0.803571 0.587179 0.732143 0.569231 0.710714 0.523077 0.685714 0.469231 0.682143 0.415385 0.707143 0.392308 0.739286
2 0.630769 0.832143 0.633333 0.867857 0.689744 0.889286 0.728205 0.925000 0.810256 0.925000 0.876923 0.878571 0.874359 0.835714 0.866667 0.821429 0.866667 0.792857 0.856410 0.760714 0.833333 0.732143 0.807692 0.714286 0.761538 0.700000 0.710256 0.703571 0.671795 0.728571
2 0.548718 0.550000 0.533333 0.575000 0.528205 0.603571 0.502564 0.657143 0.505128 0.678571 0.564103 0.703571 0.584615 0.725000 0.605128 0.764286 0.635897 0.782143 0.687179 0.710714 0.738462 0.689286 0.725641 0.596429 0.694872 0.553571 0.635897 0.528571 0.592308 0.528571
2 0.784615 0.571429 0.746154 0.660714 0.748718 0.689286 0.797436 0.703571 0.833333 0.725000 0.861538 0.760714 0.871795 0.785714 0.900000 0.782143 0.923077 0.739286 0.974359 0.710714 0.976923 0.700000 0.969231 0.682143 0.964103 0.621429 0.935897 0.578571 0.900000 0.557143 0.856410 0.546429 0.812821 0.553571
2 0.658974 0.414286 0.625641 0.482143 0.620513 0.525000 0.661538 0.532143 0.697436 0.553571 0.717949 0.578571 0.735897 0.625000 0.753846 0.628571 0.784615 0.567857 0.835897 0.542857 0.838462 0.528571 0.825641 0.460714 0.797436 0.421429 0.741026 0.396429 0.697436 0.396429
2 0.892308 0.425000 0.874359 0.446429 0.866667 0.475000 0.851282 0.500000 0.846154 0.542857 0.876923 0.546429 0.930769 0.571429 0.961538 0.610714 0.971795 0.646429 0.984615 0.650000 1.000000 0.635714 1.000000 0.425000 0.966667 0.414286 0.917949 0.414286
2 0.758974 0.289286 0.743590 0.310714 0.720513 0.385714 0.794872 0.417857 0.820513 0.446429 0.830769 0.482143 0.843590 0.496429 0.858974 0.482143 0.879487 0.435714 0.923077 0.407143 0.915385 0.332143 0.887179 0.296429 0.828205 0.275000 0.789744 0.275000
2 0.512821 0.353571 0.515385 0.371429 0.551282 0.382143 0.582051 0.407143 0.594872 0.428571 0.600000 0.453571 0.610256 0.460714 0.635897 0.457143 0.656410 0.414286 0.712821 0.389286 0.702564 0.317857 0.694872 0.300000 0.669231 0.275000 0.623077 0.257143 0.587179 0.257143 0.548718 0.271429 0.533333 0.289286
2 0.410256 0.221429 0.417949 0.235714 0.446154 0.242857 0.474359 0.264286 0.492308 0.314286 0.500000 0.321429 0.520513 0.321429 0.533333 0.285714 0.546154 0.271429 0.597436 0.250000 0.584615 0.175000 0.561538 0.150000 0.517949 0.132143 0.482051 0.132143 0.441026 0.150000 0.430769 0.160714
2 0.153846 0.117857 0.107692 0.096429 0.061538 0.100000 0.033333 0.110714 0.015385 0.125000 0.000000 0.153571 0.000000 0.217857 0.030769 0.250000 0.041026 0.282143 0.053846 0.289286 0.069231 0.289286 0.092308 0.250000 0.117949 0.232143 0.184615 0.221429 0.187179 0.203571 0.166667 0.135714
2 0.207692 0.207143 0.210256 0.228571 0.246154 0.253571 0.253846 0.275000 0.276923 0.296429 0.305128 0.296429 0.312821 0.271429 0.338462 0.242857 0.397436 0.228571 0.382051 0.153571 0.364103 0.132143 0.323077 0.114286 0.274359 0.114286 0.238462 0.132143 0.225641 0.150000 0.223077 0.175000
2 0.828205 0.192857 0.812821 0.242857 0.815385 0.264286 0.889744 0.296429 0.912821 0.325000 0.923077 0.350000 0.951282 0.350000 0.966667 0.314286 0.992308 0.282143 0.992308 0.217857 0.974359 0.192857 0.943590 0.171429 0.874359 0.164286 0.851282 0.171429
2 0.641026 0.164286 0.625641 0.185714 0.607692 0.242857 0.610256 0.253571 0.653846 0.264286 0.676923 0.278571 0.694872 0.300000 0.710256 0.335714 0.733333 0.335714 0.748718 0.300000 0.782051 0.267857 0.792308 0.214286 0.787179 0.192857 0.769231 0.171429 0.725641 0.150000 0.671795 0.150000
2 0.543590 0.053571 0.530769 0.067857 0.515385 0.125000 0.569231 0.153571 0.587179 0.178571 0.594872 0.210714 0.602564 0.217857 0.617949 0.210714 0.625641 0.182143 0.648718 0.157143 0.689744 0.139286 0.682051 0.082143 0.653846 0.050000 0.587179 0.035714
2 0.284615 0.021429 0.248718 0.003571 0.189744 0.003571 0.169231 0.010714 0.146154 0.032143 0.125641 0.078571 0.125641 0.096429 0.156410 0.117857 0.169231 0.135714 0.176923 0.164286 0.192308 0.185714 0.202564 0.189286 0.243590 0.125000 0.302564 0.103571 0.300000 0.046429
2 0.328205 0.100000 0.330769 0.110714 0.374359 0.135714 0.400000 0.189286 0.415385 0.189286 0.446154 0.139286 0.494872 0.125000 0.492308 0.075000 0.484615 0.057143 0.458974 0.032143 0.425641 0.021429 0.358974 0.032143 0.335897 0.060714
2 0.733333 0.067857 0.720513 0.089286 0.712821 0.142857 0.753846 0.157143 0.779487 0.178571 0.794872 0.210714 0.797436 0.232143 0.807692 0.235714 0.835897 0.178571 0.876923 0.157143 0.876923 0.100000 0.846154 0.064286 0.810256 0.050000 0.774359 0.050000
