3 0.272500 0.780000 0.270000 0.812500 0.260000 0.840000 0.257500 0.980000 0.270000 0.985000 0.392500 0.982500 0.400000 0.967500 0.397500 0.840000 0.385000 0.812500 0.385000 0.782500 0.355000 0.777500
3 0.625000 0.522500 0.625000 0.552500 0.612500 0.587500 0.607500 0.720000 0.627500 0.730000 0.730000 0.730000 0.747500 0.725000 0.752500 0.702500 0.750000 0.582500 0.737500 0.557500 0.737500 0.525000 0.677500 0.520000
3 0.447500 0.522500 0.447500 0.555000 0.437500 0.577500 0.432500 0.722500 0.450000 0.730000 0.555000 0.730000 0.570000 0.725000 0.575000 0.717500 0.572500 0.580000 0.560000 0.555000 0.562500 0.527500 0.557500 0.522500
3 0.275000 0.522500 0.270000 0.527500 0.272500 0.552500 0.260000 0.582500 0.257500 0.725000 0.272500 0.730000 0.392500 0.727500 0.400000 0.717500 0.397500 0.582500 0.385000 0.557500 0.385000 0.530000 0.362500 0.522500
3 0.632500 0.280000 0.635000 0.310000 0.625000 0.330000 0.620000 0.480000 0.627500 0.485000 0.755000 0.482500 0.762500 0.472500 0.760000 0.340000 0.747500 0.312500 0.750000 0.282500 0.737500 0.277500
3 0.635000 0.022500 0.635000 0.052500 0.625000 0.072500 0.620000 0.225000 0.630000 0.230000 0.755000 0.227500 0.762500 0.217500 0.760000 0.082500 0.747500 0.057500 0.747500 0.025000
3 0.460000 0.022500 0.455000 0.030000 0.457500 0.060000 0.447500 0.082500 0.442500 0.222500 0.457500 0.230000 0.577500 0.227500 0.585000 0.220000 0.582500 0.077500 0.572500 0.060000 0.572500 0.027500 0.567500 0.022500
3 0.460000 0.277500 0.455000 0.282500 0.457500 0.315000 0.447500 0.337500 0.442500 0.477500 0.452500 0.485000 0.580000 0.482500 0.585000 0.475000 0.582500 0.335000 0.572500 0.315000 0.572500 0.282500 0.565000 0.277500
3 0.280000 0.280000 0.282500 0.310000 0.272500 0.332500 0.267500 0.390000 0.267500 0.480000 0.280000 0.485000 0.402500 0.482500 0.410000 0.467500 0.407500 0.340000 0.395000 0.312500 0.395000 0.280000
3 0.282500 0.022500 0.282500 0.055000 0.270000 0.090000 0.265000 0.220000 0.282500 0.230000 0.402500 0.227500 0.410000 0.215000 0.407500 0.085000 0.405000 0.070000 0.395000 0.057500 0.397500 0.027500 0.392500 0.022500
3 0.625000 0.777500 0.625000 0.807500 0.615000 0.830000 0.610000 0.870000 0.610000 0.980000 0.622500 0.985000 0.745000 0.982500 0.752500 0.970000 0.750000 0.840000 0.737500 0.812500 0.737500 0.780000
3 0.450000 0.777500 0.445000 0.782500 0.447500 0.810000 0.437500 0.832500 0.432500 0.977500 0.447500 0.985000 0.570000 0.982500 0.575000 0.975000 0.572500 0.832500 0.560000 0.810000 0.562500 0.782500 0.550000 0.777500
