0 0.355311 0.443243 0.336996 0.464865 0.329670 0.518919 0.296703 0.583784 0.289377 0.659459 0.293040 0.772973 0.304029 0.772973 0.318681 0.751351 0.322344 0.718919 0.340659 0.681081 0.388278 0.670270 0.413919 0.697297 0.428571 0.767568 0.443223 0.789189 0.457875 0.789189 0.465201 0.643243 0.443223 0.556757 0.424908 0.529730 0.421245 0.475676 0.395604 0.443243
0 0.604396 0.464865 0.564103 0.459459 0.545788 0.475676 0.531136 0.529730 0.494505 0.578378 0.472527 0.740541 0.476190 0.810811 0.487179 0.810811 0.509158 0.783784 0.531136 0.718919 0.553114 0.691892 0.600733 0.702703 0.641026 0.810811 0.652015 0.800000 0.659341 0.643243 0.648352 0.594595 0.626374 0.551351 0.626374 0.497297
0 0.996337 0.675676 0.970696 0.675676 0.952381 0.691892 0.934066 0.740541 0.875458 0.805405 0.860806 0.843243 0.860806 0.918919 0.846154 0.983784 0.849817 1.000000 1.000000 1.000000
0 0.813187 0.697297 0.791209 0.686486 0.750916 0.697297 0.732601 0.740541 0.681319 0.810811 0.663004 0.902703 0.663004 0.994595 0.838828 0.994595 0.853480 0.935135 0.853480 0.859459 0.831502 0.800000 0.827839 0.724324
0 0.604396 0.708108 0.560440 0.691892 0.531136 0.713514 0.512821 0.789189 0.476190 0.843243 0.468864 1.000000 0.641026 1.000000 0.652015 0.962162 0.655678 0.870270 0.622711 0.789189 0.619048 0.740541
0 0.153846 0.437838 0.131868 0.475676 0.131868 0.529730 0.098901 0.605405 0.106227 0.751351 0.117216 0.756757 0.124542 0.745946 0.124542 0.718919 0.146520 0.681081 0.186813 0.670270 0.219780 0.702703 0.234432 0.762162 0.263736 0.805405 0.282051 0.751351 0.274725 0.594595 0.227106 0.508108 0.205128 0.443243 0.190476 0.432432
0 0.000000 0.000000 0.000000 0.205405 0.029304 0.232432 0.047619 0.297297 0.102564 0.372973 0.109890 0.351351 0.106227 0.183784 0.087912 0.135135 0.058608 0.091892 0.043956 0.021622 0.032967 0.005405
0 0.000000 0.205405 0.000000 0.443243 0.080586 0.578378 0.091575 0.583784 0.091575 0.383784 0.069597 0.324324 0.040293 0.281081 0.029304 0.232432
0 0.000000 0.448649 0.000000 0.751351 0.069597 0.848649 0.091575 0.751351 0.087912 0.600000 0.069597 0.556757 0.025641 0.497297 0.014652 0.459459
0 0.344322 0.675676 0.322344 0.718919 0.318681 0.756757 0.296703 0.783784 0.278388 0.832432 0.274725 0.994595 0.454212 1.000000 0.461538 0.967568 0.461538 0.859459 0.454212 0.821622 0.424908 0.767568 0.421245 0.718919 0.399267 0.675676
0 0.208791 0.686486 0.168498 0.670270 0.131868 0.702703 0.120879 0.767568 0.098901 0.794595 0.073260 0.864865 0.073260 0.989189 0.080586 1.000000 0.260073 0.994595 0.263736 0.837838 0.227106 0.756757
0 0.351648 0.016216 0.340659 0.027027 0.329670 0.064865 0.329670 0.102703 0.296703 0.178378 0.293040 0.340541 0.318681 0.313514 0.326007 0.259459 0.344322 0.227027 0.377289 0.221622 0.406593 0.248649 0.421245 0.318919 0.450549 0.362162 0.457875 0.216216 0.443223 0.145946 0.424908 0.113514 0.413919 0.048649 0.399267 0.021622
0 0.168498 0.016216 0.150183 0.048649 0.150183 0.097297 0.128205 0.145946 0.117216 0.200000 0.120879 0.308108 0.131868 0.313514 0.139194 0.254054 0.153846 0.227027 0.194139 0.216216 0.227106 0.254054 0.241758 0.318919 0.278388 0.383784 0.289377 0.345946 0.289377 0.237838 0.274725 0.167568 0.245421 0.108108 0.227106 0.027027 0.201465 0.010811
0 0.150183 0.227027 0.139194 0.254054 0.135531 0.308108 0.098901 0.400000 0.109890 0.556757 0.124542 0.535135 0.135531 0.464865 0.161172 0.432432 0.205128 0.443243 0.234432 0.518919 0.256410 0.551351 0.267399 0.551351 0.274725 0.529730 0.274725 0.394595 0.263736 0.356757 0.238095 0.313514 0.212454 0.227027 0.194139 0.216216
0 0.388278 0.227027 0.355311 0.221622 0.333333 0.237838 0.322344 0.308108 0.285714 0.383784 0.282051 0.497297 0.296703 0.562162 0.322344 0.529730 0.333333 0.470270 0.362637 0.437838 0.399267 0.443243 0.421245 0.470270 0.428571 0.524324 0.443223 0.535135 0.457875 0.470270 0.454212 0.400000 0.435897 0.340541 0.413919 0.308108 0.406593 0.248649
0 0.597070 0.027027 0.545788 0.021622 0.531136 0.043243 0.523810 0.097297 0.498168 0.135135 0.468864 0.227027 0.468864 0.372973 0.509158 0.318919 0.527473 0.248649 0.542125 0.232432 0.593407 0.243243 0.608059 0.270270 0.611722 0.318919 0.622711 0.313514 0.633700 0.264865 0.633700 0.189189 0.611722 0.124324 0.611722 0.059459
0 0.582418 0.237838 0.545788 0.232432 0.531136 0.243243 0.516484 0.281081 0.516484 0.308108 0.468864 0.394595 0.461538 0.518919 0.483516 0.578378 0.498168 0.572973 0.527473 0.529730 0.538462 0.491892 0.560440 0.459459 0.600733 0.459459 0.633700 0.491892 0.637363 0.405405 0.608059 0.329730 0.608059 0.281081
0 0.776557 0.043243 0.717949 0.032432 0.703297 0.064865 0.699634 0.102703 0.655678 0.172973 0.641026 0.227027 0.641026 0.275676 0.626374 0.318919 0.626374 0.362162 0.641026 0.405405 0.652015 0.400000 0.670330 0.345946 0.710623 0.297297 0.721612 0.254054 0.739927 0.227027 0.769231 0.221622 0.791209 0.232432 0.802198 0.216216 0.802198 0.183784 0.787546 0.135135 0.791209 0.064865
0 0.791209 0.237838 0.772894 0.227027 0.736264 0.232432 0.710623 0.302703 0.655678 0.383784 0.633700 0.502703 0.633700 0.556757 0.659341 0.627027 0.670330 0.627027 0.684982 0.583784 0.739927 0.513514 0.765568 0.454054 0.813187 0.443243 0.820513 0.383784 0.802198 0.335135 0.805861 0.264865
0 0.970696 0.037838 0.934066 0.016216 0.901099 0.016216 0.886447 0.043243 0.882784 0.097297 0.853480 0.118919 0.813187 0.189189 0.802198 0.227027 0.809524 0.264865 0.805861 0.329730 0.824176 0.389189 0.897436 0.302703 0.926740 0.243243 0.985348 0.227027 0.985348 0.183784 0.970696 0.129730
0 0.989011 0.248649 0.970696 0.237838 0.926740 0.243243 0.901099 0.297297 0.868132 0.329730 0.831502 0.394595 0.827839 0.464865 0.842491 0.502703 0.838828 0.551351 0.857143 0.600000 0.934066 0.497297 0.945055 0.459459 1.000000 0.443243 1.000000 0.275676
0 1.000000 0.448649 0.967033 0.448649 0.941392 0.470270 0.926740 0.513514 0.897436 0.540541 0.860806 0.605405 0.838828 0.789189 0.853480 0.827027 0.864469 0.827027 0.897436 0.772973 0.926740 0.751351 0.967033 0.675676 1.000000 0.675676
0 0.820513 0.454054 0.772894 0.448649 0.758242 0.459459 0.743590 0.508108 0.681319 0.594595 0.666667 0.648649 0.659341 0.762162 0.666667 0.821622 0.721612 0.756757 0.743590 0.702703 0.761905 0.686486 0.794872 0.686486 0.827839 0.718919 0.838828 0.713514 0.849817 0.675676 0.853480 0.605405 0.835165 0.556757 0.838828 0.497297
