1 0.097500 0.137255 0.079167 0.141612 0.072500 0.150327 0.072500 0.164488 0.080000 0.198257 0.083333 0.234205 0.082500 0.307190 0.077500 0.344227 0.073333 0.413943 0.077500 0.491285 0.084167 0.523965 0.094167 0.602397 0.095000 0.624183 0.114167 0.746187 0.119167 0.761438 0.126667 0.772331 0.143333 0.781046 0.158333 0.782135 0.161667 0.777778 0.160000 0.746187 0.144167 0.607843 0.148333 0.572985 0.156667 0.546841 0.160833 0.522876 0.156667 0.432462 0.156667 0.352941 0.150000 0.307190 0.152500 0.283224 0.137500 0.221133 0.129167 0.150327 0.125833 0.142702 0.119167 0.137255
1 0.176667 0.281046 0.159167 0.287582 0.152500 0.299564 0.152500 0.318083 0.157500 0.337691 0.159167 0.356209 0.158333 0.412854 0.162500 0.477124 0.163333 0.522876 0.160833 0.538126 0.150000 0.572985 0.146667 0.600218 0.147500 0.626362 0.160833 0.728758 0.164167 0.777778 0.173333 0.857298 0.179167 0.885621 0.186667 0.901961 0.202500 0.916122 0.215833 0.920479 0.234167 0.920479 0.255000 0.915033 0.278333 0.897603 0.293333 0.875817 0.297500 0.859477 0.297500 0.799564 0.283333 0.649237 0.281667 0.608932 0.279167 0.582789 0.274167 0.562092 0.249167 0.508715 0.240833 0.440087 0.230000 0.397603 0.226667 0.371460 0.219167 0.336601 0.220000 0.315904 0.216667 0.290850 0.210000 0.283224 0.204167 0.281046
1 0.265000 0.114379 0.255833 0.117647 0.251667 0.124183 0.251667 0.136166 0.254167 0.142702 0.254167 0.152505 0.258333 0.175381 0.259167 0.224401 0.251667 0.319172 0.246667 0.338780 0.244167 0.382353 0.245833 0.436819 0.250833 0.495643 0.254167 0.515251 0.266667 0.543573 0.271667 0.550109 0.280000 0.576253 0.292500 0.701525 0.301667 0.708061 0.320833 0.708061 0.342500 0.701525 0.358333 0.690632 0.365833 0.680828 0.367500 0.675381 0.367500 0.591503 0.361667 0.533769 0.361667 0.504357 0.357500 0.470588 0.355000 0.392157 0.350833 0.363834 0.341667 0.325708 0.331667 0.295207 0.312500 0.222222 0.304167 0.166667 0.305000 0.144880 0.303333 0.126362 0.298333 0.117647 0.291667 0.114379
1 0.392500 0.127451 0.385833 0.135076 0.384167 0.142702 0.390000 0.185185 0.389167 0.248366 0.385000 0.294118 0.368333 0.406318 0.368333 0.424837 0.370833 0.441176 0.370000 0.470588 0.377500 0.564270 0.380000 0.569717 0.381667 0.568627 0.396667 0.504357 0.397500 0.465142 0.391667 0.430283 0.393333 0.416122 0.401667 0.404139 0.409167 0.399782 0.430000 0.396514 0.443333 0.398693 0.454167 0.408497 0.458333 0.423747 0.455000 0.444444 0.455000 0.465142 0.456667 0.467320 0.460000 0.493464 0.471667 0.540305 0.475833 0.547930 0.477500 0.558824 0.484167 0.576253 0.485833 0.588235 0.490833 0.593682 0.490833 0.504357 0.488333 0.482571 0.488333 0.440087 0.485833 0.409586 0.476667 0.362745 0.468333 0.336601 0.446667 0.245098 0.438333 0.188453 0.439167 0.138344 0.435000 0.130719 0.428333 0.126362
1 0.420000 0.398693 0.400000 0.406318 0.392500 0.423747 0.398333 0.457516 0.397500 0.502179 0.376667 0.595861 0.373333 0.650327 0.373333 0.684096 0.379167 0.727669 0.379167 0.739651 0.390833 0.807190 0.386667 0.870370 0.387500 0.884532 0.390833 0.898693 0.405833 0.922658 0.418333 0.931373 0.433333 0.935730 0.450833 0.935730 0.468333 0.930283 0.485833 0.916122 0.497500 0.897603 0.502500 0.879085 0.502500 0.848584 0.493333 0.803922 0.493333 0.771242 0.497500 0.710240 0.495833 0.652505 0.489167 0.600218 0.475833 0.551198 0.464167 0.517429 0.454167 0.470588 0.452500 0.446623 0.455833 0.430283 0.455833 0.420479 0.453333 0.409586 0.444167 0.400871
1 0.593333 0.087146 0.563333 0.088235 0.556667 0.091503 0.551667 0.102397 0.558333 0.148148 0.557500 0.167756 0.555000 0.177560 0.550000 0.230937 0.550833 0.236383 0.545833 0.253813 0.543333 0.279956 0.534167 0.324619 0.528333 0.375817 0.528333 0.464052 0.530000 0.497821 0.531667 0.502179 0.530833 0.561002 0.534167 0.611111 0.534167 0.669935 0.539167 0.701525 0.544167 0.709150 0.547500 0.708061 0.549167 0.672113 0.547500 0.574074 0.549167 0.506536 0.555000 0.482571 0.557500 0.456427 0.562500 0.440087 0.565000 0.415033 0.568333 0.407407 0.573333 0.376906 0.576667 0.370370 0.580000 0.338780 0.583333 0.331155 0.585833 0.314815 0.589167 0.255991 0.585000 0.217865 0.585000 0.189542 0.589167 0.175381 0.601667 0.162309 0.605000 0.099129 0.601667 0.091503
1 0.616667 0.165577 0.595000 0.171024 0.587500 0.188453 0.587500 0.221133 0.592500 0.260349 0.590000 0.293028 0.579167 0.371460 0.564167 0.435730 0.552500 0.504357 0.550833 0.623094 0.554167 0.819172 0.560000 0.899782 0.567500 0.920479 0.580833 0.936819 0.598333 0.947712 0.614167 0.952070 0.636667 0.953159 0.659167 0.947712 0.675000 0.935730 0.683333 0.923747 0.690000 0.900871 0.695833 0.529412 0.690000 0.483660 0.685833 0.470588 0.677500 0.421569 0.655833 0.316993 0.649167 0.244009 0.650000 0.228758 0.652500 0.223312 0.652500 0.176471 0.647500 0.171024 0.638333 0.166667
1 0.640833 0.062092 0.635833 0.064270 0.631667 0.071895 0.633333 0.104575 0.632500 0.159041 0.635000 0.162309 0.645833 0.165577 0.655833 0.178649 0.655000 0.217865 0.651667 0.228758 0.651667 0.249455 0.653333 0.253813 0.658333 0.322440 0.684167 0.443355 0.685000 0.455338 0.690000 0.474946 0.694167 0.476035 0.695000 0.469499 0.702500 0.452070 0.704167 0.324619 0.701667 0.294118 0.687500 0.229847 0.679167 0.173203 0.675833 0.126362 0.675833 0.099129 0.679167 0.072985 0.674167 0.063181 0.668333 0.061002
1 0.735000 0.227669 0.720000 0.233115 0.716667 0.236383 0.715000 0.242919 0.713333 0.287582 0.718333 0.297386 0.718333 0.310458 0.711667 0.345316 0.709167 0.369281 0.705833 0.446623 0.701667 0.465142 0.695833 0.476035 0.694167 0.483660 0.694167 0.497821 0.697500 0.520697 0.699167 0.571895 0.696667 0.594771 0.695000 0.799564 0.696667 0.812636 0.709167 0.823529 0.725833 0.830065 0.749167 0.832244 0.767500 0.826797 0.772500 0.823529 0.775833 0.815904 0.779167 0.776688 0.784167 0.659041 0.788333 0.633987 0.801667 0.578431 0.804167 0.531590 0.798333 0.500000 0.784167 0.461874 0.781667 0.446623 0.779167 0.340959 0.775833 0.307190 0.776667 0.298475 0.780833 0.287582 0.781667 0.254902 0.780000 0.237473 0.775833 0.233115 0.765833 0.228758
1 0.853333 0.278867 0.847500 0.283224 0.844167 0.290850 0.840000 0.316993 0.841667 0.372549 0.833333 0.468410 0.825833 0.509804 0.804167 0.579521 0.790000 0.633987 0.787500 0.650327 0.782500 0.710240 0.782500 0.747277 0.776667 0.863834 0.776667 0.922658 0.778333 0.943355 0.785833 0.961874 0.800000 0.983660 0.818333 1.000000 0.895000 1.000000 0.909167 0.983660 0.913333 0.974946 0.916667 0.955338 0.922500 0.882353 0.925833 0.805011 0.932500 0.740741 0.934167 0.675381 0.929167 0.631808 0.915000 0.564270 0.905833 0.493464 0.905000 0.382353 0.907500 0.345316 0.910833 0.333333 0.910833 0.294118 0.905833 0.285403 0.899167 0.281046
1 0.959167 0.113290 0.925000 0.115468 0.914167 0.125272 0.913333 0.184096 0.906667 0.191721 0.906667 0.197168 0.911667 0.204793 0.911667 0.215686 0.905833 0.255991 0.901667 0.272331 0.902500 0.278867 0.912500 0.290850 0.913333 0.327887 0.908333 0.352941 0.906667 0.375817 0.905833 0.442266 0.908333 0.510893 0.935000 0.666667 0.935833 0.702614 0.928333 0.797386 0.928333 0.824619 0.931667 0.830065 0.941667 0.827887 0.954167 0.820261 0.962500 0.811547 0.970000 0.795207 0.975000 0.759259 0.986667 0.601307 0.996667 0.500000 0.996667 0.425926 0.976667 0.283224 0.974167 0.245098 0.975000 0.205882 0.983333 0.200436 0.983333 0.192810 0.976667 0.185185 0.980000 0.151416 0.983333 0.141612 0.983333 0.123094 0.979167 0.117647
1 0.943333 0.063181 0.932500 0.059913 0.913333 0.059913 0.899167 0.063181 0.895833 0.068627 0.895000 0.083878 0.892500 0.090414 0.890833 0.137255 0.886667 0.165577 0.874167 0.225490 0.861667 0.266885 0.861667 0.271242 0.864167 0.273420 0.896667 0.276688 0.900000 0.273420 0.904167 0.260349 0.910000 0.223312 0.910000 0.204793 0.905833 0.193900 0.913333 0.179739 0.913333 0.128540 0.916667 0.118736 0.935833 0.113290 0.942500 0.106754 0.945000 0.089325 0.945000 0.069717
