1 0.140625 0.078125 0.126302 0.083333 0.123698 0.088542 0.126302 0.119792 0.125000 0.165365 0.118490 0.187500 0.085938 0.376302 0.084635 0.572917 0.091146 0.592448 0.101562 0.600260 0.136719 0.608073 0.174479 0.608073 0.182292 0.602865 0.183594 0.492188 0.196615 0.404948 0.208333 0.347656 0.209635 0.312500 0.183594 0.165365 0.182292 0.102865 0.184896 0.089844 0.175781 0.079427
1 0.251302 0.177083 0.229167 0.180990 0.225260 0.187500 0.227865 0.233073 0.223958 0.274740 0.220052 0.282552 0.216146 0.322917 0.203125 0.381510 0.186198 0.485677 0.184896 0.671875 0.187500 0.683594 0.194010 0.694010 0.205729 0.701823 0.243490 0.708333 0.265625 0.708333 0.279948 0.705729 0.283854 0.701823 0.285156 0.589844 0.291667 0.533854 0.309896 0.446615 0.311198 0.414062 0.283854 0.253906 0.286458 0.188802 0.278646 0.179688
1 0.343750 0.278646 0.328125 0.286458 0.328125 0.356771 0.313802 0.423177 0.312500 0.445312 0.298177 0.513021 0.287760 0.580729 0.285156 0.764323 0.290365 0.787760 0.298177 0.796875 0.321615 0.805990 0.361979 0.808594 0.381510 0.805990 0.385417 0.799479 0.386719 0.686198 0.411458 0.539062 0.412760 0.518229 0.385417 0.355469 0.385417 0.289062 0.378906 0.281250
1 0.339844 0.079427 0.333333 0.087240 0.335938 0.121094 0.334635 0.161458 0.322917 0.218750 0.312500 0.294271 0.305990 0.319010 0.303385 0.342448 0.304688 0.364583 0.311198 0.397135 0.315104 0.401042 0.319010 0.393229 0.325521 0.345052 0.325521 0.305990 0.322917 0.295573 0.326823 0.283854 0.342448 0.276042 0.365885 0.276042 0.380208 0.279948 0.388021 0.290365 0.386719 0.347656 0.399740 0.427083 0.402344 0.427083 0.420573 0.341146 0.420573 0.308594 0.394531 0.154948 0.395833 0.087240 0.390625 0.080729 0.381510 0.078125
1 0.453125 0.377604 0.432292 0.382812 0.428385 0.390625 0.429688 0.450521 0.406250 0.571615 0.388021 0.687500 0.386719 0.872396 0.391927 0.889323 0.406250 0.901042 0.427083 0.906250 0.470052 0.907552 0.503906 0.901042 0.513021 0.895833 0.523438 0.881510 0.524740 0.683594 0.502604 0.546875 0.488281 0.476562 0.484375 0.433594 0.486979 0.414062 0.485677 0.388021 0.476562 0.380208
1 0.453125 0.178385 0.438802 0.180990 0.434896 0.188802 0.437500 0.253906 0.434896 0.273438 0.430990 0.281250 0.420573 0.356771 0.404948 0.430990 0.407552 0.475260 0.414062 0.497396 0.416667 0.498698 0.419271 0.492188 0.427083 0.440104 0.424479 0.398438 0.427083 0.385417 0.440104 0.376302 0.471354 0.376302 0.481771 0.380208 0.489583 0.390625 0.488281 0.447917 0.492188 0.483073 0.502604 0.529948 0.506510 0.522135 0.515625 0.473958 0.522135 0.414062 0.494792 0.253906 0.496094 0.188802 0.486979 0.179688
1 0.554688 0.278646 0.540365 0.282552 0.537760 0.287760 0.537760 0.355469 0.505208 0.540365 0.505208 0.554688 0.526042 0.682292 0.527344 0.802083 0.544271 0.807292 0.592448 0.805990 0.596354 0.799479 0.597656 0.682292 0.623698 0.520833 0.609375 0.427083 0.598958 0.378906 0.595052 0.342448 0.595052 0.286458 0.592448 0.282552 0.579427 0.278646
1 0.557292 0.078125 0.549479 0.080729 0.544271 0.087240 0.546875 0.151042 0.522135 0.302083 0.516927 0.319010 0.515625 0.359375 0.518229 0.380208 0.523438 0.397135 0.526042 0.398438 0.528646 0.394531 0.536458 0.334635 0.532552 0.291667 0.539062 0.281250 0.554688 0.274740 0.575521 0.274740 0.591146 0.278646 0.598958 0.286458 0.600260 0.291667 0.597656 0.338542 0.601562 0.378906 0.608073 0.402344 0.609375 0.420573 0.613281 0.424479 0.617188 0.415365 0.618490 0.393229 0.623698 0.378906 0.626302 0.347656 0.630208 0.334635 0.630208 0.312500 0.605469 0.162760 0.604167 0.119792 0.606771 0.088542 0.598958 0.079427
1 0.657552 0.178385 0.648438 0.180990 0.645833 0.186198 0.648438 0.225260 0.645833 0.265625 0.615885 0.429688 0.615885 0.458333 0.623698 0.492188 0.627604 0.497396 0.630208 0.490885 0.638021 0.436198 0.635417 0.390625 0.643229 0.380208 0.652344 0.376302 0.679688 0.376302 0.694010 0.381510 0.700521 0.395833 0.697917 0.442708 0.701823 0.477865 0.713542 0.528646 0.717448 0.520833 0.733073 0.434896 0.733073 0.417969 0.705729 0.255208 0.708333 0.190104 0.700521 0.179688 0.683594 0.177083
1 0.656250 0.378906 0.641927 0.384115 0.639323 0.391927 0.640625 0.451823 0.638021 0.473958 0.632812 0.484375 0.601562 0.666667 0.598958 0.691406 0.597656 0.873698 0.602865 0.890625 0.617188 0.901042 0.636719 0.906250 0.680990 0.907552 0.703125 0.904948 0.720052 0.898438 0.729167 0.890625 0.734375 0.880208 0.735677 0.690104 0.718750 0.579427 0.696615 0.467448 0.695312 0.388021 0.686198 0.380208
1 0.792969 0.277344 0.757812 0.278646 0.751302 0.281250 0.746094 0.289062 0.750000 0.330729 0.748698 0.352865 0.735677 0.421875 0.733073 0.451823 0.716146 0.535156 0.716146 0.557292 0.736979 0.683594 0.736979 0.796875 0.740885 0.804688 0.751302 0.807292 0.798177 0.807292 0.805990 0.803385 0.807292 0.690104 0.833333 0.535156 0.832031 0.502604 0.807292 0.365885 0.805990 0.321615 0.808594 0.289062 0.805990 0.282552
1 0.868490 0.377604 0.854167 0.380208 0.848958 0.384115 0.847656 0.389323 0.851562 0.429688 0.848958 0.466146 0.843750 0.483073 0.809896 0.688802 0.811198 0.734375 0.807292 0.860677 0.812500 0.888021 0.826823 0.901042 0.847656 0.906250 0.893229 0.907552 0.925781 0.901042 0.934896 0.895833 0.944010 0.882812 0.946615 0.867188 0.946615 0.684896 0.914062 0.486979 0.907552 0.460938 0.906250 0.423177 0.908854 0.388021 0.903646 0.381510 0.893229 0.377604
