2 0.666923 0.219665 0.641538 0.231172 0.625385 0.250000 0.618462 0.265690 0.614615 0.286611 0.603846 0.306485 0.600769 0.321130 0.600000 0.355649 0.601538 0.376569 0.605385 0.380753 0.628462 0.375523 0.644615 0.375523 0.664615 0.379707 0.676923 0.384937 0.692308 0.395397 0.710000 0.417364 0.716923 0.434100 0.719231 0.449791 0.729231 0.468619 0.734615 0.488494 0.735385 0.538703 0.733077 0.635983 0.736923 0.640167 0.756154 0.624477 0.764615 0.611925 0.768462 0.600418 0.770769 0.569038 0.770000 0.556485 0.775385 0.508368 0.779231 0.428870 0.778462 0.416318 0.780000 0.412134 0.778462 0.400628 0.783846 0.343096 0.783077 0.326360 0.779231 0.310669 0.769231 0.290795 0.763846 0.262552 0.757692 0.251046 0.747692 0.238494 0.732308 0.226987 0.714615 0.219665 0.704615 0.217573
2 0.470000 0.189331 0.448462 0.208159 0.436923 0.228033 0.429231 0.264644 0.423077 0.282427 0.422308 0.315900 0.423846 0.331590 0.426154 0.335774 0.455385 0.332636 0.473077 0.334728 0.490769 0.341004 0.505385 0.350418 0.512308 0.356695 0.523846 0.373431 0.530000 0.389121 0.532308 0.401674 0.546154 0.426778 0.549231 0.447699 0.553077 0.448745 0.563846 0.417364 0.574615 0.402720 0.594615 0.381799 0.596154 0.374477 0.596154 0.322176 0.600769 0.296025 0.600769 0.285565 0.597692 0.270921 0.586923 0.252092 0.576923 0.215481 0.561538 0.195607 0.550769 0.188285 0.530000 0.180962 0.506154 0.179916 0.486154 0.183054
2 0.297692 0.155858 0.283077 0.168410 0.273077 0.180962 0.266154 0.193515 0.263077 0.220711 0.253846 0.252092 0.253077 0.268828 0.255385 0.289749 0.259231 0.292887 0.294615 0.292887 0.311538 0.298117 0.327692 0.308577 0.342308 0.325314 0.352308 0.353556 0.364615 0.373431 0.369231 0.387029 0.373077 0.389121 0.386923 0.366109 0.406923 0.346234 0.415385 0.342050 0.420000 0.332636 0.420000 0.289749 0.426923 0.258368 0.427692 0.239540 0.420769 0.217573 0.412308 0.203975 0.403077 0.174686 0.395385 0.164226 0.380769 0.152720 0.362308 0.145397 0.338462 0.143305 0.322308 0.145397
2 0.143846 0.110879 0.126923 0.121339 0.117692 0.129707 0.107692 0.142259 0.103077 0.151674 0.099231 0.166318 0.098462 0.186192 0.091538 0.212343 0.090769 0.231172 0.092308 0.240586 0.096154 0.250000 0.130769 0.251046 0.146923 0.257322 0.161538 0.268828 0.169231 0.279289 0.176154 0.294979 0.181538 0.326360 0.180769 0.330544 0.196923 0.338912 0.215385 0.315900 0.250000 0.293933 0.251538 0.248954 0.260769 0.217573 0.262308 0.200837 0.260769 0.189331 0.256154 0.174686 0.243846 0.158996 0.240769 0.142259 0.233846 0.128661 0.214615 0.111925 0.187692 0.104603 0.163077 0.105649
2 0.838462 0.139121 0.829231 0.152720 0.823846 0.174686 0.812308 0.197699 0.806923 0.221757 0.803846 0.326360 0.806154 0.333682 0.810769 0.331590 0.812308 0.323222 0.820769 0.305439 0.829231 0.293933 0.836923 0.287657 0.863077 0.274059 0.879231 0.270921 0.896154 0.270921 0.911538 0.274059 0.926923 0.280335 0.950769 0.298117 0.967692 0.325314 0.970769 0.346234 0.974615 0.348326 0.983846 0.277197 0.985385 0.224895 0.983846 0.211297 0.976923 0.195607 0.974615 0.175732 0.967692 0.153766 0.960000 0.143305 0.940000 0.126569 0.920769 0.118201 0.906154 0.115063 0.886154 0.115063 0.869231 0.119247 0.853846 0.125523
2 0.682308 0.078452 0.671538 0.086820 0.659231 0.103556 0.656154 0.111925 0.653077 0.130753 0.641538 0.157950 0.639231 0.172594 0.640000 0.224895 0.643077 0.228033 0.670000 0.217573 0.701538 0.215481 0.723846 0.220711 0.747692 0.236402 0.756154 0.246862 0.765385 0.262552 0.770000 0.287657 0.780769 0.310669 0.783846 0.326360 0.785385 0.343096 0.782308 0.374477 0.783077 0.445607 0.784615 0.445607 0.787692 0.437238 0.786923 0.408996 0.788462 0.405858 0.789231 0.385983 0.800000 0.342050 0.799231 0.314854 0.801538 0.282427 0.803077 0.279289 0.804615 0.221757 0.813077 0.179916 0.809231 0.152720 0.799231 0.133891 0.798462 0.121339 0.793846 0.104603 0.787692 0.095188 0.771538 0.079498 0.750000 0.070084 0.733077 0.066946 0.705385 0.069038
2 0.509231 0.051255 0.494615 0.069038 0.485385 0.088912 0.484615 0.106695 0.476923 0.125523 0.473077 0.142259 0.472308 0.167364 0.473846 0.179916 0.480000 0.183054 0.502308 0.177824 0.529231 0.178870 0.553077 0.188285 0.566923 0.199791 0.576923 0.213389 0.586923 0.248954 0.600000 0.270921 0.603077 0.291841 0.604615 0.291841 0.611538 0.280335 0.620000 0.254184 0.633846 0.233264 0.636154 0.219665 0.636154 0.177824 0.641538 0.147490 0.641538 0.129707 0.638462 0.117155 0.628462 0.094142 0.623077 0.071130 0.603077 0.048117 0.590769 0.041841 0.573077 0.036611 0.554615 0.035565 0.531538 0.039749 0.521538 0.046025 0.516923 0.046025
2 0.352308 0.016736 0.334615 0.032427 0.328462 0.040795 0.324615 0.051255 0.321538 0.064854 0.320000 0.084728 0.315385 0.095188 0.312308 0.108787 0.311538 0.123431 0.313846 0.141213 0.316923 0.144351 0.336154 0.141213 0.362308 0.143305 0.388462 0.155858 0.405385 0.175732 0.414615 0.206067 0.426923 0.231172 0.431538 0.235356 0.437692 0.220711 0.446154 0.207113 0.467692 0.184100 0.469231 0.148536 0.475385 0.117155 0.476154 0.095188 0.471538 0.079498 0.463846 0.063808 0.460000 0.043933 0.456154 0.034519 0.443077 0.018828 0.418462 0.007322 0.391538 0.005230 0.375385 0.008368 0.365385 0.013598
2 0.172308 0.005230 0.165385 0.024059 0.163846 0.044979 0.156923 0.067992 0.156154 0.085774 0.157692 0.098326 0.160000 0.102510 0.192308 0.102510 0.212308 0.108787 0.224615 0.117155 0.232308 0.124477 0.240769 0.138075 0.246154 0.158996 0.258462 0.174686 0.263077 0.185146 0.268462 0.177824 0.279231 0.170502 0.291538 0.156904 0.306154 0.147490 0.310000 0.141213 0.309231 0.111925 0.318462 0.081590 0.320000 0.059623 0.315385 0.042887 0.305385 0.026151 0.296923 0.000000 0.176923 0.000000
2 0.852308 0.000000 0.844615 0.015690 0.842308 0.027197 0.831538 0.056485 0.828462 0.071130 0.829231 0.142259 0.833846 0.143305 0.837692 0.135983 0.854615 0.123431 0.878462 0.115063 0.908462 0.114017 0.927692 0.119247 0.942308 0.126569 0.951538 0.133891 0.955385 0.139121 0.960000 0.141213 0.968462 0.152720 0.976923 0.176778 0.976923 0.190377 0.980000 0.198745 0.983846 0.200837 0.987692 0.186192 0.988462 0.166318 0.991538 0.155858 0.993846 0.116109 0.996154 0.109833 0.996923 0.078452 0.993077 0.058577 0.986154 0.040795 0.983846 0.020921 0.976923 0.007322 0.969231 0.000000
2 0.009231 0.063808 0.000000 0.066946 0.000000 0.230126 0.006923 0.237448 0.010000 0.250000 0.021538 0.265690 0.029231 0.283473 0.033846 0.286611 0.054615 0.266736 0.065385 0.259414 0.090769 0.247908 0.088462 0.226987 0.089231 0.211297 0.094615 0.190377 0.096923 0.164226 0.100769 0.154812 0.102308 0.142259 0.100769 0.134937 0.085385 0.114017 0.076923 0.087866 0.070000 0.079498 0.060769 0.072176 0.036923 0.063808
2 0.630000 0.377615 0.602308 0.384937 0.588462 0.393305 0.573077 0.407950 0.564615 0.421548 0.556923 0.450837 0.550769 0.463389 0.543846 0.485356 0.542308 0.516736 0.543846 0.529289 0.548462 0.722803 0.550769 0.750000 0.555385 0.770921 0.560000 0.782427 0.572308 0.801255 0.582308 0.808577 0.607692 0.819038 0.627692 0.822176 0.638462 0.828452 0.656923 0.829498 0.678462 0.822176 0.700769 0.806485 0.716154 0.785565 0.723846 0.764644 0.725385 0.757322 0.725385 0.736402 0.720769 0.731172 0.720769 0.719665 0.723077 0.717573 0.722308 0.706067 0.725385 0.701883 0.730000 0.657950 0.729231 0.634937 0.732308 0.602510 0.733846 0.530335 0.733077 0.494770 0.730769 0.479079 0.724615 0.464435 0.719231 0.457113 0.715385 0.436192 0.710769 0.422594 0.699231 0.404812 0.686154 0.392259 0.668462 0.382845 0.646154 0.377615
2 0.430769 0.337866 0.407692 0.349372 0.393077 0.361925 0.382308 0.376569 0.376154 0.388075 0.371538 0.414226 0.361538 0.445607 0.360769 0.473849 0.366154 0.520921 0.367692 0.567992 0.372308 0.604603 0.376923 0.684100 0.383846 0.724895 0.393077 0.743724 0.400000 0.752092 0.421538 0.764644 0.441538 0.767782 0.463846 0.777197 0.489231 0.779289 0.506923 0.771967 0.521538 0.761506 0.538462 0.741632 0.544615 0.722803 0.544615 0.658996 0.543077 0.650628 0.538462 0.493724 0.546154 0.460251 0.546923 0.441423 0.541538 0.421548 0.530000 0.399582 0.528462 0.389121 0.523077 0.374477 0.506154 0.352510 0.483846 0.339958 0.468462 0.335774 0.453077 0.334728
2 0.251538 0.298117 0.235385 0.305439 0.218462 0.316946 0.203077 0.336820 0.202308 0.342050 0.196923 0.352510 0.194615 0.379707 0.190000 0.390167 0.186923 0.405858 0.186154 0.434100 0.190000 0.468619 0.192308 0.474895 0.196154 0.521967 0.199231 0.533473 0.201538 0.554393 0.204615 0.560669 0.204615 0.592050 0.208462 0.611925 0.211538 0.645397 0.216154 0.658996 0.220769 0.685146 0.227692 0.698745 0.236923 0.705021 0.249231 0.709205 0.270769 0.711297 0.284615 0.720711 0.295385 0.720711 0.312308 0.729079 0.335385 0.724895 0.344615 0.717573 0.349231 0.716527 0.362308 0.701883 0.370000 0.689331 0.373077 0.676778 0.372308 0.653766 0.370000 0.642259 0.370000 0.621339 0.366154 0.587866 0.366154 0.567992 0.359231 0.510460 0.356923 0.459205 0.360000 0.439331 0.366923 0.420502 0.368462 0.393305 0.364615 0.376569 0.350769 0.355649 0.343077 0.329498 0.331538 0.313808 0.315385 0.302301 0.302308 0.297071 0.266154 0.294979
2 0.079231 0.256276 0.063846 0.263598 0.048462 0.275105 0.031538 0.296025 0.024615 0.314854 0.023846 0.342050 0.017692 0.360879 0.016154 0.375523 0.016923 0.398536 0.023846 0.426778 0.025385 0.446653 0.032308 0.470711 0.033846 0.498954 0.039231 0.523013 0.040000 0.537657 0.044615 0.561715 0.047692 0.565900 0.047692 0.581590 0.054615 0.610879 0.055385 0.622385 0.063846 0.651674 0.066154 0.654812 0.091538 0.658996 0.110000 0.668410 0.120000 0.667364 0.140000 0.674686 0.170000 0.676778 0.193846 0.662134 0.205385 0.646444 0.201538 0.583682 0.194615 0.543933 0.193846 0.526151 0.190000 0.512552 0.186154 0.455021 0.182308 0.430962 0.181538 0.410042 0.189231 0.381799 0.191538 0.348326 0.186923 0.338912 0.175385 0.328452 0.173846 0.293933 0.170000 0.283473 0.163846 0.274059 0.154615 0.264644 0.137692 0.255230 0.122308 0.251046 0.099231 0.251046
2 0.903846 0.274059 0.891538 0.273013 0.861538 0.276151 0.845385 0.283473 0.830769 0.294979 0.822308 0.306485 0.819231 0.317992 0.813846 0.327406 0.813077 0.334728 0.805385 0.345188 0.796923 0.368201 0.793846 0.411088 0.793846 0.461297 0.790769 0.482218 0.789231 0.531381 0.789231 0.648536 0.797692 0.671548 0.810769 0.689331 0.829231 0.703975 0.845385 0.712343 0.861538 0.717573 0.890000 0.718619 0.907692 0.714435 0.930000 0.702929 0.944615 0.688285 0.954615 0.670502 0.961538 0.646444 0.962308 0.622385 0.967692 0.585774 0.968462 0.557531 0.970769 0.546025 0.983077 0.395397 0.980769 0.375523 0.974615 0.357741 0.969231 0.351464 0.966154 0.327406 0.961538 0.320084 0.960000 0.313808 0.950769 0.301255 0.928462 0.282427
