0 0.279830 0.754870 0.274858 0.754870 0.270597 0.764610 0.250000 0.767857 0.242898 0.764610 0.236506 0.756494 0.226562 0.727273 0.227273 0.707792 0.225852 0.689935 0.227273 0.686688 0.227273 0.668831 0.223722 0.655844 0.217330 0.650974 0.198864 0.650974 0.188210 0.655844 0.183239 0.663961 0.172585 0.672078 0.168324 0.685065 0.157670 0.702922 0.152699 0.728896 0.149858 0.735390 0.149148 0.748377 0.146307 0.758117 0.144886 0.795455 0.147017 0.857143 0.150568 0.868506 0.154830 0.896104 0.147727 0.930195 0.144886 0.967532 0.137784 1.000000 0.201705 1.000000 0.213778 0.957792 0.219460 0.944805 0.224432 0.939935 0.236506 0.936688 0.272017 0.900974 0.279119 0.884740 0.284091 0.852273 0.288352 0.842532 0.289773 0.827922 0.286932 0.777597
0 0.529119 0.620130 0.525568 0.621753 0.524148 0.633117 0.517045 0.647727 0.516335 0.657468 0.512074 0.672078 0.496449 0.706169 0.475142 0.732143 0.463068 0.740260 0.457386 0.754870 0.457386 0.762987 0.460938 0.775974 0.460938 0.787338 0.465909 0.798701 0.469460 0.816558 0.479403 0.834416 0.487216 0.842532 0.494318 0.899351 0.502131 0.918831 0.510653 0.926948 0.524148 0.922078 0.531960 0.909091 0.537642 0.887987 0.541193 0.858766 0.545455 0.850649 0.556108 0.840909 0.563210 0.826299 0.576705 0.780844 0.578125 0.767857 0.578835 0.701299 0.576705 0.680195 0.561080 0.657468 0.547585 0.647727 0.545455 0.641234 0.539773 0.636364 0.536222 0.626623
0 0.644176 0.623377 0.637784 0.639610 0.634233 0.639610 0.631392 0.646104 0.627131 0.647727 0.615057 0.680195 0.605824 0.689935 0.588068 0.694805 0.585227 0.706169 0.583097 0.727273 0.582386 0.774351 0.585938 0.797078 0.597301 0.836039 0.610795 0.865260 0.624290 0.883117 0.640625 0.982143 0.653409 1.000000 0.676847 1.000000 0.680398 0.993506 0.680398 0.990260 0.676847 0.987013 0.678267 0.983766 0.677557 0.972403 0.680398 0.965909 0.683949 0.935065 0.682528 0.883117 0.685369 0.873377 0.703125 0.837662 0.706676 0.816558 0.710227 0.810065 0.714489 0.779221 0.715199 0.743506 0.711648 0.720779 0.702415 0.693182 0.690341 0.681818 0.673295 0.654221 0.669744 0.644481 0.666193 0.641234 0.662642 0.626623
0 0.745028 0.399351 0.725142 0.444805 0.671165 0.478896 0.664773 0.498377 0.658381 0.537338 0.658381 0.574675 0.666193 0.623377 0.672585 0.644481 0.681108 0.662338 0.714489 0.701299 0.724432 0.702922 0.729403 0.709416 0.742188 0.743506 0.746449 0.750000 0.757102 0.756494 0.764915 0.756494 0.774858 0.750000 0.779119 0.743506 0.786222 0.720779 0.787642 0.699675 0.784091 0.676948 0.783381 0.647727 0.793324 0.623377 0.798295 0.599026 0.801136 0.553571 0.800426 0.522727 0.796165 0.483766 0.787642 0.459416 0.780540 0.446429 0.776278 0.443182 0.771307 0.431818 0.767045 0.428571 0.762784 0.415584 0.758523 0.412338 0.755682 0.404221
0 0.286932 0.219156 0.259943 0.198052 0.243608 0.173701 0.225142 0.136364 0.205966 0.118506 0.182528 0.112013 0.149858 0.133117 0.140625 0.146104 0.125000 0.185065 0.117898 0.246753 0.117898 0.275974 0.122869 0.310065 0.122869 0.326299 0.111506 0.378247 0.110795 0.400974 0.117188 0.425325 0.124290 0.439935 0.138494 0.451299 0.154830 0.448052 0.169744 0.433442 0.188920 0.448052 0.203835 0.452922 0.219460 0.451299 0.233665 0.439935 0.258523 0.404221 0.272727 0.358766 0.281250 0.319805 0.286222 0.284091 0.284801 0.275974 0.286932 0.261364 0.285511 0.258117 0.287642 0.250000 0.286932 0.237013 0.288352 0.233766
0 0.099432 0.420455 0.098722 0.428571 0.095881 0.435065 0.093750 0.464286 0.093750 0.508117 0.096591 0.535714 0.085938 0.581169 0.086648 0.612013 0.094460 0.634740 0.104403 0.646104 0.117898 0.647727 0.124290 0.642857 0.137784 0.621753 0.156250 0.628247 0.180398 0.626623 0.186080 0.623377 0.188920 0.616883 0.209517 0.592532 0.210938 0.522727 0.214489 0.491883 0.213778 0.487013 0.216619 0.475649 0.216619 0.465909 0.213778 0.459416 0.209517 0.461039 0.187500 0.452922 0.168324 0.439935 0.146307 0.452922 0.136364 0.452922 0.125710 0.444805 0.123580 0.438312 0.118608 0.433442 0.115767 0.422078 0.110085 0.415584 0.107955 0.407468 0.103693 0.410714
0 0.130682 0.694805 0.099432 0.650974 0.082386 0.642857 0.063210 0.639610 0.056108 0.642857 0.048295 0.652597 0.030540 0.689935 0.015625 0.707792 0.014205 0.715909 0.008523 0.727273 0.004261 0.745130 0.003551 0.759740 0.000000 0.767857 0.000000 1.000000 0.029119 1.000000 0.041193 0.975649 0.053267 0.957792 0.056818 0.946429 0.061790 0.944805 0.064631 0.939935 0.093040 0.933442 0.108665 0.922078 0.124290 0.905844 0.133523 0.887987 0.139915 0.868506 0.144176 0.842532 0.142045 0.767857 0.145597 0.741883 0.142756 0.725649
0 0.713778 0.704545 0.713068 0.715909 0.715909 0.722403 0.718750 0.740260 0.717330 0.769481 0.718750 0.800325 0.722301 0.811688 0.727273 0.816558 0.735795 0.840909 0.751420 0.858766 0.776278 0.873377 0.779830 0.879870 0.781960 0.891234 0.794034 0.912338 0.797585 0.923701 0.813210 0.941558 0.821733 0.939935 0.834517 0.922078 0.837358 0.909091 0.837358 0.884740 0.833097 0.853896 0.831676 0.829545 0.829545 0.821429 0.829545 0.808442 0.835227 0.795455 0.840199 0.764610 0.842330 0.706169 0.838068 0.685065 0.826705 0.663961 0.818892 0.654221 0.816051 0.654221 0.813210 0.647727 0.811080 0.634740 0.803977 0.618506 0.798295 0.615260 0.786222 0.649351 0.784091 0.670455 0.786932 0.689935 0.786932 0.720779 0.774858 0.748377 0.765625 0.756494 0.752131 0.756494 0.749290 0.750000 0.745028 0.748377 0.741477 0.740260 0.740767 0.732143 0.736506 0.728896 0.734375 0.719156 0.726562 0.704545
0 0.959517 0.702922 0.960227 0.670455 0.958097 0.657468 0.951705 0.633117 0.941051 0.603896 0.938920 0.592532 0.941051 0.548701 0.943182 0.545455 0.941761 0.540584 0.943182 0.530844 0.942472 0.512987 0.938920 0.491883 0.938920 0.482143 0.936080 0.467532 0.924006 0.443182 0.919034 0.439935 0.915483 0.443182 0.911932 0.452922 0.894886 0.469156 0.883523 0.469156 0.866477 0.457792 0.859375 0.457792 0.840199 0.469156 0.811790 0.472403 0.802557 0.490260 0.803977 0.548701 0.801847 0.586039 0.802557 0.605519 0.814631 0.641234 0.829545 0.665584 0.852983 0.688312 0.889205 0.693182 0.893466 0.696429 0.914062 0.728896 0.923295 0.738636 0.943892 0.735390 0.950994 0.727273
0 0.602273 0.185065 0.600142 0.196429 0.595170 0.207792 0.590199 0.246753 0.594460 0.303571 0.598722 0.323052 0.602983 0.362013 0.607244 0.383117 0.617898 0.417208 0.625710 0.433442 0.651278 0.462662 0.666193 0.470779 0.673295 0.470779 0.715199 0.449675 0.725142 0.441558 0.732244 0.428571 0.740057 0.397727 0.742188 0.378247 0.748580 0.358766 0.752131 0.290584 0.752131 0.259740 0.748580 0.230519 0.742898 0.207792 0.729403 0.176948 0.717330 0.160714 0.693892 0.137987 0.674716 0.128247 0.656250 0.128247 0.641335 0.136364 0.639205 0.144481 0.634233 0.147727 0.622869 0.165584 0.610795 0.173701 0.607244 0.181818
0 0.718750 0.092532 0.716619 0.121753 0.718750 0.150974 0.734375 0.175325 0.747869 0.222403 0.753551 0.256494 0.753551 0.287338 0.750710 0.327922 0.750710 0.365260 0.752131 0.375000 0.765625 0.415584 0.782670 0.448052 0.799006 0.464286 0.814631 0.470779 0.841619 0.465909 0.860085 0.452922 0.865767 0.452922 0.884233 0.467532 0.893466 0.467532 0.905540 0.457792 0.916903 0.433442 0.919744 0.413961 0.918324 0.387987 0.904830 0.345779 0.905540 0.279221 0.902699 0.246753 0.898438 0.220779 0.892045 0.196429 0.882812 0.175325 0.857244 0.144481 0.833807 0.126623 0.826705 0.125000 0.815341 0.113636 0.796875 0.105519 0.771307 0.107143 0.761364 0.090909 0.756392 0.077922 0.749290 0.069805 0.735795 0.073052
0 0.773438 0.008117 0.773438 0.012987 0.777699 0.017857 0.776989 0.027597 0.772727 0.037338 0.772727 0.045455 0.777699 0.050325 0.776989 0.058442 0.771307 0.068182 0.779119 0.077922 0.785511 0.092532 0.796875 0.103896 0.818892 0.110390 0.829545 0.121753 0.857955 0.142857 0.874290 0.160714 0.892045 0.191558 0.900568 0.201299 0.921875 0.209416 0.950994 0.206169 0.975142 0.185065 0.997869 0.154221 1.000000 0.154221 1.000000 0.000000 0.775568 0.000000
0 0.201705 0.060065 0.195312 0.042208 0.173295 0.027597 0.170455 0.034091 0.165483 0.034091 0.142045 0.050325 0.122159 0.071429 0.087358 0.073052 0.031960 0.097403 0.000000 0.123377 0.000000 0.397727 0.011364 0.397727 0.025568 0.412338 0.055398 0.425325 0.081676 0.422078 0.100142 0.404221 0.107955 0.389610 0.115767 0.347403 0.116477 0.331169 0.113636 0.300325 0.112926 0.269481 0.116477 0.241883 0.117188 0.222403 0.122869 0.185065 0.138494 0.147727 0.159091 0.116883 0.193892 0.090909 0.202415 0.079545 0.203835 0.074675
0 0.200994 0.000000 0.203125 0.029221 0.213778 0.064935 0.213778 0.077922 0.222301 0.123377 0.252131 0.181818 0.267756 0.199675 0.274148 0.202922 0.301136 0.206169 0.318892 0.198052 0.332386 0.186688 0.343750 0.170455 0.351562 0.152597 0.356534 0.131494 0.360795 0.123377 0.366477 0.097403 0.369318 0.092532 0.367898 0.087662 0.370028 0.076299 0.369318 0.064935 0.373580 0.061688 0.373580 0.030844 0.369318 0.021104 0.370028 0.016234 0.372869 0.014610 0.372869 0.009740 0.369318 0.000000
0 0.378551 0.053571 0.383523 0.092532 0.390625 0.123377 0.399858 0.147727 0.438920 0.194805 0.450284 0.199675 0.468040 0.198052 0.475142 0.194805 0.492188 0.176948 0.500000 0.165584 0.507102 0.149351 0.515625 0.121753 0.522017 0.081169 0.522017 0.027597 0.519886 0.019481 0.520597 0.012987 0.517045 0.000000 0.379261 0.000000
0 0.847301 0.707792 0.843750 0.730519 0.840909 0.793831 0.845170 0.816558 0.860795 0.855519 0.875710 0.875000 0.892045 0.889610 0.926847 0.900974 0.947443 0.938312 0.956676 0.949675 0.962358 0.967532 0.973011 0.975649 0.987926 0.975649 1.000000 0.964286 1.000000 0.894481 0.995028 0.884740 0.991477 0.862013 0.980824 0.831169 0.979403 0.821429 0.984375 0.774351 0.983665 0.730519 0.982244 0.725649 0.982244 0.711039 0.974432 0.681818 0.963778 0.667208 0.960227 0.668831 0.960938 0.685065 0.958807 0.709416 0.951705 0.725649 0.941051 0.738636 0.934659 0.741883 0.924006 0.740260 0.916903 0.733766 0.903409 0.712662 0.901278 0.712662 0.897727 0.702922 0.889205 0.696429 0.856534 0.689935
0 0.526278 0.092532 0.529119 0.099026 0.531250 0.123377 0.546875 0.155844 0.574574 0.180195 0.590909 0.180195 0.605114 0.170455 0.611506 0.162338 0.636364 0.118506 0.647017 0.105519 0.654830 0.087662 0.659801 0.045455 0.659801 0.022727 0.661932 0.008117 0.660511 0.000000 0.529119 0.000000 0.526989 0.004870 0.527699 0.025974 0.526278 0.029221 0.524858 0.077922
0 0.490767 0.392857 0.470881 0.384740 0.454545 0.384740 0.446733 0.396104 0.447443 0.402597 0.442472 0.407468 0.440341 0.417208 0.411222 0.448052 0.399858 0.467532 0.394886 0.480519 0.381392 0.540584 0.379972 0.558442 0.380682 0.615260 0.387784 0.654221 0.392756 0.670455 0.405540 0.686688 0.407670 0.693182 0.409091 0.722403 0.414062 0.745130 0.419034 0.756494 0.427557 0.766234 0.433949 0.769481 0.443182 0.767857 0.451705 0.758117 0.463068 0.732143 0.470881 0.730519 0.490767 0.707792 0.508523 0.672078 0.516335 0.644481 0.521307 0.597403 0.521307 0.547078 0.517756 0.496753 0.515625 0.487013 0.517045 0.483766 0.515625 0.477273 0.517045 0.475649 0.516335 0.470779 0.517756 0.465909 0.512784 0.435065 0.497869 0.400974
0 0.564631 0.355519 0.561790 0.363636 0.556818 0.368506 0.551136 0.381494 0.547585 0.383117 0.543324 0.394481 0.536932 0.402597 0.531250 0.418831 0.526278 0.448052 0.524148 0.480519 0.524858 0.493506 0.522727 0.534091 0.524858 0.571429 0.531960 0.605519 0.548295 0.641234 0.573153 0.660714 0.586648 0.686688 0.595170 0.689935 0.606534 0.686688 0.615057 0.676948 0.623580 0.647727 0.642045 0.613636 0.642756 0.600649 0.647727 0.592532 0.651989 0.577922 0.655540 0.556818 0.656960 0.530844 0.655540 0.490260 0.651278 0.470779 0.647017 0.461039 0.642756 0.459416 0.630682 0.444805 0.614347 0.413961 0.607955 0.389610 0.602983 0.383117 0.601562 0.373377 0.595881 0.357143 0.573153 0.352273
0 0.383523 0.150974 0.369318 0.157468 0.345170 0.175325 0.330256 0.206169 0.322443 0.240260 0.319602 0.262987 0.318892 0.298701 0.322443 0.350649 0.332386 0.399351 0.340199 0.410714 0.342330 0.420455 0.351562 0.436688 0.377131 0.461039 0.389205 0.464286 0.404119 0.452922 0.408381 0.444805 0.436790 0.413961 0.440341 0.399351 0.446733 0.387987 0.453125 0.366883 0.460227 0.313312 0.460227 0.292208 0.457386 0.261364 0.452415 0.233766 0.445312 0.211039 0.436080 0.194805 0.424716 0.185065 0.404119 0.157468 0.396307 0.152597
0 0.341619 0.430195 0.333807 0.420455 0.309659 0.402597 0.294744 0.397727 0.275568 0.399351 0.260653 0.407468 0.230114 0.449675 0.221591 0.475649 0.215199 0.512987 0.212358 0.542208 0.213068 0.592532 0.230114 0.665584 0.229403 0.685065 0.227983 0.688312 0.227983 0.722403 0.230824 0.738636 0.235795 0.751623 0.244318 0.762987 0.250000 0.766234 0.259233 0.766234 0.269176 0.761364 0.278409 0.746753 0.291193 0.707792 0.303977 0.701299 0.323864 0.678571 0.335227 0.657468 0.339489 0.654221 0.345881 0.637987 0.353693 0.607143 0.358665 0.576299 0.360795 0.547078 0.360795 0.517857 0.358665 0.482143 0.353693 0.470779 0.353693 0.465909 0.347301 0.456169 0.349432 0.449675 0.345881 0.446429
0 0.512074 0.150974 0.509233 0.152597 0.490767 0.185065 0.479403 0.193182 0.469460 0.209416 0.465199 0.238636 0.465199 0.284091 0.466619 0.293831 0.465199 0.301948 0.465909 0.314935 0.469460 0.331169 0.477983 0.357143 0.487216 0.373377 0.497869 0.383117 0.502131 0.394481 0.522017 0.397727 0.540483 0.383117 0.553267 0.363636 0.561080 0.344156 0.569602 0.301948 0.571023 0.253247 0.569602 0.232143 0.566761 0.220779 0.568182 0.215909 0.555398 0.176948 0.536222 0.157468 0.527699 0.152597
0 0.379972 0.657468 0.360795 0.655844 0.338068 0.667208 0.312500 0.696429 0.296875 0.732143 0.291903 0.793831 0.293324 0.826299 0.297585 0.857143 0.304688 0.883117 0.320312 0.920455 0.321733 0.935065 0.321733 0.995130 0.323153 1.000000 0.377841 1.000000 0.384943 0.944805 0.392045 0.930195 0.404830 0.913961 0.422585 0.873377 0.430398 0.842532 0.434659 0.801948 0.433239 0.774351 0.417614 0.756494 0.408381 0.735390 0.406250 0.725649 0.404830 0.702922 0.390625 0.672078 0.384943 0.667208
