3 0.236000 0.470278 0.231333 0.474041 0.228000 0.480813 0.229333 0.495862 0.226667 0.507901 0.226667 0.515425 0.230000 0.522197 0.236667 0.524454 0.276000 0.527464 0.303333 0.531979 0.318000 0.537246 0.323333 0.541761 0.325333 0.546275 0.327333 0.586155 0.325333 0.592927 0.321333 0.597442 0.320000 0.606471 0.348000 0.670429 0.350667 0.679458 0.352000 0.692250 0.347333 0.872084 0.349333 0.876599 0.360667 0.874342 0.380667 0.860798 0.396667 0.841234 0.405333 0.820166 0.408000 0.797592 0.414000 0.664409 0.414000 0.613243 0.410667 0.595937 0.383333 0.533484 0.383333 0.528217 0.388667 0.522197 0.390000 0.516930 0.387333 0.480813 0.380667 0.471783 0.370000 0.470278 0.357333 0.477050 0.340667 0.483070 0.310667 0.486080 0.290000 0.485327 0.270000 0.483070 0.264000 0.477803 0.251333 0.474041 0.247333 0.471031 0.242000 0.469526
3 0.570000 0.457487 0.549333 0.464259 0.540667 0.472536 0.539333 0.477803 0.540000 0.491347 0.538000 0.501129 0.538000 0.512415 0.544667 0.525959 0.537333 0.544771 0.533333 0.550790 0.517333 0.586155 0.512000 0.605719 0.510667 0.634312 0.512000 0.643341 0.512667 0.748683 0.515333 0.810384 0.519333 0.823928 0.528667 0.841986 0.540667 0.856283 0.555333 0.866817 0.569333 0.873589 0.592000 0.878856 0.618667 0.880361 0.644000 0.877351 0.649333 0.875094 0.650667 0.870579 0.642667 0.844996 0.640667 0.822423 0.641333 0.802859 0.639333 0.777276 0.640000 0.729872 0.638000 0.700527 0.638667 0.644093 0.644667 0.619263 0.670667 0.562077 0.670667 0.556810 0.667333 0.550038 0.665333 0.541008 0.669333 0.530474 0.670000 0.519940 0.666000 0.507901 0.653333 0.501129 0.643333 0.498119 0.624667 0.483070 0.616000 0.470278 0.610667 0.465764 0.609333 0.459744 0.606667 0.455982 0.584667 0.455229
3 0.650667 0.101580 0.632667 0.107600 0.627333 0.112114 0.624667 0.118134 0.623333 0.150489 0.624667 0.155004 0.630667 0.163281 0.632000 0.169300 0.618000 0.199398 0.612000 0.216704 0.608000 0.221219 0.602667 0.236268 0.601333 0.244545 0.600667 0.279910 0.602667 0.409330 0.604000 0.431151 0.606667 0.446200 0.616000 0.466516 0.626000 0.480060 0.650000 0.498119 0.681333 0.503386 0.707333 0.504891 0.740667 0.500376 0.749333 0.496614 0.770667 0.482318 0.780000 0.471783 0.788667 0.452220 0.789333 0.434161 0.786667 0.370956 0.787333 0.337096 0.790000 0.313770 0.796667 0.295711 0.799333 0.279910 0.800000 0.251317 0.796000 0.231753 0.770000 0.176825 0.768000 0.170053 0.768667 0.165538 0.776667 0.152746 0.776000 0.118134 0.770667 0.110609 0.765333 0.107600 0.752000 0.103085 0.706000 0.097818 0.687333 0.097818
3 0.854000 0.180587 0.828667 0.187359 0.822000 0.191121 0.818000 0.196388 0.816667 0.200903 0.816000 0.234011 0.821333 0.244545 0.821333 0.249059 0.798000 0.297968 0.790667 0.328819 0.790667 0.402558 0.796667 0.522197 0.803333 0.543266 0.811333 0.555305 0.814000 0.562077 0.828000 0.574868 0.836000 0.579383 0.852667 0.585403 0.870000 0.588412 0.905333 0.589165 0.934667 0.584650 0.951333 0.578631 0.967333 0.566591 0.978000 0.551543 0.984667 0.537998 0.987333 0.528969 0.990667 0.507148 0.990000 0.494357 0.994667 0.335591 0.992667 0.318284 0.983333 0.293454 0.962667 0.251317 0.962667 0.244545 0.967333 0.240030 0.969333 0.234763 0.968667 0.199398 0.964000 0.191874 0.958667 0.188111 0.948000 0.184349 0.918667 0.179082 0.875333 0.178330
3 0.788000 0.492852 0.767333 0.491347 0.752000 0.498119 0.746000 0.502634 0.730667 0.507901 0.720000 0.509406 0.689333 0.510158 0.680000 0.507901 0.672667 0.508653 0.672000 0.526712 0.669333 0.539503 0.670000 0.548533 0.672667 0.555305 0.672667 0.562829 0.648667 0.612491 0.641333 0.636569 0.640000 0.650113 0.642000 0.829947 0.645333 0.849511 0.654667 0.872837 0.670000 0.888638 0.683333 0.898420 0.695333 0.904439 0.714667 0.909707 0.730000 0.911964 0.760000 0.911964 0.777333 0.908954 0.781333 0.905192 0.782000 0.857035 0.780000 0.792325 0.780000 0.720843 0.784000 0.698269 0.797333 0.671181 0.798000 0.666667 0.812667 0.638826 0.812667 0.630549 0.806667 0.618510 0.806667 0.605719 0.808667 0.596689 0.808000 0.586155 0.811333 0.574116 0.812000 0.563582 0.806000 0.554552 0.804000 0.548533 0.798667 0.542513 0.792000 0.510910 0.791333 0.499624
3 0.817333 0.573363 0.811333 0.580135 0.811333 0.596689 0.808667 0.607976 0.808667 0.617005 0.811333 0.623025 0.815333 0.626787 0.816667 0.633559 0.804000 0.663657 0.789333 0.692250 0.782667 0.719338 0.784000 0.902182 0.785333 0.918736 0.788667 0.934537 0.794667 0.951091 0.806667 0.967645 0.811333 0.969902 0.814667 0.975169 0.822000 0.980436 0.842667 0.990218 0.870000 0.995485 0.913333 0.995485 0.936000 0.990218 0.952000 0.982694 0.966667 0.972160 0.974667 0.962378 0.983333 0.945824 0.990667 0.914974 0.997333 0.722348 0.995333 0.706546 0.991333 0.694507 0.984667 0.683220 0.980000 0.668924 0.964000 0.635064 0.964000 0.630549 0.970000 0.623777 0.972667 0.617005 0.971333 0.582393 0.967333 0.577126 0.961333 0.576373 0.942667 0.585403 0.927333 0.589917 0.904667 0.592927 0.878667 0.592927 0.851333 0.588412 0.839333 0.583898 0.826000 0.575621
3 0.056667 0.014296 0.039333 0.021068 0.032667 0.029345 0.031333 0.066215 0.044000 0.080512 0.045333 0.084274 0.041333 0.088036 0.032667 0.103837 0.026667 0.121144 0.022667 0.126411 0.015333 0.142212 0.010000 0.173062 0.012667 0.331076 0.016667 0.368698 0.020667 0.379233 0.032667 0.398796 0.039333 0.405568 0.045333 0.407073 0.049333 0.411588 0.058667 0.416102 0.064000 0.421369 0.076667 0.422874 0.086000 0.426637 0.108000 0.428894 0.123333 0.428894 0.134000 0.425132 0.155333 0.422122 0.171333 0.413093 0.175333 0.407825 0.178000 0.407825 0.186000 0.401806 0.190000 0.394281 0.195333 0.389014 0.201333 0.377728 0.204667 0.362679 0.206000 0.328819 0.204667 0.323552 0.204000 0.225734 0.205333 0.212942 0.212000 0.193378 0.213333 0.170805 0.210000 0.148232 0.202667 0.129421 0.190667 0.106095 0.186667 0.094808 0.179333 0.084274 0.190667 0.069977 0.192667 0.064710 0.191333 0.056433 0.191333 0.031603 0.188000 0.024831 0.180667 0.020316 0.170667 0.016554 0.152000 0.012792 0.102667 0.009782
3 0.258000 0.071482 0.244000 0.075245 0.237333 0.079007 0.232667 0.085779 0.230667 0.124153 0.240000 0.142965 0.220000 0.183597 0.212000 0.203913 0.208667 0.218962 0.208000 0.252069 0.210667 0.386005 0.213333 0.416855 0.219333 0.437171 0.223333 0.444695 0.231333 0.455229 0.245333 0.467269 0.256667 0.471031 0.268000 0.477803 0.284000 0.481565 0.323333 0.482318 0.334667 0.480813 0.357333 0.473288 0.361333 0.469526 0.371333 0.467269 0.374667 0.464259 0.378667 0.455982 0.387333 0.452220 0.392667 0.438676 0.397333 0.433409 0.403333 0.412340 0.407333 0.273890 0.406667 0.218209 0.402667 0.201655 0.398000 0.190369 0.393333 0.183597 0.390667 0.173815 0.379333 0.152746 0.376667 0.144470 0.378000 0.138450 0.385333 0.130926 0.390000 0.123401 0.388667 0.111362 0.389333 0.092551 0.387333 0.085779 0.382667 0.079759 0.369333 0.074492 0.352000 0.070730 0.323333 0.067720 0.290000 0.067720
3 0.439333 0.004515 0.423333 0.009782 0.416000 0.017306 0.414000 0.048909 0.421333 0.064710 0.418000 0.074492 0.400000 0.111362 0.394000 0.130926 0.391333 0.158766 0.392667 0.170805 0.404000 0.197893 0.409333 0.217457 0.410667 0.227991 0.411333 0.255831 0.408667 0.320542 0.409333 0.345372 0.414000 0.355154 0.418000 0.358916 0.439333 0.371708 0.447333 0.374718 0.470667 0.378480 0.500000 0.378480 0.513333 0.376223 0.528000 0.370956 0.551333 0.355907 0.561333 0.341610 0.568000 0.325056 0.570667 0.313017 0.576000 0.195636 0.576000 0.142212 0.570667 0.119639 0.547333 0.066215 0.554000 0.053424 0.552667 0.021068 0.548667 0.014296 0.542000 0.009782 0.518667 0.003762 0.503333 0.002257 0.462000 0.002257
3 0.036667 0.410835 0.032667 0.414597 0.031333 0.419112 0.031333 0.436418 0.029333 0.455229 0.030667 0.459744 0.037333 0.469526 0.038000 0.474041 0.016667 0.514673 0.008667 0.533484 0.004667 0.547028 0.002667 0.560572 0.004667 0.759217 0.008000 0.783296 0.014667 0.799097 0.023333 0.812641 0.036667 0.825433 0.053333 0.835214 0.070000 0.841986 0.087333 0.845749 0.103333 0.847254 0.127333 0.846501 0.131333 0.841986 0.130667 0.778781 0.128000 0.730625 0.129333 0.689992 0.134667 0.667419 0.155333 0.625282 0.158000 0.616253 0.164000 0.607223 0.164000 0.598194 0.158000 0.586155 0.158000 0.568849 0.160667 0.546275 0.165333 0.537998 0.174000 0.532731 0.206667 0.525207 0.210667 0.522197 0.210000 0.514673 0.190000 0.474793 0.190000 0.468774 0.193333 0.465011 0.197333 0.455982 0.195333 0.440933 0.196000 0.422874 0.194000 0.416102 0.189333 0.411588 0.181333 0.410835 0.168667 0.419865 0.146667 0.429646 0.114000 0.434161 0.085333 0.431151 0.072000 0.428141 0.057333 0.422122 0.042000 0.411588
3 0.189333 0.531226 0.174667 0.535741 0.166667 0.540256 0.164000 0.544018 0.162667 0.564334 0.160000 0.578631 0.160667 0.585403 0.169333 0.603461 0.158000 0.621520 0.154667 0.632054 0.140667 0.659895 0.133333 0.680963 0.132000 0.690745 0.132000 0.768247 0.134000 0.870579 0.137333 0.905192 0.143333 0.921746 0.153333 0.937547 0.167333 0.951843 0.188000 0.964635 0.200667 0.969150 0.222667 0.972160 0.250667 0.972160 0.279333 0.968397 0.296000 0.962378 0.310667 0.954101 0.328000 0.936042 0.336667 0.920993 0.342000 0.905192 0.344667 0.890895 0.348667 0.772761 0.348000 0.759970 0.350667 0.710309 0.350000 0.687735 0.344667 0.665914 0.331333 0.634312 0.316000 0.603461 0.326000 0.586155 0.324000 0.548533 0.319333 0.541008 0.310667 0.536494 0.284667 0.530474 0.218667 0.526712
3 0.552667 0.360421 0.547333 0.360421 0.528667 0.373213 0.499333 0.380737 0.470667 0.380737 0.440000 0.374718 0.419333 0.361174 0.413333 0.361926 0.408000 0.368698 0.407333 0.404816 0.412667 0.418360 0.401333 0.438676 0.388667 0.468774 0.390000 0.503386 0.392000 0.513920 0.387333 0.529722 0.387333 0.534989 0.391333 0.549285 0.402000 0.569601 0.411333 0.592927 0.414667 0.607223 0.416667 0.631302 0.412667 0.719338 0.413333 0.742664 0.414667 0.746426 0.419333 0.750941 0.442000 0.761475 0.459333 0.764485 0.493333 0.764485 0.506000 0.762980 0.510000 0.757713 0.510667 0.727615 0.508667 0.637321 0.510000 0.603461 0.517333 0.580888 0.525333 0.562829 0.531333 0.553800 0.540667 0.530474 0.540667 0.522950 0.535333 0.509406 0.540000 0.471031 0.548000 0.462754 0.562667 0.456734 0.564667 0.452972 0.561333 0.438676 0.553333 0.422874 0.553333 0.416102 0.562000 0.404063 0.561333 0.372460 0.558000 0.364936
