0 0.814000 0.205882 0.802000 0.214706 0.782000 0.302941 0.784000 0.344118 0.780000 0.364706 0.788000 0.388235 0.790000 0.450000 0.798000 0.488235 0.790000 0.520588 0.834000 0.623529 0.858000 0.708824 0.864000 0.747059 0.870000 0.750000 0.904000 0.691176 0.902000 0.652941 0.922000 0.550000 0.934000 0.526471 0.950000 0.514706 0.950000 0.502941 0.920000 0.417647 0.884000 0.352941 0.888000 0.288235 0.882000 0.226471 0.866000 0.211765
0 0.660000 0.102941 0.634000 0.102941 0.610000 0.117647 0.596000 0.191176 0.596000 0.208824 0.604000 0.226471 0.578000 0.273529 0.582000 0.323529 0.578000 0.379412 0.588000 0.405882 0.610000 0.441176 0.620000 0.491176 0.622000 0.544118 0.642000 0.567647 0.656000 0.552941 0.674000 0.514706 0.672000 0.464706 0.682000 0.429412 0.690000 0.373529 0.702000 0.358824 0.720000 0.352941 0.718000 0.311765 0.682000 0.238235 0.690000 0.208824 0.686000 0.126471 0.678000 0.111765
0 0.544000 0.223529 0.498000 0.226471 0.484000 0.235294 0.478000 0.300000 0.470000 0.326471 0.470000 0.341176 0.480000 0.361765 0.454000 0.405882 0.438000 0.447059 0.442000 0.491176 0.438000 0.538235 0.446000 0.564706 0.466000 0.597059 0.480000 0.635294 0.486000 0.670588 0.488000 0.741176 0.494000 0.741176 0.508000 0.723529 0.510000 0.688235 0.524000 0.641176 0.524000 0.600000 0.532000 0.570588 0.552000 0.550000 0.566000 0.544118 0.614000 0.544118 0.618000 0.532353 0.618000 0.497059 0.608000 0.444118 0.570000 0.373529 0.570000 0.358824 0.578000 0.344118 0.578000 0.323529 0.570000 0.288235 0.568000 0.244118 0.562000 0.232353
0 0.374000 0.111765 0.314000 0.111765 0.308000 0.117647 0.304000 0.132353 0.304000 0.170588 0.296000 0.205882 0.304000 0.235294 0.266000 0.323529 0.264000 0.358824 0.268000 0.373529 0.280000 0.388235 0.314000 0.455882 0.322000 0.452941 0.332000 0.388235 0.350000 0.367647 0.388000 0.364706 0.430000 0.382353 0.430000 0.347059 0.422000 0.311765 0.406000 0.273529 0.384000 0.244118 0.392000 0.200000 0.386000 0.126471
0 0.010000 0.123529 0.000000 0.129412 0.000000 0.358824 0.034000 0.367647 0.056000 0.385294 0.064000 0.414706 0.064000 0.455882 0.074000 0.488235 0.080000 0.491176 0.144000 0.361765 0.144000 0.347059 0.120000 0.261765 0.112000 0.252941 0.120000 0.247059 0.108000 0.235294 0.088000 0.182353 0.084000 0.132353 0.064000 0.120588
0 0.908000 0.105882 0.900000 0.120588 0.898000 0.161765 0.888000 0.197059 0.892000 0.220588 0.888000 0.347059 0.934000 0.447059 0.952000 0.508824 0.972000 0.514706 0.986000 0.500000 0.996000 0.444118 0.998000 0.300000 0.992000 0.273529 0.978000 0.250000 0.978000 0.232353 0.984000 0.220588 0.980000 0.129412 0.976000 0.117647 0.960000 0.105882
0 0.494000 0.002941 0.438000 0.000000 0.432000 0.008824 0.422000 0.082353 0.426000 0.108824 0.406000 0.147059 0.396000 0.185294 0.392000 0.244118 0.414000 0.285294 0.430000 0.332353 0.438000 0.426471 0.444000 0.426471 0.474000 0.364706 0.468000 0.329412 0.476000 0.300000 0.478000 0.250000 0.484000 0.232353 0.496000 0.223529 0.554000 0.217647 0.546000 0.191176 0.508000 0.114706 0.510000 0.073529 0.502000 0.011765
0 0.712000 0.005882 0.704000 0.020588 0.704000 0.050000 0.696000 0.088235 0.702000 0.120588 0.688000 0.158824 0.692000 0.194118 0.688000 0.241176 0.716000 0.300000 0.728000 0.350000 0.772000 0.355882 0.778000 0.344118 0.780000 0.305882 0.800000 0.205882 0.796000 0.179412 0.772000 0.126471 0.780000 0.105882 0.776000 0.029412 0.772000 0.011765 0.762000 0.005882
0 0.206000 0.005882 0.164000 0.002941 0.150000 0.008824 0.142000 0.023529 0.136000 0.091176 0.142000 0.120588 0.142000 0.150000 0.128000 0.200000 0.120000 0.205882 0.118000 0.238235 0.122000 0.300000 0.142000 0.347059 0.150000 0.341176 0.158000 0.232353 0.176000 0.214706 0.196000 0.211765 0.244000 0.223529 0.250000 0.229412 0.260000 0.279412 0.268000 0.285294 0.272000 0.273529 0.270000 0.238235 0.256000 0.191176 0.222000 0.117647 0.228000 0.105882 0.222000 0.035294 0.216000 0.011765
0 0.358000 0.000000 0.280000 0.002941 0.280000 0.029412 0.286000 0.047059 0.258000 0.094118 0.248000 0.126471 0.246000 0.158824 0.262000 0.200000 0.284000 0.235294 0.296000 0.232353 0.294000 0.208824 0.302000 0.167647 0.302000 0.138235 0.312000 0.111765 0.324000 0.105882 0.382000 0.108824 0.376000 0.085294 0.354000 0.047059 0.360000 0.032353
0 0.994000 0.520588 0.952000 0.517647 0.936000 0.526471 0.924000 0.547059 0.920000 0.591176 0.904000 0.652941 0.912000 0.691176 0.866000 0.767647 0.844000 0.841176 0.844000 0.923529 0.856000 1.000000 0.992000 1.000000 0.998000 0.820588 0.996000 0.614706 1.000000 0.526471
0 0.546000 0.555882 0.532000 0.570588 0.526000 0.600000 0.528000 0.632353 0.514000 0.682353 0.514000 0.705882 0.522000 0.729412 0.476000 0.797059 0.470000 0.823529 0.466000 0.897059 0.472000 0.997059 0.672000 1.000000 0.682000 0.991176 0.694000 0.952941 0.696000 0.879412 0.678000 0.800000 0.640000 0.744118 0.640000 0.729412 0.652000 0.705882 0.642000 0.664706 0.642000 0.582353 0.632000 0.561765 0.618000 0.550000 0.568000 0.547059
0 0.000000 0.367647 0.000000 1.000000 0.014000 0.994118 0.032000 0.888235 0.048000 0.838235 0.118000 0.702941 0.116000 0.641176 0.092000 0.582353 0.064000 0.538235 0.072000 0.491176 0.062000 0.461765 0.058000 0.394118 0.042000 0.373529
0 0.354000 0.370588 0.338000 0.382353 0.330000 0.400000 0.328000 0.447059 0.316000 0.494118 0.322000 0.538235 0.282000 0.611765 0.270000 0.667647 0.270000 0.694118 0.284000 0.741176 0.308000 0.776471 0.350000 0.876471 0.362000 0.914706 0.374000 0.982353 0.372000 0.991176 0.378000 1.000000 0.460000 1.000000 0.464000 0.994118 0.458000 0.926471 0.460000 0.867647 0.468000 0.800000 0.482000 0.744118 0.482000 0.655882 0.468000 0.605882 0.442000 0.564706 0.432000 0.538235 0.440000 0.511765 0.440000 0.491176 0.430000 0.444118 0.426000 0.391176 0.418000 0.379412 0.400000 0.370588
0 0.234000 0.535294 0.218000 0.526471 0.188000 0.523529 0.154000 0.529412 0.140000 0.541176 0.132000 0.564706 0.124000 0.632353 0.124000 0.670588 0.130000 0.702941 0.086000 0.767647 0.048000 0.852941 0.032000 0.914706 0.022000 0.997059 0.342000 1.000000 0.356000 0.991176 0.338000 0.879412 0.324000 0.858824 0.322000 0.838235 0.294000 0.767647 0.256000 0.705882 0.258000 0.661765 0.248000 0.602941 0.248000 0.573529 0.242000 0.547059
0 0.172000 0.217647 0.158000 0.238235 0.152000 0.314706 0.158000 0.350000 0.116000 0.423529 0.088000 0.494118 0.080000 0.502941 0.074000 0.541176 0.078000 0.555882 0.102000 0.588235 0.110000 0.611765 0.122000 0.620588 0.130000 0.558824 0.150000 0.526471 0.170000 0.520588 0.224000 0.523529 0.250000 0.555882 0.252000 0.608824 0.258000 0.635294 0.266000 0.638235 0.310000 0.532353 0.308000 0.497059 0.312000 0.467647 0.258000 0.361765 0.256000 0.350000 0.262000 0.311765 0.250000 0.232353 0.238000 0.220588
0 0.702000 0.361765 0.688000 0.385294 0.686000 0.426471 0.674000 0.467647 0.680000 0.505882 0.646000 0.579412 0.646000 0.670588 0.654000 0.691176 0.654000 0.708824 0.644000 0.729412 0.644000 0.750000 0.682000 0.805882 0.694000 0.850000 0.700000 0.897059 0.700000 0.932353 0.686000 0.997059 0.848000 1.000000 0.850000 0.985294 0.838000 0.902941 0.838000 0.850000 0.846000 0.805882 0.858000 0.773529 0.860000 0.744118 0.836000 0.638235 0.812000 0.573529 0.784000 0.520588 0.794000 0.491176 0.794000 0.473529 0.786000 0.441176 0.780000 0.379412 0.758000 0.358824
