1 0.494126 0.345081 0.475037 0.345081 0.469897 0.347283 0.466960 0.359765 0.465492 0.388399 0.460352 0.412628 0.460352 0.434655 0.466226 0.484581 0.470631 0.500734 0.478708 0.518355 0.482379 0.531571 0.482379 0.545521 0.477239 0.578561 0.477239 0.584435 0.481645 0.587372 0.497797 0.585169 0.502203 0.582232 0.511013 0.580029 0.518355 0.574890 0.523495 0.560940 0.526432 0.538913 0.526432 0.523495 0.522761 0.510279 0.519090 0.503671 0.513216 0.462555 0.508076 0.392070 0.508811 0.351689 0.505140 0.347283
1 0.447137 0.328928 0.421439 0.326725 0.412628 0.328194 0.407489 0.333333 0.406021 0.365639 0.401615 0.402349 0.391336 0.448605 0.386197 0.481645 0.376652 0.501468 0.376652 0.508811 0.381791 0.519824 0.385463 0.539648 0.384728 0.580029 0.387665 0.590308 0.386931 0.598385 0.388399 0.607930 0.396476 0.606461 0.400147 0.600587 0.405286 0.600587 0.410426 0.602790 0.421439 0.602056 0.435389 0.599119 0.441263 0.596182 0.467695 0.591777 0.473568 0.585169 0.475771 0.577827 0.480910 0.541850 0.480176 0.527900 0.477239 0.517621 0.469163 0.500734 0.463289 0.474302 0.453744 0.378855 0.453010 0.336270 0.450808 0.330396
1 0.331865 0.305433 0.306167 0.304699 0.299559 0.307636 0.296623 0.313510 0.296623 0.324523 0.294420 0.333333 0.295154 0.349486 0.287812 0.400881 0.281204 0.430984 0.276065 0.473568 0.267988 0.497797 0.269457 0.506608 0.281938 0.532305 0.286344 0.555800 0.284875 0.591777 0.280470 0.603524 0.277533 0.618943 0.277533 0.624816 0.279736 0.629222 0.282673 0.630690 0.331865 0.622614 0.359765 0.615272 0.366373 0.610132 0.372981 0.608664 0.372981 0.596182 0.376652 0.591043 0.382526 0.569016 0.383994 0.555800 0.383260 0.535977 0.381791 0.527900 0.375918 0.514684 0.367841 0.487518 0.364905 0.455947 0.350954 0.360499 0.350954 0.314978 0.342144 0.307636
1 0.219530 0.274596 0.199706 0.272394 0.182085 0.273128 0.174009 0.281204 0.174009 0.296623 0.171806 0.306902 0.172540 0.326725 0.169604 0.356828 0.157122 0.414831 0.151982 0.464758 0.146843 0.487518 0.143172 0.494126 0.139501 0.506608 0.125551 0.530837 0.125551 0.541850 0.129222 0.562408 0.129222 0.603524 0.131424 0.614537 0.131424 0.638767 0.134361 0.653451 0.138032 0.658590 0.168135 0.656388 0.218062 0.646843 0.224670 0.643906 0.248899 0.638767 0.264317 0.632893 0.267254 0.629956 0.273862 0.616006 0.274596 0.604993 0.279001 0.592511 0.284141 0.561674 0.283407 0.549927 0.279001 0.532305 0.266520 0.507342 0.259178 0.478708 0.256975 0.458150 0.253304 0.443465 0.253304 0.432452 0.246696 0.377386 0.241557 0.356094 0.240822 0.343612 0.238620 0.339941 0.237885 0.322320 0.240822 0.316446 0.240088 0.301762 0.235683 0.291483 0.235683 0.283407 0.233480 0.279736
1 0.018355 0.234214 0.000000 0.234214 0.000000 0.691630 0.017621 0.689427 0.052863 0.679883 0.061674 0.679148 0.084435 0.671806 0.099119 0.669604 0.109398 0.662261 0.111601 0.650514 0.118209 0.638767 0.117474 0.635095 0.119677 0.631424 0.124082 0.612335 0.125551 0.583700 0.123348 0.540382 0.115272 0.525698 0.110866 0.522026 0.110132 0.517621 0.102056 0.504405 0.096182 0.488253 0.092511 0.453010 0.085903 0.418502 0.085169 0.406755 0.079295 0.384728 0.077093 0.358297 0.069750 0.321586 0.068282 0.301028 0.071219 0.284875 0.065345 0.261380 0.066814 0.253304 0.061674 0.245962 0.052863 0.241557 0.034508 0.236417
1 0.850220 0.411894 0.837004 0.411894 0.833333 0.414831 0.821586 0.475771 0.821586 0.489721 0.826725 0.502203 0.825991 0.521292 0.827460 0.524963 0.830396 0.526432 0.858297 0.524229 0.861968 0.522761 0.864170 0.519090 0.864170 0.499266 0.858297 0.470631 0.855360 0.416300
1 0.701909 0.389868 0.686490 0.390602 0.682085 0.393539 0.679883 0.399413 0.678414 0.419236 0.671806 0.446402 0.665932 0.482379 0.665932 0.488253 0.671072 0.503671 0.670338 0.542584 0.673275 0.545521 0.716593 0.539648 0.720264 0.536711 0.722467 0.527900 0.723201 0.504405 0.715859 0.485316 0.712922 0.466960 0.709985 0.427313 0.709985 0.400881 0.707048 0.392070
1 0.651248 0.375918 0.627753 0.375184 0.624816 0.378855 0.621880 0.392805 0.621880 0.403818 0.618209 0.414831 0.615272 0.436858 0.605727 0.481645 0.605727 0.491189 0.612335 0.516153 0.610132 0.554332 0.613069 0.557269 0.631424 0.556535 0.659325 0.551395 0.664464 0.548458 0.667401 0.541850 0.670338 0.520558 0.670338 0.507342 0.662996 0.483113 0.658590 0.440529 0.656388 0.386197 0.654919 0.378855
1 0.580029 0.367841 0.577093 0.369310 0.575624 0.372981 0.580029 0.469897 0.583700 0.491924 0.594714 0.517621 0.595448 0.538179 0.593979 0.553598 0.594714 0.557269 0.598385 0.558003 0.603524 0.554332 0.608664 0.541850 0.610866 0.519090 0.610132 0.508811 0.600587 0.481645 0.594714 0.410426 0.594714 0.376652 0.591043 0.370044
1 0.564611 0.358297 0.549192 0.357562 0.541850 0.359765 0.539648 0.361968 0.538179 0.368576 0.537445 0.387665 0.531571 0.416300 0.528634 0.450808 0.524963 0.460352 0.519824 0.486784 0.520558 0.500000 0.528634 0.525698 0.525698 0.569016 0.529369 0.575624 0.551395 0.573421 0.584435 0.566079 0.590308 0.561674 0.593245 0.552129 0.594714 0.520558 0.593245 0.513950 0.582232 0.490455 0.579295 0.474302 0.577827 0.424376 0.574156 0.388399 0.574890 0.364170 0.572687 0.360499
1 0.809104 0.406021 0.798091 0.405286 0.792952 0.406755 0.790015 0.410426 0.786344 0.436123 0.782673 0.445668 0.779736 0.467695 0.774596 0.485316 0.774596 0.491189 0.777533 0.500734 0.776799 0.525698 0.777533 0.528634 0.781204 0.530837 0.817915 0.528634 0.821586 0.527166 0.824523 0.522026 0.825257 0.501468 0.817915 0.479442 0.813510 0.447871 0.812775 0.409692
1 0.754772 0.397944 0.742291 0.398678 0.739354 0.400147 0.735683 0.406021 0.731278 0.436123 0.727606 0.447137 0.724670 0.466960 0.720264 0.477974 0.718796 0.486784 0.723935 0.502937 0.723201 0.529369 0.724670 0.534508 0.726872 0.535977 0.764317 0.533774 0.773128 0.531571 0.775330 0.527166 0.776799 0.507342 0.774596 0.494860 0.768722 0.481645 0.763583 0.416300 0.764317 0.406755 0.759912 0.399413
