5 0.368750 0.216667 0.346250 0.220000 0.340000 0.228333 0.340000 0.398333 0.358750 0.841667 0.361250 0.850000 0.367500 0.855000 0.388750 0.858333 0.423750 0.853333 0.438750 0.845000 0.442500 0.840000 0.442500 0.801667 0.437500 0.730000 0.418750 0.230000 0.410000 0.218333
5 0.086250 0.468333 0.067500 0.473333 0.066250 0.501667 0.062500 0.508333 0.060000 0.525000 0.065000 0.611667 0.087500 0.836667 0.091250 0.851667 0.103750 0.855000 0.133750 0.846667 0.136250 0.843333 0.136250 0.820000 0.118750 0.645000 0.110000 0.521667 0.107500 0.508333 0.097500 0.493333 0.093750 0.473333
5 0.758750 0.171667 0.742500 0.175000 0.737500 0.181667 0.733750 0.255000 0.725000 0.268333 0.721250 0.283333 0.717500 0.565000 0.712500 0.665000 0.713750 0.693333 0.708750 0.843333 0.711250 0.851667 0.720000 0.860000 0.747500 0.866667 0.772500 0.866667 0.788750 0.861667 0.797500 0.850000 0.805000 0.555000 0.807500 0.276667 0.796250 0.255000 0.792500 0.180000 0.786250 0.173333
5 0.648750 0.166667 0.626250 0.175000 0.622500 0.208333 0.618750 0.466667 0.618750 0.750000 0.621250 0.845000 0.626250 0.850000 0.643750 0.855000 0.677500 0.855000 0.693750 0.850000 0.702500 0.841667 0.705000 0.816667 0.707500 0.610000 0.705000 0.420000 0.706250 0.188333 0.703750 0.173333 0.686250 0.166667
5 0.188750 0.240000 0.170000 0.245000 0.163750 0.253333 0.163750 0.343333 0.176250 0.610000 0.188750 0.785000 0.190000 0.853333 0.193750 0.861667 0.200000 0.865000 0.225000 0.865000 0.261250 0.855000 0.266250 0.850000 0.267500 0.843333 0.250000 0.363333 0.240000 0.248333 0.223750 0.240000
5 0.571250 0.188333 0.552500 0.191667 0.547500 0.196667 0.543750 0.276667 0.533750 0.291667 0.531250 0.313333 0.535000 0.820000 0.538750 0.835000 0.551250 0.843333 0.572500 0.848333 0.608750 0.848333 0.620000 0.841667 0.616250 0.575000 0.617500 0.303333 0.615000 0.290000 0.603750 0.273333 0.600000 0.196667 0.592500 0.190000
5 0.280000 0.185000 0.266250 0.188333 0.262500 0.193333 0.260000 0.270000 0.251250 0.281667 0.250000 0.290000 0.262500 0.605000 0.268750 0.850000 0.272500 0.855000 0.293750 0.860000 0.315000 0.860000 0.343750 0.853333 0.355000 0.846667 0.357500 0.840000 0.345000 0.598333 0.335000 0.296667 0.331250 0.278333 0.320000 0.261667 0.317500 0.210000 0.313750 0.190000 0.302500 0.185000
5 0.446250 0.101667 0.438750 0.110000 0.436250 0.188333 0.426250 0.205000 0.423750 0.245000 0.443750 0.830000 0.446250 0.845000 0.453750 0.851667 0.500000 0.855000 0.522500 0.848333 0.528750 0.838333 0.513750 0.235000 0.511250 0.205000 0.497500 0.181667 0.498750 0.173333 0.492500 0.106667 0.483750 0.100000
5 0.125000 0.365000 0.116250 0.368333 0.113750 0.375000 0.115000 0.436667 0.108750 0.453333 0.108750 0.478333 0.138750 0.845000 0.141250 0.853333 0.146250 0.856667 0.172500 0.856667 0.187500 0.850000 0.188750 0.833333 0.185000 0.743333 0.173750 0.608333 0.171250 0.511667 0.166250 0.446667 0.157500 0.428333 0.157500 0.410000 0.150000 0.368333 0.147500 0.365000
5 0.905000 0.443333 0.883750 0.445000 0.878750 0.470000 0.868750 0.491667 0.861250 0.841667 0.865000 0.848333 0.878750 0.853333 0.906250 0.850000 0.911250 0.841667 0.920000 0.618333 0.920000 0.491667 0.912500 0.475000 0.910000 0.446667
5 0.821250 0.343333 0.817500 0.346667 0.815000 0.356667 0.812500 0.408333 0.807500 0.426667 0.803750 0.735000 0.798750 0.811667 0.800000 0.845000 0.803750 0.850000 0.821250 0.855000 0.840000 0.855000 0.858750 0.848333 0.861250 0.835000 0.866250 0.441667 0.863750 0.423333 0.857500 0.411667 0.853750 0.345000
