2 0.390523 0.333333 0.383987 0.339869 0.367647 0.383442 0.364379 0.479303 0.366013 0.636166 0.382353 0.647059 0.488562 0.644880 0.495098 0.640523 0.500000 0.625272 0.500000 0.385621 0.480392 0.337691 0.455882 0.331155
2 0.111111 0.326797 0.094771 0.357298 0.086601 0.387800 0.076797 0.599129 0.078431 0.631808 0.086601 0.640523 0.101307 0.642702 0.209150 0.640523 0.214052 0.636166 0.218954 0.616558 0.222222 0.531590 0.220588 0.470588 0.223856 0.398693 0.218954 0.359477 0.207516 0.337691 0.176471 0.324619
2 0.200980 0.653595 0.142157 0.651416 0.094771 0.655773 0.078431 0.686275 0.070261 0.758170 0.068627 0.838780 0.063725 0.884532 0.063725 0.952070 0.068627 0.962963 0.070261 0.984749 0.086601 0.993464 0.148693 0.993464 0.187908 0.982571 0.205882 0.967320 0.210784 0.906318 0.215686 0.686275 0.209150 0.664488
2 0.266340 0.006536 0.251634 0.019608 0.250000 0.032680 0.238562 0.054466 0.235294 0.069717 0.230392 0.311547 0.235294 0.318083 0.274510 0.313725 0.281046 0.318083 0.359477 0.324619 0.364379 0.313725 0.369281 0.080610 0.357843 0.032680 0.349673 0.021786 0.320261 0.006536
2 0.251634 0.328976 0.243464 0.337691 0.227124 0.383442 0.222222 0.631808 0.235294 0.644880 0.330065 0.644880 0.352941 0.640523 0.359477 0.633987 0.362745 0.562092 0.359477 0.501089 0.362745 0.383442 0.348039 0.342048 0.339869 0.335512 0.300654 0.326797
2 0.519608 0.655773 0.503268 0.705882 0.503268 0.967320 0.516340 0.984749 0.545752 0.993464 0.601307 0.993464 0.629085 0.984749 0.638889 0.971678 0.640523 0.962963 0.638889 0.734205 0.630719 0.684096 0.624183 0.673203 0.612745 0.671024 0.607843 0.660131 0.549020 0.653595
2 0.534314 0.333333 0.524510 0.337691 0.519608 0.346405 0.504902 0.398693 0.503268 0.627451 0.509804 0.642702 0.526144 0.649237 0.607843 0.649237 0.612745 0.640523 0.622549 0.638344 0.632353 0.623094 0.637255 0.588235 0.635621 0.383442 0.622549 0.346405 0.611111 0.335512 0.596405 0.331155
2 0.341503 0.655773 0.243464 0.655773 0.233660 0.664488 0.220588 0.694989 0.210784 0.945534 0.212418 0.976035 0.215686 0.982571 0.241830 0.993464 0.299020 0.993464 0.334967 0.982571 0.351307 0.967320 0.356209 0.694989 0.349673 0.668845
2 0.549020 0.008715 0.531046 0.021786 0.513072 0.069717 0.504902 0.311547 0.516340 0.326797 0.599673 0.326797 0.622549 0.333333 0.632353 0.326797 0.635621 0.311547 0.643791 0.071895 0.632353 0.030501 0.622549 0.017429 0.601307 0.008715
2 0.383987 0.653595 0.375817 0.664488 0.362745 0.703704 0.359477 0.971678 0.369281 0.984749 0.397059 0.993464 0.447712 0.993464 0.482026 0.984749 0.495098 0.967320 0.498366 0.930283 0.498366 0.871460 0.495098 0.856209 0.498366 0.810458 0.496732 0.692810 0.480392 0.653595
2 0.125817 0.004357 0.117647 0.008715 0.111111 0.019608 0.094771 0.067538 0.091503 0.305011 0.096405 0.313725 0.155229 0.309368 0.197712 0.313725 0.215686 0.320261 0.222222 0.315904 0.225490 0.294118 0.225490 0.189542 0.230392 0.100218 0.227124 0.056645 0.210784 0.023965 0.186275 0.008715 0.158497 0.002179
2 0.406863 0.008715 0.390523 0.023965 0.374183 0.074074 0.369281 0.313725 0.375817 0.322440 0.421569 0.320261 0.491830 0.328976 0.500000 0.315904 0.501634 0.196078 0.506536 0.124183 0.504902 0.076253 0.496732 0.039216 0.482026 0.017429 0.459150 0.008715 0.433007 0.004357
2 0.805556 0.664488 0.797386 0.677560 0.797386 0.699346 0.784314 0.747277 0.782680 0.921569 0.785948 0.967320 0.800654 0.982571 0.833333 0.993464 0.859477 0.997821 0.901961 0.997821 0.915033 0.993464 0.924837 0.982571 0.926471 0.969499 0.921569 0.738562 0.906863 0.701525 0.901961 0.673203 0.895425 0.664488
2 0.797386 0.337691 0.789216 0.350763 0.779412 0.385621 0.779412 0.579521 0.782680 0.601307 0.797386 0.638344 0.815359 0.649237 0.897059 0.651416 0.911765 0.631808 0.918301 0.594771 0.918301 0.427015 0.915033 0.379085 0.905229 0.359477 0.900327 0.337691 0.893791 0.333333 0.836601 0.331155
2 0.831699 0.006536 0.810458 0.017429 0.800654 0.028322 0.787582 0.071895 0.777778 0.320261 0.784314 0.326797 0.795752 0.328976 0.866013 0.326797 0.903595 0.333333 0.915033 0.322440 0.918301 0.296296 0.926471 0.093682 0.924837 0.061002 0.913399 0.019608 0.901961 0.006536 0.885621 0.002179
2 0.648693 0.673203 0.645425 0.684096 0.648693 0.690632 0.648693 0.721133 0.642157 0.742919 0.640523 0.766885 0.643791 0.845316 0.642157 0.936819 0.645425 0.967320 0.660131 0.982571 0.700980 0.993464 0.753268 0.993464 0.774510 0.984749 0.781046 0.973856 0.781046 0.753813 0.771242 0.705882 0.771242 0.684096 0.759804 0.673203 0.718954 0.666667
2 0.663399 0.337691 0.655229 0.346405 0.642157 0.383442 0.640523 0.594771 0.645425 0.605664 0.645425 0.625272 0.648693 0.631808 0.658497 0.636166 0.658497 0.644880 0.669935 0.653595 0.671569 0.660131 0.758170 0.660131 0.763072 0.653595 0.769608 0.653595 0.774510 0.644880 0.774510 0.605664 0.777778 0.594771 0.776144 0.400871 0.772876 0.379085 0.758170 0.342048 0.750000 0.335512 0.702614 0.331155
2 0.681373 0.013072 0.665033 0.026144 0.648693 0.071895 0.640523 0.320261 0.655229 0.326797 0.709150 0.324619 0.767974 0.328976 0.774510 0.305011 0.782680 0.124183 0.782680 0.067538 0.772876 0.030501 0.766340 0.017429 0.745098 0.008715 0.702614 0.006536
