5 0.708889 0.384444 0.702222 0.391111 0.702222 0.420000 0.693333 0.435556 0.691111 0.704444 0.697778 0.711111 0.724444 0.713333 0.737778 0.706667 0.742222 0.440000 0.733333 0.424444 0.731111 0.388889
5 0.560000 0.348889 0.551111 0.355556 0.546667 0.393333 0.540000 0.404444 0.542222 0.695556 0.551111 0.704444 0.580000 0.708889 0.600000 0.700000 0.595556 0.404444 0.588889 0.393333 0.586667 0.355556 0.577778 0.348889
5 0.106667 0.291111 0.100000 0.297778 0.097778 0.340000 0.084444 0.355556 0.100000 0.686667 0.106667 0.702222 0.131111 0.706667 0.160000 0.702222 0.166667 0.695556 0.155556 0.357778 0.137778 0.335556 0.133333 0.295556 0.126667 0.291111
5 0.202222 0.351111 0.188889 0.360000 0.188889 0.388889 0.182222 0.402222 0.193333 0.684444 0.197778 0.702222 0.231111 0.706667 0.251111 0.695556 0.237778 0.406667 0.226667 0.377778 0.226667 0.360000 0.222222 0.353333
5 0.893333 0.437778 0.877778 0.444444 0.868889 0.502222 0.866667 0.704444 0.877778 0.711111 0.897778 0.711111 0.906667 0.704444 0.911111 0.486667 0.904444 0.442222
5 0.822222 0.435556 0.813333 0.482222 0.813333 0.702222 0.822222 0.708889 0.844444 0.708889 0.851111 0.702222 0.851111 0.477778 0.846667 0.437778
5 0.773333 0.428889 0.766667 0.435556 0.760000 0.477778 0.755556 0.700000 0.766667 0.708889 0.784444 0.708889 0.795556 0.702222 0.797778 0.448889 0.791111 0.428889
5 0.633333 0.353333 0.626667 0.362222 0.624444 0.395556 0.615556 0.406667 0.613333 0.437778 0.615556 0.704444 0.628889 0.711111 0.655556 0.711111 0.668889 0.706667 0.673333 0.697778 0.675556 0.422222 0.673333 0.406667 0.666667 0.397778 0.664444 0.360000 0.655556 0.353333
5 0.488889 0.384444 0.482222 0.395556 0.482222 0.426667 0.475556 0.440000 0.480000 0.695556 0.488889 0.704444 0.506667 0.706667 0.524444 0.702222 0.528889 0.693333 0.524444 0.457778 0.515556 0.393333 0.508889 0.384444
5 0.422222 0.351111 0.411111 0.357778 0.411111 0.380000 0.402222 0.404444 0.404444 0.697778 0.415556 0.706667 0.433333 0.708889 0.457778 0.702222 0.462222 0.695556 0.460000 0.408889 0.451111 0.395556 0.446667 0.355556 0.440000 0.351111
5 0.342222 0.348889 0.333333 0.355556 0.331111 0.395556 0.324444 0.404444 0.331111 0.680000 0.337778 0.702222 0.371111 0.706667 0.391111 0.695556 0.382222 0.406667 0.371111 0.391111 0.366667 0.353333 0.362222 0.348889
5 0.266667 0.353333 0.257778 0.360000 0.257778 0.391111 0.251111 0.402222 0.257778 0.691111 0.268889 0.702222 0.295556 0.704444 0.315556 0.695556 0.306667 0.406667 0.297778 0.395556 0.293333 0.357778 0.286667 0.353333
