0 0.000000 0.360812 0.000000 1.000000 0.278088 1.000000 0.282869 0.991637 0.283665 0.978495 0.285259 0.976105 0.286056 0.937873 0.283665 0.931900 0.284462 0.925926 0.271713 0.861410 0.266932 0.855436 0.258167 0.829152 0.255777 0.814815 0.251793 0.812425 0.248606 0.798088 0.216733 0.727599 0.195219 0.689367 0.135458 0.598566 0.118725 0.568698 0.113944 0.551971 0.111554 0.529271 0.124303 0.513740 0.128287 0.497013 0.125896 0.486260 0.125896 0.465950 0.120319 0.412186 0.113147 0.381123 0.103586 0.369176 0.082072 0.360812 0.034263 0.357228
0 0.333068 0.158901 0.298008 0.152927 0.217530 0.152927 0.189641 0.161290 0.182470 0.170848 0.180080 0.178017 0.178486 0.192354 0.177689 0.273596 0.180080 0.280765 0.192032 0.292712 0.192032 0.313023 0.185657 0.334528 0.157769 0.388292 0.133865 0.443250 0.129880 0.470729 0.130677 0.487455 0.133068 0.497013 0.131474 0.512545 0.120319 0.531661 0.118725 0.549582 0.120319 0.559140 0.126693 0.574671 0.198406 0.685783 0.202390 0.688172 0.204781 0.694146 0.214343 0.696535 0.220717 0.702509 0.220717 0.709677 0.224701 0.707288 0.227092 0.710872 0.230279 0.710872 0.231076 0.714456 0.227092 0.715651 0.227888 0.718041 0.239841 0.708483 0.243028 0.710872 0.247809 0.708483 0.248606 0.712067 0.257371 0.712067 0.264542 0.706093 0.273307 0.685783 0.274900 0.676225 0.278884 0.670251 0.291633 0.628435 0.351394 0.510155 0.368127 0.483871 0.388048 0.439665 0.388845 0.422939 0.387251 0.418160 0.376096 0.403823 0.367331 0.369176 0.336255 0.305854 0.334661 0.291517 0.337052 0.284349 0.352191 0.272401 0.352191 0.250896 0.353785 0.246117 0.352191 0.236559 0.352191 0.200717 0.349801 0.186380 0.342629 0.167264
0 0.595219 0.405018 0.591235 0.418160 0.585657 0.425329 0.580876 0.456392 0.580876 0.502987 0.576096 0.548387 0.577689 0.561529 0.587251 0.574671 0.592829 0.578256 0.596813 0.586619 0.596016 0.598566 0.592032 0.614098 0.584861 0.629630 0.555378 0.676225 0.517131 0.744325 0.513147 0.757467 0.505179 0.769415 0.495618 0.790920 0.483665 0.829152 0.462151 0.875747 0.439841 0.937873 0.436653 0.961768 0.436653 0.997611 0.438247 1.000000 0.954582 1.000000 0.955378 0.988053 0.953785 0.972521 0.943426 0.927121 0.928287 0.885305 0.916335 0.859020 0.913944 0.848268 0.898805 0.816010 0.897211 0.808841 0.892430 0.801673 0.882072 0.769415 0.844622 0.700119 0.817530 0.658303 0.794422 0.615293 0.791235 0.599761 0.792032 0.584229 0.809562 0.560335 0.811155 0.553166 0.811155 0.510155 0.808765 0.494624 0.810359 0.489845 0.802390 0.432497 0.803187 0.427718 0.796813 0.412186 0.786454 0.401434 0.769721 0.391876 0.747410 0.384707 0.720319 0.384707 0.716335 0.382318 0.666135 0.383513 0.625498 0.389486 0.610359 0.394265 0.607171 0.399044
0 0.994422 0.289128 0.985657 0.293907 0.979283 0.301075 0.974502 0.309438 0.970518 0.323775 0.962550 0.426523 0.964940 0.434886 0.975299 0.445639 0.980080 0.455197 0.976892 0.482676 0.966534 0.506571 0.937052 0.555556 0.936255 0.560335 0.930677 0.567503 0.904382 0.621266 0.883665 0.649940 0.874104 0.667861 0.861355 0.701314 0.860558 0.719235 0.866932 0.733572 0.877291 0.749104 0.881275 0.751493 0.886853 0.763441 0.894821 0.792115 0.903586 0.810036 0.907570 0.825568 0.942629 0.915173 0.952988 0.949821 0.960159 0.982079 0.966534 0.988053 0.975299 0.986858 1.000000 0.995221 1.000000 0.289128
0 0.751394 0.181601 0.741833 0.188769 0.736255 0.198327 0.733865 0.211470 0.732271 0.262843 0.727490 0.299881 0.732271 0.311828 0.737052 0.315412 0.742629 0.324970 0.741833 0.340502 0.735458 0.367981 0.736255 0.375149 0.740239 0.378734 0.782470 0.394265 0.795219 0.405018 0.803187 0.418160 0.811155 0.461171 0.814343 0.508961 0.814343 0.555556 0.811155 0.568698 0.801594 0.579450 0.797610 0.587814 0.796016 0.594982 0.797610 0.611708 0.801594 0.621266 0.814343 0.640382 0.819124 0.642772 0.821514 0.651135 0.829482 0.663082 0.829482 0.666667 0.842231 0.683393 0.845418 0.694146 0.849402 0.700119 0.855777 0.702509 0.866135 0.684588 0.868526 0.675030 0.875697 0.658303 0.882869 0.647551 0.885259 0.639188 0.895618 0.627240 0.905179 0.611708 0.928287 0.566308 0.946614 0.534050 0.952191 0.528076 0.955378 0.518519 0.960159 0.513740 0.967331 0.498208 0.968924 0.482676 0.964940 0.469534 0.945020 0.427718 0.938645 0.419355 0.934661 0.408602 0.903586 0.352449 0.901992 0.341697 0.902789 0.324970 0.913944 0.310633 0.917131 0.297491 0.913944 0.222222 0.910757 0.203106 0.905179 0.192354 0.897211 0.186380 0.868526 0.174432 0.843825 0.170848 0.794422 0.170848 0.767331 0.175627
0 0.540239 0.097969 0.535458 0.108722 0.533068 0.120669 0.530677 0.170848 0.531474 0.194743 0.540239 0.209080 0.541036 0.224612 0.539442 0.227001 0.538645 0.247312 0.549004 0.255675 0.559363 0.259259 0.566534 0.266428 0.574502 0.284349 0.577689 0.308244 0.583267 0.408602 0.603984 0.393070 0.627888 0.383513 0.662151 0.377539 0.723506 0.375149 0.728287 0.370370 0.731474 0.359618 0.731474 0.348865 0.725100 0.324970 0.720319 0.317802 0.716335 0.304659 0.683665 0.246117 0.677291 0.222222 0.678088 0.209080 0.686056 0.200717 0.690837 0.191159 0.687649 0.114695 0.686056 0.105137 0.682072 0.097969 0.674104 0.091995 0.638247 0.084827 0.576096 0.086022 0.555378 0.089606
0 0.212749 0.069295 0.184861 0.063321 0.140239 0.063321 0.094821 0.071685 0.078884 0.081243 0.074104 0.095579 0.074900 0.162485 0.077291 0.176822 0.085259 0.185185 0.087649 0.193548 0.086056 0.216249 0.077291 0.240143 0.039841 0.320191 0.032669 0.340502 0.032669 0.346476 0.035060 0.350060 0.084462 0.354839 0.098805 0.358423 0.107570 0.364397 0.117131 0.376344 0.122709 0.394265 0.127490 0.422939 0.139442 0.413381 0.145020 0.405018 0.149004 0.393070 0.153785 0.388292 0.173705 0.347670 0.177689 0.342891 0.186454 0.318996 0.186454 0.293907 0.176096 0.278375 0.176892 0.179211 0.181673 0.168459 0.188845 0.158901 0.217530 0.150538 0.225498 0.139785 0.222311 0.090800 0.218327 0.075269
0 0.498805 0.004779 0.487649 0.000000 0.482869 0.002389 0.480478 0.000000 0.475697 0.000000 0.474900 0.002389 0.473307 0.000000 0.413546 0.000000 0.412749 0.002389 0.410359 0.000000 0.404781 0.002389 0.400000 0.000000 0.396813 0.003584 0.384861 0.004779 0.376096 0.013142 0.372908 0.035842 0.373705 0.093190 0.378486 0.100358 0.382470 0.112306 0.382470 0.127838 0.379283 0.140980 0.360159 0.180406 0.356175 0.194743 0.355378 0.225806 0.357769 0.244922 0.357769 0.267622 0.356175 0.277180 0.347410 0.290323 0.349801 0.299881 0.360956 0.308244 0.372908 0.308244 0.382470 0.275986 0.386454 0.268817 0.400797 0.258065 0.415139 0.252091 0.474104 0.244922 0.525100 0.247312 0.530677 0.243728 0.533068 0.237754 0.533068 0.217443 0.523506 0.178017 0.502789 0.136201 0.499602 0.120669 0.499602 0.103943 0.501195 0.097969 0.506773 0.093190 0.508367 0.074074 0.505976 0.021505
0 0.859761 0.016726 0.840637 0.009558 0.823108 0.007168 0.780080 0.007168 0.744223 0.013142 0.736255 0.017921 0.731474 0.025090 0.728287 0.033453 0.726693 0.052569 0.726693 0.106332 0.737052 0.118280 0.738645 0.124253 0.745817 0.127838 0.743426 0.130227 0.740239 0.143369 0.721116 0.173238 0.717131 0.185185 0.713147 0.188769 0.704382 0.205496 0.701195 0.216249 0.694821 0.227001 0.691633 0.238949 0.692430 0.249701 0.709163 0.279570 0.716335 0.280765 0.719522 0.285544 0.720319 0.295102 0.724303 0.292712 0.726693 0.280765 0.732271 0.209080 0.735458 0.197133 0.745020 0.183990 0.758566 0.176822 0.786454 0.169654 0.865339 0.168459 0.865339 0.163680 0.858964 0.145759 0.857371 0.125448 0.858964 0.117085 0.866932 0.107527 0.868526 0.101553 0.868526 0.059737 0.866135 0.028674
0 1.000000 0.080048 0.949004 0.082437 0.930677 0.088411 0.921116 0.094385 0.917928 0.099164 0.912351 0.120669 0.909163 0.189964 0.917928 0.206691 0.920319 0.218638 0.920319 0.305854 0.909960 0.324970 0.906773 0.338112 0.906773 0.346476 0.909960 0.358423 0.934661 0.400239 0.941833 0.418160 0.954582 0.432497 0.953785 0.436081 0.956972 0.440860 0.959363 0.440860 0.956175 0.436081 0.956175 0.430108 0.958566 0.425329 0.960956 0.409797 0.961753 0.385902 0.964940 0.370370 0.971315 0.308244 0.985657 0.290323 1.000000 0.283154
0 0.561753 0.264038 0.533865 0.252091 0.511554 0.249701 0.454183 0.249701 0.407968 0.258065 0.392032 0.267622 0.384064 0.278375 0.379283 0.309438 0.377689 0.381123 0.376096 0.389486 0.380876 0.403823 0.393625 0.416965 0.392032 0.439665 0.373705 0.480287 0.359363 0.502987 0.314741 0.594982 0.298805 0.623656 0.266932 0.716846 0.262948 0.746714 0.258167 0.762246 0.256574 0.777778 0.257371 0.795699 0.262151 0.807646 0.267729 0.831541 0.278884 0.854241 0.287649 0.899642 0.292430 0.935484 0.295618 0.945042 0.295618 0.979689 0.290837 0.985663 0.290837 0.996416 0.292430 1.000000 0.425498 1.000000 0.428685 0.994026 0.431873 0.955795 0.447012 0.902031 0.494821 0.780167 0.539442 0.695341 0.561753 0.660693 0.586454 0.616487 0.591235 0.596177 0.590438 0.590203 0.572112 0.556750 0.572112 0.540024 0.576892 0.505376 0.576096 0.468339 0.567331 0.446834 0.563347 0.427718 0.563347 0.415771 0.573705 0.406213 0.578486 0.397849 0.578486 0.354839 0.574502 0.323775 0.572112 0.283154 0.569721 0.274791
