2 0.441538 0.691166 0.366154 0.693393 0.362308 0.697105 0.353846 0.713437 0.351538 0.721604 0.351538 0.749814 0.353077 0.755754 0.351538 0.861915 0.353077 0.870824 0.360000 0.876021 0.385385 0.881218 0.415385 0.880475 0.443846 0.873794 0.450769 0.867854 0.451538 0.709725 0.445385 0.694878
2 0.540769 0.508537 0.516923 0.507053 0.466923 0.509280 0.454615 0.530067 0.453077 0.538976 0.453846 0.682999 0.458462 0.688196 0.478462 0.692650 0.502308 0.693393 0.546154 0.688938 0.551538 0.687454 0.556923 0.682257 0.558462 0.677060 0.556154 0.538976 0.553077 0.524870 0.544615 0.511507
2 0.543077 0.692650 0.505385 0.695620 0.466923 0.694878 0.455385 0.715664 0.453846 0.740163 0.453846 0.786934 0.455385 0.805494 0.454615 0.869339 0.459231 0.876021 0.467692 0.880475 0.490000 0.884929 0.521538 0.884929 0.536923 0.881960 0.554615 0.873794 0.559231 0.866370 0.558462 0.715664 0.553077 0.700817 0.546923 0.694135
2 0.646154 0.507053 0.576154 0.507795 0.570769 0.512249 0.567692 0.520416 0.563077 0.524870 0.560000 0.532294 0.561538 0.666667 0.563077 0.681514 0.570000 0.687454 0.581538 0.689681 0.602308 0.690423 0.634615 0.688938 0.655385 0.685969 0.662308 0.682999 0.664615 0.680030 0.660769 0.536006 0.655385 0.520416
2 0.789231 0.237565 0.782308 0.242762 0.781538 0.249443 0.774615 0.261321 0.771538 0.277654 0.772308 0.404603 0.775385 0.418708 0.782308 0.423905 0.800000 0.426132 0.853846 0.426132 0.866923 0.424647 0.873846 0.420193 0.876923 0.413512 0.875385 0.264291 0.873846 0.257610 0.867692 0.247958 0.865385 0.239050 0.853846 0.233111 0.850000 0.234595 0.841538 0.231626 0.828462 0.231626 0.826154 0.233111 0.821538 0.231626 0.818462 0.234595 0.816154 0.232368 0.813077 0.232368 0.810769 0.235338 0.805385 0.233853 0.803077 0.236080
2 0.785385 0.048255 0.779231 0.055679 0.778462 0.063103 0.772308 0.079436 0.770769 0.095768 0.770769 0.198961 0.772308 0.225687 0.775385 0.229399 0.782308 0.232368 0.789231 0.231626 0.793077 0.229399 0.800769 0.230883 0.807692 0.227914 0.818462 0.228656 0.821538 0.227171 0.856154 0.227914 0.861538 0.231626 0.866154 0.232368 0.873077 0.228656 0.875385 0.224944 0.872308 0.112101 0.873846 0.074981 0.863077 0.057906 0.860769 0.048998 0.854615 0.045286 0.840769 0.042316 0.814615 0.042316
2 0.888462 0.236080 0.890000 0.239050 0.889231 0.245731 0.881538 0.259837 0.880000 0.272457 0.881538 0.413512 0.888462 0.420935 0.900769 0.423163 0.970000 0.423905 0.983846 0.412769 0.981538 0.265776 0.970769 0.244989 0.970000 0.235338 0.963077 0.232368 0.955385 0.232368 0.950769 0.228656 0.930000 0.228656 0.928462 0.230141 0.916154 0.228656 0.913077 0.230883 0.899231 0.232368 0.896154 0.236080
2 0.897692 0.048255 0.891538 0.051967 0.888462 0.061618 0.881538 0.072012 0.878462 0.092799 0.877692 0.167038 0.879231 0.224944 0.880769 0.227171 0.886154 0.228656 0.892308 0.233111 0.896923 0.233111 0.900769 0.228656 0.910769 0.231626 0.917692 0.228656 0.924615 0.229399 0.928462 0.227914 0.950769 0.227914 0.954615 0.230883 0.965385 0.230883 0.969231 0.233111 0.975385 0.232368 0.981538 0.227171 0.982308 0.078693 0.980769 0.072012 0.971538 0.057164 0.970769 0.050483 0.965385 0.046771 0.948462 0.043801 0.930000 0.043801
2 0.690000 0.048998 0.677692 0.056422 0.669231 0.084633 0.669231 0.203415 0.670769 0.230141 0.676923 0.236823 0.686923 0.234595 0.702308 0.235338 0.705385 0.233111 0.713846 0.233853 0.716923 0.236080 0.718462 0.233111 0.726154 0.233111 0.736154 0.235338 0.739231 0.237565 0.748462 0.238307 0.751538 0.233111 0.756923 0.233853 0.763077 0.231626 0.766923 0.220490 0.765385 0.195249 0.766154 0.121752 0.764615 0.096511 0.766923 0.092799 0.766154 0.069042 0.758462 0.063103 0.757692 0.056422 0.755385 0.054195 0.743077 0.048998 0.734615 0.047513 0.699231 0.047513
2 0.346154 0.048255 0.336923 0.056422 0.336154 0.063103 0.330769 0.077951 0.330000 0.105419 0.335385 0.226429 0.340000 0.236823 0.346154 0.244989 0.386154 0.242019 0.391538 0.243504 0.414615 0.243504 0.423846 0.246474 0.428462 0.245731 0.436154 0.236080 0.440000 0.224202 0.436154 0.090572 0.433077 0.080921 0.423077 0.066815 0.420000 0.057164 0.406923 0.048998 0.375385 0.046771
2 0.459231 0.051225 0.453846 0.056422 0.453846 0.060876 0.445385 0.074981 0.443077 0.086117 0.443077 0.182628 0.445385 0.229399 0.451538 0.233853 0.498462 0.233111 0.530769 0.234595 0.540000 0.233111 0.544615 0.227171 0.546923 0.217520 0.547692 0.091314 0.546154 0.078693 0.540000 0.070527 0.534615 0.057164 0.525385 0.051967 0.494615 0.048998 0.476154 0.048998
2 0.533077 0.235338 0.519231 0.233853 0.505385 0.234595 0.493846 0.232368 0.459231 0.233853 0.453077 0.236080 0.453846 0.247958 0.447692 0.259837 0.444615 0.273200 0.445385 0.419451 0.453846 0.428359 0.526154 0.429102 0.540000 0.426875 0.545385 0.422420 0.547692 0.406088 0.546923 0.280624 0.545385 0.266518 0.536154 0.251670 0.534615 0.236823
2 0.579231 0.046028 0.573846 0.049740 0.571538 0.054195 0.570000 0.062361 0.564615 0.071269 0.563077 0.083890 0.562308 0.221975 0.563846 0.227914 0.570769 0.233853 0.577692 0.233853 0.589231 0.230883 0.614615 0.231626 0.623077 0.230141 0.626923 0.232368 0.642308 0.231626 0.655385 0.234595 0.661538 0.231626 0.664615 0.226429 0.663846 0.078693 0.662308 0.071269 0.656154 0.060134 0.655385 0.053452 0.651538 0.048255 0.623077 0.041574 0.602308 0.041574
2 0.579231 0.232368 0.574615 0.236080 0.570769 0.247958 0.563846 0.258352 0.562308 0.371195 0.563846 0.417223 0.570000 0.424647 0.579231 0.429102 0.640000 0.429844 0.654615 0.428359 0.665385 0.419451 0.667692 0.413512 0.666923 0.274684 0.664615 0.259094 0.656923 0.245731 0.655385 0.237565 0.650000 0.233111 0.636154 0.230883 0.623846 0.232368 0.586923 0.230883
2 0.680769 0.233111 0.678462 0.246474 0.671538 0.259837 0.670769 0.266518 0.672308 0.419451 0.677692 0.424647 0.693077 0.426875 0.714615 0.427617 0.760000 0.425390 0.767692 0.420193 0.770000 0.405345 0.767692 0.367483 0.767692 0.270230 0.766154 0.259837 0.758462 0.245731 0.760000 0.232368 0.752308 0.229399 0.739231 0.230141 0.733077 0.227914 0.725385 0.229399 0.720000 0.227914 0.711538 0.227914 0.709231 0.229399 0.697692 0.227914 0.692308 0.230883 0.686923 0.230141
2 0.235385 0.048998 0.227692 0.054937 0.226154 0.065330 0.219231 0.079436 0.221538 0.161841 0.226923 0.229399 0.231538 0.236823 0.239231 0.243504 0.293077 0.242019 0.320769 0.244246 0.326923 0.237565 0.326923 0.232368 0.330769 0.225687 0.331538 0.213808 0.325385 0.114328 0.321538 0.104677 0.323077 0.090572 0.320000 0.073497 0.313077 0.063846 0.310769 0.056422 0.296923 0.048255 0.260000 0.046028
2 0.170769 0.072012 0.165385 0.074239 0.158462 0.080178 0.158462 0.084633 0.152308 0.094284 0.150000 0.123979 0.151538 0.161841 0.148462 0.168523 0.148462 0.180401 0.152308 0.192279 0.152308 0.232368 0.153846 0.236080 0.157692 0.236823 0.202308 0.236080 0.209231 0.237565 0.213846 0.241277 0.221538 0.236080 0.223846 0.231626 0.222308 0.224202 0.223077 0.207869 0.218462 0.139569 0.217692 0.074981 0.216154 0.072754 0.208462 0.071269
2 0.353077 0.242762 0.345385 0.246474 0.344615 0.250928 0.338462 0.259837 0.336923 0.265033 0.337692 0.310319 0.335385 0.403860 0.336923 0.420193 0.343077 0.427617 0.346923 0.429102 0.374615 0.429844 0.388462 0.428359 0.391538 0.429844 0.433077 0.427617 0.439231 0.420935 0.441538 0.406088 0.441538 0.360059 0.440000 0.353378 0.441538 0.301411 0.440000 0.271715 0.436923 0.260579 0.432308 0.256125 0.428462 0.246474 0.417692 0.242762 0.395385 0.240535
2 0.243077 0.246474 0.239231 0.248701 0.230000 0.259837 0.226923 0.273942 0.228462 0.345212 0.227692 0.417966 0.232308 0.425390 0.240769 0.429102 0.251538 0.429102 0.255385 0.427617 0.259231 0.429102 0.308462 0.429102 0.322308 0.427617 0.326923 0.423905 0.330000 0.413512 0.329231 0.345954 0.330769 0.288048 0.330000 0.270973 0.327692 0.263549 0.322308 0.255382 0.314615 0.249443 0.294615 0.247958 0.292308 0.246474 0.281538 0.246474 0.279231 0.247958 0.276923 0.246474
2 0.128462 0.242019 0.125385 0.244989 0.125385 0.250928 0.119231 0.258352 0.116923 0.266518 0.117692 0.403118 0.116154 0.416481 0.117692 0.421678 0.123846 0.428359 0.131538 0.432071 0.206154 0.431329 0.220000 0.426875 0.224615 0.408315 0.225385 0.397179 0.223077 0.357832 0.223077 0.309577 0.220769 0.291017 0.223077 0.271715 0.220769 0.264291 0.214615 0.253898 0.200000 0.242762 0.166923 0.239050 0.148462 0.239050
2 0.024615 0.242019 0.020769 0.253898 0.016923 0.259094 0.013846 0.282851 0.013846 0.417223 0.016154 0.423163 0.022308 0.429102 0.035385 0.431329 0.093077 0.430586 0.108462 0.428359 0.112308 0.424647 0.115385 0.395694 0.113077 0.357832 0.114615 0.344469 0.112308 0.309577 0.113077 0.255382 0.110769 0.247958 0.108462 0.244989 0.100769 0.242762 0.066154 0.239792 0.032308 0.240535
2 0.893077 0.693393 0.889231 0.703044 0.884615 0.708983 0.880769 0.720119 0.880769 0.794358 0.882308 0.800297 0.883077 0.865627 0.891538 0.873794 0.913846 0.881218 0.952308 0.882702 0.971538 0.880475 0.983846 0.870082 0.986923 0.861173 0.985385 0.838159 0.986923 0.812918 0.986154 0.737936 0.984615 0.720119 0.982308 0.712695 0.975385 0.701559 0.966923 0.694878
2 0.225385 0.697847 0.213077 0.697105 0.207692 0.698589 0.200769 0.697105 0.193077 0.699332 0.186923 0.698589 0.185385 0.700074 0.150769 0.698589 0.146154 0.700817 0.135385 0.723088 0.133846 0.731255 0.133846 0.874536 0.136923 0.880475 0.146154 0.886414 0.172308 0.889384 0.206154 0.887157 0.221538 0.881960 0.230000 0.873794 0.230769 0.749814 0.233846 0.707498 0.230769 0.702301
2 0.150769 0.512249 0.141538 0.525612 0.136923 0.540460 0.137692 0.545657 0.135385 0.554566 0.135385 0.685969 0.143077 0.692650 0.153846 0.692650 0.157692 0.694135 0.197692 0.693393 0.227692 0.688938 0.230769 0.684484 0.231538 0.646622 0.230000 0.516704 0.228462 0.513734 0.221538 0.512249 0.216923 0.513734 0.207692 0.512249
2 0.112308 0.692650 0.086154 0.691908 0.068462 0.692650 0.040000 0.697105 0.033077 0.701559 0.030000 0.713437 0.023846 0.720861 0.020000 0.734967 0.019231 0.850037 0.020000 0.881960 0.025385 0.890126 0.041538 0.894581 0.054615 0.896065 0.090000 0.893838 0.117692 0.886414 0.125385 0.881218 0.129231 0.873794 0.130000 0.818114 0.131538 0.810690 0.130000 0.764662 0.131538 0.729770 0.129231 0.717149 0.121538 0.697105
2 0.328462 0.695620 0.293846 0.697105 0.273077 0.700074 0.248462 0.697847 0.245385 0.700817 0.245385 0.704529 0.236154 0.720861 0.233846 0.727543 0.233846 0.877506 0.238462 0.884929 0.251538 0.890869 0.265385 0.893096 0.303077 0.891611 0.326923 0.885672 0.335385 0.881218 0.340769 0.873794 0.342308 0.867854 0.341538 0.790646 0.343077 0.778768 0.341538 0.743133 0.343077 0.731997 0.340769 0.716407
2 0.902308 0.501114 0.899231 0.504083 0.893846 0.515961 0.887692 0.518189 0.884615 0.521158 0.881538 0.599109 0.877692 0.640683 0.877692 0.672606 0.891538 0.685969 0.934615 0.688196 0.973846 0.687454 0.981538 0.678545 0.983077 0.672606 0.985385 0.599852 0.990000 0.533036 0.978462 0.506310 0.976154 0.504826 0.956154 0.501114 0.927692 0.501114 0.919231 0.499629
2 0.791538 0.682257 0.788462 0.692650 0.781538 0.703044 0.780000 0.709725 0.781538 0.770601 0.780769 0.848552 0.782308 0.858946 0.793846 0.867854 0.816923 0.873051 0.847692 0.873051 0.865385 0.869339 0.875385 0.861915 0.878462 0.854491 0.878462 0.836674 0.875385 0.810690 0.876923 0.714180 0.875385 0.704529 0.866154 0.687454 0.803077 0.685969 0.799231 0.682999
2 0.798462 0.501114 0.794615 0.511507 0.790000 0.518189 0.785385 0.541203 0.781538 0.590200 0.778462 0.657758 0.779231 0.669636 0.783846 0.675575 0.799231 0.680772 0.810769 0.680772 0.816923 0.682999 0.822308 0.682257 0.833077 0.684484 0.837692 0.682999 0.865385 0.682999 0.870769 0.679287 0.873846 0.668151 0.874615 0.602821 0.878462 0.551596 0.878462 0.533036 0.876154 0.528582 0.875385 0.508537 0.873077 0.506310 0.862308 0.504083 0.850769 0.504826 0.836154 0.501856 0.813077 0.500371
2 0.756154 0.686711 0.734615 0.691166 0.732308 0.693393 0.700000 0.692650 0.684615 0.688196 0.681538 0.690423 0.675385 0.703786 0.672308 0.718634 0.672308 0.733482 0.673846 0.736451 0.674615 0.858946 0.679231 0.865627 0.690769 0.872309 0.703846 0.874536 0.742308 0.874536 0.755385 0.873051 0.764615 0.867854 0.773077 0.856719 0.773077 0.782480 0.769231 0.743875 0.770000 0.722346 0.765385 0.703044 0.759231 0.692650 0.758462 0.688196
2 0.678462 0.504826 0.672308 0.510765 0.670769 0.518931 0.664615 0.532294 0.664615 0.573868 0.669231 0.614699 0.671538 0.677803 0.680769 0.685226 0.703077 0.688196 0.733846 0.688196 0.756923 0.683742 0.765385 0.677803 0.767692 0.657016 0.762308 0.529324 0.751538 0.504826 0.747692 0.501856 0.703846 0.501114
2 0.654615 0.688196 0.628462 0.689681 0.607692 0.693393 0.576154 0.691908 0.571538 0.696362 0.563077 0.712695 0.561538 0.720119 0.561538 0.760950 0.563846 0.802524 0.563846 0.862658 0.569231 0.873051 0.586923 0.880475 0.611538 0.882702 0.639231 0.881960 0.646923 0.879733 0.662308 0.870824 0.666923 0.864885 0.666923 0.789903 0.665385 0.778768 0.667692 0.759465 0.666154 0.715664 0.663077 0.704529 0.658462 0.699332
2 0.249231 0.511507 0.244615 0.515219 0.240769 0.524870 0.235385 0.530067 0.235385 0.690423 0.243846 0.694878 0.264615 0.696362 0.306923 0.694878 0.333846 0.690423 0.340000 0.685969 0.341538 0.680030 0.340769 0.609503 0.342308 0.544172 0.336154 0.525612 0.330000 0.513734 0.326154 0.510765
2 0.368462 0.508537 0.362308 0.514477 0.356154 0.524870 0.352308 0.541203 0.351538 0.608018 0.353077 0.627320 0.353077 0.682999 0.355385 0.685969 0.363846 0.688938 0.418462 0.688196 0.444615 0.685969 0.448462 0.682999 0.450769 0.675575 0.450769 0.547884 0.449231 0.544915 0.450769 0.531552 0.449231 0.525612 0.444615 0.520416 0.443846 0.510765 0.438462 0.507795 0.375385 0.507053
