3 0.780318 0.360835 0.774354 0.366799 0.777336 0.395626 0.777336 0.640159 0.780318 0.649105 0.786282 0.653082 0.798211 0.655070 0.882704 0.659046 0.936382 0.658052 0.970179 0.654076 0.975149 0.648111 0.976143 0.383698 0.980119 0.373757 0.978131 0.363817 0.975149 0.360835 0.955268 0.356859 0.928429 0.355865 0.925447 0.353877 0.912525 0.354871 0.908549 0.352883 0.874751 0.352883 0.865805 0.354871 0.859841 0.352883 0.849901 0.354871 0.836978 0.353877 0.833996 0.355865 0.829026 0.353877
3 0.268390 0.361829 0.263419 0.368787 0.263419 0.375746 0.267396 0.389662 0.266402 0.627237 0.269384 0.648111 0.283300 0.655070 0.325050 0.658052 0.404573 0.659046 0.460239 0.655070 0.466203 0.646123 0.467197 0.632207 0.466203 0.384692 0.470179 0.374751 0.468191 0.362823 0.456262 0.357853 0.394632 0.352883 0.320080 0.353877 0.282306 0.357853
3 0.009940 0.039761 0.006958 0.051690 0.010934 0.067594 0.011928 0.099404 0.010934 0.311133 0.014911 0.327038 0.023857 0.331014 0.052684 0.334990 0.167992 0.335984 0.195825 0.333996 0.205765 0.331014 0.209742 0.327038 0.211730 0.311133 0.210736 0.127237 0.211730 0.062624 0.216700 0.048708 0.214712 0.041750 0.209742 0.037773 0.189861 0.032803 0.127237 0.029821 0.047714 0.031809
3 0.267396 0.039761 0.263419 0.044732 0.263419 0.054672 0.267396 0.068588 0.266402 0.308151 0.270378 0.327038 0.280318 0.331014 0.300199 0.333996 0.350895 0.335984 0.428429 0.335984 0.452286 0.333996 0.461233 0.331014 0.466203 0.321074 0.467197 0.295229 0.466203 0.061630 0.471173 0.050696 0.469185 0.040755 0.459245 0.035785 0.442346 0.032803 0.362823 0.029821 0.296223 0.032803
3 0.521869 0.040755 0.517893 0.045726 0.517893 0.053678 0.520875 0.058648 0.521869 0.312127 0.524851 0.327038 0.529821 0.330020 0.555666 0.333996 0.613320 0.335984 0.695825 0.334990 0.716700 0.330020 0.719682 0.325050 0.720676 0.060636 0.725646 0.050696 0.723658 0.041750 0.706759 0.034791 0.650099 0.030815 0.555666 0.032803
3 0.014911 0.360835 0.007952 0.368787 0.008946 0.379722 0.011928 0.385686 0.011928 0.640159 0.013917 0.647117 0.018887 0.651093 0.033797 0.655070 0.110338 0.659046 0.167992 0.658052 0.204771 0.654076 0.209742 0.648111 0.210736 0.384692 0.214712 0.375746 0.213718 0.364811 0.207753 0.359841 0.193837 0.356859 0.144135 0.352883 0.093439 0.352883 0.084493 0.354871 0.071571 0.352883 0.068588 0.354871 0.031809 0.356859
3 0.776342 0.040755 0.773360 0.045726 0.773360 0.054672 0.776342 0.066600 0.777336 0.315109 0.780318 0.327038 0.790258 0.331014 0.813121 0.333996 0.864811 0.335984 0.948310 0.334990 0.971173 0.331014 0.975149 0.327038 0.976143 0.071571 0.981113 0.049702 0.978131 0.040755 0.971173 0.036779 0.958250 0.033797 0.901590 0.030815 0.806163 0.032803 0.785288 0.036779
3 0.520875 0.687873 0.516899 0.692843 0.516899 0.701789 0.520875 0.709742 0.521869 0.967197 0.524851 0.974155 0.531809 0.978131 0.543738 0.980119 0.599404 0.983101 0.681909 0.983101 0.715706 0.979125 0.718688 0.976143 0.720676 0.968191 0.720676 0.717694 0.725646 0.697813 0.724652 0.689861 0.716700 0.684891 0.697813 0.680915 0.627237 0.677932 0.540755 0.681909
3 0.266402 0.687873 0.263419 0.690855 0.262425 0.700795 0.265408 0.705765 0.268390 0.724652 0.268390 0.969185 0.272366 0.975149 0.280318 0.978131 0.320080 0.982107 0.416501 0.983101 0.459245 0.979125 0.464215 0.974155 0.466203 0.968191 0.467197 0.739563 0.465209 0.719682 0.471173 0.698807 0.470179 0.689861 0.463221 0.684891 0.447316 0.680915 0.394632 0.677932 0.329026 0.677932 0.275348 0.683897
3 0.524851 0.360835 0.517893 0.367793 0.521869 0.390656 0.521869 0.640159 0.524851 0.649105 0.532803 0.654076 0.544732 0.656064 0.627237 0.659046 0.684891 0.658052 0.715706 0.654076 0.718688 0.651093 0.720676 0.639165 0.720676 0.383698 0.724652 0.376740 0.724652 0.366799 0.719682 0.360835 0.643141 0.352883 0.555666 0.355865
