4 0.306250 0.262690 0.290000 0.263959 0.277500 0.269036 0.271250 0.277919 0.268750 0.290609 0.251250 0.307107 0.246250 0.318528 0.248750 0.327411 0.266250 0.346447 0.290000 0.388325 0.291250 0.546954 0.295000 0.585025 0.301250 0.585025 0.318750 0.576142 0.342500 0.557107 0.350000 0.539340 0.362500 0.487310 0.366250 0.480964 0.378750 0.417513 0.378750 0.355330 0.375000 0.342640 0.351250 0.307107 0.331250 0.293147 0.327500 0.272843 0.317500 0.265228
4 0.721250 0.312183 0.683750 0.309645 0.673750 0.313452 0.666250 0.340102 0.655000 0.348985 0.641250 0.366751 0.616250 0.408629 0.612500 0.508883 0.612500 0.658629 0.620000 0.668782 0.625000 0.668782 0.633750 0.644670 0.642500 0.637056 0.662500 0.639594 0.702500 0.656091 0.718750 0.657360 0.743750 0.639594 0.772500 0.609137 0.777500 0.554569 0.776250 0.454315 0.778750 0.444162 0.780000 0.399746 0.756250 0.359137 0.747500 0.348985 0.735000 0.342640 0.731250 0.324873
4 0.578750 0.282995 0.565000 0.290609 0.562500 0.309645 0.541250 0.327411 0.512500 0.379442 0.511250 0.569797 0.515000 0.579949 0.536250 0.587563 0.566250 0.606599 0.578750 0.623096 0.586250 0.654822 0.595000 0.659898 0.607500 0.661168 0.610000 0.656091 0.612500 0.413706 0.626250 0.387056 0.647500 0.356599 0.652500 0.341371 0.638750 0.321066 0.630000 0.319797 0.625000 0.315990 0.620000 0.290609 0.612500 0.285533
4 0.633750 0.256345 0.630000 0.275381 0.622500 0.286802 0.625000 0.309645 0.643750 0.324873 0.656250 0.343909 0.665000 0.340102 0.671250 0.315990 0.681250 0.308376 0.717500 0.308376 0.711250 0.293147 0.692500 0.279188 0.690000 0.265228 0.682500 0.255076 0.671250 0.251269 0.641250 0.251269
4 0.756250 0.275381 0.745000 0.276650 0.736250 0.281726 0.728750 0.317259 0.736250 0.340102 0.747500 0.345178 0.755000 0.352792 0.780000 0.393401 0.782500 0.402284 0.782500 0.468274 0.785000 0.489848 0.781250 0.501269 0.777500 0.564721 0.777500 0.606599 0.781250 0.607868 0.803750 0.591371 0.811250 0.581218 0.818750 0.562183 0.830000 0.500000 0.830000 0.487310 0.833750 0.482234 0.833750 0.472081 0.842500 0.439086 0.843750 0.370558 0.840000 0.359137 0.812500 0.314721 0.797500 0.307107 0.791250 0.284264 0.778750 0.276650
4 0.221250 0.295685 0.196250 0.294416 0.178750 0.299492 0.172500 0.307107 0.170000 0.323604 0.161250 0.328680 0.148750 0.343909 0.123750 0.387056 0.127500 0.624365 0.130000 0.642132 0.136250 0.647208 0.141250 0.647208 0.143750 0.628173 0.148750 0.619289 0.155000 0.615482 0.163750 0.615482 0.197500 0.631980 0.208750 0.633249 0.275000 0.598985 0.290000 0.587563 0.290000 0.434010 0.287500 0.385787 0.262500 0.343909 0.250000 0.329949 0.237500 0.322335 0.232500 0.304569
4 0.142500 0.266497 0.111250 0.266497 0.102500 0.270305 0.095000 0.279188 0.092500 0.294416 0.077500 0.307107 0.063750 0.326142 0.047500 0.361675 0.047500 0.434010 0.052500 0.555838 0.057500 0.562183 0.073750 0.569797 0.092500 0.585025 0.100000 0.598985 0.103750 0.623096 0.108750 0.628173 0.108750 0.631980 0.120000 0.639594 0.125000 0.637056 0.121250 0.390863 0.141250 0.352792 0.156250 0.331218 0.163750 0.326142 0.170000 0.314721 0.168750 0.300761 0.156250 0.293147 0.151250 0.272843
4 0.197500 0.242386 0.190000 0.251269 0.186250 0.269036 0.176250 0.275381 0.170000 0.288071 0.171250 0.296954 0.175000 0.299492 0.195000 0.293147 0.217500 0.293147 0.225000 0.295685 0.233750 0.304569 0.236250 0.317259 0.241250 0.318528 0.251250 0.302030 0.263750 0.291878 0.263750 0.275381 0.251250 0.269036 0.248750 0.253807 0.240000 0.241117 0.206250 0.239848
4 0.380000 0.232234 0.367500 0.234772 0.358750 0.239848 0.351250 0.258883 0.336250 0.274112 0.332500 0.288071 0.333750 0.291878 0.351250 0.304569 0.380000 0.351523 0.381250 0.394670 0.385000 0.404822 0.403750 0.342640 0.416250 0.274112 0.412500 0.267766 0.407500 0.239848 0.398750 0.234772
4 0.806250 0.247462 0.798750 0.252538 0.796250 0.271574 0.792500 0.277919 0.796250 0.300761 0.817500 0.322335 0.846250 0.369289 0.847500 0.404822 0.845000 0.409898 0.848750 0.412437 0.866250 0.337563 0.873750 0.294416 0.872500 0.284264 0.860000 0.274112 0.855000 0.255076 0.851250 0.250000 0.831250 0.246193
4 0.703750 0.222081 0.696250 0.232234 0.695000 0.247462 0.687500 0.251269 0.687500 0.258883 0.693750 0.279188 0.708750 0.289340 0.721250 0.308376 0.726250 0.308376 0.732500 0.300761 0.733750 0.285533 0.738750 0.279188 0.746250 0.274112 0.775000 0.272843 0.767500 0.258883 0.756250 0.251269 0.748750 0.225888 0.732500 0.220812
4 0.771250 0.194162 0.758750 0.200508 0.752500 0.228426 0.758750 0.247462 0.782500 0.274112 0.787500 0.274112 0.795000 0.267766 0.796250 0.253807 0.806250 0.243655 0.823750 0.242386 0.826250 0.236041 0.812500 0.222081 0.811250 0.209391 0.807500 0.201777 0.795000 0.195431
4 0.250000 0.257614 0.251250 0.266497 0.268750 0.279188 0.278750 0.267766 0.300000 0.261421 0.313750 0.262690 0.332500 0.271574 0.342500 0.262690 0.343750 0.255076 0.342500 0.247462 0.328750 0.236041 0.330000 0.223350 0.327500 0.215736 0.316250 0.210660 0.290000 0.210660 0.275000 0.218274 0.272500 0.233503 0.258750 0.243655
4 0.331250 0.237310 0.341250 0.242386 0.348750 0.252538 0.361250 0.237310 0.370000 0.233503 0.390000 0.230964 0.410000 0.234772 0.417500 0.232234 0.417500 0.223350 0.406250 0.210660 0.401250 0.190355 0.387500 0.184010 0.365000 0.184010 0.353750 0.187817 0.350000 0.192893 0.346250 0.209391 0.332500 0.220812
