5 0.788000 0.481707 0.782000 0.487805 0.780000 0.532520 0.774000 0.540650 0.770000 0.859756 0.784000 0.869919 0.816000 0.869919 0.824000 0.865854 0.828000 0.845528 0.830000 0.544715 0.824000 0.524390 0.824000 0.483740
5 0.124000 0.091463 0.116000 0.095528 0.114000 0.146341 0.090000 0.162602 0.084000 0.174797 0.110000 0.857724 0.122000 0.867886 0.156000 0.871951 0.198000 0.863821 0.210000 0.855691 0.212000 0.845528 0.196000 0.329268 0.202000 0.292683 0.200000 0.180894 0.196000 0.168699 0.168000 0.148374 0.162000 0.095528 0.152000 0.091463
5 0.234000 0.233740 0.220000 0.235772 0.220000 0.284553 0.202000 0.300813 0.200000 0.308943 0.214000 0.857724 0.224000 0.865854 0.254000 0.871951 0.280000 0.867886 0.296000 0.855691 0.288000 0.304878 0.268000 0.286585 0.264000 0.235772
5 0.314000 0.235772 0.310000 0.241870 0.310000 0.290650 0.290000 0.304878 0.298000 0.855691 0.304000 0.865854 0.316000 0.871951 0.358000 0.873984 0.376000 0.867886 0.384000 0.853659 0.380000 0.306911 0.358000 0.288618 0.356000 0.239837 0.350000 0.235772
5 0.412000 0.300813 0.406000 0.304878 0.406000 0.351626 0.384000 0.367886 0.382000 0.382114 0.388000 0.861789 0.396000 0.869919 0.406000 0.873984 0.450000 0.873984 0.470000 0.863821 0.474000 0.845528 0.470000 0.617886 0.472000 0.365854 0.450000 0.349593 0.446000 0.304878 0.442000 0.300813
5 0.500000 0.331301 0.490000 0.337398 0.490000 0.380081 0.474000 0.394309 0.472000 0.406504 0.476000 0.859756 0.498000 0.871951 0.532000 0.871951 0.548000 0.861789 0.554000 0.396341 0.536000 0.376016 0.536000 0.335366 0.530000 0.331301
5 0.578000 0.353659 0.572000 0.357724 0.570000 0.402439 0.554000 0.420732 0.552000 0.855691 0.566000 0.869919 0.612000 0.871951 0.626000 0.863821 0.632000 0.416667 0.618000 0.400407 0.616000 0.355691
5 0.666000 0.386179 0.650000 0.390244 0.646000 0.436992 0.634000 0.453252 0.630000 0.857724 0.632000 0.865854 0.646000 0.873984 0.688000 0.873984 0.698000 0.863821 0.702000 0.457317 0.700000 0.447154 0.690000 0.439024 0.688000 0.390244 0.684000 0.386179
5 0.722000 0.388211 0.716000 0.398374 0.716000 0.436992 0.704000 0.449187 0.700000 0.845528 0.704000 0.865854 0.720000 0.871951 0.752000 0.871951 0.766000 0.857724 0.772000 0.449187 0.758000 0.432927 0.756000 0.390244
5 0.844000 0.522358 0.838000 0.530488 0.832000 0.587398 0.828000 0.857724 0.840000 0.867886 0.866000 0.867886 0.874000 0.861789 0.876000 0.532520 0.872000 0.522358
5 0.882000 0.516260 0.876000 0.522358 0.878000 0.678862 0.874000 0.857724 0.880000 0.865854 0.912000 0.865854 0.922000 0.855691 0.920000 0.573171 0.912000 0.518293
