0 0.478378 0.188908 0.470270 0.192374 0.463514 0.206239 0.463514 0.251300 0.467568 0.284229 0.428378 0.324090 0.417568 0.339688 0.412162 0.360485 0.417568 0.435009 0.417568 0.552860 0.421622 0.649913 0.412162 0.772964 0.414865 0.826690 0.422973 0.854419 0.458108 0.882149 0.478378 0.885615 0.505405 0.876950 0.544595 0.882149 0.560811 0.876950 0.571622 0.864818 0.582432 0.840555 0.587838 0.804159 0.589189 0.731369 0.582432 0.675910 0.582432 0.625650 0.585135 0.608319 0.585135 0.455806 0.590541 0.391681 0.590541 0.355286 0.582432 0.329289 0.570270 0.313692 0.543243 0.296360 0.537838 0.287695 0.543243 0.240901 0.543243 0.204506 0.540541 0.197574 0.525676 0.188908
0 0.410811 0.171577 0.347297 0.173310 0.343243 0.176776 0.340541 0.242634 0.344595 0.263432 0.312162 0.298094 0.300000 0.324090 0.300000 0.577123 0.302703 0.630849 0.300000 0.686308 0.306757 0.757366 0.313514 0.781629 0.335135 0.818024 0.341892 0.835355 0.354054 0.840555 0.379730 0.838821 0.397297 0.818024 0.404054 0.816291 0.402703 0.809359 0.408108 0.788562 0.409459 0.750433 0.416216 0.701906 0.414865 0.422877 0.409459 0.367418 0.416216 0.337955 0.437838 0.310225 0.439189 0.298094 0.432432 0.282496 0.424324 0.279029 0.413514 0.266898 0.418919 0.192374 0.417568 0.181976
0 0.621622 0.171577 0.610811 0.176776 0.608108 0.183709 0.608108 0.263432 0.579730 0.289428 0.568919 0.305026 0.586486 0.332756 0.593243 0.355286 0.587838 0.466205 0.589189 0.601386 0.586486 0.681109 0.593243 0.740035 0.593243 0.785095 0.589189 0.833622 0.593243 0.838821 0.620270 0.840555 0.635135 0.849220 0.659459 0.849220 0.668919 0.844021 0.677027 0.833622 0.682432 0.818024 0.685135 0.745234 0.690541 0.701906 0.689189 0.681109 0.693243 0.649913 0.693243 0.433276 0.689189 0.362218 0.695946 0.336222 0.718919 0.310225 0.718919 0.301560 0.710811 0.291161 0.683784 0.273830 0.679730 0.266898 0.683784 0.253033 0.686486 0.192374 0.682432 0.180243 0.651351 0.171577
0 0.497297 0.064125 0.494595 0.090121 0.498649 0.133449 0.493243 0.150780 0.535135 0.152513 0.550000 0.157712 0.555405 0.169844 0.556757 0.221837 0.559459 0.225303 0.564865 0.223570 0.570270 0.188908 0.568919 0.147314 0.564865 0.131716 0.564865 0.116118 0.568919 0.100520 0.567568 0.067591 0.564865 0.064125
0 0.639189 0.135182 0.582432 0.133449 0.572973 0.138648 0.570270 0.155979 0.574324 0.216638 0.562162 0.235702 0.563514 0.253033 0.590541 0.273830 0.595946 0.273830 0.605405 0.261698 0.608108 0.249567 0.605405 0.209705 0.608108 0.181976 0.617568 0.171577 0.643243 0.168111 0.643243 0.142114
0 0.482432 0.157712 0.477027 0.173310 0.477027 0.187175 0.528378 0.188908 0.541892 0.199307 0.544595 0.211438 0.544595 0.242634 0.541892 0.251300 0.543243 0.268631 0.539189 0.284229 0.545946 0.296360 0.564865 0.305026 0.587838 0.280763 0.587838 0.273830 0.583784 0.268631 0.556757 0.251300 0.550000 0.240901 0.554054 0.221837 0.554054 0.166378 0.548649 0.157712 0.536486 0.154246 0.493243 0.154246
0 0.756757 0.152513 0.697297 0.154246 0.691892 0.159445 0.693243 0.230503 0.690541 0.247834 0.685135 0.258232 0.685135 0.270364 0.727027 0.303293 0.741892 0.292894 0.739189 0.225303 0.741892 0.204506 0.748649 0.195841 0.764865 0.187175 0.764865 0.161179
0 0.841892 0.173310 0.832432 0.178510 0.829730 0.185442 0.829730 0.249567 0.832432 0.266898 0.825676 0.285962 0.825676 0.296360 0.866216 0.339688 0.872973 0.370884 0.867568 0.467938 0.866216 0.630849 0.863514 0.662045 0.870270 0.816291 0.887838 0.831889 0.913514 0.835355 0.928378 0.828423 0.936486 0.816291 0.945946 0.785095 0.950000 0.755633 0.951351 0.707106 0.943243 0.627383 0.948649 0.580589 0.948649 0.464471 0.955405 0.325823 0.951351 0.308492 0.943243 0.296360 0.920270 0.287695 0.908108 0.266898 0.905405 0.176776 0.901351 0.173310 0.870270 0.171577
0 0.755405 0.195841 0.747297 0.199307 0.741892 0.211438 0.741892 0.251300 0.745946 0.291161 0.737838 0.303293 0.720270 0.311958 0.702703 0.329289 0.695946 0.341421 0.691892 0.362218 0.695946 0.474870 0.694595 0.622184 0.697297 0.660312 0.693243 0.724437 0.687838 0.752166 0.686486 0.812825 0.687838 0.830156 0.695946 0.859619 0.704054 0.873484 0.713514 0.876950 0.737838 0.875217 0.755405 0.890815 0.782432 0.892548 0.794595 0.885615 0.806757 0.871750 0.821622 0.882149 0.840541 0.882149 0.848649 0.876950 0.855405 0.866551 0.863514 0.842288 0.866216 0.745234 0.859459 0.665511 0.863514 0.623917 0.864865 0.487002 0.870270 0.363951 0.863514 0.337955 0.828378 0.303293 0.818919 0.289428 0.822973 0.237435 0.820270 0.202773 0.806757 0.197574
0 0.466216 0.131716 0.406757 0.133449 0.404054 0.140381 0.404054 0.166378 0.412162 0.171577 0.418919 0.181976 0.417568 0.230503 0.420270 0.247834 0.414865 0.256499 0.414865 0.263432 0.420270 0.272097 0.433784 0.280763 0.440541 0.279029 0.460811 0.258232 0.460811 0.206239 0.471622 0.187175 0.475676 0.166378 0.474324 0.142114
0 0.336486 0.152513 0.274324 0.152513 0.270270 0.155979 0.268919 0.194107 0.271622 0.237435 0.251351 0.266898 0.248649 0.277296 0.251351 0.285962 0.272973 0.298094 0.291892 0.315425 0.302703 0.311958 0.317568 0.289428 0.341892 0.265165 0.341892 0.254766 0.336486 0.247834 0.336486 0.227036 0.343243 0.166378 0.341892 0.157712
0 0.179730 0.190641 0.171622 0.194107 0.168919 0.202773 0.171622 0.282496 0.133784 0.313692 0.122973 0.339688 0.121622 0.358752 0.127027 0.417678 0.129730 0.509532 0.129730 0.610052 0.133784 0.641248 0.133784 0.675910 0.127027 0.736568 0.127027 0.797227 0.136486 0.838821 0.148649 0.859619 0.162162 0.864818 0.175676 0.864818 0.201351 0.854419 0.218919 0.871750 0.241892 0.871750 0.255405 0.866551 0.268919 0.849220 0.282432 0.850953 0.293243 0.845754 0.301351 0.819757 0.304054 0.752166 0.293243 0.667244 0.297297 0.585789 0.297297 0.341421 0.294595 0.325823 0.286486 0.315425 0.247297 0.285962 0.247297 0.197574 0.237838 0.190641
0 0.091892 0.168111 0.086486 0.173310 0.086486 0.242634 0.090541 0.251300 0.081081 0.268631 0.055405 0.289428 0.043243 0.305026 0.039189 0.317158 0.039189 0.341421 0.045946 0.395147 0.048649 0.558059 0.054054 0.603120 0.054054 0.634315 0.047297 0.677643 0.045946 0.724437 0.052703 0.767764 0.063514 0.802426 0.072973 0.812825 0.083784 0.816291 0.106757 0.812825 0.121622 0.802426 0.124324 0.793761 0.122973 0.752166 0.131081 0.677643 0.131081 0.639515 0.127027 0.611785 0.125676 0.447140 0.118919 0.348354 0.125676 0.324090 0.140541 0.305026 0.156757 0.294627 0.166216 0.282496 0.166216 0.273830 0.158108 0.251300 0.160811 0.242634 0.162162 0.180243 0.156757 0.169844
