2 0.635227 0.031365 0.626136 0.047970 0.629545 0.226937 0.679545 0.223247 0.694318 0.230627 0.697727 0.215867 0.695455 0.190037 0.694318 0.070111 0.690909 0.040590 0.686364 0.029520 0.678409 0.023985 0.657955 0.022140
2 0.155682 0.774908 0.113636 0.774908 0.093182 0.782288 0.088636 0.789668 0.082955 0.819188 0.076136 1.000000 0.153409 1.000000 0.160227 0.785978
2 0.237500 0.776753 0.172727 0.778598 0.168182 0.785978 0.162500 0.832103 0.159091 1.000000 0.215909 1.000000 0.237500 0.990775 0.242045 0.898524 0.240909 0.782288
2 0.179545 0.562731 0.173864 0.570111 0.168182 0.630996 0.164773 0.767528 0.169318 0.776753 0.180682 0.778598 0.236364 0.774908 0.242045 0.769373 0.244318 0.749077 0.247727 0.640221 0.244318 0.575646 0.239773 0.566421 0.234091 0.562731
2 0.257955 0.566421 0.251136 0.592251 0.247727 0.767528 0.252273 0.778598 0.264773 0.780443 0.317045 0.774908 0.321591 0.765683 0.322727 0.584871 0.320455 0.571956 0.305682 0.562731 0.265909 0.562731
2 0.252273 0.784133 0.246591 0.817343 0.247727 0.841328 0.243182 0.907749 0.243182 0.992620 0.246591 0.996310 0.279545 0.996310 0.284091 0.992620 0.318182 0.990775 0.322727 0.976015 0.323864 0.837638 0.319318 0.784133 0.315909 0.780443 0.265909 0.780443
2 0.336364 0.566421 0.328409 0.581181 0.326136 0.756458 0.328409 0.773063 0.335227 0.778598 0.392045 0.776753 0.397727 0.769373 0.397727 0.575646 0.394318 0.568266 0.385227 0.564576
2 0.395455 0.782288 0.384091 0.778598 0.331818 0.780443 0.329545 0.784133 0.327273 0.802583 0.326136 0.987085 0.344318 0.990775 0.346591 0.987085 0.375000 0.988930 0.397727 0.983395 0.400000 0.856089 0.398864 0.808118
2 0.407955 0.564576 0.402273 0.588561 0.401136 0.749077 0.403409 0.771218 0.407955 0.778598 0.415909 0.780443 0.471591 0.776753 0.477273 0.765683 0.477273 0.601476 0.472727 0.570111 0.470455 0.564576 0.462500 0.560886 0.422727 0.560886
2 0.407955 0.778598 0.402273 0.815498 0.401136 0.920664 0.403409 0.983395 0.411364 0.987085 0.415909 1.000000 0.476136 1.000000 0.476136 0.987085 0.478409 0.983395 0.477273 0.809963 0.473864 0.787823 0.470455 0.778598
2 0.488636 0.562731 0.484091 0.571956 0.480682 0.592251 0.481818 0.767528 0.485227 0.773063 0.498864 0.776753 0.534091 0.778598 0.550000 0.774908 0.556818 0.763838 0.557955 0.734317 0.556818 0.590406 0.554545 0.571956 0.550000 0.562731 0.538636 0.559041 0.498864 0.559041
2 0.486364 0.778598 0.480682 0.808118 0.480682 0.966790 0.484091 1.000000 0.556818 1.000000 0.559091 0.983395 0.559091 0.891144 0.556818 0.813653 0.552273 0.782288 0.546591 0.776753 0.529545 0.780443
2 0.567045 0.560886 0.561364 0.570111 0.560227 0.590406 0.562500 0.763838 0.570455 0.771218 0.587500 0.773063 0.628409 0.769373 0.632955 0.760148 0.631818 0.590406 0.626136 0.562731 0.617045 0.557196 0.594318 0.555351
2 0.564773 0.773063 0.560227 0.813653 0.562500 0.985240 0.565909 0.992620 0.579545 1.000000 0.625000 0.998155 0.636364 0.983395 0.634091 0.817343 0.630682 0.778598 0.627273 0.773063
2 0.642045 0.564576 0.638636 0.570111 0.635227 0.588561 0.634091 0.621771 0.637500 0.765683 0.642045 0.771218 0.701136 0.773063 0.710227 0.769373 0.710227 0.621771 0.704545 0.566421 0.698864 0.560886 0.682955 0.559041
2 0.642045 0.774908 0.637500 0.845018 0.638636 0.963100 0.640909 0.988930 0.655682 1.000000 0.711364 1.000000 0.715909 0.990775 0.713636 0.817343 0.709091 0.782288 0.705682 0.774908
2 0.714773 0.564576 0.710227 0.579336 0.712500 0.736162 0.715909 0.763838 0.736364 0.767528 0.779545 0.765683 0.784091 0.750923 0.781818 0.629151 0.778409 0.588561 0.769318 0.562731 0.762500 0.559041 0.735227 0.559041
2 0.719318 0.769373 0.714773 0.789668 0.718182 0.981550 0.720455 0.987085 0.739773 1.000000 0.777273 1.000000 0.782955 0.996310 0.789773 0.983395 0.790909 0.966790 0.786364 0.811808 0.777273 0.773063 0.771591 0.767528
2 0.088636 0.215867 0.078409 0.250923 0.073864 0.428044 0.077273 0.435424 0.148864 0.437269 0.152273 0.429889 0.156818 0.280443 0.154545 0.230627 0.145455 0.219557 0.131818 0.215867
2 0.102273 0.000000 0.094318 0.007380 0.086364 0.062731 0.082955 0.206642 0.085227 0.210332 0.131818 0.210332 0.152273 0.217712 0.156818 0.210332 0.157955 0.158672 0.160227 0.154982 0.163636 0.073801 0.162500 0.025830 0.154545 0.014760 0.126136 0.000000
2 0.173864 0.215867 0.167045 0.226937 0.161364 0.254613 0.156818 0.363469 0.156818 0.429889 0.161364 0.437269 0.232955 0.435424 0.235227 0.422509 0.238636 0.284133 0.236364 0.230627 0.221591 0.217712
2 0.181818 0.003690 0.172727 0.012915 0.168182 0.035055 0.163636 0.136531 0.163636 0.208487 0.165909 0.212177 0.193182 0.208487 0.213636 0.215867 0.235227 0.217712 0.237500 0.191882 0.240909 0.182657 0.242045 0.033210 0.232955 0.016605 0.217045 0.005535 0.201136 0.001845
2 0.252273 0.221402 0.247727 0.234317 0.243182 0.271218 0.240909 0.431734 0.246591 0.437269 0.313636 0.435424 0.315909 0.424354 0.317045 0.343173 0.315909 0.238007 0.310227 0.225092 0.302273 0.219557 0.259091 0.217712
2 0.260227 0.009225 0.252273 0.016605 0.250000 0.023985 0.248864 0.059041 0.246591 0.064576 0.244318 0.206642 0.247727 0.221402 0.284091 0.219557 0.302273 0.221402 0.305682 0.225092 0.314773 0.223247 0.318182 0.212177 0.320455 0.132841 0.320455 0.049815 0.318182 0.031365 0.309091 0.016605 0.294318 0.007380 0.271591 0.005535
2 0.335227 0.016605 0.328409 0.027675 0.323864 0.062731 0.321591 0.188192 0.323864 0.215867 0.327273 0.223247 0.337500 0.219557 0.364773 0.219557 0.390909 0.228782 0.396591 0.219557 0.397727 0.068266 0.393182 0.033210 0.381818 0.016605 0.371591 0.012915 0.350000 0.011070
2 0.330682 0.221402 0.325000 0.232472 0.321591 0.258303 0.320455 0.433579 0.327273 0.437269 0.392045 0.437269 0.395455 0.424354 0.394318 0.381919 0.396591 0.372694 0.396591 0.261993 0.393182 0.234317 0.389773 0.226937 0.369318 0.217712 0.336364 0.217712
2 0.409091 0.223247 0.405682 0.226937 0.398864 0.282288 0.400000 0.435424 0.404545 0.439114 0.469318 0.439114 0.472727 0.433579 0.471591 0.413284 0.473864 0.392989 0.471591 0.350554 0.472727 0.265683 0.468182 0.232472 0.459091 0.221402 0.440909 0.217712
2 0.415909 0.016605 0.406818 0.025830 0.403409 0.040590 0.402273 0.140221 0.403409 0.171587 0.405682 0.177122 0.405682 0.221402 0.450000 0.219557 0.468182 0.225092 0.470455 0.221402 0.472727 0.186347 0.472727 0.079336 0.469318 0.033210 0.465909 0.025830 0.453409 0.016605
2 0.481818 0.226937 0.478409 0.234317 0.475000 0.274908 0.477273 0.435424 0.480682 0.439114 0.550000 0.437269 0.551136 0.409594 0.553409 0.404059 0.550000 0.258303 0.544318 0.226937 0.534091 0.217712 0.500000 0.217712
2 0.490909 0.016605 0.479545 0.033210 0.477273 0.059041 0.477273 0.221402 0.484091 0.225092 0.493182 0.219557 0.522727 0.217712 0.545455 0.225092 0.548864 0.219557 0.550000 0.180812 0.547727 0.059041 0.543182 0.029520 0.538636 0.020295 0.525000 0.012915 0.509091 0.011070
2 0.565909 0.020295 0.555682 0.033210 0.552273 0.068266 0.554545 0.221402 0.562500 0.225092 0.571591 0.219557 0.606818 0.219557 0.622727 0.225092 0.625000 0.219557 0.623864 0.075646 0.618182 0.031365 0.613636 0.022140 0.598864 0.014760 0.580682 0.014760
2 0.563636 0.223247 0.555682 0.234317 0.553409 0.273063 0.554545 0.431734 0.561364 0.439114 0.623864 0.439114 0.627273 0.435424 0.627273 0.276753 0.621591 0.232472 0.614773 0.221402 0.572727 0.219557
2 0.689773 0.228782 0.675000 0.225092 0.648864 0.226937 0.631818 0.234317 0.629545 0.247232 0.629545 0.426199 0.631818 0.437269 0.697727 0.439114 0.702273 0.431734 0.698864 0.274908 0.694318 0.236162
2 0.756818 0.027675 0.747727 0.023985 0.723864 0.025830 0.702273 0.038745 0.698864 0.046125 0.700000 0.195572 0.704545 0.234317 0.739773 0.225092 0.764773 0.228782 0.771591 0.221402 0.765909 0.055351 0.761364 0.033210
2 0.762500 0.230627 0.719318 0.230627 0.703409 0.239852 0.701136 0.263838 0.703409 0.428044 0.707955 0.439114 0.772727 0.439114 0.778409 0.431734 0.772727 0.258303 0.769318 0.238007
2 0.782955 0.035055 0.775000 0.042435 0.769318 0.055351 0.775000 0.230627 0.782955 0.234317 0.796591 0.226937 0.819318 0.223247 0.842045 0.232472 0.844318 0.221402 0.844318 0.169742 0.839773 0.064576 0.836364 0.040590 0.831818 0.031365 0.820455 0.025830 0.797727 0.027675
2 0.782955 0.236162 0.775000 0.247232 0.781818 0.433579 0.786364 0.437269 0.843182 0.437269 0.848864 0.433579 0.850000 0.372694 0.846591 0.326568 0.846591 0.269373 0.842045 0.236162 0.827273 0.228782 0.797727 0.230627 0.795455 0.234317
2 0.909091 0.023985 0.884091 0.022140 0.869318 0.025830 0.853409 0.035055 0.844318 0.047970 0.842045 0.070111 0.848864 0.225092 0.852273 0.232472 0.867045 0.226937 0.895455 0.223247 0.918182 0.226937 0.920455 0.223247 0.921591 0.162362 0.919318 0.086716 0.914773 0.035055
2 0.853409 0.239852 0.850000 0.247232 0.851136 0.260148 0.848864 0.269373 0.852273 0.289668 0.852273 0.369004 0.855682 0.431734 0.862500 0.437269 0.909091 0.437269 0.922727 0.433579 0.925000 0.422509 0.922727 0.269373 0.918182 0.238007 0.905682 0.230627 0.876136 0.230627 0.873864 0.234317 0.868182 0.232472
2 0.972727 0.036900 0.952273 0.035055 0.938636 0.038745 0.922727 0.047970 0.919318 0.057196 0.923864 0.232472 0.926136 0.236162 0.973864 0.230627 0.980682 0.234317 0.986364 0.226937 0.984091 0.068266 0.980682 0.047970
2 0.982955 0.238007 0.973864 0.234317 0.938636 0.236162 0.925000 0.249077 0.926136 0.343173 0.930682 0.429889 0.932955 0.435424 0.987500 0.437269 0.992045 0.433579 0.993182 0.285978 0.992045 0.271218 0.986364 0.258303
2 0.789773 0.761993 0.786364 0.778598 0.794318 0.981550 0.806818 0.990775 0.843182 0.994465 0.863636 0.990775 0.868182 0.981550 0.868182 0.933579 0.863636 0.808118 0.857955 0.771218 0.845455 0.763838
2 0.928409 0.560886 0.876136 0.560886 0.860227 0.568266 0.863636 0.756458 0.868182 0.763838 0.904545 0.767528 0.938636 0.765683 0.940909 0.743542 0.937500 0.590406
2 0.868182 0.765683 0.864773 0.795203 0.871591 0.976015 0.873864 0.983395 0.892045 0.994465 0.935227 0.998155 0.942045 0.992620 0.945455 0.981550 0.944318 0.837638 0.942045 0.804428 0.936364 0.773063 0.932955 0.769373
2 0.940909 0.642066 0.940909 0.782288 0.945455 0.811808 1.000000 0.815498 1.000000 0.669742 0.992045 0.643911 0.981818 0.640221
2 0.017045 0.000000 0.007955 0.027675 0.003409 0.057196 0.000000 0.208487 0.037500 0.208487 0.055682 0.215867 0.075000 0.217712 0.078409 0.208487 0.085227 0.025830 0.079545 0.016605 0.054545 0.000000
