5 0.672000 0.453333 0.656000 0.453333 0.652000 0.460000 0.642000 0.533333 0.636000 0.906667 0.642000 0.916667 0.670000 0.916667 0.682000 0.553333 0.678000 0.463333
5 0.800000 0.510000 0.790000 0.520000 0.774000 0.610000 0.766000 0.913333 0.776000 0.923333 0.796000 0.923333 0.804000 0.900000 0.812000 0.583333 0.808000 0.573333 0.806000 0.520000
5 0.548000 0.406667 0.538000 0.516667 0.532000 0.903333 0.540000 0.913333 0.570000 0.913333 0.576000 0.903333 0.580000 0.463333 0.576000 0.413333 0.572000 0.406667
5 0.872000 0.203333 0.844000 0.210000 0.840000 0.266667 0.828000 0.286667 0.812000 0.866667 0.836000 0.883333 0.866000 0.883333 0.872000 0.873333 0.892000 0.283333 0.882000 0.270000 0.880000 0.210000
5 0.914000 0.520000 0.904000 0.523333 0.896000 0.576667 0.890000 0.590000 0.878000 0.850000 0.878000 0.913333 0.902000 0.923333 0.914000 0.920000 0.928000 0.633333 0.928000 0.593333
5 0.492000 0.123333 0.478000 0.133333 0.476000 0.190000 0.466000 0.210000 0.470000 0.843333 0.476000 0.853333 0.516000 0.853333 0.524000 0.846667 0.528000 0.220000 0.514000 0.180000 0.512000 0.130000
5 0.450000 0.396667 0.432000 0.396667 0.426000 0.403333 0.422000 0.453333 0.418000 0.893333 0.434000 0.903333 0.458000 0.896667 0.462000 0.856667 0.464000 0.466667 0.458000 0.436667 0.458000 0.406667
5 0.102000 0.220000 0.094000 0.226667 0.092000 0.286667 0.082000 0.306667 0.088000 0.890000 0.100000 0.906667 0.144000 0.900000 0.154000 0.883333 0.148000 0.310000 0.140000 0.296667 0.134000 0.226667
5 0.184000 0.060000 0.178000 0.066667 0.176000 0.123333 0.152000 0.146667 0.168000 0.836667 0.174000 0.846667 0.218000 0.850000 0.248000 0.836667 0.252000 0.820000 0.242000 0.156667 0.218000 0.130000 0.214000 0.070000
5 0.356000 0.036667 0.348000 0.046667 0.346000 0.110000 0.338000 0.126667 0.336000 0.173333 0.338000 0.840000 0.354000 0.853333 0.398000 0.853333 0.408000 0.846667 0.414000 0.826667 0.414000 0.130000 0.406000 0.113333 0.406000 0.066667 0.400000 0.043333 0.388000 0.036667
5 0.280000 0.243333 0.274000 0.300000 0.260000 0.320000 0.262000 0.886667 0.270000 0.903333 0.312000 0.903333 0.330000 0.886667 0.328000 0.323333 0.312000 0.296667 0.310000 0.250000 0.306000 0.243333
5 0.584000 0.183333 0.578000 0.190000 0.572000 0.376667 0.582000 0.483333 0.578000 0.853333 0.614000 0.856667 0.620000 0.843333 0.636000 0.203333 0.634000 0.190000 0.626000 0.183333
5 0.750000 0.266667 0.728000 0.266667 0.722000 0.273333 0.718000 0.323333 0.700000 0.346667 0.684000 0.850000 0.690000 0.860000 0.712000 0.870000 0.750000 0.866667 0.754000 0.840000 0.774000 0.353333 0.758000 0.323333 0.758000 0.283333
