1 0.102941 0.459524 0.065359 0.485714 0.053922 0.500000 0.040850 0.528571 0.032680 0.554762 0.029412 0.585714 0.032680 0.640476 0.053922 0.692857 0.088235 0.726190 0.107843 0.735714 0.151961 0.733333 0.179739 0.716667 0.215686 0.664286 0.228758 0.614286 0.227124 0.559524 0.210784 0.516667 0.192810 0.488095 0.155229 0.461905 0.130719 0.457143
1 0.212418 0.211905 0.187908 0.221429 0.173203 0.233333 0.142157 0.280952 0.132353 0.316667 0.132353 0.376190 0.142157 0.419048 0.165033 0.459524 0.212418 0.488095 0.240196 0.490476 0.272876 0.476190 0.305556 0.435714 0.318627 0.402381 0.320261 0.383333 0.326797 0.364286 0.326797 0.326190 0.312092 0.273810 0.299020 0.247619 0.284314 0.230952 0.253268 0.211905
1 0.250000 0.016667 0.235294 0.061905 0.233660 0.123810 0.251634 0.185714 0.271242 0.214286 0.297386 0.235714 0.343137 0.240476 0.366013 0.233333 0.387255 0.219048 0.403595 0.200000 0.411765 0.202381 0.411765 0.195238 0.408497 0.197619 0.406863 0.190476 0.423203 0.157143 0.428105 0.071429 0.413399 0.026190 0.397059 0.000000 0.263072 0.000000
1 0.217320 0.702381 0.189542 0.716667 0.158497 0.752381 0.140523 0.804762 0.140523 0.869048 0.155229 0.916667 0.181373 0.954762 0.212418 0.973810 0.250000 0.976190 0.282680 0.957143 0.310458 0.919048 0.323529 0.878571 0.325163 0.797619 0.310458 0.757143 0.287582 0.726190 0.246732 0.702381
1 0.313725 0.459524 0.284314 0.476190 0.267974 0.492857 0.250000 0.521429 0.235294 0.571429 0.235294 0.619048 0.250000 0.678571 0.266340 0.704762 0.299020 0.730952 0.339869 0.740476 0.375817 0.719048 0.403595 0.685714 0.419935 0.635714 0.423203 0.571429 0.415033 0.538095 0.387255 0.490476 0.357843 0.469048
1 0.413399 0.223810 0.377451 0.242857 0.352941 0.273810 0.343137 0.295238 0.334967 0.328571 0.333333 0.376190 0.336601 0.404762 0.341503 0.411905 0.344771 0.430952 0.366013 0.466667 0.387255 0.485714 0.419935 0.500000 0.433007 0.500000 0.467320 0.483333 0.498366 0.452381 0.516340 0.407143 0.521242 0.376190 0.521242 0.338095 0.506536 0.283333 0.483660 0.250000 0.449346 0.226190
1 0.447712 0.033333 0.431373 0.078571 0.429739 0.145238 0.434641 0.171429 0.447712 0.204762 0.465686 0.230952 0.485294 0.247619 0.504902 0.254762 0.531046 0.257143 0.550654 0.252381 0.576797 0.233333 0.593137 0.211905 0.604575 0.188095 0.614379 0.147619 0.612745 0.083333 0.601307 0.045238 0.584967 0.016667 0.568627 0.000000 0.475490 0.000000
1 0.643791 0.007143 0.625817 0.042857 0.617647 0.080952 0.619281 0.140476 0.625817 0.171429 0.640523 0.200000 0.656863 0.219048 0.699346 0.250000 0.720588 0.250000 0.746732 0.240476 0.772876 0.219048 0.795752 0.178571 0.803922 0.157143 0.808824 0.128571 0.808824 0.085714 0.803922 0.057143 0.779412 0.004762 0.774510 0.000000 0.650327 0.000000
1 0.617647 0.219048 0.580065 0.233333 0.545752 0.276190 0.529412 0.323810 0.529412 0.388095 0.539216 0.430952 0.565359 0.471429 0.596405 0.492857 0.635621 0.497619 0.661765 0.483333 0.691176 0.452381 0.710784 0.400000 0.714052 0.350000 0.710784 0.319048 0.702614 0.288095 0.681373 0.250000 0.653595 0.226190
1 0.501634 0.466667 0.460784 0.495238 0.442810 0.526190 0.431373 0.566667 0.428105 0.592857 0.431373 0.659524 0.446078 0.695238 0.483660 0.733333 0.498366 0.742857 0.522876 0.747619 0.550654 0.742857 0.584967 0.714286 0.602941 0.685714 0.609477 0.661905 0.609477 0.635714 0.616013 0.604762 0.616013 0.564286 0.609477 0.540476 0.593137 0.507143 0.566993 0.478571 0.553922 0.469048 0.527778 0.464286
1 0.398693 0.709524 0.367647 0.730952 0.344771 0.761905 0.328431 0.807143 0.326797 0.826190 0.328431 0.892857 0.343137 0.935714 0.359477 0.961905 0.374183 0.976190 0.401961 0.990476 0.441176 0.990476 0.477124 0.966667 0.506536 0.919048 0.514706 0.890476 0.517974 0.861905 0.514706 0.804762 0.501634 0.766667 0.485294 0.742857 0.467320 0.726190 0.441176 0.711905
1 0.828431 0.016667 0.813725 0.054762 0.813725 0.123810 0.828431 0.178571 0.848039 0.211905 0.875817 0.233333 0.897059 0.240476 0.926471 0.240476 0.964052 0.216667 0.988562 0.183333 1.000000 0.154762 1.000000 0.042857 0.978758 0.000000 0.841503 0.000000
1 0.803922 0.211905 0.782680 0.219048 0.751634 0.245238 0.728758 0.283333 0.717320 0.319048 0.718954 0.397619 0.727124 0.419048 0.751634 0.461905 0.781046 0.485714 0.799020 0.492857 0.826797 0.492857 0.848039 0.483333 0.872549 0.464286 0.892157 0.435714 0.905229 0.400000 0.906863 0.321429 0.897059 0.280952 0.874183 0.242857 0.843137 0.219048
1 0.686275 0.469048 0.665033 0.483333 0.650327 0.500000 0.625817 0.547619 0.622549 0.566667 0.624183 0.630952 0.630719 0.640476 0.633987 0.676190 0.665033 0.716667 0.692810 0.735714 0.741830 0.733333 0.779412 0.695238 0.795752 0.666667 0.805556 0.628571 0.807190 0.585714 0.803922 0.559524 0.795752 0.533333 0.781046 0.504762 0.750000 0.473810 0.722222 0.464286
1 0.591503 0.719048 0.555556 0.750000 0.532680 0.790476 0.524510 0.842857 0.529412 0.890476 0.540850 0.928571 0.571895 0.973810 0.604575 0.992857 0.645425 0.990476 0.669935 0.976190 0.702614 0.930952 0.712418 0.902381 0.715686 0.873810 0.710784 0.804762 0.702614 0.773810 0.687908 0.747619 0.660131 0.719048 0.635621 0.714286
1 0.790850 0.704762 0.751634 0.728571 0.735294 0.750000 0.720588 0.780952 0.715686 0.797619 0.718954 0.890476 0.732026 0.923810 0.761438 0.959524 0.792484 0.976190 0.833333 0.973810 0.856209 0.959524 0.885621 0.911905 0.895425 0.876190 0.895425 0.807143 0.882353 0.764286 0.857843 0.728571 0.825163 0.707143
1 0.898693 0.457143 0.867647 0.471429 0.843137 0.495238 0.813725 0.566667 0.812092 0.600000 0.821895 0.647619 0.836601 0.683333 0.852941 0.707143 0.888889 0.733333 0.933007 0.733333 0.978758 0.702381 0.991830 0.685714 1.000000 0.664286 1.000000 0.523810 0.982026 0.492857 0.955882 0.469048 0.928105 0.457143
1 0.000000 0.711905 0.000000 0.954762 0.073529 0.954762 0.093137 0.945238 0.116013 0.902381 0.133987 0.842857 0.133987 0.814286 0.117647 0.761905 0.109477 0.747619 0.052288 0.704762 0.014706 0.704762
