2 0.900000 0.196429 0.869231 0.225000 0.846154 0.275000 0.841026 0.303571 0.846154 0.371429 0.866667 0.417857 0.905128 0.453571 0.958974 0.457143 1.000000 0.432143 1.000000 0.217857 0.964103 0.192857
2 0.053846 0.046429 0.015385 0.078571 0.000000 0.107143 0.000000 0.246429 0.020513 0.282143 0.046154 0.303571 0.076923 0.314286 0.117949 0.307143 0.146154 0.285714 0.169231 0.250000 0.182051 0.203571 0.179487 0.139286 0.156410 0.089286 0.125641 0.053571 0.089744 0.042857
2 0.079487 0.339286 0.035897 0.364286 0.015385 0.396429 0.000000 0.435714 0.000000 0.507143 0.023077 0.564286 0.038462 0.585714 0.069231 0.607143 0.110256 0.610714 0.146154 0.592857 0.176923 0.553571 0.192308 0.507143 0.194872 0.464286 0.187179 0.425000 0.161538 0.371429 0.123077 0.342857
2 0.092308 0.617857 0.056410 0.635714 0.030769 0.667857 0.015385 0.703571 0.010256 0.775000 0.020513 0.814286 0.046154 0.860714 0.084615 0.885714 0.117949 0.889286 0.153846 0.875000 0.187179 0.835714 0.202564 0.792857 0.205128 0.735714 0.194872 0.696429 0.164103 0.642857 0.133333 0.621429
2 0.251282 0.475000 0.220513 0.492857 0.192308 0.528571 0.174359 0.589286 0.174359 0.632143 0.187179 0.678571 0.217949 0.725000 0.248718 0.742857 0.287179 0.746429 0.328205 0.725000 0.351282 0.696429 0.369231 0.642857 0.369231 0.575000 0.333333 0.500000 0.289744 0.475000
2 0.241026 0.192857 0.212821 0.207143 0.176923 0.250000 0.164103 0.296429 0.164103 0.357143 0.194872 0.432143 0.233333 0.460714 0.279487 0.464286 0.312821 0.446429 0.346154 0.396429 0.358974 0.342857 0.356410 0.292857 0.343590 0.257143 0.312821 0.210714 0.279487 0.192857
2 0.153846 0.000000 0.151282 0.046429 0.158974 0.089286 0.189744 0.142857 0.225641 0.167857 0.258974 0.171429 0.294872 0.157143 0.330769 0.114286 0.343590 0.078571 0.343590 0.000000
2 0.420513 0.332143 0.382051 0.353571 0.361538 0.382143 0.343590 0.428571 0.341026 0.492857 0.351282 0.528571 0.379487 0.578571 0.412821 0.600000 0.451282 0.603571 0.484615 0.589286 0.517949 0.546429 0.533333 0.500000 0.533333 0.442857 0.523077 0.403571 0.500000 0.360714 0.469231 0.335714
2 0.407692 0.046429 0.374359 0.064286 0.343590 0.103571 0.328205 0.153571 0.328205 0.217857 0.361538 0.289286 0.394872 0.314286 0.430769 0.321429 0.469231 0.307143 0.500000 0.275000 0.523077 0.210714 0.523077 0.157143 0.512821 0.121429 0.484615 0.071429 0.443590 0.046429
2 0.405128 0.632143 0.366667 0.675000 0.351282 0.710714 0.346154 0.735714 0.351282 0.807143 0.371795 0.850000 0.405128 0.885714 0.423077 0.892857 0.476923 0.889286 0.507692 0.864286 0.530769 0.825000 0.541026 0.789286 0.538462 0.717857 0.515385 0.664286 0.482051 0.632143 0.464103 0.625000 0.420513 0.625000
2 0.576923 0.482143 0.551282 0.500000 0.520513 0.557143 0.512821 0.589286 0.515385 0.657143 0.533333 0.700000 0.564103 0.735714 0.597436 0.750000 0.633333 0.746429 0.669231 0.721429 0.692308 0.685714 0.705128 0.642857 0.707692 0.610714 0.702564 0.571429 0.666667 0.500000 0.625641 0.478571
2 0.579487 0.189286 0.546154 0.210714 0.517949 0.253571 0.507692 0.289286 0.507692 0.353571 0.530769 0.414286 0.556410 0.442857 0.587179 0.457143 0.633333 0.453571 0.666667 0.428571 0.687179 0.396429 0.700000 0.353571 0.697436 0.282143 0.671795 0.225000 0.648718 0.200000 0.612821 0.185714
2 0.743590 0.046429 0.712821 0.064286 0.679487 0.117857 0.671795 0.146429 0.674359 0.221429 0.694872 0.271429 0.712821 0.292857 0.751282 0.314286 0.797436 0.310714 0.828205 0.289286 0.853846 0.250000 0.866667 0.203571 0.866667 0.153571 0.841026 0.085714 0.823077 0.064286 0.794872 0.046429
2 0.751282 0.332143 0.720513 0.350000 0.692308 0.392857 0.676923 0.432143 0.676923 0.503571 0.689744 0.539286 0.717949 0.582143 0.748718 0.600000 0.789744 0.603571 0.828205 0.582143 0.858974 0.539286 0.871795 0.489286 0.869231 0.432143 0.853846 0.389286 0.817949 0.342857 0.792308 0.332143
2 0.774359 0.621429 0.735897 0.646429 0.710256 0.689286 0.700000 0.735714 0.702564 0.792857 0.723077 0.842857 0.741026 0.867857 0.782051 0.889286 0.815385 0.889286 0.848718 0.871429 0.882051 0.828571 0.894872 0.782143 0.894872 0.732143 0.882051 0.685714 0.843590 0.632143 0.807692 0.617857
2 0.535897 0.871429 0.535897 0.921429 0.541026 0.928571 0.728205 0.925000 0.728205 0.867857 0.723077 0.846429 0.692308 0.789286 0.658974 0.764286 0.623077 0.760714 0.582051 0.778571 0.553846 0.814286
2 0.492308 0.067857 0.515385 0.125000 0.543590 0.160714 0.574359 0.175000 0.617949 0.171429 0.648718 0.150000 0.676923 0.103571 0.687179 0.064286 0.684615 0.000000 0.494872 0.000000
2 0.928205 0.482143 0.907692 0.496429 0.882051 0.532143 0.866667 0.578571 0.866667 0.642857 0.894872 0.710714 0.920513 0.735714 0.946154 0.746429 1.000000 0.739286 1.000000 0.482143 0.979487 0.475000
2 0.179487 0.900000 0.184615 0.928571 0.376923 0.925000 0.374359 0.864286 0.361538 0.828571 0.330769 0.785714 0.294872 0.767857 0.251282 0.771429 0.212821 0.800000 0.187179 0.853571
2 0.838462 0.000000 0.835897 0.050000 0.843590 0.089286 0.861538 0.128571 0.882051 0.153571 0.915385 0.171429 0.956410 0.171429 1.000000 0.142857 1.000000 0.000000
