3 0.845838 0.347000 0.836588 0.353000 0.835560 0.366000 0.842754 0.377000 0.842754 0.394000 0.833505 0.416000 0.831449 0.433000 0.832477 0.610000 0.836588 0.627000 0.852004 0.644000 0.872559 0.655000 0.901336 0.659000 0.927030 0.659000 0.958890 0.654000 0.975334 0.645000 0.990750 0.630000 0.996917 0.609000 0.996917 0.424000 0.991778 0.405000 0.985612 0.393000 0.985612 0.378000 0.991778 0.367000 0.991778 0.356000 0.986639 0.350000 0.973279 0.345000 0.927030 0.342000 0.891059 0.342000
3 0.295992 0.346000 0.290853 0.348000 0.282631 0.359000 0.282631 0.366000 0.289825 0.377000 0.290853 0.389000 0.282631 0.408000 0.279548 0.425000 0.279548 0.609000 0.281603 0.623000 0.297020 0.642000 0.310380 0.651000 0.320658 0.655000 0.371017 0.659000 0.405961 0.654000 0.419322 0.647000 0.436793 0.632000 0.443988 0.609000 0.443988 0.423000 0.432682 0.391000 0.432682 0.380000 0.439877 0.366000 0.438849 0.356000 0.432682 0.349000 0.410072 0.344000 0.337102 0.342000
3 0.016444 0.347000 0.008222 0.352000 0.006166 0.366000 0.013361 0.374000 0.014388 0.391000 0.005139 0.414000 0.003083 0.429000 0.004111 0.612000 0.006166 0.624000 0.009250 0.631000 0.025694 0.646000 0.045221 0.655000 0.090442 0.659000 0.128469 0.654000 0.145940 0.645000 0.160329 0.631000 0.164440 0.624000 0.167523 0.605000 0.167523 0.423000 0.156218 0.391000 0.156218 0.380000 0.163412 0.366000 0.162384 0.355000 0.157246 0.350000 0.144913 0.345000 0.071942 0.341000 0.040082 0.343000
3 0.845838 0.007000 0.840699 0.009000 0.835560 0.016000 0.835560 0.029000 0.842754 0.038000 0.843782 0.046000 0.840699 0.060000 0.834532 0.072000 0.831449 0.088000 0.832477 0.276000 0.836588 0.289000 0.852004 0.305000 0.863309 0.312000 0.875642 0.316000 0.920863 0.320000 0.946557 0.318000 0.968140 0.311000 0.988695 0.294000 0.995889 0.279000 0.996917 0.082000 0.985612 0.049000 0.986639 0.038000 0.992806 0.029000 0.992806 0.016000 0.986639 0.009000 0.963001 0.004000 0.882837 0.003000
3 0.565262 0.009000 0.560123 0.016000 0.560123 0.029000 0.567318 0.039000 0.567318 0.053000 0.556012 0.083000 0.556012 0.269000 0.560123 0.287000 0.572456 0.302000 0.585817 0.311000 0.601233 0.316000 0.618705 0.319000 0.656732 0.319000 0.688592 0.312000 0.710175 0.296000 0.717369 0.284000 0.719424 0.273000 0.720452 0.103000 0.717369 0.071000 0.712230 0.062000 0.708119 0.045000 0.716341 0.026000 0.715313 0.016000 0.709147 0.009000 0.676259 0.004000 0.595067 0.004000
3 0.290853 0.008000 0.282631 0.016000 0.282631 0.029000 0.288798 0.037000 0.290853 0.046000 0.287770 0.060000 0.281603 0.071000 0.278520 0.093000 0.279548 0.274000 0.281603 0.284000 0.287770 0.294000 0.297020 0.303000 0.310380 0.312000 0.321686 0.316000 0.339157 0.319000 0.371017 0.320000 0.397739 0.317000 0.411100 0.313000 0.432682 0.297000 0.440904 0.284000 0.443988 0.273000 0.445015 0.091000 0.441932 0.074000 0.432682 0.051000 0.432682 0.042000 0.439877 0.028000 0.439877 0.016000 0.433710 0.009000 0.409044 0.004000 0.337102 0.003000 0.313464 0.004000
3 0.017472 0.006000 0.009250 0.010000 0.005139 0.020000 0.006166 0.030000 0.012333 0.036000 0.014388 0.045000 0.012333 0.056000 0.004111 0.076000 0.002055 0.093000 0.003083 0.269000 0.005139 0.283000 0.010277 0.293000 0.021583 0.304000 0.041110 0.315000 0.083248 0.320000 0.107914 0.319000 0.129496 0.315000 0.138746 0.311000 0.158273 0.295000 0.166495 0.278000 0.168551 0.091000 0.165468 0.073000 0.157246 0.053000 0.157246 0.039000 0.164440 0.027000 0.163412 0.015000 0.153135 0.007000 0.128469 0.003000 0.062693 0.002000
3 0.854060 0.684000 0.838643 0.690000 0.835560 0.700000 0.836588 0.707000 0.841727 0.713000 0.843782 0.722000 0.842754 0.734000 0.836588 0.745000 0.831449 0.770000 0.832477 0.947000 0.836588 0.966000 0.852004 0.983000 0.868448 0.992000 0.879753 0.995000 0.918808 0.997000 0.940391 0.996000 0.960946 0.992000 0.985612 0.975000 0.991778 0.967000 0.996917 0.946000 0.996917 0.760000 0.985612 0.730000 0.985612 0.720000 0.992806 0.702000 0.990750 0.691000 0.978417 0.685000 0.955807 0.682000 0.906475 0.681000
3 0.572456 0.685000 0.563207 0.689000 0.559096 0.698000 0.560123 0.707000 0.564234 0.712000 0.567318 0.726000 0.554985 0.763000 0.556012 0.953000 0.559096 0.964000 0.564234 0.973000 0.572456 0.981000 0.587873 0.991000 0.601233 0.995000 0.651593 0.997000 0.685509 0.992000 0.710175 0.975000 0.717369 0.963000 0.719424 0.953000 0.720452 0.764000 0.718397 0.752000 0.709147 0.729000 0.711202 0.714000 0.716341 0.706000 0.716341 0.696000 0.713258 0.690000 0.707091 0.687000 0.675231 0.682000 0.618705 0.681000
3 0.297020 0.685000 0.286742 0.689000 0.282631 0.697000 0.282631 0.705000 0.290853 0.721000 0.289825 0.734000 0.281603 0.751000 0.279548 0.765000 0.280576 0.956000 0.282631 0.964000 0.289825 0.975000 0.301131 0.984000 0.322713 0.994000 0.336074 0.996000 0.386434 0.996000 0.404933 0.993000 0.423433 0.983000 0.435766 0.972000 0.441932 0.958000 0.443988 0.945000 0.443988 0.761000 0.432682 0.731000 0.432682 0.718000 0.439877 0.706000 0.437821 0.692000 0.435766 0.689000 0.425488 0.685000 0.394656 0.682000 0.351490 0.681000
3 0.025694 0.684000 0.010277 0.689000 0.007194 0.696000 0.007194 0.706000 0.013361 0.714000 0.014388 0.729000 0.005139 0.752000 0.003083 0.763000 0.005139 0.959000 0.013361 0.974000 0.028777 0.987000 0.039054 0.992000 0.056526 0.996000 0.086331 0.997000 0.124358 0.994000 0.140802 0.987000 0.155190 0.977000 0.163412 0.966000 0.166495 0.954000 0.167523 0.762000 0.156218 0.729000 0.156218 0.720000 0.163412 0.707000 0.162384 0.694000 0.158273 0.689000 0.151079 0.686000 0.120247 0.682000 0.071942 0.681000
3 0.571429 0.346000 0.563207 0.351000 0.559096 0.361000 0.566290 0.378000 0.566290 0.392000 0.554985 0.422000 0.554985 0.605000 0.559096 0.626000 0.566290 0.636000 0.586845 0.652000 0.600206 0.656000 0.651593 0.659000 0.683453 0.654000 0.693731 0.649000 0.712230 0.633000 0.718397 0.623000 0.720452 0.609000 0.720452 0.424000 0.709147 0.387000 0.710175 0.379000 0.716341 0.366000 0.715313 0.354000 0.707091 0.348000 0.695786 0.345000 0.659815 0.342000 0.610483 0.342000 0.607400 0.344000
