0 0.492795 0.203571 0.475504 0.221429 0.472622 0.282143 0.446686 0.328571 0.446686 0.407143 0.452450 0.410714 0.455331 0.378571 0.475504 0.346429 0.515850 0.339286 0.541787 0.357143 0.550432 0.375000 0.553314 0.421429 0.567723 0.432143 0.576369 0.421429 0.585014 0.385714 0.585014 0.339286 0.576369 0.310714 0.553314 0.282143 0.553314 0.225000 0.530259 0.203571
0 0.319885 0.210714 0.302594 0.235714 0.311239 0.292857 0.296830 0.328571 0.328530 0.342857 0.342939 0.360714 0.360231 0.414286 0.417867 0.471429 0.438040 0.435714 0.435159 0.335714 0.389049 0.275000 0.386167 0.232143 0.374640 0.210714 0.357349 0.203571
0 0.126801 0.214286 0.109510 0.242857 0.109510 0.260714 0.126801 0.307143 0.123919 0.357143 0.152738 0.414286 0.187320 0.432143 0.210375 0.460714 0.210375 0.500000 0.224784 0.514286 0.236311 0.500000 0.253602 0.432143 0.244957 0.382143 0.265130 0.350000 0.265130 0.332143 0.253602 0.310714 0.233429 0.303571 0.204611 0.267857 0.204611 0.253571 0.187320 0.217857 0.164265 0.207143
0 0.000000 0.207143 0.000000 0.485714 0.005764 0.489286 0.000000 0.496429 0.000000 0.521429 0.034582 0.535714 0.048991 0.464286 0.031700 0.428571 0.028818 0.400000 0.048991 0.367857 0.100865 0.339286 0.083573 0.314286 0.077810 0.292857 0.046110 0.264286 0.031700 0.225000 0.017291 0.210714
0 0.043228 0.107143 0.028818 0.121429 0.025937 0.139286 0.046110 0.189286 0.048991 0.250000 0.077810 0.285714 0.109510 0.314286 0.118156 0.314286 0.109510 0.246429 0.115274 0.228571 0.138329 0.207143 0.129683 0.175000 0.109510 0.160714 0.100865 0.125000 0.086455 0.103571 0.060519 0.100000
0 0.184438 0.107143 0.170029 0.135714 0.201729 0.250000 0.236311 0.292857 0.279539 0.325000 0.302594 0.282143 0.293948 0.207143 0.250720 0.164286 0.247839 0.132143 0.236311 0.107143
0 0.855908 0.110714 0.838617 0.103571 0.809798 0.107143 0.798271 0.125000 0.789625 0.167857 0.734870 0.228571 0.723343 0.300000 0.737752 0.328571 0.749280 0.332143 0.809798 0.260714 0.818444 0.235714 0.835735 0.214286 0.853026 0.207143 0.873199 0.150000 0.873199 0.128571
0 0.697406 0.100000 0.659942 0.100000 0.645533 0.110714 0.639769 0.167857 0.619597 0.189286 0.608069 0.246429 0.593660 0.271429 0.596542 0.314286 0.608069 0.314286 0.625360 0.289286 0.651297 0.221429 0.671470 0.210714 0.720461 0.221429 0.706052 0.182143 0.714697 0.121429
0 0.354467 0.100000 0.340058 0.117857 0.345821 0.175000 0.340058 0.200000 0.371758 0.210714 0.386167 0.232143 0.391931 0.275000 0.432277 0.325000 0.440922 0.325000 0.452450 0.296429 0.446686 0.239286 0.435159 0.192857 0.414986 0.167857 0.412104 0.121429 0.406340 0.107143 0.386167 0.096429
0 0.475504 0.525000 0.458213 0.532143 0.438040 0.553571 0.429395 0.600000 0.391931 0.667857 0.391931 0.725000 0.423631 0.857143 0.449568 0.914286 0.463977 0.925000 0.538905 0.921429 0.567723 0.875000 0.593660 0.735714 0.593660 0.667857 0.582133 0.635714 0.550432 0.600000 0.544669 0.560714 0.524496 0.532143
0 0.000000 0.535714 0.002882 0.828571 0.037464 0.867857 0.086455 0.907143 0.161383 0.907143 0.187320 0.878571 0.195965 0.807143 0.172911 0.750000 0.170029 0.664286 0.135447 0.614286 0.103746 0.596429 0.060519 0.589286 0.020173 0.539286
0 0.951009 0.367857 0.922190 0.353571 0.884726 0.353571 0.864553 0.375000 0.850144 0.414286 0.806916 0.446429 0.775216 0.492857 0.772334 0.546429 0.798271 0.592857 0.798271 0.664286 0.812680 0.667857 0.838617 0.632143 0.864553 0.614286 0.916427 0.600000 0.951009 0.553571 0.956772 0.510714 0.945245 0.467857 0.968300 0.421429 0.968300 0.389286
0 0.743516 0.360714 0.720461 0.346429 0.682997 0.346429 0.665706 0.357143 0.648415 0.414286 0.619597 0.435714 0.602305 0.460714 0.593660 0.489286 0.590778 0.603571 0.608069 0.632143 0.636888 0.607143 0.662824 0.596429 0.703170 0.539286 0.734870 0.532143 0.766571 0.539286 0.766571 0.489286 0.746398 0.446429 0.755043 0.389286
0 0.478386 0.342857 0.461095 0.360714 0.455331 0.417857 0.423631 0.471429 0.420749 0.489286 0.429395 0.553571 0.435159 0.557143 0.478386 0.521429 0.512968 0.525000 0.541787 0.553571 0.550432 0.596429 0.582133 0.625000 0.587896 0.553571 0.585014 0.467857 0.550432 0.421429 0.550432 0.375000 0.538905 0.350000 0.515850 0.339286
0 0.273775 0.346429 0.247839 0.382143 0.256484 0.446429 0.242075 0.485714 0.239193 0.528571 0.279539 0.546429 0.305476 0.592857 0.337176 0.600000 0.386167 0.657143 0.403458 0.639286 0.420749 0.600000 0.420749 0.510714 0.414986 0.482143 0.391931 0.446429 0.354467 0.410714 0.348703 0.375000 0.331412 0.346429 0.314121 0.339286
0 0.063401 0.357143 0.040346 0.375000 0.028818 0.407143 0.051873 0.464286 0.040346 0.525000 0.046110 0.567857 0.063401 0.585714 0.103746 0.592857 0.129683 0.607143 0.167147 0.653571 0.178674 0.657143 0.170029 0.617857 0.172911 0.596429 0.187320 0.564286 0.216138 0.539286 0.207493 0.460714 0.190202 0.435714 0.152738 0.417857 0.132565 0.371429 0.115274 0.353571 0.083573 0.350000
0 0.207493 0.546429 0.187320 0.567857 0.172911 0.600000 0.172911 0.621429 0.187320 0.657143 0.175793 0.700000 0.175793 0.750000 0.190202 0.796429 0.259366 0.903571 0.279539 0.917857 0.342939 0.921429 0.383285 0.907143 0.412104 0.867857 0.412104 0.825000 0.394813 0.757143 0.383285 0.671429 0.371758 0.642857 0.342939 0.607143 0.302594 0.592857 0.279539 0.546429 0.253602 0.535714
0 1.000000 0.553571 0.953890 0.557143 0.916427 0.603571 0.861671 0.617857 0.835735 0.635714 0.809798 0.678571 0.806916 0.760714 0.766571 0.853571 0.780980 0.889286 0.812680 0.921429 0.841499 0.928571 0.919308 0.925000 1.000000 0.846429
0 0.769452 0.550000 0.740634 0.535714 0.708934 0.539286 0.685879 0.557143 0.662824 0.600000 0.631124 0.614286 0.610951 0.639286 0.599424 0.678571 0.596542 0.739286 0.573487 0.875000 0.576369 0.925000 0.720461 0.925000 0.740634 0.878571 0.792507 0.796429 0.806916 0.750000 0.806916 0.696429 0.789625 0.657143 0.795389 0.592857
0 0.893372 0.225000 0.873199 0.214286 0.838617 0.214286 0.827089 0.221429 0.812680 0.250000 0.809798 0.271429 0.775216 0.300000 0.752161 0.332143 0.746398 0.350000 0.757925 0.389286 0.752161 0.450000 0.769452 0.478571 0.778098 0.478571 0.821326 0.432143 0.841499 0.421429 0.861671 0.378571 0.884726 0.353571 0.887608 0.310714 0.907781 0.264286 0.907781 0.242857
0 0.711816 0.217857 0.671470 0.210714 0.642651 0.232143 0.639769 0.267857 0.590778 0.346429 0.587896 0.407143 0.593660 0.460714 0.648415 0.407143 0.657061 0.371429 0.685879 0.342857 0.737752 0.350000 0.737752 0.335714 0.717579 0.296429 0.726225 0.239286
