2 0.521250 0.679452 0.515000 0.686301 0.508750 0.708219 0.505000 0.952055 0.507500 0.960274 0.522500 0.976712 0.537500 0.983562 0.557500 0.987671 0.598750 0.989041 0.631250 0.982192 0.648750 0.969863 0.653750 0.960274 0.656250 0.943836 0.660000 0.716438 0.653750 0.686301 0.645000 0.683562 0.622500 0.689041 0.561250 0.689041 0.541250 0.686301
2 0.213750 0.016438 0.203750 0.024658 0.201250 0.036986 0.188750 0.058904 0.185000 0.079452 0.183750 0.156164 0.187500 0.330137 0.200000 0.335616 0.335000 0.335616 0.343750 0.327397 0.343750 0.221918 0.346250 0.210959 0.346250 0.071233 0.336250 0.035616 0.327500 0.021918 0.313750 0.016438 0.277500 0.012329 0.241250 0.012329
2 0.376250 0.017808 0.367500 0.024658 0.358750 0.050685 0.351250 0.063014 0.348750 0.082192 0.350000 0.328767 0.358750 0.336986 0.500000 0.336986 0.508750 0.326027 0.512500 0.073973 0.501250 0.047945 0.497500 0.030137 0.493750 0.024658 0.483750 0.019178 0.465000 0.015068 0.415000 0.013699
2 0.540000 0.028767 0.531250 0.036986 0.527500 0.053425 0.517500 0.073973 0.515000 0.094521 0.513750 0.286301 0.516250 0.339726 0.528750 0.346575 0.555000 0.349315 0.662500 0.349315 0.671250 0.341096 0.672500 0.327397 0.671250 0.298630 0.677500 0.094521 0.675000 0.072603 0.667500 0.060274 0.660000 0.035616 0.647500 0.028767 0.605000 0.021918 0.568750 0.023288
2 0.705000 0.035616 0.696250 0.042466 0.692500 0.056164 0.680000 0.080822 0.677500 0.152055 0.678750 0.212329 0.675000 0.287671 0.676250 0.343836 0.685000 0.350685 0.765000 0.356164 0.820000 0.354795 0.827500 0.349315 0.830000 0.342466 0.837500 0.084932 0.826250 0.046575 0.820000 0.036986 0.798750 0.031507 0.743750 0.030137
2 0.851250 0.032877 0.843750 0.039726 0.837500 0.063014 0.840000 0.089041 0.840000 0.182192 0.832500 0.317808 0.835000 0.342466 0.840000 0.345205 0.981250 0.346575 0.986250 0.343836 0.988750 0.335616 0.990000 0.110959 0.987500 0.072603 0.980000 0.039726 0.973750 0.031507 0.967500 0.028767 0.923750 0.021918 0.890000 0.023288
2 0.165000 0.342466 0.126250 0.341096 0.040000 0.345205 0.037500 0.367123 0.026250 0.395890 0.027500 0.506849 0.033750 0.634247 0.040000 0.663014 0.048750 0.669863 0.110000 0.672603 0.147500 0.669863 0.171250 0.664384 0.178750 0.660274 0.187500 0.647945 0.183750 0.391781
2 0.205000 0.339726 0.200000 0.343836 0.201250 0.360274 0.188750 0.387671 0.187500 0.397260 0.190000 0.482192 0.188750 0.582192 0.192500 0.656164 0.205000 0.671233 0.240000 0.675342 0.298750 0.673973 0.335000 0.667123 0.343750 0.658904 0.346250 0.646575 0.345000 0.390411 0.332500 0.367123 0.330000 0.347945 0.325000 0.342466 0.316250 0.341096 0.263750 0.342466 0.235000 0.339726 0.232500 0.342466
2 0.367500 0.342466 0.363750 0.346575 0.362500 0.363014 0.351250 0.386301 0.347500 0.405479 0.350000 0.654795 0.366250 0.671233 0.398750 0.676712 0.448750 0.676712 0.490000 0.669863 0.505000 0.656164 0.505000 0.579452 0.508750 0.538356 0.507500 0.395890 0.493750 0.361644 0.493750 0.345205 0.478750 0.341096
2 0.531250 0.353425 0.511250 0.405479 0.508750 0.661644 0.516250 0.673973 0.548750 0.684932 0.622500 0.686301 0.636250 0.684932 0.655000 0.678082 0.663750 0.663014 0.670000 0.501370 0.670000 0.402740 0.658750 0.378082 0.656250 0.363014 0.652500 0.357534 0.637500 0.354795 0.582500 0.356164 0.576250 0.353425
2 0.696250 0.365753 0.687500 0.372603 0.672500 0.410959 0.667500 0.663014 0.673750 0.672603 0.706250 0.683562 0.748750 0.687671 0.776250 0.687671 0.803750 0.683562 0.815000 0.673973 0.820000 0.656164 0.820000 0.604110 0.827500 0.508219 0.830000 0.420548 0.827500 0.401370 0.816250 0.375342 0.811250 0.369863 0.751250 0.369863 0.747500 0.367123 0.722500 0.369863 0.717500 0.365753
2 0.968750 0.365753 0.936250 0.363014 0.852500 0.364384 0.845000 0.375342 0.835000 0.400000 0.832500 0.417808 0.827500 0.591781 0.823750 0.635616 0.825000 0.660274 0.837500 0.672603 0.875000 0.679452 0.952500 0.682192 0.961250 0.679452 0.972500 0.665753 0.983750 0.524658 0.988750 0.421918 0.975000 0.372603
2 0.175000 0.671233 0.163750 0.669863 0.116250 0.679452 0.051250 0.675342 0.040000 0.693151 0.035000 0.712329 0.035000 0.732877 0.037500 0.746575 0.045000 0.936986 0.048750 0.954795 0.063750 0.969863 0.091250 0.976712 0.145000 0.973973 0.178750 0.963014 0.187500 0.954795 0.192500 0.945205 0.193750 0.856164 0.188750 0.794521 0.190000 0.702740 0.185000 0.686301
2 0.330000 0.673973 0.305000 0.678082 0.302500 0.680822 0.298750 0.678082 0.287500 0.682192 0.266250 0.680822 0.262500 0.683562 0.207500 0.675342 0.203750 0.678082 0.195000 0.698630 0.192500 0.710959 0.192500 0.756164 0.196250 0.819178 0.197500 0.941096 0.203750 0.961644 0.221250 0.975342 0.257500 0.982192 0.300000 0.979452 0.326250 0.971233 0.342500 0.957534 0.346250 0.715068 0.343750 0.697260 0.335000 0.678082
2 0.487500 0.673973 0.427500 0.682192 0.368750 0.675342 0.351250 0.705479 0.348750 0.717808 0.350000 0.950685 0.356250 0.965753 0.372500 0.976712 0.407500 0.986301 0.451250 0.984932 0.467500 0.980822 0.488750 0.969863 0.500000 0.956164 0.505000 0.716438 0.501250 0.701370
2 0.835000 0.678082 0.820000 0.705479 0.810000 0.953425 0.821250 0.967123 0.851250 0.982192 0.896250 0.987671 0.933750 0.979452 0.946250 0.969863 0.952500 0.953425 0.961250 0.868493 0.963750 0.800000 0.968750 0.757534 0.968750 0.715068 0.955000 0.687671 0.903750 0.689041 0.861250 0.684932
2 0.675000 0.676712 0.663750 0.710959 0.658750 0.958904 0.673750 0.975342 0.712500 0.990411 0.748750 0.993151 0.780000 0.986301 0.796250 0.975342 0.805000 0.943836 0.816250 0.734247 0.811250 0.687671 0.807500 0.683562 0.778750 0.689041 0.732500 0.689041 0.703750 0.684932
2 0.033750 0.016438 0.013750 0.063014 0.023750 0.283562 0.031250 0.324658 0.041250 0.341096 0.125000 0.339726 0.167500 0.335616 0.178750 0.327397 0.181250 0.279452 0.178750 0.223288 0.177500 0.067123 0.170000 0.046575 0.156250 0.020548 0.146250 0.015068 0.108750 0.010959 0.070000 0.010959
