0 0.303514 0.583333 0.271565 0.567568 0.234824 0.567568 0.194888 0.587838 0.180511 0.608108 0.172524 0.650901 0.172524 0.713964 0.150160 0.736486 0.127796 0.768018 0.111821 0.808559 0.103834 0.842342 0.102236 0.909910 0.108626 0.968468 0.119808 1.000000 0.337061 1.000000 0.354633 0.948198 0.389776 0.903153 0.394569 0.876126 0.389776 0.808559 0.365815 0.754505 0.327476 0.709459 0.330671 0.668919 0.324281 0.619369 0.319489 0.603604
0 0.000000 0.373874 0.000000 1.000000 0.100639 1.000000 0.097444 0.864865 0.102236 0.824324 0.126198 0.761261 0.166134 0.707207 0.170927 0.662162 0.170927 0.610360 0.162939 0.581081 0.148562 0.554054 0.105431 0.502252 0.105431 0.454955 0.095847 0.409910 0.083067 0.387387 0.052716 0.371622 0.022364 0.369369
0 0.346645 0.997748 0.638978 1.000000 0.638978 0.990991 0.605431 0.918919 0.584665 0.891892 0.584665 0.810811 0.575080 0.779279 0.557508 0.759009 0.538339 0.747748 0.482428 0.743243 0.460064 0.750000 0.436102 0.774775 0.431310 0.783784 0.423323 0.824324 0.420128 0.876126 0.367412 0.936937 0.351438 0.970721
0 0.672524 0.558559 0.656550 0.590090 0.645367 0.673423 0.597444 0.720721 0.579872 0.759009 0.578275 0.779279 0.587859 0.824324 0.589457 0.894144 0.618211 0.932432 0.651757 1.000000 0.840256 1.000000 0.851438 0.914414 0.856230 0.824324 0.843450 0.770270 0.832268 0.747748 0.797125 0.698198 0.803514 0.671171 0.800319 0.612613 0.793930 0.587838 0.776358 0.563063 0.747604 0.545045 0.706070 0.542793 0.688498 0.547297
0 0.490415 0.414414 0.468051 0.407658 0.431310 0.407658 0.405751 0.421171 0.389776 0.445946 0.380192 0.493243 0.378594 0.531532 0.356230 0.549550 0.345048 0.576577 0.343450 0.603604 0.337061 0.619369 0.333866 0.653153 0.335463 0.704955 0.356230 0.738739 0.375399 0.759009 0.388179 0.786036 0.396166 0.824324 0.400958 0.880631 0.413738 0.873874 0.429712 0.786036 0.450479 0.754505 0.479233 0.740991 0.511182 0.740991 0.541534 0.747748 0.563898 0.765766 0.573482 0.765766 0.584665 0.727477 0.584665 0.666667 0.576677 0.630631 0.562300 0.592342 0.525559 0.542793 0.527157 0.495495 0.520767 0.448198 0.509585 0.430180
0 0.848243 0.369369 0.837061 0.373874 0.821086 0.391892 0.806709 0.441441 0.803514 0.481982 0.769968 0.511261 0.758786 0.529279 0.758786 0.545045 0.777955 0.563063 0.795527 0.590090 0.801917 0.612613 0.805112 0.648649 0.801917 0.700450 0.833866 0.745495 0.856230 0.808559 0.857827 0.873874 0.845048 1.000000 0.932907 1.000000 0.939297 0.975225 0.942492 0.918919 0.956869 0.849099 0.969649 0.759009 0.982428 0.702703 0.987220 0.655405 0.985623 0.619369 0.974441 0.578829 0.940895 0.520270 0.948882 0.484234 0.948882 0.425676 0.944089 0.409910 0.929712 0.389640 0.905751 0.373874 0.878594 0.367117
0 0.174121 0.245495 0.164537 0.259009 0.158147 0.279279 0.154952 0.369369 0.124601 0.409910 0.110224 0.436937 0.110224 0.502252 0.156550 0.560811 0.177316 0.603604 0.214058 0.572072 0.244409 0.563063 0.281150 0.567568 0.322684 0.594595 0.335463 0.576577 0.345048 0.549550 0.349840 0.545045 0.354633 0.515766 0.353035 0.472973 0.340256 0.418919 0.292332 0.353604 0.295527 0.308559 0.287540 0.261261 0.271565 0.240991 0.236422 0.227477 0.194888 0.231982
0 0.000000 0.096847 0.000000 0.371622 0.043131 0.367117 0.065495 0.373874 0.081470 0.385135 0.094249 0.403153 0.102236 0.430180 0.108626 0.432432 0.151757 0.362613 0.154952 0.272523 0.107029 0.211712 0.110224 0.189189 0.108626 0.164414 0.100639 0.126126 0.089457 0.105856 0.059105 0.090090 0.031949 0.087838
0 0.183706 0.000000 0.177316 0.042793 0.180511 0.094595 0.134185 0.159910 0.121406 0.204955 0.124601 0.229730 0.151757 0.261261 0.161342 0.263514 0.172524 0.243243 0.188498 0.231982 0.209265 0.225225 0.249201 0.227477 0.271565 0.238739 0.282748 0.252252 0.300319 0.301802 0.335463 0.250000 0.338658 0.234234 0.325879 0.153153 0.311502 0.117117 0.297125 0.094595 0.300319 0.033784 0.295527 0.004505 0.292332 0.000000
0 0.458466 0.114865 0.413738 0.105856 0.388179 0.110360 0.373802 0.119369 0.361022 0.144144 0.356230 0.186937 0.357827 0.225225 0.313099 0.290541 0.300319 0.328829 0.300319 0.355856 0.346645 0.427928 0.356230 0.466216 0.361022 0.520270 0.373802 0.518018 0.389776 0.441441 0.402556 0.423423 0.439297 0.403153 0.488818 0.407658 0.530351 0.351351 0.530351 0.317568 0.514377 0.270270 0.485623 0.231982 0.487220 0.182432 0.482428 0.144144 0.472843 0.126126
0 0.658147 0.000000 0.544728 0.000000 0.538339 0.024775 0.538339 0.067568 0.487220 0.139640 0.490415 0.231982 0.514377 0.265766 0.535144 0.324324 0.538339 0.324324 0.549521 0.261261 0.573482 0.229730 0.599042 0.220721 0.624601 0.220721 0.645367 0.227477 0.675719 0.247748 0.694888 0.225225 0.696486 0.198198 0.688498 0.157658 0.651757 0.087838 0.661342 0.047297
0 0.627796 0.222973 0.587859 0.225225 0.571885 0.231982 0.554313 0.252252 0.547923 0.270270 0.541534 0.313063 0.543131 0.351351 0.496805 0.409910 0.523962 0.454955 0.528754 0.495495 0.528754 0.533784 0.531949 0.542793 0.562300 0.587838 0.578275 0.623874 0.589457 0.675676 0.591054 0.713964 0.600639 0.711712 0.637380 0.673423 0.646965 0.639640 0.656550 0.583333 0.669329 0.560811 0.694888 0.542793 0.731629 0.538288 0.734824 0.531532 0.733227 0.452703 0.717252 0.412162 0.677316 0.353604 0.680511 0.342342 0.677316 0.263514 0.670927 0.250000 0.654952 0.234234
0 0.798722 0.114865 0.760383 0.112613 0.728435 0.128378 0.717252 0.148649 0.709265 0.218468 0.685304 0.250000 0.680511 0.263514 0.682109 0.355856 0.712460 0.400901 0.730032 0.436937 0.738019 0.468468 0.739617 0.531532 0.749201 0.536036 0.768371 0.509009 0.797125 0.486486 0.814696 0.405405 0.829073 0.378378 0.846645 0.367117 0.873802 0.362613 0.875399 0.358108 0.873802 0.333333 0.865815 0.299550 0.835463 0.240991 0.840256 0.202703 0.837061 0.153153 0.819489 0.126126
0 0.963259 0.000000 0.848243 0.000000 0.841853 0.033784 0.843450 0.069820 0.817891 0.108108 0.819489 0.123874 0.833866 0.144144 0.838658 0.159910 0.840256 0.213964 0.837061 0.236486 0.864217 0.290541 0.880192 0.358108 0.891374 0.364865 0.902556 0.364865 0.940895 0.333333 0.945687 0.317568 0.947284 0.286036 0.960064 0.245495 0.972843 0.227477 0.992013 0.216216 0.996805 0.202703 0.992013 0.162162 0.955272 0.085586 0.964856 0.060811
0 1.000000 0.220721 0.987220 0.220721 0.968051 0.234234 0.960064 0.250000 0.950479 0.286036 0.945687 0.331081 0.910543 0.369369 0.932907 0.391892 0.947284 0.414414 0.950479 0.425676 0.950479 0.484234 0.944089 0.509009 0.945687 0.524775 0.974441 0.576577 0.984026 0.603604 0.990415 0.637387 0.990415 0.664414 0.969649 0.774775 0.945687 0.939189 0.945687 1.000000 1.000000 1.000000
