3 0.008163 0.015884 0.002721 0.024549 0.002721 0.036823 0.004762 0.044043 0.010204 0.052708 0.012245 0.065704 0.010204 0.260650 0.012245 0.294585 0.015646 0.303971 0.021769 0.309747 0.040816 0.318412 0.079592 0.324188 0.123129 0.324910 0.172109 0.323466 0.186395 0.320578 0.200680 0.313357 0.204082 0.309747 0.206803 0.302527 0.210204 0.272924 0.210884 0.255596 0.208844 0.236823 0.208844 0.212274 0.210204 0.202166 0.211565 0.137906 0.209524 0.126354 0.209524 0.064260 0.210884 0.061372 0.210884 0.053430 0.217007 0.038989 0.217687 0.028159 0.214286 0.020217 0.208844 0.015162 0.189796 0.009386 0.162585 0.005054 0.137415 0.003610 0.076190 0.003610 0.052381 0.005054 0.025850 0.009386
3 0.261224 0.345848 0.259184 0.348736 0.258503 0.354513 0.262585 0.366065 0.263946 0.384116 0.264626 0.612996 0.268707 0.626715 0.272789 0.631769 0.280272 0.636823 0.294558 0.641877 0.324490 0.646931 0.359184 0.649819 0.386395 0.649819 0.428571 0.646209 0.455102 0.638989 0.466667 0.629603 0.470748 0.621661 0.474150 0.600722 0.473469 0.390614 0.476190 0.368231 0.479592 0.361733 0.479592 0.352347 0.473469 0.348736 0.411565 0.350181
3 0.517687 0.346570 0.516327 0.348736 0.516327 0.358123 0.520408 0.366065 0.521769 0.392058 0.521769 0.608664 0.525170 0.625993 0.529932 0.631769 0.544218 0.639711 0.582993 0.646931 0.618367 0.649819 0.678231 0.647653 0.704762 0.641877 0.716327 0.636101 0.727211 0.623827 0.730612 0.607220 0.730612 0.383394 0.732653 0.369675 0.736735 0.362455 0.736735 0.353069 0.734014 0.350181 0.729252 0.348736 0.646259 0.350181 0.597279 0.348014 0.583673 0.348736 0.579592 0.347292 0.567347 0.348014 0.544218 0.345848
3 0.517687 0.694585 0.516327 0.696751 0.516327 0.703249 0.520408 0.713357 0.521769 0.735740 0.521769 0.954513 0.523129 0.966787 0.526531 0.974729 0.537415 0.983394 0.568707 0.991336 0.615646 0.995668 0.651701 0.995668 0.680952 0.993502 0.704082 0.988448 0.717007 0.982671 0.724490 0.974729 0.728571 0.966065 0.730612 0.949458 0.730612 0.734296 0.731973 0.720578 0.737415 0.706137 0.736054 0.697473 0.732653 0.696029 0.566667 0.695307 0.521769 0.693141
3 0.775510 0.030325 0.774150 0.032491 0.774150 0.038989 0.778231 0.049097 0.779592 0.059206 0.780272 0.293863 0.782313 0.306859 0.785034 0.311191 0.796599 0.319856 0.819048 0.327076 0.882993 0.332852 0.904762 0.332852 0.940136 0.329964 0.959864 0.326354 0.976190 0.319134 0.984354 0.309747 0.989796 0.288809 0.989796 0.070036 0.991837 0.050542 0.995238 0.044043 0.994558 0.032491 0.989116 0.031047 0.824490 0.030325 0.800680 0.028159 0.780952 0.028159
3 0.775510 0.347292 0.774150 0.354513 0.778231 0.364621 0.779592 0.376895 0.780272 0.611552 0.782993 0.624549 0.790476 0.633213 0.802721 0.639711 0.836054 0.646209 0.876190 0.649819 0.902041 0.649819 0.944218 0.646209 0.959184 0.643321 0.975510 0.636101 0.982313 0.629603 0.985714 0.623827 0.989796 0.606498 0.989116 0.384116 0.990476 0.381949 0.991156 0.368231 0.995238 0.358845 0.995238 0.352347 0.987755 0.348736 0.927891 0.350181 0.919048 0.348736 0.834014 0.348014 0.830612 0.346570 0.818367 0.347292 0.814966 0.345848 0.780272 0.345126
3 0.006122 0.693141 0.004082 0.696751 0.004082 0.702527 0.008163 0.718412 0.009524 0.805776 0.008844 0.948736 0.010204 0.965343 0.014286 0.974729 0.020408 0.980505 0.028571 0.984838 0.056463 0.991336 0.098639 0.995668 0.137415 0.995668 0.178231 0.992058 0.187755 0.989892 0.205442 0.982671 0.210884 0.976895 0.216327 0.967509 0.219048 0.951625 0.219728 0.751625 0.218367 0.736462 0.220408 0.719134 0.225170 0.709025 0.224490 0.697473 0.219048 0.695307 0.097959 0.695307
3 0.259864 0.694585 0.258503 0.701805 0.262585 0.711191 0.263946 0.727076 0.264626 0.958123 0.265986 0.967509 0.269388 0.974729 0.279592 0.983394 0.299320 0.989170 0.321769 0.992780 0.359184 0.995668 0.393197 0.995668 0.427211 0.992780 0.442857 0.989892 0.459184 0.983394 0.467347 0.975451 0.471429 0.965343 0.473469 0.953069 0.474150 0.733574 0.476871 0.713357 0.480272 0.705415 0.478912 0.698195 0.472109 0.695307 0.348299 0.695307 0.265306 0.692419
3 0.260544 0.028881 0.258503 0.031047 0.258503 0.041155 0.261905 0.048375 0.263946 0.063538 0.264626 0.298195 0.265986 0.304693 0.270068 0.311913 0.280272 0.319856 0.302721 0.327076 0.359184 0.332852 0.388435 0.332852 0.428571 0.329964 0.444218 0.326354 0.459864 0.319134 0.468027 0.310469 0.470748 0.303971 0.474150 0.280866 0.473469 0.080144 0.475510 0.054874 0.480272 0.042599 0.479592 0.033213 0.475510 0.031047 0.465306 0.030325 0.404762 0.031047 0.302041 0.029603 0.285034 0.028159
3 0.517007 0.030325 0.515646 0.038267 0.517007 0.044765 0.520408 0.049819 0.521769 0.079422 0.521769 0.288809 0.523129 0.302527 0.526531 0.310469 0.537415 0.319856 0.560544 0.327076 0.614966 0.332852 0.676871 0.331408 0.706122 0.324910 0.717007 0.319134 0.725170 0.311191 0.730612 0.291697 0.730612 0.070036 0.731973 0.056318 0.737415 0.041877 0.736735 0.033213 0.729252 0.031047 0.576190 0.031047 0.534694 0.028159
3 0.006122 0.345848 0.004082 0.350903 0.004082 0.356679 0.008163 0.371119 0.008844 0.597112 0.009524 0.614440 0.012245 0.624549 0.015646 0.629603 0.025850 0.636823 0.040136 0.641877 0.074830 0.647653 0.108163 0.649819 0.147619 0.649097 0.174830 0.646209 0.194558 0.641155 0.210204 0.631769 0.217687 0.616606 0.219048 0.602166 0.219048 0.381227 0.221088 0.369675 0.225170 0.361733 0.225170 0.352347 0.218367 0.348014 0.130612 0.348736 0.068027 0.347292 0.065306 0.345848
3 0.775510 0.695307 0.774830 0.703971 0.778231 0.711191 0.779592 0.722022 0.780272 0.957401 0.781633 0.967509 0.785034 0.974729 0.795238 0.983394 0.812245 0.988448 0.836054 0.992780 0.882993 0.996390 0.917687 0.995668 0.944218 0.992780 0.959184 0.989892 0.976190 0.982671 0.983673 0.974729 0.987075 0.966065 0.989796 0.944404 0.989796 0.727798 0.992517 0.712635 0.995238 0.706859 0.994558 0.698195 0.987075 0.695307 0.841497 0.695307 0.784354 0.692419
