3 0.618750 0.695625 0.610625 0.692500 0.602500 0.691875 0.572500 0.685000 0.535000 0.682500 0.417500 0.686875 0.403125 0.688750 0.397500 0.693125 0.395625 0.696875 0.395625 0.703750 0.398125 0.710625 0.403125 0.716875 0.405000 0.726250 0.404375 0.928125 0.405000 0.936250 0.411250 0.943125 0.426875 0.950625 0.453750 0.960625 0.474375 0.963750 0.501250 0.963125 0.556875 0.956875 0.609375 0.953750 0.615625 0.950625 0.618125 0.945000 0.618750 0.928750 0.617500 0.821875 0.619375 0.740000 0.618125 0.735625 0.620000 0.720625 0.625000 0.708750 0.623750 0.701250
3 0.228750 0.063750 0.213125 0.060625 0.198125 0.060000 0.080000 0.065000 0.068125 0.066875 0.062500 0.071250 0.061250 0.075625 0.061875 0.085000 0.070000 0.096875 0.070000 0.306875 0.071250 0.315000 0.073125 0.318750 0.077500 0.322500 0.103125 0.333750 0.120000 0.339375 0.137500 0.342500 0.163125 0.341875 0.185000 0.338750 0.242500 0.333750 0.248750 0.330625 0.233750 0.317500 0.230625 0.306250 0.231250 0.100000 0.230000 0.093750 0.223750 0.081875 0.223750 0.072500 0.229375 0.065000
3 0.297500 0.355625 0.285625 0.353750 0.278750 0.355000 0.250000 0.354375 0.247500 0.355625 0.165000 0.358750 0.150000 0.360625 0.143125 0.366875 0.141875 0.373750 0.145625 0.383125 0.150625 0.390625 0.151875 0.403125 0.151250 0.598125 0.152500 0.608125 0.154375 0.611875 0.160625 0.616875 0.196875 0.631250 0.218750 0.635000 0.241875 0.634375 0.321875 0.626875 0.325625 0.624375 0.323750 0.620000 0.314375 0.610625 0.311875 0.588750 0.312500 0.396250 0.310625 0.386250 0.306250 0.379375 0.305000 0.374375 0.306250 0.360625
3 0.463750 0.356875 0.448750 0.353750 0.406875 0.355000 0.403750 0.356875 0.383750 0.356250 0.324375 0.360000 0.313750 0.361875 0.307500 0.368125 0.306875 0.375000 0.312500 0.386250 0.314375 0.401250 0.313125 0.453750 0.313750 0.601875 0.315625 0.609375 0.323125 0.617500 0.356875 0.630625 0.373750 0.634375 0.395625 0.634375 0.480000 0.627500 0.486250 0.624375 0.485000 0.619375 0.478750 0.613750 0.475625 0.606875 0.474375 0.572500 0.475000 0.402500 0.472500 0.387500 0.466875 0.374375 0.468750 0.360625
3 0.388125 0.063125 0.370625 0.060625 0.289375 0.063125 0.231250 0.067500 0.226250 0.071250 0.224375 0.075625 0.225625 0.084375 0.233125 0.095625 0.232500 0.305625 0.235000 0.316875 0.244375 0.324375 0.275000 0.336875 0.293750 0.341875 0.315000 0.341875 0.356875 0.336875 0.398125 0.333750 0.407500 0.330625 0.395000 0.315000 0.393125 0.303750 0.393125 0.105000 0.391875 0.092500 0.386250 0.080000 0.386875 0.072500 0.390625 0.066250 0.390625 0.064375
3 0.550000 0.063750 0.535625 0.061250 0.501250 0.061250 0.421875 0.064375 0.398750 0.067500 0.390625 0.071250 0.388125 0.080000 0.388750 0.085000 0.395625 0.095625 0.395625 0.308125 0.396875 0.314375 0.399375 0.319375 0.411875 0.326875 0.433125 0.335000 0.456875 0.341250 0.491250 0.340625 0.511250 0.337500 0.556875 0.333750 0.566875 0.330625 0.557500 0.315625 0.555625 0.307500 0.555625 0.113750 0.554375 0.095625 0.547500 0.081250 0.547500 0.074375 0.550625 0.065625
3 0.627500 0.358125 0.607500 0.354375 0.571250 0.355000 0.553125 0.357500 0.539375 0.356875 0.478750 0.360625 0.474375 0.362500 0.469375 0.368750 0.470000 0.378125 0.475000 0.385625 0.476875 0.393750 0.476875 0.601875 0.479375 0.610000 0.483750 0.615000 0.491250 0.620000 0.525000 0.631875 0.543750 0.634375 0.638125 0.626875 0.647500 0.623750 0.646250 0.619375 0.640000 0.613125 0.638125 0.609375 0.636250 0.599375 0.635625 0.431250 0.636875 0.402500 0.635625 0.390000 0.628750 0.375625 0.628125 0.370000 0.630000 0.361250
3 0.852500 0.367500 0.846875 0.365000 0.830000 0.361250 0.826875 0.361875 0.799375 0.356250 0.760625 0.353750 0.638750 0.360625 0.633125 0.363750 0.630625 0.373750 0.632500 0.380625 0.639375 0.392500 0.638750 0.594375 0.640000 0.608125 0.643750 0.613750 0.648750 0.617500 0.668750 0.626250 0.699375 0.634375 0.724375 0.634375 0.816250 0.625625 0.842500 0.625000 0.849375 0.621875 0.851875 0.616250 0.851875 0.408125 0.853125 0.394375 0.858125 0.383125 0.857500 0.374375
3 0.713750 0.063750 0.706250 0.061875 0.688750 0.060625 0.576875 0.065000 0.556250 0.068125 0.549375 0.075000 0.550625 0.084375 0.556250 0.094375 0.557500 0.107500 0.557500 0.310000 0.561875 0.319375 0.568125 0.323750 0.605625 0.338125 0.620000 0.340625 0.650000 0.340000 0.670000 0.337500 0.676875 0.338125 0.723750 0.333125 0.731875 0.330625 0.721250 0.319375 0.717500 0.310000 0.718125 0.106250 0.716875 0.095000 0.709375 0.081250 0.709375 0.074375 0.714375 0.065625
3 0.932500 0.073750 0.924375 0.070625 0.901250 0.066875 0.891875 0.063750 0.856250 0.060625 0.734375 0.065625 0.719375 0.068125 0.712500 0.072500 0.711250 0.078750 0.711875 0.083750 0.718750 0.094375 0.720000 0.106875 0.718750 0.303750 0.719375 0.311250 0.723750 0.319375 0.731875 0.325000 0.736250 0.325625 0.761875 0.336250 0.785000 0.341250 0.803750 0.341250 0.877500 0.333750 0.918125 0.331875 0.924375 0.330625 0.930625 0.326875 0.932500 0.320000 0.933125 0.102500 0.938125 0.089375 0.937500 0.079375
