2 0.197917 0.159259 0.191667 0.181481 0.189583 0.244444 0.200000 0.503704 0.204167 0.514815 0.250000 0.514815 0.245833 0.377778 0.247917 0.181481 0.252083 0.159259
2 0.810417 0.496296 0.804167 0.511111 0.808333 0.559259 0.812500 0.918519 0.875000 0.914815 0.881250 0.907407 0.883333 0.829630 0.881250 0.525926 0.870833 0.496296
2 0.797917 0.085185 0.797917 0.100000 0.806250 0.122222 0.810417 0.162963 0.808333 0.488889 0.875000 0.492593 0.875000 0.122222 0.862500 0.081481
2 0.052083 0.529630 0.043750 0.559259 0.043750 0.837037 0.056250 0.848148 0.095833 0.848148 0.100000 0.533333 0.093750 0.525926
2 0.106250 0.518519 0.100000 0.559259 0.100000 0.848148 0.110417 0.859259 0.135417 0.859259 0.139583 0.851852 0.137500 0.677778 0.143750 0.522222 0.139583 0.514815
2 0.150000 0.518519 0.143750 0.544444 0.139583 0.625926 0.139583 0.855556 0.143750 0.866667 0.193750 0.866667 0.195833 0.577778 0.200000 0.522222
2 0.208333 0.518519 0.200000 0.540741 0.195833 0.625926 0.197917 0.866667 0.202083 0.874074 0.241667 0.877778 0.245833 0.874074 0.247917 0.811111 0.245833 0.562963 0.252083 0.525926 0.239583 0.514815
2 0.260417 0.511111 0.247917 0.555556 0.247917 0.877778 0.258333 0.888889 0.300000 0.888889 0.300000 0.592593 0.306250 0.525926 0.297917 0.511111
2 0.310417 0.511111 0.302083 0.574074 0.306250 0.892593 0.325000 0.903704 0.362500 0.903704 0.368750 0.888889 0.368750 0.518519 0.358333 0.507407
2 0.375000 0.503704 0.377083 0.522222 0.366667 0.570370 0.368750 0.885185 0.375000 0.907407 0.402083 0.914815 0.425000 0.911111 0.429167 0.900000 0.427083 0.566667 0.431250 0.514815 0.425000 0.503704
2 0.435417 0.503704 0.437500 0.518519 0.429167 0.559259 0.429167 0.911111 0.443750 0.929630 0.489583 0.933333 0.497917 0.929630 0.493750 0.551852 0.497917 0.514815 0.491667 0.503704 0.479167 0.500000
2 0.591667 0.503704 0.591667 0.522222 0.583333 0.551852 0.587500 0.948148 0.602083 0.962963 0.645833 0.966667 0.672917 0.959259 0.683333 0.944444 0.681250 0.562963 0.666667 0.507407 0.631250 0.511111
2 0.037500 0.196296 0.031250 0.203704 0.027083 0.233333 0.039583 0.514815 0.043750 0.522222 0.093750 0.518519 0.089583 0.203704 0.083333 0.192593
2 0.139583 0.177778 0.102083 0.181481 0.095833 0.188889 0.091667 0.214815 0.095833 0.477778 0.102083 0.511111 0.139583 0.507407 0.141667 0.218519 0.145833 0.192593
2 0.156250 0.166667 0.147917 0.177778 0.143750 0.207407 0.141667 0.503704 0.147917 0.514815 0.197917 0.507407 0.189583 0.281481 0.191667 0.170370
2 0.272917 0.133333 0.258333 0.140741 0.250000 0.170370 0.250000 0.470370 0.256250 0.507407 0.297917 0.514815 0.302083 0.403704 0.297917 0.174074 0.302083 0.140741 0.300000 0.133333
2 0.304167 0.133333 0.297917 0.188889 0.302083 0.500000 0.306250 0.507407 0.364583 0.507407 0.364583 0.166667 0.368750 0.133333 0.339583 0.122222
2 0.381250 0.111111 0.375000 0.118519 0.366667 0.155556 0.368750 0.492593 0.375000 0.503704 0.425000 0.503704 0.427083 0.303704 0.422917 0.159259 0.429167 0.111111
2 0.475000 0.085185 0.458333 0.085185 0.435417 0.100000 0.429167 0.129630 0.427083 0.492593 0.433333 0.503704 0.485417 0.500000 0.491667 0.096296
2 0.510417 0.066667 0.500000 0.077778 0.491667 0.111111 0.487500 0.488889 0.493750 0.496296 0.570833 0.500000 0.577083 0.492593 0.581250 0.100000 0.577083 0.077778 0.570833 0.070370
2 0.664583 0.062963 0.639583 0.055556 0.593750 0.062963 0.583333 0.103704 0.579167 0.488889 0.591667 0.511111 0.668750 0.507407 0.679167 0.496296 0.679167 0.118519
2 0.702083 0.055556 0.689583 0.096296 0.687500 0.492593 0.691667 0.500000 0.800000 0.496296 0.806250 0.474074 0.804167 0.377778 0.808333 0.329630 0.804167 0.114815 0.795833 0.081481 0.775000 0.051852 0.718750 0.048148
2 0.697917 0.503704 0.685417 0.562963 0.685417 0.948148 0.695833 0.962963 0.716667 0.974074 0.804167 0.966667 0.810417 0.944444 0.806250 0.933333 0.804167 0.548148 0.787500 0.503704
