3 0.540230 0.064000 0.539080 0.080000 0.545977 0.089000 0.543678 0.099000 0.526437 0.119000 0.513793 0.141000 0.509195 0.157000 0.510345 0.196000 0.516092 0.223000 0.531034 0.270000 0.541379 0.291000 0.545977 0.296000 0.556322 0.300000 0.583908 0.303000 0.670115 0.304000 0.689655 0.303000 0.708046 0.299000 0.717241 0.290000 0.740230 0.233000 0.748276 0.198000 0.748276 0.154000 0.743678 0.138000 0.732184 0.118000 0.717241 0.102000 0.712644 0.100000 0.709195 0.092000 0.711494 0.084000 0.717241 0.079000 0.716092 0.064000 0.697701 0.057000 0.659770 0.055000 0.577011 0.056000 0.549425 0.060000
3 0.306897 0.058000 0.297701 0.067000 0.297701 0.077000 0.303448 0.083000 0.304598 0.092000 0.282759 0.119000 0.273563 0.135000 0.265517 0.159000 0.266667 0.203000 0.286207 0.267000 0.297701 0.292000 0.302299 0.296000 0.311494 0.299000 0.360920 0.302000 0.426437 0.302000 0.463218 0.298000 0.471264 0.290000 0.483908 0.265000 0.500000 0.216000 0.505747 0.181000 0.505747 0.156000 0.502299 0.144000 0.470115 0.095000 0.471264 0.087000 0.475862 0.081000 0.474713 0.064000 0.457471 0.057000 0.425287 0.055000 0.337931 0.055000
3 0.045977 0.055000 0.042529 0.060000 0.042529 0.072000 0.050575 0.083000 0.050575 0.088000 0.018391 0.123000 0.012644 0.135000 0.008046 0.156000 0.008046 0.186000 0.016092 0.226000 0.024138 0.249000 0.044828 0.289000 0.055172 0.296000 0.089655 0.299000 0.162069 0.299000 0.212644 0.294000 0.224138 0.283000 0.235632 0.255000 0.249425 0.205000 0.248276 0.198000 0.254023 0.170000 0.254023 0.146000 0.250575 0.133000 0.242529 0.117000 0.221839 0.093000 0.221839 0.086000 0.228736 0.075000 0.226437 0.061000 0.217241 0.055000 0.200000 0.052000 0.144828 0.049000 0.067816 0.050000
3 0.049425 0.685000 0.043678 0.689000 0.043678 0.703000 0.050575 0.715000 0.045977 0.726000 0.019540 0.752000 0.012644 0.767000 0.008046 0.786000 0.008046 0.816000 0.016092 0.858000 0.024138 0.881000 0.044828 0.920000 0.059770 0.928000 0.101149 0.931000 0.187356 0.929000 0.216092 0.923000 0.225287 0.913000 0.233333 0.894000 0.248276 0.836000 0.255172 0.796000 0.255172 0.780000 0.248276 0.757000 0.221839 0.725000 0.221839 0.716000 0.228736 0.705000 0.225287 0.691000 0.208046 0.685000 0.174713 0.682000 0.086207 0.681000
3 0.303448 0.689000 0.296552 0.697000 0.296552 0.709000 0.302299 0.724000 0.272414 0.766000 0.265517 0.784000 0.264368 0.797000 0.267816 0.842000 0.279310 0.872000 0.285057 0.896000 0.297701 0.924000 0.310345 0.931000 0.350575 0.934000 0.428736 0.934000 0.459770 0.931000 0.466667 0.928000 0.473563 0.919000 0.483908 0.896000 0.498851 0.851000 0.505747 0.815000 0.504598 0.779000 0.471264 0.725000 0.472414 0.717000 0.477011 0.710000 0.474713 0.693000 0.464368 0.688000 0.424138 0.684000 0.321839 0.685000
3 0.708046 0.690000 0.675862 0.686000 0.594253 0.686000 0.555172 0.689000 0.540230 0.696000 0.539080 0.710000 0.544828 0.719000 0.544828 0.727000 0.522989 0.752000 0.514943 0.767000 0.509195 0.789000 0.511494 0.800000 0.509195 0.817000 0.524138 0.881000 0.536782 0.915000 0.547126 0.929000 0.555172 0.932000 0.577011 0.934000 0.674713 0.935000 0.704598 0.932000 0.717241 0.922000 0.734483 0.881000 0.748276 0.834000 0.748276 0.784000 0.745977 0.772000 0.740230 0.760000 0.711494 0.727000 0.710345 0.721000 0.717241 0.710000 0.717241 0.698000
3 0.782759 0.694000 0.778161 0.697000 0.775862 0.703000 0.775862 0.710000 0.782759 0.722000 0.780460 0.732000 0.758621 0.753000 0.750575 0.769000 0.751724 0.843000 0.765517 0.889000 0.781609 0.920000 0.796552 0.929000 0.822989 0.932000 0.903448 0.933000 0.931034 0.932000 0.951724 0.928000 0.964368 0.914000 0.980460 0.877000 0.991954 0.836000 0.994253 0.814000 0.993103 0.786000 0.986207 0.764000 0.975862 0.746000 0.954023 0.725000 0.954023 0.716000 0.959770 0.708000 0.958621 0.693000 0.955172 0.689000 0.933333 0.685000 0.866667 0.685000 0.804598 0.689000
3 0.955172 0.381000 0.941379 0.377000 0.909195 0.376000 0.813793 0.379000 0.796552 0.381000 0.782759 0.385000 0.779310 0.389000 0.777011 0.398000 0.785057 0.413000 0.778161 0.426000 0.762069 0.442000 0.750575 0.465000 0.749425 0.490000 0.751724 0.528000 0.759770 0.562000 0.773563 0.595000 0.781609 0.609000 0.789655 0.616000 0.803448 0.620000 0.851724 0.623000 0.933333 0.622000 0.950575 0.618000 0.960920 0.609000 0.975862 0.577000 0.987356 0.542000 0.991954 0.521000 0.990805 0.471000 0.975862 0.439000 0.951724 0.415000 0.952874 0.404000 0.959770 0.396000 0.959770 0.391000 0.955172 0.387000
3 0.544828 0.384000 0.540230 0.388000 0.539080 0.398000 0.545977 0.408000 0.547126 0.416000 0.517241 0.455000 0.509195 0.483000 0.509195 0.505000 0.517241 0.548000 0.532184 0.594000 0.541379 0.613000 0.551724 0.621000 0.571264 0.624000 0.664368 0.625000 0.694253 0.624000 0.706897 0.621000 0.717241 0.611000 0.726437 0.591000 0.741379 0.550000 0.748276 0.522000 0.748276 0.481000 0.741379 0.454000 0.725287 0.432000 0.710345 0.418000 0.710345 0.408000 0.717241 0.399000 0.716092 0.389000 0.712644 0.385000 0.708046 0.385000 0.705747 0.381000 0.677011 0.377000 0.579310 0.378000 0.557471 0.380000
3 0.471264 0.383000 0.455172 0.378000 0.391954 0.375000 0.319540 0.377000 0.305747 0.380000 0.298851 0.385000 0.297701 0.399000 0.303448 0.413000 0.283908 0.438000 0.268966 0.466000 0.265517 0.483000 0.265517 0.515000 0.267816 0.530000 0.280460 0.565000 0.286207 0.589000 0.297701 0.614000 0.304598 0.620000 0.337931 0.624000 0.443678 0.624000 0.464368 0.620000 0.471264 0.614000 0.483908 0.585000 0.500000 0.537000 0.505747 0.504000 0.505747 0.474000 0.503448 0.465000 0.473563 0.424000 0.471264 0.417000 0.472414 0.406000 0.475862 0.400000 0.475862 0.389000
3 0.048276 0.376000 0.043678 0.382000 0.043678 0.394000 0.048276 0.402000 0.048276 0.411000 0.019540 0.442000 0.012644 0.457000 0.008046 0.477000 0.008046 0.508000 0.016092 0.548000 0.024138 0.571000 0.043678 0.609000 0.052874 0.617000 0.079310 0.621000 0.175862 0.621000 0.197701 0.619000 0.216092 0.614000 0.226437 0.601000 0.235632 0.577000 0.247126 0.525000 0.249425 0.523000 0.255172 0.477000 0.254023 0.465000 0.247126 0.445000 0.236782 0.430000 0.222989 0.416000 0.222989 0.405000 0.228736 0.396000 0.228736 0.389000 0.225287 0.383000 0.216092 0.377000 0.174713 0.372000 0.070115 0.372000
3 0.780460 0.064000 0.775862 0.072000 0.775862 0.077000 0.779310 0.085000 0.783908 0.088000 0.783908 0.095000 0.779310 0.103000 0.763218 0.119000 0.751724 0.138000 0.749425 0.166000 0.750575 0.199000 0.757471 0.234000 0.766667 0.260000 0.781609 0.288000 0.791954 0.296000 0.827586 0.300000 0.910345 0.301000 0.939080 0.299000 0.954023 0.295000 0.960920 0.288000 0.979310 0.248000 0.990805 0.209000 0.993103 0.186000 0.991954 0.154000 0.982759 0.127000 0.951724 0.092000 0.952874 0.084000 0.959770 0.076000 0.959770 0.063000 0.950575 0.057000 0.934483 0.055000 0.868966 0.055000 0.790805 0.060000 0.787356 0.063000
