4 0.348000 0.275510 0.342667 0.283673 0.341333 0.365306 0.334667 0.412245 0.336000 0.887755 0.341333 0.891837 0.480000 0.889796 0.484000 0.885714 0.486667 0.873469 0.486667 0.640816 0.484000 0.634694 0.488000 0.402041 0.485333 0.383673 0.484000 0.281633 0.470667 0.275510
4 0.514667 0.102041 0.513333 0.206122 0.509333 0.267347 0.512000 0.271429 0.649333 0.273469 0.650667 0.110204 0.646667 0.100000 0.570667 0.095918 0.517333 0.097959
4 0.368000 0.102041 0.364000 0.110204 0.361333 0.267347 0.364000 0.271429 0.481333 0.275510 0.485333 0.283673 0.489333 0.400000 0.494667 0.406122 0.498667 0.383673 0.500000 0.281633 0.504000 0.271429 0.505333 0.251020 0.504000 0.214286 0.500000 0.197959 0.501333 0.136735 0.498667 0.102041 0.494667 0.097959
4 0.508000 0.275510 0.504000 0.283673 0.497333 0.414286 0.498667 0.589796 0.496000 0.632653 0.498667 0.651020 0.498667 0.883673 0.502667 0.889796 0.605333 0.887755 0.640000 0.891837 0.648000 0.881633 0.650667 0.436735 0.648000 0.283673 0.638667 0.275510
4 0.800000 0.108163 0.788000 0.104082 0.669333 0.100000 0.665333 0.104082 0.653333 0.228571 0.653333 0.387755 0.658667 0.385714 0.662667 0.377551 0.674667 0.328571 0.676000 0.293878 0.681333 0.279592 0.702667 0.277551 0.770667 0.283673 0.794667 0.279592 0.804000 0.148980 0.802667 0.114286
4 0.685333 0.281633 0.680000 0.289796 0.678667 0.326531 0.670667 0.359184 0.653333 0.410204 0.654667 0.883673 0.658667 0.891837 0.798667 0.912245 0.812000 0.895918 0.837333 0.836735 0.834667 0.783673 0.837333 0.685714 0.837333 0.379592 0.821333 0.342857 0.818667 0.308163 0.813333 0.293878 0.800000 0.287755
4 0.821333 0.106122 0.816000 0.118367 0.816000 0.146939 0.812000 0.175510 0.797333 0.232653 0.796000 0.277551 0.800000 0.283673 0.812000 0.285714 0.817333 0.291837 0.824000 0.342857 0.838667 0.377551 0.837333 0.812245 0.842667 0.822449 0.924000 0.836735 0.933333 0.826531 0.952000 0.781633 0.954667 0.757143 0.954667 0.653061 0.970667 0.212245 0.961333 0.173469 0.961333 0.126531 0.958667 0.118367 0.944000 0.112245
4 0.213333 0.102041 0.209333 0.110204 0.208000 0.187755 0.216000 0.226531 0.218667 0.275510 0.312000 0.277551 0.317333 0.285714 0.321333 0.353061 0.330667 0.391837 0.334667 0.391837 0.338667 0.357143 0.340000 0.281633 0.345333 0.273469 0.358667 0.269388 0.360000 0.214286 0.352000 0.169388 0.349333 0.104082 0.344000 0.097959
4 0.178667 0.281633 0.172000 0.291837 0.172000 0.332653 0.154667 0.375510 0.154667 0.557143 0.157333 0.589796 0.153333 0.838776 0.177333 0.902041 0.186667 0.910204 0.326667 0.891837 0.329333 0.881633 0.330667 0.834694 0.329333 0.659184 0.332000 0.624490 0.329333 0.618367 0.332000 0.610204 0.333333 0.422449 0.332000 0.404082 0.317333 0.336735 0.316000 0.293878 0.310667 0.279592
4 0.189333 0.102041 0.060000 0.110204 0.053333 0.124490 0.053333 0.161224 0.040000 0.202041 0.049333 0.783673 0.056000 0.804082 0.077333 0.830612 0.132000 0.826531 0.145333 0.822449 0.150667 0.814286 0.150667 0.763265 0.153333 0.744898 0.153333 0.379592 0.168000 0.334694 0.170667 0.287755 0.178667 0.279592 0.209333 0.277551 0.214667 0.273469 0.213333 0.220408 0.197333 0.146939 0.196000 0.112245
