5 0.726000 0.266667 0.720000 0.286667 0.718000 0.323333 0.700000 0.346667 0.684000 0.850000 0.694000 0.863333 0.710000 0.870000 0.746000 0.870000 0.754000 0.850000 0.774000 0.350000 0.758000 0.326667 0.756000 0.273333 0.752000 0.266667
5 0.912000 0.516667 0.904000 0.523333 0.898000 0.573333 0.890000 0.593333 0.878000 0.856667 0.878000 0.913333 0.896000 0.923333 0.914000 0.920000 0.918000 0.886667 0.928000 0.596667 0.920000 0.573333 0.918000 0.530000
5 0.096000 0.223333 0.092000 0.290000 0.082000 0.306667 0.088000 0.890000 0.100000 0.906667 0.128000 0.906667 0.146000 0.900000 0.154000 0.883333 0.150000 0.323333 0.138000 0.293333 0.136000 0.230000 0.130000 0.223333
5 0.184000 0.060000 0.178000 0.066667 0.178000 0.120000 0.152000 0.150000 0.166000 0.800000 0.170000 0.843333 0.218000 0.850000 0.242000 0.843333 0.252000 0.826667 0.242000 0.160000 0.216000 0.123333 0.214000 0.070000
5 0.280000 0.243333 0.276000 0.256667 0.276000 0.293333 0.260000 0.320000 0.264000 0.896667 0.270000 0.903333 0.298000 0.906667 0.320000 0.900000 0.330000 0.886667 0.328000 0.323333 0.312000 0.296667 0.310000 0.250000 0.304000 0.243333
5 0.358000 0.036667 0.348000 0.046667 0.346000 0.113333 0.338000 0.126667 0.336000 0.203333 0.338000 0.840000 0.354000 0.853333 0.398000 0.853333 0.408000 0.846667 0.414000 0.826667 0.414000 0.130000 0.406000 0.116667 0.404000 0.050000 0.386000 0.036667
5 0.430000 0.396667 0.426000 0.403333 0.422000 0.456667 0.418000 0.873333 0.422000 0.900000 0.446000 0.903333 0.460000 0.893333 0.464000 0.460000 0.460000 0.453333 0.458000 0.403333 0.454000 0.396667
5 0.492000 0.123333 0.478000 0.133333 0.478000 0.183333 0.466000 0.213333 0.470000 0.840000 0.482000 0.853333 0.514000 0.853333 0.524000 0.846667 0.526000 0.816667 0.524000 0.520000 0.528000 0.230000 0.526000 0.210000 0.514000 0.183333 0.512000 0.130000
5 0.574000 0.406667 0.546000 0.410000 0.538000 0.510000 0.532000 0.903333 0.550000 0.916667 0.570000 0.913333 0.576000 0.903333 0.580000 0.463333
5 0.622000 0.183333 0.580000 0.186667 0.576000 0.230000 0.572000 0.403333 0.578000 0.420000 0.582000 0.470000 0.578000 0.853333 0.590000 0.860000 0.614000 0.856667 0.620000 0.846667 0.636000 0.230000 0.634000 0.190000
5 0.656000 0.453333 0.650000 0.470000 0.644000 0.520000 0.636000 0.906667 0.648000 0.920000 0.666000 0.920000 0.672000 0.913333 0.682000 0.526667 0.676000 0.456667
5 0.874000 0.203333 0.844000 0.210000 0.840000 0.266667 0.828000 0.286667 0.812000 0.863333 0.816000 0.873333 0.836000 0.883333 0.866000 0.883333 0.874000 0.866667 0.892000 0.350000 0.892000 0.283333 0.882000 0.273333 0.880000 0.206667
5 0.802000 0.510000 0.792000 0.513333 0.784000 0.570000 0.774000 0.603333 0.766000 0.836667 0.766000 0.916667 0.774000 0.923333 0.798000 0.923333 0.804000 0.900000 0.812000 0.586667
