2 0.021220 0.050000 0.007958 0.089286 0.002653 0.171429 0.002653 0.271429 0.013263 0.435714 0.023873 0.446429 0.164456 0.439286 0.172414 0.428571 0.169761 0.110714 0.161804 0.075000 0.145889 0.057143 0.114058 0.046429 0.045093 0.042857
2 0.159151 0.446429 0.037135 0.450000 0.015915 0.503571 0.021220 0.814286 0.042440 0.842857 0.068966 0.853571 0.124668 0.850000 0.156499 0.835714 0.177719 0.810714 0.177719 0.492857
2 0.198939 0.453571 0.177719 0.514286 0.183024 0.814286 0.190981 0.835714 0.212202 0.853571 0.257294 0.867857 0.283820 0.864286 0.318302 0.846429 0.344828 0.810714 0.344828 0.507143 0.323607 0.450000
2 0.201592 0.042857 0.188329 0.057143 0.188329 0.075000 0.172414 0.114286 0.177719 0.428571 0.188329 0.446429 0.310345 0.446429 0.336870 0.439286 0.344828 0.421429 0.342175 0.128571 0.328912 0.067857 0.320955 0.053571 0.286472 0.039286 0.241379 0.035714
2 0.381963 0.042857 0.366048 0.057143 0.347480 0.121429 0.350133 0.432143 0.366048 0.446429 0.490716 0.446429 0.514589 0.439286 0.519894 0.407143 0.517241 0.107143 0.503979 0.078571 0.503979 0.060714 0.498674 0.050000 0.469496 0.035714 0.405836 0.035714
2 0.381963 0.446429 0.368700 0.457143 0.368700 0.471429 0.350133 0.514286 0.350133 0.817857 0.363395 0.842857 0.400531 0.867857 0.466844 0.867857 0.501326 0.842857 0.514589 0.821429 0.517241 0.514286 0.498674 0.450000
2 0.541114 0.453571 0.525199 0.521429 0.522546 0.814286 0.530504 0.835714 0.570292 0.867857 0.647215 0.871429 0.679045 0.850000 0.692308 0.832143 0.697613 0.521429 0.673740 0.450000
2 0.724138 0.450000 0.702918 0.507143 0.700265 0.825000 0.710875 0.842857 0.748011 0.871429 0.803714 0.882143 0.851459 0.871429 0.875332 0.846429 0.883289 0.517857 0.867374 0.478571 0.864721 0.453571
2 0.562334 0.039286 0.546419 0.053571 0.527851 0.114286 0.527851 0.435714 0.543767 0.453571 0.557029 0.446429 0.684350 0.446429 0.697613 0.435714 0.702918 0.367857 0.702918 0.100000 0.689655 0.071429 0.687003 0.046429 0.673740 0.032143 0.602122 0.028571
2 0.867374 0.025000 0.790451 0.025000 0.745358 0.039286 0.724138 0.057143 0.708223 0.114286 0.702918 0.432143 0.721485 0.450000 0.870027 0.450000 0.883289 0.439286 0.888594 0.392857 0.893899 0.096429 0.877984 0.035714
2 0.899204 0.446429 0.883289 0.489286 0.880637 0.835714 0.912467 0.867857 0.960212 0.885714 1.000000 0.889286 1.000000 0.450000
2 1.000000 0.021429 0.936340 0.032143 0.909814 0.046429 0.896552 0.064286 0.891247 0.250000 0.893899 0.439286 1.000000 0.446429
