1 0.907422 0.345833 0.900000 0.347396 0.898047 0.349479 0.896094 0.357292 0.896094 0.384896 0.893359 0.395833 0.892969 0.403646 0.891406 0.407292 0.889062 0.443229 0.886719 0.450521 0.875391 0.464583 0.872266 0.472396 0.869141 0.487500 0.865625 0.616146 0.866016 0.630729 0.864453 0.649479 0.864062 0.677083 0.863281 0.683333 0.862891 0.753646 0.864453 0.760938 0.868359 0.766146 0.880078 0.774479 0.891797 0.779167 0.905078 0.782292 0.918359 0.783854 0.935937 0.782292 0.943750 0.778125 0.947656 0.771354 0.948828 0.763542 0.949609 0.708333 0.952344 0.655208 0.953516 0.594271 0.954297 0.591667 0.955078 0.563542 0.955859 0.560937 0.957812 0.486458 0.953516 0.471354 0.944922 0.459896 0.941016 0.453125 0.939844 0.448958 0.936719 0.409896 0.936719 0.349479 0.935156 0.346875
1 0.817969 0.367708 0.812500 0.369271 0.808203 0.376563 0.807422 0.412500 0.804297 0.438542 0.801953 0.473438 0.798828 0.496875 0.794141 0.511979 0.786719 0.525000 0.782031 0.540625 0.781641 0.560417 0.782422 0.565104 0.781641 0.571875 0.782031 0.583333 0.780859 0.621354 0.781250 0.680208 0.780078 0.735938 0.782813 0.746875 0.787109 0.752604 0.795312 0.758333 0.814453 0.765104 0.823828 0.766667 0.837109 0.766667 0.843359 0.765625 0.853516 0.760938 0.857422 0.754687 0.858984 0.748958 0.858594 0.695833 0.861719 0.598437 0.861328 0.567708 0.861719 0.565104 0.864062 0.560937 0.863672 0.543229 0.858594 0.525000 0.850781 0.510938 0.848437 0.499479 0.844141 0.418229 0.844922 0.377083 0.843750 0.374479 0.837891 0.370312 0.833594 0.369271 0.833203 0.370833 0.833984 0.371875 0.830859 0.372917 0.829297 0.369271 0.826953 0.367708
1 0.732812 0.369271 0.727734 0.371354 0.724219 0.376563 0.725391 0.382812 0.724609 0.396354 0.725781 0.400000 0.725000 0.403646 0.725391 0.408333 0.719531 0.454688 0.716797 0.500521 0.714844 0.508854 0.705078 0.530208 0.702344 0.540625 0.701562 0.553125 0.701172 0.621354 0.701562 0.690104 0.700000 0.718750 0.701953 0.735938 0.704297 0.742188 0.709375 0.747917 0.716406 0.752604 0.728906 0.757292 0.739844 0.759375 0.755859 0.759375 0.764062 0.757292 0.771875 0.752604 0.773828 0.748437 0.775391 0.739583 0.774609 0.731250 0.775781 0.722396 0.775391 0.715625 0.776172 0.713021 0.778906 0.628646 0.779687 0.550000 0.776953 0.533854 0.768750 0.512500 0.765234 0.495833 0.764453 0.465625 0.757812 0.401562 0.758984 0.396354 0.758203 0.382812 0.759766 0.378646 0.759766 0.375521 0.755859 0.370312
1 0.654687 0.366146 0.650000 0.368229 0.647266 0.373437 0.647266 0.394271 0.648047 0.401562 0.646875 0.412500 0.644922 0.420833 0.644141 0.431771 0.642188 0.438021 0.641016 0.446875 0.638672 0.501563 0.628125 0.525000 0.626172 0.537500 0.626563 0.639583 0.625781 0.716667 0.628906 0.729167 0.635547 0.736979 0.654687 0.744792 0.677344 0.745313 0.685156 0.743750 0.692578 0.740104 0.694922 0.736979 0.696875 0.722396 0.696484 0.704167 0.697266 0.702083 0.697656 0.657292 0.696875 0.651563 0.697656 0.641667 0.697266 0.615104 0.698047 0.610938 0.698047 0.583854 0.699219 0.570833 0.698828 0.554167 0.700000 0.546875 0.700000 0.534375 0.697266 0.525000 0.688672 0.506771 0.686719 0.497396 0.685937 0.470833 0.684375 0.460417 0.682813 0.426042 0.679688 0.401562 0.680859 0.391146 0.680859 0.372917 0.678125 0.368229 0.669531 0.366146
1 0.585938 0.359896 0.579297 0.360417 0.575781 0.364583 0.575781 0.369792 0.576953 0.372917 0.575781 0.383854 0.576172 0.405208 0.574609 0.418229 0.574609 0.428646 0.571484 0.440104 0.570312 0.450521 0.569922 0.480729 0.566797 0.492188 0.562500 0.500521 0.558594 0.513021 0.555859 0.517188 0.555078 0.522917 0.556250 0.642188 0.555469 0.665625 0.555859 0.717708 0.558594 0.726042 0.564844 0.732292 0.579688 0.736458 0.592578 0.736979 0.607812 0.734375 0.614844 0.731771 0.619531 0.726042 0.621094 0.719271 0.622656 0.706250 0.621484 0.697396 0.623047 0.691146 0.622656 0.650521 0.623437 0.646354 0.623828 0.615104 0.623047 0.589583 0.624609 0.529687 0.622266 0.517188 0.617578 0.505729 0.612500 0.497396 0.610156 0.488542 0.608203 0.454688 0.607031 0.405729 0.605859 0.400521 0.607422 0.383854 0.607031 0.364583 0.603906 0.360938
1 0.529297 0.351042 0.506250 0.351562 0.502344 0.352604 0.500781 0.356250 0.501563 0.379167 0.499609 0.413021 0.497656 0.427083 0.496875 0.442188 0.496875 0.500521 0.494922 0.510938 0.485938 0.532813 0.483984 0.541146 0.482422 0.555208 0.482422 0.625000 0.483203 0.630208 0.483984 0.719792 0.484766 0.729167 0.486719 0.733854 0.494922 0.740104 0.502734 0.743229 0.512500 0.744792 0.530078 0.743750 0.537109 0.741667 0.545312 0.736979 0.550781 0.729688 0.553125 0.716667 0.551953 0.691146 0.552734 0.686458 0.553125 0.581771 0.551172 0.544792 0.548828 0.533333 0.540625 0.511458 0.538672 0.502604 0.537891 0.436979 0.535156 0.418750 0.533984 0.397917 0.532031 0.384375 0.532031 0.366667 0.532813 0.360938 0.531641 0.354167
1 0.438281 0.408854 0.428125 0.411458 0.425391 0.416146 0.425000 0.419792 0.426172 0.422917 0.425391 0.451042 0.424219 0.454167 0.421484 0.482812 0.418750 0.495833 0.419531 0.502083 0.417969 0.509375 0.414453 0.517708 0.409766 0.540104 0.407813 0.557292 0.407813 0.571875 0.410938 0.612500 0.410547 0.635938 0.412109 0.646354 0.410938 0.657292 0.411719 0.661979 0.411328 0.673438 0.412109 0.676562 0.412109 0.702604 0.412891 0.706771 0.411328 0.719792 0.412109 0.731771 0.414844 0.740625 0.419141 0.745313 0.428516 0.749479 0.444141 0.751563 0.459766 0.748958 0.467578 0.745833 0.475781 0.740104 0.478906 0.732812 0.480859 0.719271 0.480078 0.700000 0.481250 0.690104 0.480469 0.666667 0.480859 0.634375 0.479687 0.621875 0.480078 0.574479 0.479297 0.556771 0.475781 0.529167 0.474219 0.521875 0.469531 0.508854 0.458203 0.447396 0.457813 0.438542 0.458984 0.435937 0.458594 0.426042 0.457813 0.423958 0.458594 0.420833 0.458203 0.416667 0.455469 0.411458 0.451172 0.409375
1 0.371875 0.433333 0.352734 0.433854 0.346484 0.435937 0.344531 0.438542 0.344141 0.444271 0.344922 0.451562 0.346094 0.454688 0.346094 0.464062 0.340625 0.524479 0.340234 0.543229 0.337500 0.553125 0.331250 0.565104 0.328906 0.572396 0.330078 0.579167 0.334766 0.590625 0.336719 0.607292 0.337109 0.633333 0.339453 0.664583 0.339062 0.692187 0.340234 0.708854 0.339453 0.722917 0.340625 0.735938 0.339844 0.748958 0.339062 0.750521 0.339453 0.759375 0.341797 0.764583 0.360547 0.768229 0.378125 0.767188 0.396484 0.760417 0.401172 0.756771 0.405078 0.751563 0.406641 0.747917 0.408984 0.736458 0.408594 0.720833 0.409375 0.711979 0.408594 0.706771 0.408203 0.640625 0.406641 0.579688 0.405078 0.570312 0.401953 0.563542 0.394922 0.554167 0.391016 0.544271 0.388672 0.520833 0.384375 0.499479 0.382031 0.477604 0.378125 0.455208 0.379297 0.440104 0.376953 0.436458
1 0.294922 0.439583 0.273828 0.441146 0.267969 0.442708 0.267188 0.444271 0.266406 0.449479 0.266797 0.472917 0.264453 0.506771 0.262109 0.517708 0.262500 0.525521 0.260156 0.542708 0.260156 0.556771 0.257812 0.568229 0.248047 0.588021 0.246094 0.594271 0.246484 0.600000 0.250391 0.610417 0.251953 0.624479 0.253906 0.631250 0.253516 0.635417 0.256250 0.659896 0.258203 0.718750 0.258203 0.742188 0.257422 0.751042 0.257422 0.764583 0.258203 0.766667 0.257422 0.782292 0.258203 0.793229 0.259375 0.797396 0.262891 0.801042 0.275000 0.804167 0.290234 0.804167 0.301563 0.802604 0.311328 0.799479 0.319531 0.794792 0.329688 0.786458 0.334766 0.778125 0.336719 0.768750 0.337891 0.723958 0.337109 0.721875 0.337500 0.706771 0.335938 0.681771 0.335938 0.641667 0.335156 0.636458 0.334766 0.608854 0.333594 0.597917 0.331641 0.589063 0.327734 0.579688 0.321094 0.570312 0.316016 0.560937 0.314844 0.556771 0.314453 0.544271 0.313281 0.540625 0.312500 0.517708 0.307031 0.493750 0.307031 0.489583 0.303906 0.471354 0.303906 0.447396 0.302344 0.443229
1 0.206250 0.444792 0.178125 0.445312 0.173047 0.446875 0.170703 0.451042 0.169922 0.456771 0.171484 0.462500 0.171875 0.487500 0.168359 0.515625 0.167969 0.525000 0.165625 0.534896 0.164453 0.559375 0.164844 0.566667 0.163281 0.584375 0.160156 0.594792 0.155859 0.602604 0.153125 0.609896 0.152344 0.615104 0.153516 0.664583 0.154688 0.673438 0.154297 0.691146 0.157031 0.725000 0.157031 0.742708 0.158984 0.757812 0.159375 0.784896 0.161719 0.803125 0.160938 0.816667 0.162500 0.836979 0.164062 0.842708 0.166797 0.845313 0.184375 0.850521 0.198437 0.850000 0.217969 0.845833 0.232813 0.838542 0.240625 0.832812 0.249219 0.822917 0.251953 0.817708 0.254688 0.806250 0.254297 0.778646 0.253125 0.771354 0.253906 0.760417 0.252734 0.737500 0.253125 0.715625 0.251953 0.699479 0.252344 0.677604 0.250781 0.667708 0.251563 0.639062 0.249609 0.618750 0.245312 0.603125 0.241406 0.595313 0.237500 0.591146 0.233984 0.584896 0.230469 0.573438 0.230078 0.563021 0.226562 0.540625 0.226172 0.533333 0.222266 0.521875 0.221875 0.517188 0.220312 0.513021 0.219531 0.502083 0.217578 0.496875 0.214453 0.479167 0.214844 0.468229 0.214062 0.460417 0.215234 0.456250 0.215234 0.452083 0.212500 0.446875
2 0.124219 0.532813 0.116016 0.531771 0.079687 0.532813 0.056641 0.536979 0.039062 0.542188 0.033594 0.545312 0.031641 0.548438 0.032031 0.557292 0.030859 0.564063 0.025000 0.578646 0.023047 0.587500 0.022656 0.597917 0.023828 0.603646 0.025000 0.640625 0.027344 0.660937 0.030078 0.714063 0.031641 0.724479 0.032422 0.746875 0.039062 0.821354 0.042188 0.872917 0.044531 0.881250 0.048828 0.889062 0.063672 0.897396 0.076563 0.898958 0.093359 0.897917 0.111328 0.893750 0.123047 0.889062 0.139453 0.877604 0.145703 0.871875 0.154688 0.860938 0.158203 0.848437 0.158594 0.839063 0.157422 0.823958 0.155859 0.739583 0.154297 0.729167 0.152344 0.689583 0.150781 0.679688 0.150781 0.651042 0.147656 0.579167 0.146094 0.571875 0.142578 0.562500 0.134375 0.545312 0.133984 0.540104 0.132812 0.536979 0.131250 0.535417
