3 0.522371 0.011111 0.517897 0.017778 0.514541 0.033333 0.514541 0.084444 0.520134 0.113333 0.521253 0.203333 0.523490 0.215556 0.531320 0.232222 0.544743 0.241111 0.581655 0.247778 0.675615 0.246667 0.711409 0.238889 0.717002 0.233333 0.724832 0.216667 0.729306 0.187778 0.729306 0.121111 0.734899 0.066667 0.733781 0.031111 0.728188 0.012222 0.721477 0.010000 0.572707 0.008889
3 0.265101 0.011111 0.258389 0.032222 0.258389 0.082222 0.263982 0.111111 0.265101 0.200000 0.268456 0.217778 0.277405 0.233333 0.285235 0.238889 0.299776 0.242222 0.360179 0.246667 0.419463 0.245556 0.444072 0.241111 0.457494 0.234444 0.469799 0.210000 0.472036 0.116667 0.478747 0.076667 0.477629 0.031111 0.472036 0.013333 0.468680 0.010000 0.279642 0.008889
3 0.017897 0.010000 0.013423 0.015556 0.008949 0.031111 0.008949 0.084444 0.015660 0.114444 0.016779 0.206667 0.026846 0.231111 0.032438 0.236667 0.043624 0.241111 0.074944 0.245556 0.105145 0.246667 0.165548 0.245556 0.194631 0.241111 0.208054 0.234444 0.219239 0.215556 0.222595 0.186667 0.223714 0.113333 0.229306 0.068889 0.228188 0.031111 0.223714 0.013333 0.218121 0.010000 0.205817 0.008889
3 0.347875 0.754444 0.342282 0.751111 0.252796 0.753333 0.248322 0.751111 0.230425 0.753333 0.149888 0.752222 0.142058 0.754444 0.135347 0.777778 0.135347 0.821111 0.140940 0.860000 0.140940 0.937778 0.146532 0.963333 0.156600 0.977778 0.164430 0.982222 0.182327 0.985556 0.250559 0.987778 0.252796 0.985556 0.287472 0.986667 0.322148 0.983333 0.337808 0.973333 0.345638 0.960000 0.348993 0.944444 0.351230 0.845556 0.355705 0.818889 0.355705 0.782222 0.351230 0.758889
3 0.784116 0.501111 0.777405 0.525556 0.777405 0.572222 0.781879 0.591111 0.782998 0.686667 0.788591 0.708889 0.794183 0.718889 0.802013 0.726667 0.816555 0.731111 0.865772 0.735556 0.936242 0.734444 0.957494 0.732222 0.976510 0.725556 0.983221 0.716667 0.991051 0.696667 0.993289 0.593333 0.997763 0.568889 0.996644 0.517778 0.992170 0.502222 0.984340 0.498889 0.789709 0.498889
3 0.848993 0.751111 0.809843 0.750000 0.776286 0.753333 0.766219 0.751111 0.646532 0.751111 0.644295 0.753333 0.638702 0.772222 0.637584 0.796667 0.643177 0.861111 0.643177 0.930000 0.648770 0.961111 0.658837 0.974444 0.675615 0.981111 0.703579 0.984444 0.780761 0.985556 0.823266 0.981111 0.834452 0.976667 0.843400 0.967778 0.851230 0.944444 0.852349 0.852222 0.857942 0.824444 0.857942 0.773333
3 0.719239 0.501111 0.689038 0.498889 0.591723 0.502222 0.572707 0.500000 0.517897 0.500000 0.513423 0.502222 0.507830 0.523333 0.507830 0.576667 0.512304 0.600000 0.513423 0.633333 0.512304 0.678889 0.516779 0.705556 0.529083 0.725556 0.544743 0.731111 0.567114 0.734444 0.649888 0.735556 0.692394 0.730000 0.703579 0.725556 0.711409 0.717778 0.717002 0.706667 0.720358 0.687778 0.721477 0.611111 0.727069 0.573333 0.727069 0.526667
3 0.395973 0.753333 0.391499 0.758889 0.388143 0.776667 0.388143 0.827778 0.392617 0.857778 0.392617 0.924444 0.394855 0.947778 0.398210 0.961111 0.406040 0.974444 0.419463 0.983333 0.487696 0.990000 0.544743 0.987778 0.577181 0.983333 0.586130 0.978889 0.597315 0.962222 0.601790 0.951111 0.602908 0.853333 0.608501 0.826667 0.608501 0.777778 0.602908 0.756667 0.593960 0.752222
3 0.474273 0.501111 0.439597 0.498889 0.407159 0.500000 0.402685 0.502222 0.389262 0.500000 0.271812 0.500000 0.268456 0.502222 0.262864 0.521111 0.261745 0.550000 0.262864 0.575556 0.267338 0.591111 0.268456 0.686667 0.270694 0.702222 0.278523 0.717778 0.286353 0.726667 0.309843 0.733333 0.375839 0.735556 0.437360 0.732222 0.455257 0.727778 0.467562 0.716667 0.475391 0.694444 0.476510 0.600000 0.482103 0.571111 0.482103 0.527778
3 0.016779 0.500000 0.008949 0.521111 0.008949 0.573333 0.014541 0.593333 0.016779 0.695556 0.021253 0.711111 0.026846 0.720000 0.033557 0.726667 0.041387 0.730000 0.089485 0.735556 0.165548 0.734444 0.204698 0.726667 0.218121 0.710000 0.222595 0.691111 0.223714 0.612222 0.230425 0.565556 0.229306 0.523333 0.222595 0.501111 0.202461 0.498889 0.154362 0.501111 0.135347 0.498889 0.091723 0.501111 0.058166 0.498889
3 0.646532 0.257778 0.639821 0.282222 0.639821 0.330000 0.644295 0.346667 0.645414 0.444444 0.649888 0.464444 0.656600 0.476667 0.663311 0.483333 0.678971 0.487778 0.692394 0.487778 0.706935 0.491111 0.780761 0.492222 0.821029 0.486667 0.834452 0.482222 0.842282 0.475556 0.851230 0.452222 0.853468 0.350000 0.857942 0.334444 0.859060 0.318889 0.857942 0.278889 0.852349 0.258889 0.828859 0.255556 0.782998 0.255556 0.771812 0.257778 0.656600 0.255556
3 0.598434 0.258889 0.592841 0.255556 0.581655 0.254444 0.538031 0.256667 0.395973 0.255556 0.390380 0.258889 0.384787 0.281111 0.384787 0.327778 0.389262 0.351111 0.390380 0.433333 0.395973 0.465556 0.407159 0.482222 0.418345 0.486667 0.457494 0.492222 0.540268 0.491111 0.574944 0.485556 0.587248 0.476667 0.592841 0.467778 0.597315 0.453333 0.599553 0.361111 0.605145 0.327778 0.604027 0.278889
3 0.143177 0.256667 0.139821 0.261111 0.135347 0.278889 0.135347 0.332222 0.140940 0.364444 0.142058 0.452222 0.152125 0.475556 0.162192 0.484444 0.181208 0.488889 0.193512 0.488889 0.205817 0.492222 0.232662 0.491111 0.237136 0.493333 0.272931 0.490000 0.296421 0.491111 0.316555 0.487778 0.334452 0.480000 0.346756 0.458889 0.350112 0.436667 0.350112 0.361111 0.355705 0.324444 0.355705 0.282222 0.350112 0.258889 0.342282 0.254444 0.152125 0.254444
3 0.775168 0.008889 0.771812 0.013333 0.767338 0.031111 0.766219 0.073333 0.771812 0.110000 0.774049 0.200000 0.778523 0.220000 0.785235 0.232222 0.802013 0.240000 0.836689 0.245556 0.918345 0.245556 0.953020 0.241111 0.965324 0.235556 0.977629 0.216667 0.980984 0.201111 0.982103 0.111111 0.987696 0.081111 0.987696 0.033333 0.983221 0.013333 0.978747 0.008889 0.951902 0.007778
