4 0.250909 0.132626 0.245455 0.137931 0.241818 0.172414 0.234545 0.424403 0.269091 0.424403 0.276364 0.435013 0.285455 0.533156 0.283636 0.591512 0.289091 0.602122 0.310909 0.602122 0.323636 0.594164 0.329091 0.564987 0.329091 0.472149 0.343636 0.228117 0.341818 0.140584 0.325455 0.135279
4 0.267273 0.427056 0.181818 0.435013 0.167273 0.445623 0.160000 0.493369 0.161818 0.665782 0.165455 0.734748 0.172727 0.766578 0.280000 0.745358 0.281818 0.522546 0.274545 0.440318
4 0.198182 0.143236 0.105455 0.156499 0.100000 0.204244 0.100000 0.257294 0.107273 0.323607 0.107273 0.604775 0.110909 0.628647 0.143636 0.625995 0.158182 0.618037 0.158182 0.488064 0.165455 0.445623 0.170909 0.437666 0.205455 0.429708 0.210909 0.421751 0.210909 0.233422 0.203636 0.183024 0.203636 0.153846
4 0.341818 0.602122 0.336364 0.607427 0.336364 0.875332 0.341818 0.880637 0.432727 0.877984 0.436364 0.870027 0.436364 0.700265 0.432727 0.689655 0.429091 0.610080 0.423636 0.602122
4 0.367273 0.437666 0.360000 0.450928 0.354545 0.596817 0.423636 0.599469 0.429091 0.604775 0.436364 0.726790 0.440000 0.732095 0.449091 0.450928 0.436364 0.440318
4 0.358182 0.132626 0.352727 0.140584 0.356364 0.442971 0.372727 0.435013 0.434545 0.437666 0.450909 0.450928 0.447273 0.596817 0.454545 0.599469 0.458182 0.594164 0.460000 0.519894 0.456364 0.461538 0.458182 0.259947 0.452727 0.132626 0.449091 0.127321
4 0.569091 0.122016 0.527273 0.129973 0.478182 0.127321 0.472727 0.135279 0.470909 0.246684 0.476364 0.596817 0.483636 0.607427 0.523636 0.604775 0.529091 0.559682 0.534545 0.421751 0.543636 0.411141 0.578182 0.408488 0.578182 0.228117 0.574545 0.132626
4 0.623636 0.541114 0.547273 0.543767 0.532727 0.551724 0.529091 0.599469 0.532727 0.665782 0.534545 0.870027 0.541818 0.885942 0.632727 0.885942 0.638182 0.877984 0.638182 0.676393 0.629091 0.549072
4 0.540000 0.413793 0.534545 0.435013 0.530909 0.543767 0.621818 0.535809 0.630909 0.546419 0.632727 0.607427 0.640000 0.641910 0.641818 0.753316 0.647273 0.753316 0.650909 0.726790 0.650909 0.567639 0.647273 0.437666 0.643636 0.421751 0.618182 0.413793
4 0.620000 0.122016 0.614545 0.132626 0.603636 0.405836 0.607273 0.411141 0.640000 0.413793 0.647273 0.424403 0.656364 0.618037 0.700000 0.620690 0.703636 0.615385 0.721818 0.135279 0.712727 0.124668
4 0.747273 0.437666 0.741818 0.442971 0.736364 0.511936 0.736364 0.586207 0.745455 0.742706 0.803636 0.758621 0.843636 0.761273 0.852727 0.718833 0.843636 0.477454 0.836364 0.469496 0.836364 0.456233 0.830909 0.445623
4 0.765455 0.116711 0.761818 0.124668 0.756364 0.429708 0.763636 0.437666 0.830909 0.445623 0.836364 0.453581 0.845455 0.490716 0.845455 0.620690 0.854545 0.639257 0.909091 0.644562 0.912727 0.636605 0.918182 0.257294 0.914545 0.129973 0.905455 0.116711
