0 0.376154 0.051255 0.367692 0.057531 0.363846 0.066946 0.363846 0.075314 0.366923 0.081590 0.367692 0.091004 0.374615 0.104603 0.376154 0.117155 0.383077 0.126569 0.383846 0.130753 0.382308 0.137029 0.372308 0.150628 0.366923 0.165272 0.365385 0.186192 0.360769 0.197699 0.359231 0.209205 0.350769 0.235356 0.351538 0.247908 0.364615 0.258368 0.384615 0.280335 0.415385 0.322176 0.435385 0.330544 0.442308 0.336820 0.465385 0.334728 0.470769 0.326360 0.470769 0.323222 0.486154 0.291841 0.511538 0.254184 0.517692 0.231172 0.528462 0.220711 0.530769 0.212343 0.530000 0.198745 0.522308 0.182008 0.505385 0.158996 0.466923 0.121339 0.463077 0.115063 0.469231 0.108787 0.471538 0.100418 0.471538 0.064854 0.468462 0.059623 0.466923 0.047071 0.460769 0.046025 0.452308 0.038703 0.430000 0.038703 0.400000 0.043933 0.381538 0.051255
0 0.334615 0.052301 0.299231 0.040795 0.290000 0.040795 0.285385 0.035565 0.279231 0.023013 0.268462 0.017782 0.250000 0.019874 0.236154 0.028243 0.233077 0.032427 0.231538 0.039749 0.231538 0.067992 0.224615 0.082636 0.223846 0.091004 0.196923 0.135983 0.192308 0.155858 0.195385 0.163180 0.195385 0.170502 0.183846 0.196653 0.183846 0.201883 0.189231 0.213389 0.195385 0.218619 0.200000 0.219665 0.229231 0.258368 0.236923 0.262552 0.241538 0.258368 0.244615 0.251046 0.244615 0.246862 0.239231 0.233264 0.244615 0.175732 0.249231 0.158996 0.254615 0.151674 0.260769 0.147490 0.270000 0.145397 0.323077 0.148536 0.350000 0.155858 0.362308 0.165272 0.367692 0.154812 0.366923 0.145397 0.325385 0.087866 0.327692 0.081590 0.339231 0.064854 0.339231 0.058577
0 0.747692 0.026151 0.736154 0.026151 0.732308 0.031381 0.719231 0.032427 0.710769 0.036611 0.687692 0.028243 0.672308 0.029289 0.658462 0.035565 0.654615 0.040795 0.652308 0.049163 0.652308 0.059623 0.648462 0.073222 0.647692 0.089958 0.634615 0.101464 0.619231 0.121339 0.601538 0.149582 0.593077 0.169456 0.593077 0.176778 0.599231 0.190377 0.600769 0.200837 0.603846 0.206067 0.614615 0.212343 0.622308 0.220711 0.626154 0.229079 0.653077 0.264644 0.673846 0.321130 0.680769 0.333682 0.686154 0.335774 0.694615 0.327406 0.712308 0.305439 0.723077 0.297071 0.734615 0.292887 0.740000 0.284519 0.743077 0.261506 0.750000 0.252092 0.756154 0.248954 0.764615 0.237448 0.774615 0.218619 0.779231 0.213389 0.783077 0.202929 0.779231 0.185146 0.764615 0.151674 0.746923 0.124477 0.737692 0.116109 0.721538 0.095188 0.722308 0.091004 0.729231 0.086820 0.748462 0.082636 0.752308 0.078452 0.761538 0.075314 0.768462 0.067992 0.771538 0.060669 0.771538 0.055439 0.764615 0.039749 0.756923 0.031381
0 0.000000 0.034519 0.000000 0.323222 0.003846 0.326360 0.014615 0.327406 0.016923 0.315900 0.020000 0.310669 0.025385 0.283473 0.030769 0.268828 0.062308 0.211297 0.066154 0.195607 0.066154 0.155858 0.074615 0.142259 0.088462 0.131799 0.089231 0.124477 0.069231 0.096234 0.076154 0.084728 0.076154 0.079498 0.070769 0.067992 0.060769 0.056485 0.042308 0.054393 0.033846 0.040795 0.022308 0.033473
0 0.485385 0.000000 0.486154 0.006276 0.496154 0.025105 0.485385 0.040795 0.483077 0.051255 0.474615 0.072176 0.474615 0.102510 0.472308 0.115063 0.477692 0.128661 0.486154 0.139121 0.506154 0.156904 0.532308 0.193515 0.534615 0.192469 0.540769 0.180962 0.552308 0.172594 0.564615 0.169456 0.580000 0.171548 0.590000 0.169456 0.607692 0.138075 0.610769 0.128661 0.625385 0.109833 0.627692 0.103556 0.627692 0.096234 0.620769 0.078452 0.608462 0.056485 0.592308 0.037657 0.566923 0.013598 0.573077 0.005230 0.574615 0.000000 0.503846 0.000000 0.501538 0.005230 0.497692 0.000000
0 0.119231 0.000000 0.119231 0.008368 0.122308 0.015690 0.095385 0.056485 0.086154 0.080544 0.082308 0.096234 0.083077 0.107741 0.096154 0.127615 0.115385 0.132845 0.121538 0.138075 0.127692 0.148536 0.133077 0.151674 0.180769 0.155858 0.189231 0.154812 0.197692 0.133891 0.217692 0.100418 0.230769 0.063808 0.230000 0.038703 0.225385 0.030335 0.221538 0.028243 0.210769 0.013598 0.212308 0.009414 0.218462 0.007322 0.220769 0.000000
0 0.923077 0.000000 0.923077 0.012552 0.930769 0.035565 0.930000 0.038703 0.899231 0.069038 0.892308 0.079498 0.891538 0.084728 0.900769 0.091004 0.916923 0.094142 0.936154 0.102510 0.948462 0.114017 0.950769 0.120293 0.950000 0.129707 0.943077 0.146444 0.939231 0.149582 0.939231 0.153766 0.935385 0.162134 0.931538 0.166318 0.926154 0.179916 0.926154 0.185146 0.958462 0.237448 0.960769 0.247908 0.969231 0.267782 0.970769 0.278243 0.973846 0.284519 0.974615 0.296025 0.979231 0.307531 0.989231 0.294979 0.993077 0.283473 1.000000 0.277197 1.000000 0.000000 0.951538 0.000000 0.951538 0.004184 0.944615 0.016736 0.940000 0.020921 0.933077 0.000000
0 0.972308 0.515690 0.959231 0.505230 0.943077 0.498954 0.920769 0.498954 0.906154 0.506276 0.895385 0.516736 0.885385 0.516736 0.825385 0.532427 0.805385 0.543933 0.802308 0.553347 0.801538 0.563808 0.804615 0.576360 0.811538 0.587866 0.811538 0.595188 0.783077 0.637029 0.774615 0.655858 0.770769 0.669456 0.769231 0.684100 0.772308 0.716527 0.770769 0.742678 0.767692 0.750000 0.759231 0.752092 0.756154 0.755230 0.750769 0.782427 0.746923 0.862971 0.749231 0.869247 0.748462 0.874477 0.753077 0.877615 0.759231 0.893305 0.759231 0.897490 0.770000 0.903766 0.793077 0.905858 1.000000 0.905858 1.000000 0.623431 0.993846 0.616109 0.987692 0.596234 0.983077 0.561715 0.983077 0.533473
0 0.596154 0.440377 0.577692 0.455021 0.572308 0.469665 0.570000 0.490586 0.563077 0.514644 0.547692 0.525105 0.523077 0.556485 0.510000 0.580544 0.501538 0.601464 0.498462 0.623431 0.486923 0.652720 0.480000 0.685146 0.480000 0.733264 0.484615 0.767782 0.488462 0.778243 0.496154 0.788703 0.520000 0.812762 0.536923 0.834728 0.552308 0.861925 0.558462 0.876569 0.564615 0.899582 0.567692 0.903766 0.695385 0.905858 0.726923 0.903766 0.730769 0.899582 0.736923 0.901674 0.737692 0.889121 0.730769 0.884937 0.732308 0.881799 0.730769 0.877615 0.740000 0.873431 0.737692 0.869247 0.736923 0.853556 0.738462 0.850418 0.737692 0.846234 0.740769 0.842050 0.739231 0.830544 0.741538 0.826360 0.740769 0.814854 0.743077 0.810669 0.742308 0.805439 0.746154 0.781381 0.747692 0.753138 0.753846 0.742678 0.763846 0.741632 0.761538 0.735356 0.762308 0.722803 0.760769 0.719665 0.763846 0.717573 0.763846 0.712343 0.760000 0.710251 0.756923 0.705021 0.760000 0.651674 0.756154 0.622385 0.740769 0.588912 0.722308 0.564854 0.721538 0.557531 0.716923 0.560669 0.713077 0.559623 0.721538 0.532427 0.724615 0.530335 0.726154 0.517782 0.733077 0.506276 0.732308 0.503138 0.735385 0.497908 0.733846 0.472803 0.726154 0.465481 0.716154 0.462343 0.647692 0.457113 0.638462 0.446653 0.625385 0.439331 0.609231 0.438285
0 0.311538 0.651674 0.304615 0.670502 0.301538 0.700837 0.297692 0.716527 0.296923 0.752092 0.293846 0.785565 0.296154 0.808577 0.294615 0.813808 0.267692 0.856695 0.253077 0.891213 0.251538 0.904812 0.266154 0.906904 0.487692 0.906904 0.558462 0.904812 0.559231 0.893305 0.555385 0.884937 0.553846 0.874477 0.549231 0.868201 0.546154 0.858787 0.531538 0.838912 0.529231 0.832636 0.519231 0.822176 0.514615 0.813808 0.510769 0.812762 0.505385 0.805439 0.502308 0.804393 0.499231 0.798117 0.494615 0.796025 0.482308 0.781381 0.457692 0.763598 0.456154 0.751046 0.470000 0.687238 0.467692 0.667364 0.459231 0.652720 0.444615 0.642259 0.410769 0.637029 0.362308 0.634937 0.329231 0.637029 0.320769 0.641213
0 0.217692 0.442469 0.200769 0.442469 0.183077 0.455021 0.171538 0.470711 0.156154 0.498954 0.150769 0.504184 0.138462 0.528243 0.133846 0.531381 0.126923 0.542887 0.124615 0.555439 0.123846 0.610879 0.103077 0.642259 0.100000 0.650628 0.096154 0.653766 0.096154 0.657950 0.092308 0.666318 0.087692 0.670502 0.084615 0.679916 0.080000 0.685146 0.076923 0.699791 0.071538 0.706067 0.064615 0.731172 0.067692 0.736402 0.063077 0.745816 0.061538 0.786611 0.083077 0.815900 0.102308 0.881799 0.110000 0.893305 0.125385 0.904812 0.242308 0.904812 0.248462 0.897490 0.260000 0.862971 0.264615 0.857741 0.264615 0.854603 0.272308 0.842050 0.273077 0.837866 0.279231 0.830544 0.281538 0.823222 0.288462 0.812762 0.300000 0.682008 0.305385 0.660042 0.313077 0.646444 0.313846 0.637029 0.303846 0.621339 0.296923 0.616109 0.286923 0.601464 0.273846 0.589958 0.268462 0.582636 0.268462 0.577406 0.276154 0.564854 0.283077 0.561715 0.293077 0.546025 0.296923 0.530335 0.296154 0.521967 0.288462 0.505230 0.268462 0.484310 0.239231 0.458159 0.227692 0.450837 0.225385 0.446653
0 0.097692 0.324268 0.079231 0.324268 0.065385 0.329498 0.056923 0.336820 0.049231 0.347280 0.046923 0.353556 0.045385 0.394351 0.034615 0.408996 0.032308 0.415272 0.033077 0.429916 0.016154 0.459205 0.002308 0.498954 0.000000 0.501046 0.000000 0.606695 0.006154 0.619247 0.015385 0.647490 0.021538 0.658996 0.023846 0.669456 0.031538 0.688285 0.040769 0.702929 0.055385 0.709205 0.065385 0.702929 0.070000 0.696653 0.071538 0.689331 0.086923 0.657950 0.103077 0.631799 0.119231 0.610879 0.123846 0.581590 0.123846 0.556485 0.128462 0.540795 0.185385 0.453975 0.193846 0.445607 0.213846 0.437238 0.211538 0.430962 0.193077 0.414226 0.190000 0.408996 0.186923 0.393305 0.177692 0.380753 0.143846 0.352510 0.137692 0.350418 0.119231 0.350418 0.114615 0.338912 0.107692 0.329498
0 0.390769 0.328452 0.376154 0.339958 0.372308 0.351464 0.370769 0.388075 0.360769 0.401674 0.359231 0.411088 0.344615 0.430962 0.329231 0.457113 0.326154 0.467573 0.313077 0.492678 0.309231 0.507322 0.303846 0.518828 0.296154 0.548117 0.292308 0.576360 0.291538 0.592050 0.293077 0.600418 0.299231 0.611925 0.309231 0.621339 0.315385 0.631799 0.320769 0.634937 0.353077 0.629707 0.416923 0.633891 0.439231 0.638075 0.451538 0.642259 0.459231 0.648536 0.467692 0.658996 0.470769 0.669456 0.475385 0.671548 0.495385 0.620293 0.502308 0.588912 0.516923 0.558577 0.543077 0.520921 0.544615 0.504184 0.538462 0.492678 0.537692 0.487448 0.527692 0.475941 0.516154 0.468619 0.510769 0.462343 0.510000 0.458159 0.506923 0.459205 0.506923 0.463389 0.504615 0.462343 0.504615 0.459205 0.501538 0.455021 0.507692 0.450837 0.503846 0.447699 0.502308 0.439331 0.496154 0.429916 0.476923 0.410042 0.477692 0.405858 0.500000 0.380753 0.500000 0.376569 0.502308 0.373431 0.502308 0.365063 0.498462 0.358787 0.476923 0.350418 0.470769 0.345188 0.460769 0.341004 0.443077 0.343096 0.425385 0.328452 0.413846 0.325314
0 0.584615 0.173640 0.553846 0.173640 0.540000 0.185146 0.531538 0.220711 0.527692 0.225941 0.522308 0.228033 0.516923 0.235356 0.516154 0.252092 0.513077 0.261506 0.510000 0.262552 0.503846 0.273013 0.493077 0.284519 0.477692 0.314854 0.473846 0.329498 0.473077 0.338912 0.474615 0.342050 0.501538 0.357741 0.506923 0.366109 0.506923 0.373431 0.498462 0.392259 0.499231 0.404812 0.496923 0.407950 0.498462 0.416318 0.505385 0.426778 0.513077 0.433054 0.517692 0.443515 0.520769 0.444561 0.528462 0.456067 0.540000 0.481172 0.544615 0.486402 0.554615 0.488494 0.556923 0.484310 0.560769 0.487448 0.560769 0.482218 0.567692 0.469665 0.568462 0.459205 0.572308 0.451883 0.596154 0.437238 0.624615 0.436192 0.642308 0.442469 0.646154 0.440377 0.666923 0.394351 0.666154 0.391213 0.658462 0.388075 0.658462 0.377615 0.670769 0.376569 0.672308 0.381799 0.674615 0.381799 0.680000 0.365063 0.678462 0.336820 0.669231 0.313808 0.652308 0.281381 0.650769 0.269874 0.646923 0.259414 0.615385 0.215481 0.605385 0.211297 0.600769 0.206067 0.596154 0.185146 0.590769 0.177824
0 0.778462 0.250000 0.761538 0.251046 0.747692 0.259414 0.743077 0.266736 0.741538 0.287657 0.738462 0.292887 0.721538 0.300209 0.713846 0.306485 0.686923 0.337866 0.683846 0.344142 0.683077 0.352510 0.685385 0.366109 0.679231 0.381799 0.665385 0.407950 0.655385 0.433054 0.653846 0.442469 0.654615 0.451883 0.720000 0.459205 0.731538 0.464435 0.736923 0.471757 0.740000 0.481172 0.740000 0.491632 0.727692 0.525105 0.723846 0.544979 0.743077 0.584728 0.749231 0.592050 0.752308 0.603556 0.757692 0.611925 0.767692 0.646444 0.770769 0.646444 0.776923 0.638075 0.790000 0.611925 0.800769 0.599372 0.804615 0.589958 0.801538 0.573222 0.798462 0.569038 0.798462 0.555439 0.803846 0.541841 0.816154 0.532427 0.846923 0.523013 0.857692 0.521967 0.873077 0.514644 0.876154 0.494770 0.883077 0.475941 0.886923 0.457113 0.885385 0.435146 0.880769 0.417364 0.872308 0.396444 0.855385 0.368201 0.832308 0.344142 0.826154 0.315900 0.820769 0.313808 0.817692 0.316946 0.816154 0.314854 0.819231 0.310669 0.813846 0.304393 0.811538 0.297071 0.810769 0.274059 0.808462 0.266736 0.803077 0.259414 0.795385 0.254184
0 0.849231 0.084728 0.837692 0.089958 0.829231 0.109833 0.824615 0.137029 0.821538 0.144351 0.821538 0.150628 0.823846 0.154812 0.830769 0.158996 0.830769 0.165272 0.814615 0.176778 0.791538 0.199791 0.771538 0.228033 0.768462 0.238494 0.763846 0.243724 0.763846 0.247908 0.791538 0.251046 0.802308 0.258368 0.809231 0.267782 0.811538 0.275105 0.812308 0.291841 0.822308 0.307531 0.828462 0.312762 0.834615 0.339958 0.862308 0.375523 0.880769 0.408996 0.892308 0.441423 0.896923 0.442469 0.899231 0.438285 0.903846 0.436192 0.917692 0.415272 0.938462 0.391213 0.966154 0.368201 0.970000 0.337866 0.975385 0.317992 0.974615 0.302301 0.965385 0.263598 0.959231 0.251046 0.952308 0.230126 0.920769 0.182008 0.929231 0.170502 0.933077 0.158996 0.945385 0.139121 0.949231 0.123431 0.945385 0.111925 0.933846 0.102510 0.928462 0.102510 0.915385 0.095188 0.893077 0.091004 0.888462 0.086820 0.880769 0.087866 0.863077 0.083682
0 0.078462 0.139121 0.070000 0.148536 0.066923 0.156904 0.066923 0.170502 0.068462 0.174686 0.066923 0.202929 0.061538 0.217573 0.053846 0.228033 0.053077 0.232218 0.033077 0.267782 0.028462 0.282427 0.020769 0.325314 0.020769 0.337866 0.023846 0.349372 0.036154 0.366109 0.043077 0.368201 0.044615 0.367155 0.044615 0.357741 0.048462 0.346234 0.063846 0.329498 0.080769 0.323222 0.096923 0.323222 0.106923 0.327406 0.121538 0.348326 0.140769 0.349372 0.155385 0.358787 0.180000 0.380753 0.187692 0.382845 0.202308 0.330544 0.213077 0.305439 0.225385 0.285565 0.230769 0.269874 0.230769 0.266736 0.209231 0.237448 0.203077 0.233264 0.201538 0.228033 0.197692 0.230126 0.191538 0.228033 0.195385 0.231172 0.194615 0.233264 0.191538 0.233264 0.189231 0.229079 0.190000 0.222803 0.187692 0.217573 0.173077 0.202929 0.173846 0.197699 0.179231 0.193515 0.181538 0.188285 0.184615 0.187238 0.190769 0.177824 0.193077 0.171548 0.192308 0.164226 0.190000 0.160042 0.181538 0.156904 0.130769 0.154812 0.125385 0.149582 0.120769 0.139121 0.110000 0.132845 0.095385 0.131799
0 0.266923 0.146444 0.258462 0.149582 0.250769 0.157950 0.249231 0.169456 0.244615 0.182008 0.241538 0.213389 0.241538 0.233264 0.244615 0.241632 0.247692 0.240586 0.251538 0.252092 0.243077 0.257322 0.236923 0.266736 0.233077 0.279289 0.220769 0.298117 0.216923 0.309623 0.213077 0.313808 0.196923 0.355649 0.193846 0.370293 0.192308 0.390167 0.195385 0.400628 0.204615 0.416318 0.213846 0.423640 0.227692 0.444561 0.235385 0.451883 0.245385 0.457113 0.252308 0.467573 0.260000 0.470711 0.268462 0.482218 0.288462 0.500000 0.296923 0.512552 0.298462 0.517782 0.303846 0.513598 0.305385 0.503138 0.309231 0.498954 0.313077 0.486402 0.319231 0.476987 0.326923 0.455021 0.334615 0.441423 0.351538 0.419456 0.360000 0.400628 0.365385 0.393305 0.369231 0.379707 0.370769 0.350418 0.375385 0.338912 0.386154 0.328452 0.404615 0.322176 0.406154 0.316946 0.403077 0.308577 0.373077 0.270921 0.346154 0.248954 0.346923 0.236402 0.362308 0.187238 0.363077 0.174686 0.357692 0.161088 0.350769 0.156904 0.331538 0.152720 0.326923 0.149582 0.289231 0.145397
