0 0.431538 0.036611 0.431538 0.041841 0.428462 0.049163 0.426154 0.072176 0.426923 0.077406 0.430000 0.081590 0.430000 0.117155 0.428462 0.128661 0.420769 0.140167 0.400000 0.144351 0.393077 0.156904 0.390769 0.173640 0.390769 0.187238 0.393846 0.197699 0.399231 0.202929 0.420769 0.209205 0.446923 0.225941 0.481538 0.229079 0.500769 0.239540 0.506154 0.239540 0.512308 0.235356 0.526154 0.231172 0.550000 0.218619 0.555385 0.210251 0.555385 0.199791 0.550000 0.186192 0.541538 0.173640 0.524615 0.156904 0.500769 0.144351 0.485385 0.141213 0.478462 0.131799 0.478462 0.094142 0.483077 0.060669 0.483077 0.049163 0.480769 0.042887 0.474615 0.036611 0.467692 0.033473 0.437692 0.033473
0 0.883846 0.004184 0.876923 0.008368 0.874615 0.016736 0.875385 0.067992 0.873077 0.091004 0.869231 0.099372 0.870000 0.111925 0.876154 0.128661 0.892308 0.134937 0.901538 0.144351 0.906154 0.160042 0.905385 0.185146 0.906923 0.197699 0.920769 0.196653 0.944615 0.164226 0.967692 0.147490 0.970769 0.140167 0.970769 0.130753 0.963077 0.117155 0.952308 0.108787 0.933846 0.100418 0.916154 0.097280 0.913077 0.088912 0.913846 0.064854 0.920000 0.030335 0.920000 0.013598 0.914615 0.007322 0.905385 0.004184
0 0.849231 0.038703 0.846154 0.039749 0.842308 0.035565 0.829231 0.033473 0.811538 0.035565 0.807692 0.040795 0.805385 0.049163 0.806923 0.105649 0.805385 0.122385 0.803077 0.129707 0.794615 0.139121 0.775385 0.137029 0.755385 0.145397 0.743846 0.153766 0.735385 0.165272 0.739231 0.178870 0.750000 0.186192 0.773077 0.218619 0.776923 0.228033 0.782308 0.252092 0.786923 0.257322 0.816154 0.258368 0.821538 0.252092 0.826923 0.238494 0.832308 0.205021 0.833077 0.147490 0.839231 0.135983 0.847692 0.129707 0.848462 0.104603 0.855385 0.053347 0.853846 0.043933
0 0.653846 0.056485 0.648462 0.062762 0.646923 0.095188 0.652308 0.114017 0.650769 0.125523 0.650769 0.158996 0.656154 0.168410 0.660000 0.185146 0.656923 0.209205 0.657692 0.220711 0.673846 0.231172 0.681538 0.233264 0.698462 0.247908 0.709231 0.254184 0.723077 0.269874 0.728462 0.283473 0.732308 0.286611 0.746923 0.279289 0.761538 0.267782 0.776154 0.250000 0.776154 0.234310 0.770000 0.217573 0.756154 0.198745 0.743846 0.186192 0.733846 0.179916 0.725385 0.179916 0.718462 0.169456 0.698462 0.166318 0.695385 0.162134 0.694615 0.137029 0.696154 0.131799 0.696154 0.118201 0.701538 0.102510 0.702308 0.063808 0.696923 0.058577 0.687692 0.055439 0.658462 0.054393
0 0.900000 0.145397 0.888462 0.137029 0.866154 0.132845 0.844615 0.133891 0.836154 0.142259 0.833846 0.150628 0.834615 0.179916 0.833077 0.208159 0.826154 0.252092 0.816154 0.263598 0.793077 0.261506 0.771538 0.267782 0.744615 0.290795 0.740000 0.298117 0.731538 0.337866 0.743077 0.362971 0.751538 0.376569 0.755385 0.377615 0.756923 0.373431 0.759231 0.331590 0.764615 0.316946 0.774615 0.306485 0.795385 0.302301 0.806154 0.297071 0.814615 0.297071 0.816923 0.299163 0.820769 0.297071 0.825385 0.299163 0.829231 0.297071 0.846154 0.297071 0.849231 0.300209 0.854615 0.297071 0.859231 0.301255 0.859231 0.325314 0.866154 0.332636 0.864615 0.339958 0.867692 0.345188 0.868462 0.351464 0.873846 0.346234 0.877692 0.337866 0.878462 0.330544 0.881538 0.326360 0.880769 0.298117 0.879231 0.296025 0.880769 0.290795 0.879231 0.265690 0.882308 0.224895 0.886154 0.214435 0.892308 0.206067 0.899231 0.200837 0.900000 0.173640 0.903077 0.164226 0.903077 0.156904
0 0.893846 0.207113 0.884615 0.219665 0.883077 0.226987 0.881538 0.281381 0.885385 0.300209 0.884615 0.334728 0.882308 0.344142 0.866154 0.368201 0.860000 0.383891 0.858462 0.405858 0.851538 0.423640 0.852308 0.437238 0.849231 0.460251 0.850769 0.478033 0.860000 0.486402 0.886154 0.496862 0.938462 0.528243 0.960000 0.549163 0.975385 0.570084 0.983077 0.573222 0.984615 0.575314 0.983077 0.580544 0.989231 0.595188 1.000000 0.592050 0.996154 0.588912 0.996923 0.585774 1.000000 0.584728 1.000000 0.392259 0.991538 0.385983 0.990000 0.379707 0.971538 0.378661 0.964615 0.372385 0.958462 0.371339 0.954615 0.362971 0.953846 0.313808 0.960000 0.285565 0.961538 0.260460 0.966154 0.240586 0.965385 0.223849 0.958462 0.214435 0.943077 0.207113 0.916923 0.202929 0.900769 0.203975
0 0.603077 0.160042 0.595385 0.162134 0.587692 0.168410 0.583077 0.185146 0.580769 0.200837 0.580769 0.232218 0.584615 0.269874 0.583077 0.282427 0.577692 0.299163 0.573846 0.303347 0.560000 0.308577 0.540000 0.309623 0.536154 0.312762 0.524615 0.314854 0.506923 0.326360 0.500769 0.333682 0.495385 0.349372 0.493077 0.360879 0.493077 0.378661 0.496923 0.390167 0.513077 0.399582 0.526923 0.403766 0.533846 0.408996 0.555385 0.417364 0.598462 0.450837 0.606923 0.462343 0.624615 0.497908 0.626923 0.511506 0.630769 0.517782 0.662308 0.491632 0.674615 0.474895 0.683846 0.468619 0.700000 0.462343 0.720769 0.460251 0.724615 0.455021 0.727692 0.460251 0.736923 0.459205 0.740000 0.451883 0.745385 0.450837 0.746923 0.443515 0.750769 0.437238 0.750000 0.432008 0.754615 0.421548 0.756154 0.405858 0.753846 0.394351 0.740769 0.366109 0.719231 0.338912 0.687692 0.316946 0.676154 0.312762 0.659231 0.311715 0.650000 0.304393 0.647692 0.292887 0.648462 0.253138 0.654615 0.233264 0.654615 0.214435 0.657692 0.193515 0.656923 0.178870 0.653846 0.170502 0.646923 0.164226
0 0.363846 0.162134 0.357692 0.154812 0.333077 0.147490 0.313077 0.147490 0.306154 0.149582 0.299231 0.155858 0.296923 0.169456 0.296154 0.229079 0.293077 0.239540 0.293846 0.243724 0.292308 0.248954 0.293846 0.252092 0.292308 0.258368 0.286154 0.267782 0.260000 0.278243 0.251538 0.285565 0.243077 0.287657 0.239231 0.291841 0.223077 0.292887 0.205385 0.300209 0.202308 0.306485 0.200769 0.320084 0.196154 0.326360 0.196923 0.329498 0.194615 0.335774 0.185385 0.334728 0.181538 0.343096 0.176154 0.342050 0.173846 0.344142 0.173846 0.366109 0.200000 0.379707 0.207692 0.385983 0.216923 0.388075 0.222308 0.393305 0.226154 0.393305 0.226154 0.389121 0.232308 0.383891 0.234615 0.375523 0.238462 0.370293 0.253077 0.359833 0.280769 0.354603 0.314615 0.354603 0.325385 0.357741 0.338462 0.368201 0.343846 0.375523 0.353846 0.401674 0.404615 0.388075 0.409231 0.379707 0.411538 0.361925 0.411538 0.347280 0.405385 0.325314 0.399231 0.309623 0.390000 0.296025 0.361538 0.277197 0.358462 0.269874 0.357692 0.252092 0.359231 0.248954 0.360000 0.233264 0.366154 0.216527 0.366923 0.171548
0 0.000000 0.300209 0.027692 0.319038 0.041538 0.323222 0.052308 0.321130 0.054615 0.301255 0.053077 0.251046 0.051538 0.244770 0.052308 0.229079 0.055385 0.219665 0.063077 0.211297 0.080000 0.205021 0.103077 0.207113 0.121538 0.213389 0.136154 0.221757 0.140000 0.226987 0.143077 0.239540 0.142308 0.261506 0.144615 0.283473 0.149231 0.288703 0.156154 0.290795 0.178462 0.290795 0.186154 0.288703 0.190769 0.291841 0.206154 0.289749 0.246923 0.262552 0.253077 0.263598 0.270769 0.253138 0.273077 0.245816 0.280769 0.236402 0.280000 0.232218 0.285385 0.221757 0.284615 0.216527 0.288462 0.210251 0.288462 0.197699 0.290769 0.190377 0.293846 0.162134 0.296923 0.151674 0.300000 0.147490 0.315385 0.143305 0.335385 0.143305 0.356923 0.148536 0.360769 0.152720 0.363846 0.152720 0.366154 0.149582 0.371538 0.101464 0.374615 0.087866 0.379231 0.078452 0.379231 0.063808 0.376154 0.050209 0.373846 0.017782 0.369231 0.004184 0.366154 0.000000 0.000000 0.000000
0 0.079231 0.210251 0.063077 0.216527 0.054615 0.232218 0.055385 0.286611 0.060769 0.344142 0.058462 0.368201 0.052308 0.378661 0.044615 0.382845 0.000000 0.395397 0.000000 0.524059 0.019231 0.533473 0.044615 0.553347 0.081538 0.602510 0.093077 0.605649 0.095385 0.603556 0.116154 0.602510 0.123077 0.598326 0.150769 0.572176 0.231538 0.542887 0.235385 0.537657 0.237692 0.525105 0.235385 0.512552 0.235385 0.476987 0.232308 0.433054 0.228462 0.419456 0.223846 0.415272 0.224615 0.412134 0.216154 0.408996 0.203077 0.396444 0.168462 0.373431 0.146154 0.369247 0.140769 0.360879 0.139231 0.333682 0.133077 0.326360 0.131538 0.307531 0.132308 0.299163 0.139231 0.289749 0.141538 0.280335 0.142308 0.245816 0.139231 0.229079 0.132308 0.220711 0.123077 0.216527 0.099231 0.210251
0 0.422308 0.233264 0.414615 0.239540 0.412308 0.250000 0.413077 0.281381 0.410769 0.307531 0.414615 0.317992 0.413077 0.333682 0.414615 0.360879 0.411538 0.383891 0.405385 0.392259 0.368462 0.400628 0.356154 0.405858 0.352308 0.410042 0.350000 0.418410 0.349231 0.463389 0.343846 0.481172 0.343846 0.489540 0.346154 0.495816 0.346154 0.504184 0.343077 0.513598 0.344615 0.542887 0.349231 0.550209 0.408462 0.567992 0.440000 0.581590 0.460000 0.597280 0.491538 0.633891 0.506154 0.664226 0.514615 0.687238 0.517692 0.706067 0.521538 0.710251 0.524615 0.710251 0.543846 0.696653 0.595385 0.669456 0.596923 0.652720 0.594615 0.649582 0.591538 0.621339 0.593077 0.587866 0.596154 0.574268 0.603846 0.557531 0.613077 0.546025 0.622308 0.529289 0.623846 0.523013 0.623077 0.507322 0.606154 0.466527 0.593077 0.449791 0.557692 0.423640 0.548462 0.419456 0.544615 0.420502 0.511538 0.404812 0.503846 0.403766 0.493846 0.395397 0.491538 0.387029 0.490769 0.360879 0.492308 0.348326 0.494615 0.343096 0.495385 0.322176 0.498462 0.312762 0.500769 0.265690 0.499231 0.250000 0.495385 0.240586 0.488462 0.234310 0.472308 0.231172 0.442308 0.230126
0 0.775385 0.308577 0.766923 0.315900 0.761538 0.333682 0.758462 0.389121 0.760000 0.392259 0.759231 0.397490 0.763077 0.407950 0.763077 0.417364 0.757692 0.467573 0.785385 0.485356 0.796154 0.503138 0.799231 0.517782 0.799231 0.530335 0.796154 0.540795 0.795385 0.559623 0.793846 0.563808 0.794615 0.586820 0.790769 0.609833 0.786923 0.620293 0.789231 0.645397 0.787692 0.653766 0.782308 0.664226 0.782308 0.673640 0.787692 0.682008 0.857692 0.714435 0.887692 0.737448 0.916154 0.766736 0.936923 0.796025 0.954615 0.832636 0.958462 0.837866 0.963846 0.839958 0.967692 0.829498 0.971538 0.784519 0.975385 0.768828 0.978462 0.729079 0.993077 0.686192 0.995385 0.670502 0.995385 0.638075 0.991538 0.622385 0.983077 0.606695 0.976923 0.585774 0.960000 0.555439 0.943846 0.536611 0.924615 0.523013 0.912308 0.518828 0.893077 0.507322 0.886923 0.506276 0.861538 0.493724 0.853846 0.492678 0.849231 0.486402 0.846923 0.475941 0.849231 0.423640 0.856923 0.405858 0.861538 0.358787 0.860769 0.341004 0.857692 0.331590 0.817692 0.328452 0.812308 0.324268 0.812308 0.314854 0.809231 0.310669 0.797692 0.307531
0 0.499231 0.767782 0.499231 0.787657 0.505385 0.809623 0.504615 0.822176 0.497692 0.845188 0.502308 0.904812 0.560769 0.906904 0.970000 0.905858 0.973846 0.903766 0.974615 0.896444 0.969231 0.872385 0.961538 0.849372 0.933846 0.797071 0.913077 0.768828 0.881538 0.737448 0.861538 0.720711 0.832308 0.707113 0.821538 0.705021 0.800000 0.693515 0.784615 0.689331 0.782308 0.686192 0.780000 0.677824 0.780000 0.664226 0.786154 0.647490 0.786154 0.637029 0.783077 0.624477 0.790000 0.608787 0.793077 0.585774 0.793077 0.561715 0.798462 0.520921 0.794615 0.503138 0.783846 0.485356 0.773077 0.476987 0.755385 0.469665 0.716923 0.466527 0.689231 0.469665 0.677692 0.478033 0.671538 0.486402 0.670769 0.497908 0.666154 0.500000 0.663846 0.505230 0.665385 0.510460 0.660769 0.591004 0.663077 0.596234 0.665385 0.611925 0.660000 0.629707 0.660769 0.639121 0.663846 0.643305 0.663077 0.658996 0.658462 0.668410 0.635385 0.667364 0.604615 0.674686 0.572308 0.687238 0.555385 0.696653 0.517692 0.724895 0.503077 0.754184
0 0.326154 0.360879 0.315385 0.357741 0.267692 0.358787 0.253077 0.362971 0.243846 0.368201 0.236154 0.379707 0.233077 0.395397 0.237692 0.498954 0.240000 0.502092 0.241538 0.510460 0.240769 0.538703 0.236154 0.550209 0.229231 0.549163 0.184615 0.563808 0.164615 0.573222 0.153846 0.581590 0.150000 0.581590 0.146923 0.587866 0.143077 0.587866 0.133077 0.594142 0.095385 0.635983 0.071538 0.679916 0.066154 0.697699 0.067692 0.710251 0.066923 0.716527 0.064615 0.719665 0.063846 0.750000 0.066154 0.762552 0.073846 0.771967 0.086923 0.778243 0.137692 0.814854 0.151538 0.830544 0.179231 0.868201 0.196154 0.896444 0.203077 0.903766 0.320769 0.903766 0.326154 0.896444 0.327692 0.836820 0.324615 0.821130 0.325385 0.804393 0.331538 0.784519 0.346923 0.766736 0.360000 0.758368 0.377692 0.751046 0.410000 0.745816 0.450769 0.748954 0.455385 0.752092 0.460000 0.752092 0.470769 0.759414 0.487692 0.764644 0.490769 0.753138 0.498462 0.746862 0.501538 0.737448 0.510769 0.724895 0.513846 0.717573 0.513846 0.705021 0.503846 0.669456 0.480769 0.627615 0.454615 0.597280 0.440769 0.586820 0.400769 0.571130 0.383846 0.569038 0.345385 0.554393 0.341538 0.537657 0.340769 0.513598 0.343846 0.503138 0.341538 0.482218 0.346923 0.463389 0.346923 0.423640 0.349231 0.397490 0.343077 0.377615 0.333846 0.366109
