2 0.063889 0.053571 0.041667 0.125000 0.055556 0.460714 0.086111 0.471429 0.219444 0.464286 0.233333 0.457143 0.238889 0.435714 0.233333 0.171429 0.227778 0.117857 0.213889 0.075000 0.202778 0.064286 0.155556 0.050000 0.088889 0.046429
2 0.222222 0.467857 0.075000 0.471429 0.072222 0.500000 0.058333 0.535714 0.055556 0.571429 0.063889 0.846429 0.069444 0.867857 0.083333 0.882143 0.100000 0.889286 0.180556 0.885714 0.225000 0.864286 0.244444 0.839286 0.241667 0.517857
2 0.402778 0.467857 0.263889 0.467857 0.244444 0.542857 0.247222 0.800000 0.252778 0.857143 0.272222 0.875000 0.294444 0.882143 0.355556 0.882143 0.402778 0.860714 0.419444 0.839286 0.419444 0.521429 0.408333 0.500000
2 0.444444 0.460714 0.436111 0.503571 0.425000 0.525000 0.427778 0.842857 0.444444 0.864286 0.480556 0.878571 0.525000 0.882143 0.563889 0.871429 0.583333 0.857143 0.594444 0.835714 0.594444 0.525000 0.580556 0.492857 0.577778 0.464286 0.558333 0.457143
2 0.616667 0.467857 0.597222 0.525000 0.600000 0.832143 0.616667 0.853571 0.655556 0.871429 0.719444 0.875000 0.741667 0.867857 0.766667 0.835714 0.769444 0.542857 0.752778 0.475000 0.747222 0.467857
2 0.791667 0.464286 0.769444 0.517857 0.772222 0.828571 0.791667 0.850000 0.827778 0.867857 0.863889 0.875000 0.919444 0.867857 0.938889 0.846429 0.950000 0.610714 0.950000 0.528571 0.933333 0.471429 0.894444 0.475000
2 0.258333 0.060714 0.236111 0.128571 0.244444 0.453571 0.258333 0.467857 0.405556 0.464286 0.416667 0.453571 0.419444 0.439286 0.416667 0.139286 0.400000 0.082143 0.386111 0.064286 0.347222 0.053571 0.275000 0.053571
2 0.455556 0.053571 0.438889 0.067857 0.436111 0.092857 0.422222 0.125000 0.425000 0.446429 0.441667 0.457143 0.588889 0.453571 0.597222 0.439286 0.597222 0.125000 0.580556 0.067857 0.566667 0.053571 0.538889 0.046429
2 0.625000 0.071429 0.616667 0.082143 0.605556 0.128571 0.602778 0.171429 0.605556 0.453571 0.616667 0.467857 0.750000 0.471429 0.766667 0.457143 0.772222 0.439286 0.777778 0.128571 0.761111 0.071429 0.747222 0.060714 0.722222 0.057143 0.661111 0.060714
2 0.805556 0.067857 0.783333 0.125000 0.777778 0.450000 0.802778 0.467857 0.938889 0.467857 0.952778 0.457143 0.969444 0.175000 0.969444 0.128571 0.952778 0.085714 0.952778 0.064286 0.936111 0.053571 0.858333 0.053571
