0 0.084058 0.089286 0.069565 0.114286 0.069565 0.146429 0.078261 0.167857 0.078261 0.217857 0.089855 0.246429 0.130435 0.275000 0.173913 0.328571 0.237681 0.332143 0.240580 0.321429 0.228986 0.260714 0.240580 0.214286 0.214493 0.146429 0.194203 0.121429 0.173913 0.110714 0.153623 0.110714 0.124638 0.085714 0.101449 0.082143
0 0.979710 0.078571 0.953623 0.075000 0.866667 0.142857 0.860870 0.189286 0.869565 0.207143 0.869565 0.232143 0.860870 0.250000 0.860870 0.275000 0.904348 0.257143 0.947826 0.250000 0.968116 0.239286 0.985507 0.217857 0.997101 0.185714 0.991304 0.153571 1.000000 0.135714 1.000000 0.100000
0 0.846377 0.028571 0.805797 0.025000 0.742029 0.096429 0.730435 0.139286 0.733333 0.217857 0.742029 0.217857 0.753623 0.203571 0.794203 0.192857 0.817391 0.171429 0.855072 0.171429 0.860870 0.150000 0.860870 0.053571
0 0.179710 0.000000 0.165217 0.035714 0.171014 0.089286 0.208696 0.135714 0.243478 0.200000 0.263768 0.175000 0.298551 0.164286 0.307246 0.039286 0.289855 0.000000
0 1.000000 0.250000 0.959420 0.242857 0.933333 0.257143 0.901449 0.260714 0.863768 0.282143 0.834783 0.335714 0.831884 0.400000 0.950725 0.414286 0.979710 0.375000 1.000000 0.332143
0 0.857971 0.185714 0.823188 0.171429 0.791304 0.196429 0.750725 0.207143 0.713043 0.257143 0.681159 0.332143 0.681159 0.350000 0.713043 0.335714 0.768116 0.332143 0.797101 0.360714 0.811594 0.360714 0.837681 0.328571 0.855072 0.282143 0.855072 0.260714 0.866667 0.235714 0.866667 0.203571
0 0.953623 0.432143 0.927536 0.410714 0.872464 0.403571 0.820290 0.410714 0.797101 0.432143 0.773913 0.478571 0.747826 0.510714 0.747826 0.532143 0.768116 0.575000 0.802899 0.560714 0.886957 0.571429 0.910145 0.553571 0.956522 0.485714 0.959420 0.453571
0 0.788406 0.350000 0.768116 0.335714 0.704348 0.342857 0.678261 0.357143 0.626087 0.435714 0.617391 0.460714 0.620290 0.514286 0.628986 0.517857 0.640580 0.507143 0.695652 0.500000 0.727536 0.514286 0.750725 0.503571 0.794203 0.435714 0.800000 0.371429
0 0.718841 0.664286 0.724638 0.696429 0.744928 0.717857 0.814493 0.739286 0.849275 0.739286 0.907246 0.692857 0.918841 0.667857 0.918841 0.639286 0.895652 0.600000 0.857971 0.575000 0.791304 0.567857 0.759420 0.592857 0.742029 0.639286
0 0.698551 0.775000 0.689855 0.807143 0.692754 0.846429 0.753623 0.921429 0.811594 0.925000 0.820290 0.917857 0.846377 0.917857 0.860870 0.910714 0.878261 0.875000 0.875362 0.842857 0.820290 0.750000 0.776812 0.732143 0.742029 0.732143 0.721739 0.742857
0 0.750725 0.546429 0.724638 0.517857 0.689855 0.500000 0.640580 0.510714 0.617391 0.528571 0.576812 0.589286 0.582609 0.596429 0.573913 0.603571 0.576812 0.635714 0.591304 0.653571 0.617391 0.653571 0.655072 0.671429 0.710145 0.667857 0.739130 0.639286 0.756522 0.596429
0 0.568116 0.667857 0.539130 0.728571 0.539130 0.760714 0.556522 0.800000 0.608696 0.850000 0.631884 0.853571 0.669565 0.839286 0.684058 0.814286 0.692754 0.778571 0.681159 0.707143 0.669565 0.689286 0.626087 0.664286 0.579710 0.660714
0 0.695652 0.089286 0.666667 0.092857 0.646377 0.125000 0.617391 0.142857 0.594203 0.192857 0.582609 0.250000 0.626087 0.242857 0.640580 0.253571 0.666667 0.314286 0.675362 0.314286 0.695652 0.289286 0.724638 0.228571 0.724638 0.117857 0.715942 0.100000
0 0.640580 0.253571 0.605797 0.242857 0.547826 0.285714 0.530435 0.321429 0.524638 0.407143 0.530435 0.414286 0.556522 0.414286 0.600000 0.435714 0.614493 0.435714 0.652174 0.392857 0.666667 0.360714 0.666667 0.332143 0.655072 0.307143 0.652174 0.275000
0 0.550725 0.417857 0.524638 0.421429 0.501449 0.435714 0.484058 0.464286 0.475362 0.500000 0.478261 0.564286 0.536232 0.592857 0.565217 0.589286 0.594203 0.560714 0.611594 0.525000 0.611594 0.489286 0.597101 0.442857 0.576812 0.425000
0 0.489855 0.082143 0.437681 0.146429 0.431884 0.171429 0.437681 0.250000 0.481159 0.260714 0.530435 0.314286 0.568116 0.228571 0.571014 0.178571 0.562319 0.146429 0.533333 0.089286 0.521739 0.082143
0 0.347826 0.000000 0.330435 0.014286 0.324638 0.046429 0.304348 0.085714 0.304348 0.153571 0.318841 0.178571 0.365217 0.214286 0.394203 0.282143 0.428986 0.246429 0.428986 0.175000 0.440580 0.139286 0.440580 0.100000 0.431884 0.071429 0.400000 0.035714 0.382609 0.003571
0 0.457971 0.578571 0.420290 0.625000 0.414493 0.646429 0.417391 0.696429 0.426087 0.717857 0.463768 0.742857 0.484058 0.750000 0.515942 0.746429 0.533333 0.732143 0.556522 0.671429 0.550725 0.625000 0.536232 0.600000 0.486957 0.575000
0 0.405797 0.732143 0.382609 0.746429 0.342029 0.803571 0.342029 0.871429 0.371014 0.925000 0.443478 0.925000 0.484058 0.875000 0.498551 0.825000 0.498551 0.775000 0.484058 0.753571 0.440580 0.732143
0 0.443478 0.253571 0.400000 0.282143 0.379710 0.325000 0.379710 0.375000 0.397101 0.435714 0.426087 0.482143 0.460870 0.485714 0.478261 0.471429 0.515942 0.403571 0.524638 0.371429 0.524638 0.328571 0.510145 0.292857 0.492754 0.271429 0.466667 0.253571
0 0.205797 0.525000 0.165217 0.510714 0.139130 0.514286 0.098551 0.539286 0.072464 0.571429 0.066667 0.607143 0.078261 0.657143 0.124638 0.710714 0.162319 0.710714 0.205797 0.696429 0.226087 0.657143 0.255072 0.625000 0.255072 0.575000
0 0.002899 0.253571 0.002899 0.392857 0.049275 0.435714 0.110145 0.460714 0.127536 0.460714 0.127536 0.378571 0.133333 0.360714 0.159420 0.332143 0.153623 0.307143 0.130435 0.278571 0.101449 0.260714 0.055072 0.260714 0.037681 0.250000
0 0.139130 0.350000 0.130435 0.371429 0.130435 0.439286 0.147826 0.489286 0.165217 0.507143 0.252174 0.546429 0.260870 0.542857 0.275362 0.489286 0.298551 0.442857 0.295652 0.414286 0.281159 0.378571 0.255072 0.350000 0.223188 0.335714 0.159420 0.335714
0 0.298551 0.453571 0.278261 0.489286 0.272464 0.539286 0.281159 0.571429 0.304348 0.603571 0.330435 0.617857 0.408696 0.617857 0.428986 0.596429 0.440580 0.564286 0.437681 0.517857 0.423188 0.478571 0.400000 0.446429 0.373913 0.432143 0.336232 0.432143
0 0.281159 0.617857 0.243478 0.639286 0.226087 0.664286 0.211594 0.707143 0.211594 0.739286 0.220290 0.775000 0.234783 0.800000 0.260870 0.814286 0.301449 0.817857 0.333333 0.803571 0.362319 0.767857 0.379710 0.732143 0.379710 0.700000 0.368116 0.664286 0.342029 0.628571 0.315942 0.617857
0 0.202899 0.732143 0.168116 0.714286 0.055072 0.717857 0.002899 0.750000 0.000000 0.910714 0.043478 0.928571 0.075362 0.928571 0.098551 0.917857 0.121739 0.892857 0.159420 0.825000 0.208696 0.792857 0.211594 0.764286
0 0.292754 0.853571 0.281159 0.828571 0.217391 0.796429 0.182609 0.807143 0.142029 0.853571 0.124638 0.889286 0.124638 0.925000 0.292754 0.928571 0.298551 0.921429
0 0.278261 0.167857 0.255072 0.189286 0.234783 0.242857 0.234783 0.296429 0.252174 0.335714 0.310145 0.421429 0.327536 0.428571 0.362319 0.421429 0.379710 0.392857 0.376812 0.328571 0.382609 0.267857 0.373913 0.232143 0.353623 0.203571 0.315942 0.175000
