3 0.078000 0.354000 0.072000 0.360000 0.072000 0.378000 0.082000 0.392000 0.066000 0.422000 0.066000 0.578000 0.072000 0.612000 0.088000 0.628000 0.106000 0.638000 0.146000 0.648000 0.200000 0.646000 0.236000 0.632000 0.258000 0.610000 0.262000 0.574000 0.262000 0.424000 0.248000 0.394000 0.258000 0.376000 0.256000 0.362000 0.246000 0.354000 0.206000 0.348000 0.110000 0.348000
3 0.532000 0.028000 0.520000 0.040000 0.520000 0.052000 0.532000 0.068000 0.516000 0.092000 0.516000 0.270000 0.520000 0.284000 0.538000 0.304000 0.572000 0.320000 0.632000 0.324000 0.666000 0.318000 0.692000 0.304000 0.708000 0.282000 0.710000 0.090000 0.696000 0.068000 0.706000 0.054000 0.706000 0.040000 0.692000 0.028000 0.660000 0.024000 0.548000 0.024000
3 0.306000 0.028000 0.298000 0.034000 0.296000 0.048000 0.308000 0.068000 0.292000 0.094000 0.292000 0.256000 0.298000 0.290000 0.322000 0.310000 0.358000 0.322000 0.410000 0.324000 0.456000 0.312000 0.476000 0.298000 0.486000 0.274000 0.488000 0.110000 0.486000 0.090000 0.472000 0.068000 0.482000 0.054000 0.480000 0.036000 0.466000 0.028000 0.436000 0.024000 0.322000 0.024000
3 0.084000 0.024000 0.070000 0.038000 0.070000 0.050000 0.082000 0.064000 0.082000 0.070000 0.070000 0.084000 0.066000 0.098000 0.066000 0.226000 0.072000 0.286000 0.086000 0.302000 0.110000 0.314000 0.146000 0.322000 0.198000 0.320000 0.240000 0.304000 0.256000 0.290000 0.260000 0.268000 0.260000 0.088000 0.246000 0.068000 0.258000 0.052000 0.256000 0.034000 0.238000 0.024000 0.186000 0.020000
3 0.758000 0.676000 0.744000 0.688000 0.744000 0.702000 0.756000 0.718000 0.744000 0.732000 0.738000 0.754000 0.738000 0.858000 0.744000 0.934000 0.774000 0.960000 0.806000 0.970000 0.858000 0.972000 0.894000 0.964000 0.922000 0.946000 0.932000 0.930000 0.936000 0.754000 0.934000 0.740000 0.922000 0.722000 0.922000 0.714000 0.930000 0.704000 0.930000 0.688000 0.922000 0.680000 0.894000 0.674000 0.812000 0.672000
3 0.310000 0.676000 0.298000 0.684000 0.298000 0.704000 0.308000 0.716000 0.292000 0.744000 0.292000 0.894000 0.296000 0.932000 0.324000 0.958000 0.368000 0.972000 0.424000 0.970000 0.458000 0.958000 0.478000 0.942000 0.486000 0.916000 0.488000 0.748000 0.474000 0.720000 0.482000 0.704000 0.482000 0.688000 0.470000 0.678000 0.444000 0.674000 0.358000 0.672000
3 0.532000 0.676000 0.520000 0.688000 0.520000 0.702000 0.530000 0.710000 0.532000 0.718000 0.516000 0.742000 0.516000 0.914000 0.524000 0.938000 0.556000 0.962000 0.594000 0.972000 0.636000 0.972000 0.678000 0.960000 0.704000 0.938000 0.710000 0.908000 0.710000 0.742000 0.698000 0.722000 0.698000 0.714000 0.706000 0.702000 0.704000 0.686000 0.692000 0.678000 0.668000 0.674000 0.578000 0.672000
3 0.084000 0.674000 0.070000 0.688000 0.072000 0.702000 0.082000 0.716000 0.066000 0.742000 0.066000 0.890000 0.070000 0.928000 0.086000 0.948000 0.104000 0.960000 0.130000 0.968000 0.188000 0.970000 0.226000 0.960000 0.252000 0.942000 0.260000 0.920000 0.262000 0.742000 0.248000 0.718000 0.258000 0.702000 0.256000 0.684000 0.244000 0.676000 0.222000 0.672000 0.116000 0.670000
3 0.752000 0.356000 0.744000 0.364000 0.744000 0.378000 0.756000 0.394000 0.742000 0.412000 0.738000 0.430000 0.740000 0.594000 0.746000 0.616000 0.760000 0.630000 0.784000 0.642000 0.818000 0.650000 0.876000 0.648000 0.910000 0.634000 0.928000 0.618000 0.934000 0.592000 0.936000 0.440000 0.932000 0.414000 0.920000 0.396000 0.930000 0.380000 0.928000 0.362000 0.912000 0.354000 0.798000 0.350000
3 0.532000 0.354000 0.520000 0.366000 0.522000 0.382000 0.532000 0.396000 0.516000 0.420000 0.516000 0.598000 0.522000 0.614000 0.540000 0.632000 0.560000 0.642000 0.594000 0.650000 0.650000 0.648000 0.678000 0.638000 0.706000 0.614000 0.710000 0.596000 0.710000 0.418000 0.696000 0.396000 0.706000 0.380000 0.704000 0.362000 0.696000 0.356000 0.676000 0.352000 0.578000 0.350000
3 0.312000 0.352000 0.298000 0.360000 0.298000 0.382000 0.308000 0.396000 0.298000 0.406000 0.292000 0.422000 0.292000 0.584000 0.296000 0.612000 0.318000 0.634000 0.356000 0.648000 0.394000 0.652000 0.428000 0.648000 0.456000 0.638000 0.476000 0.624000 0.486000 0.600000 0.488000 0.432000 0.484000 0.412000 0.472000 0.394000 0.482000 0.382000 0.482000 0.364000 0.472000 0.356000 0.456000 0.352000
3 0.758000 0.026000 0.744000 0.038000 0.744000 0.054000 0.756000 0.068000 0.742000 0.086000 0.738000 0.104000 0.742000 0.284000 0.760000 0.304000 0.794000 0.320000 0.816000 0.324000 0.886000 0.320000 0.924000 0.298000 0.932000 0.282000 0.936000 0.112000 0.934000 0.090000 0.920000 0.070000 0.930000 0.054000 0.930000 0.040000 0.916000 0.028000 0.892000 0.024000
