1 0.622549 0.767974 0.602941 0.767974 0.571078 0.776144 0.524510 0.774510 0.519608 0.777778 0.509804 0.807190 0.514706 0.828431 0.524510 0.841503 0.553922 0.856209 0.583333 0.861111 0.602941 0.859477 0.639706 0.841503 0.651961 0.818627 0.651961 0.797386 0.642157 0.781046
1 0.546569 0.859477 0.517157 0.872549 0.507353 0.890523 0.504902 0.916667 0.519608 0.936275 0.546569 0.954248 0.553922 0.967320 0.568627 0.972222 0.588235 0.972222 0.602941 0.967320 0.612745 0.950980 0.634804 0.936275 0.649510 0.911765 0.639706 0.877451 0.617647 0.862745
1 0.674020 0.862745 0.664216 0.869281 0.654412 0.885621 0.656863 0.921569 0.681373 0.939542 0.705882 0.950980 0.718137 0.968954 0.735294 0.973856 0.752451 0.973856 0.769608 0.965686 0.772059 0.942810 0.796569 0.915033 0.794118 0.885621 0.779412 0.870915 0.725490 0.872549 0.705882 0.869281 0.693627 0.862745
1 0.845588 0.856209 0.813725 0.870915 0.801471 0.892157 0.803922 0.919935 0.823529 0.941176 0.840686 0.950980 0.870098 0.955882 0.887255 0.968954 0.904412 0.972222 0.921569 0.970588 0.936275 0.960784 0.936275 0.939542 0.948529 0.921569 0.946078 0.893791 0.936275 0.880719 0.901961 0.862745
1 0.698529 0.763072 0.669118 0.782680 0.656863 0.802288 0.656863 0.825163 0.664216 0.838235 0.678922 0.852941 0.703431 0.866013 0.723039 0.869281 0.764706 0.866013 0.779412 0.861111 0.799020 0.843137 0.808824 0.818627 0.806373 0.797386 0.789216 0.779412 0.757353 0.763072
1 0.840686 0.763072 0.811275 0.785948 0.821078 0.833333 0.857843 0.852941 0.879902 0.854575 0.906863 0.862745 0.933824 0.859477 0.943627 0.849673 0.950980 0.820261 0.948529 0.795752 0.938725 0.782680 0.904412 0.763072
1 0.541667 0.671569 0.522059 0.679739 0.519608 0.687908 0.497549 0.704248 0.492647 0.714052 0.492647 0.741830 0.504902 0.759804 0.524510 0.769608 0.546569 0.774510 0.583333 0.772876 0.617647 0.763072 0.634804 0.750000 0.644608 0.725490 0.644608 0.705882 0.627451 0.691176 0.622549 0.692810 0.607843 0.686275 0.607843 0.681373 0.598039 0.676471 0.551471 0.674837
1 0.477941 0.671569 0.450980 0.666667 0.433824 0.669935 0.399510 0.668301 0.375000 0.674837 0.360294 0.689542 0.357843 0.710784 0.360294 0.727124 0.384804 0.748366 0.404412 0.754902 0.433824 0.756536 0.468137 0.750000 0.485294 0.740196 0.490196 0.700980 0.485294 0.678105
1 0.698529 0.653595 0.664216 0.673203 0.656863 0.699346 0.659314 0.720588 0.669118 0.732026 0.698529 0.746732 0.757353 0.746732 0.786765 0.730392 0.796569 0.718954 0.794118 0.678105 0.779412 0.665033 0.754902 0.653595
1 0.845588 0.663399 0.835784 0.668301 0.813725 0.704248 0.813725 0.725490 0.821078 0.733660 0.845588 0.748366 0.867647 0.754902 0.909314 0.756536 0.938725 0.751634 0.950980 0.740196 0.955882 0.717320 0.953431 0.694444 0.926471 0.671569 0.904412 0.661765 0.875000 0.658497
1 0.316176 0.859477 0.294118 0.856209 0.250000 0.859477 0.220588 0.875817 0.208333 0.893791 0.208333 0.918301 0.220588 0.934641 0.218137 0.950980 0.230392 0.965686 0.269608 0.965686 0.286765 0.950980 0.301471 0.950980 0.318627 0.944444 0.348039 0.921569 0.352941 0.906863 0.348039 0.882353
1 0.080882 0.047386 0.068627 0.057190 0.066176 0.068627 0.080882 0.091503 0.078431 0.120915 0.088235 0.137255 0.117647 0.155229 0.156863 0.161765 0.205882 0.181373 0.218137 0.166667 0.223039 0.132353 0.215686 0.106209 0.203431 0.088235 0.176471 0.071895 0.137255 0.065359 0.115196 0.047386
1 0.250000 0.039216 0.232843 0.047386 0.227941 0.055556 0.230392 0.083333 0.218137 0.096405 0.225490 0.129085 0.245098 0.145425 0.262255 0.145425 0.303922 0.156863 0.328431 0.158497 0.338235 0.150327 0.348039 0.148693 0.357843 0.135621 0.357843 0.093137 0.328431 0.068627 0.301471 0.062092 0.276961 0.042484
1 0.406863 0.049020 0.392157 0.055556 0.384804 0.081699 0.367647 0.096405 0.365196 0.104575 0.367647 0.132353 0.382353 0.156863 0.389706 0.160131 0.421569 0.156863 0.473039 0.169935 0.485294 0.178105 0.495098 0.178105 0.507353 0.168301 0.500000 0.099673 0.450980 0.066993 0.438725 0.052288
1 0.573529 0.047386 0.524510 0.086601 0.512255 0.104575 0.522059 0.165033 0.536765 0.168301 0.558824 0.158497 0.583333 0.155229 0.617647 0.169935 0.637255 0.171569 0.642157 0.143791 0.649510 0.138889 0.654412 0.116013 0.651961 0.098039 0.639706 0.083333 0.617647 0.068627 0.615196 0.058824 0.602941 0.049020
1 0.764706 0.040850 0.730392 0.040850 0.720588 0.045752 0.710784 0.060458 0.674020 0.080065 0.656863 0.109477 0.659314 0.147059 0.693627 0.129085 0.718137 0.124183 0.740196 0.124183 0.762255 0.129085 0.786765 0.140523 0.791667 0.138889 0.799020 0.124183 0.796569 0.086601 0.779412 0.073529 0.776961 0.052288
1 0.936275 0.042484 0.916667 0.037582 0.892157 0.040850 0.870098 0.058824 0.838235 0.066993 0.816176 0.083333 0.806373 0.099673 0.801471 0.145425 0.808824 0.150327 0.816176 0.168301 0.850490 0.158497 0.877451 0.156863 0.914216 0.148693 0.936275 0.135621 0.950980 0.114379 0.950980 0.093137 0.941176 0.078431 0.943627 0.052288
1 0.767157 0.133987 0.737745 0.127451 0.700980 0.129085 0.674020 0.140523 0.651961 0.165033 0.649510 0.204248 0.654412 0.235294 0.664216 0.250000 0.678922 0.256536 0.759804 0.253268 0.781863 0.232026 0.796569 0.205882 0.799020 0.166667 0.789216 0.148693
1 0.524510 0.176471 0.504902 0.200980 0.504902 0.228758 0.512255 0.245098 0.544118 0.233660 0.566176 0.232026 0.615196 0.238562 0.625000 0.243464 0.637255 0.240196 0.647059 0.217320 0.639706 0.187908 0.622549 0.173203 0.590686 0.158497 0.563725 0.158497
1 0.401961 0.158497 0.387255 0.166667 0.360294 0.194444 0.360294 0.228758 0.367647 0.241830 0.384804 0.256536 0.401961 0.261438 0.473039 0.263072 0.495098 0.250000 0.500000 0.236928 0.497549 0.197712 0.475490 0.176471 0.448529 0.169935 0.428922 0.158497
1 0.237745 0.150327 0.227941 0.158497 0.225490 0.174837 0.215686 0.191176 0.215686 0.210784 0.227941 0.233660 0.254902 0.251634 0.313725 0.254902 0.340686 0.248366 0.355392 0.233660 0.355392 0.194444 0.343137 0.176471 0.316176 0.161765 0.289216 0.156863 0.269608 0.148693
1 0.073529 0.156863 0.063725 0.165033 0.063725 0.184641 0.073529 0.199346 0.075980 0.218954 0.085784 0.225490 0.085784 0.233660 0.107843 0.250000 0.132353 0.256536 0.159314 0.256536 0.191176 0.248366 0.205882 0.238562 0.210784 0.227124 0.208333 0.202614 0.196078 0.184641 0.156863 0.165033 0.127451 0.161765 0.102941 0.153595
1 0.073529 0.263072 0.061275 0.272876 0.061275 0.292484 0.075980 0.326797 0.093137 0.343137 0.125000 0.354575 0.171569 0.354575 0.188725 0.346405 0.208333 0.326797 0.205882 0.290850 0.198529 0.281046 0.181373 0.269608 0.156863 0.261438
1 0.227941 0.267974 0.213235 0.294118 0.213235 0.316993 0.220588 0.331699 0.250000 0.349673 0.269608 0.354575 0.313725 0.356209 0.340686 0.348039 0.355392 0.333333 0.357843 0.305556 0.335784 0.272876 0.318627 0.263072 0.296569 0.258170 0.247549 0.258170
1 0.397059 0.266340 0.372549 0.282680 0.362745 0.300654 0.362745 0.318627 0.372549 0.334967 0.379902 0.339869 0.426471 0.338235 0.477941 0.349673 0.492647 0.341503 0.500000 0.331699 0.500000 0.305556 0.490196 0.284314 0.475490 0.272876 0.453431 0.266340 0.421569 0.263072
1 0.531863 0.238562 0.507353 0.253268 0.500000 0.269608 0.502451 0.303922 0.524510 0.341503 0.546569 0.351307 0.615196 0.356209 0.639706 0.343137 0.651961 0.318627 0.651961 0.279412 0.639706 0.254902 0.615196 0.241830 0.590686 0.235294 0.544118 0.235294
1 0.759804 0.258170 0.725490 0.256536 0.696078 0.261438 0.669118 0.276144 0.656863 0.294118 0.656863 0.330065 0.666667 0.348039 0.683824 0.354575 0.750000 0.352941 0.779412 0.341503 0.796569 0.321895 0.799020 0.290850 0.796569 0.284314
1 0.936275 0.266340 0.916667 0.259804 0.852941 0.263072 0.830882 0.272876 0.813725 0.287582 0.803922 0.312092 0.806373 0.328431 0.816176 0.338235 0.813725 0.343137 0.825980 0.344771 0.835784 0.351307 0.875000 0.354575 0.924020 0.343137 0.941176 0.330065 0.950980 0.315359 0.950980 0.294118
1 0.924020 0.155229 0.911765 0.151961 0.882353 0.155229 0.865196 0.163399 0.838235 0.168301 0.808824 0.194444 0.801471 0.223856 0.808824 0.238562 0.825980 0.248366 0.862745 0.254902 0.889706 0.253268 0.906863 0.248366 0.931373 0.232026 0.938725 0.220588 0.936275 0.168301
1 0.073529 0.374183 0.063725 0.383987 0.063725 0.397059 0.088235 0.429739 0.112745 0.446078 0.142157 0.452614 0.183824 0.450980 0.205882 0.436275 0.213235 0.423203 0.213235 0.395425 0.191176 0.370915 0.151961 0.359477 0.125000 0.359477
1 0.259804 0.361111 0.227941 0.375817 0.220588 0.385621 0.223039 0.421569 0.235294 0.436275 0.316176 0.450980 0.343137 0.437908 0.350490 0.429739 0.338235 0.377451 0.325980 0.366013 0.311275 0.361111
1 0.377451 0.344771 0.352941 0.361111 0.345588 0.372549 0.345588 0.397059 0.352941 0.415033 0.367647 0.429739 0.387255 0.439542 0.419118 0.446078 0.446078 0.444444 0.495098 0.419935 0.500000 0.410131 0.495098 0.372549 0.485294 0.361111 0.460784 0.346405 0.433824 0.341503
1 0.541667 0.364379 0.517157 0.379085 0.507353 0.397059 0.507353 0.419935 0.519608 0.439542 0.549020 0.454248 0.615196 0.454248 0.637255 0.437908 0.647059 0.415033 0.647059 0.392157 0.639706 0.379085 0.622549 0.367647 0.602941 0.361111 0.553922 0.361111
1 0.696078 0.357843 0.674020 0.367647 0.656863 0.383987 0.651961 0.397059 0.651961 0.431373 0.696078 0.450980 0.750000 0.449346 0.776961 0.436275 0.789216 0.421569 0.796569 0.401961 0.794118 0.383987 0.781863 0.370915 0.754902 0.357843
1 0.843137 0.359477 0.813725 0.374183 0.803922 0.387255 0.796569 0.413399 0.799020 0.421569 0.811275 0.434641 0.840686 0.450980 0.894608 0.450980 0.928922 0.433007 0.943627 0.415033 0.943627 0.390523 0.936275 0.375817 0.904412 0.359477
1 0.063725 0.485294 0.061275 0.503268 0.066176 0.511438 0.115196 0.545752 0.127451 0.549020 0.159314 0.549020 0.183824 0.544118 0.193627 0.532680 0.181373 0.500000 0.183824 0.470588 0.169118 0.462418 0.151961 0.457516 0.117647 0.457516 0.098039 0.470588 0.078431 0.475490
1 0.215686 0.454248 0.186275 0.477124 0.186275 0.513072 0.198529 0.531046 0.223039 0.545752 0.267157 0.550654 0.306373 0.545752 0.328431 0.529412 0.343137 0.503268 0.328431 0.470588 0.308824 0.457516 0.284314 0.450980 0.250000 0.447712
1 0.399510 0.467320 0.375000 0.480392 0.360294 0.501634 0.365196 0.529412 0.375000 0.540850 0.394608 0.552288 0.421569 0.558824 0.453431 0.558824 0.482843 0.547386 0.502451 0.529412 0.504902 0.503268 0.500000 0.490196 0.468137 0.468954 0.441176 0.464052
1 0.563725 0.459150 0.539216 0.465686 0.517157 0.483660 0.512255 0.495098 0.514706 0.526144 0.529412 0.542484 0.556373 0.553922 0.607843 0.553922 0.627451 0.545752 0.647059 0.526144 0.651961 0.493464 0.632353 0.470588 0.610294 0.460784 0.585784 0.457516
1 0.752451 0.454248 0.693627 0.455882 0.666667 0.472222 0.656863 0.485294 0.656863 0.524510 0.691176 0.547386 0.718137 0.550654 0.757353 0.545752 0.789216 0.527778 0.796569 0.517974 0.796569 0.480392 0.779412 0.465686
1 0.901961 0.455882 0.875000 0.454248 0.845588 0.457516 0.823529 0.465686 0.803922 0.485294 0.803922 0.519608 0.821078 0.537582 0.843137 0.549020 0.889706 0.550654 0.904412 0.547386 0.936275 0.529412 0.946078 0.517974 0.946078 0.485294 0.938725 0.475490
1 0.125000 0.555556 0.100490 0.565359 0.078431 0.583333 0.063725 0.602941 0.063725 0.616013 0.075980 0.629085 0.095588 0.635621 0.115196 0.648693 0.139706 0.651961 0.164216 0.650327 0.186275 0.642157 0.208333 0.622549 0.213235 0.607843 0.210784 0.586601 0.200980 0.573529 0.174020 0.558824
1 0.267157 0.557190 0.242647 0.565359 0.218137 0.586601 0.215686 0.609477 0.220588 0.625817 0.252451 0.648693 0.272059 0.653595 0.306373 0.653595 0.338235 0.638889 0.348039 0.581699 0.343137 0.573529 0.316176 0.558824 0.294118 0.555556
1 0.382353 0.565359 0.357843 0.578431 0.343137 0.601307 0.343137 0.633987 0.352941 0.647059 0.382353 0.661765 0.441176 0.663399 0.460784 0.651961 0.470588 0.651961 0.490196 0.638889 0.500000 0.622549 0.500000 0.593137 0.492647 0.583333 0.458333 0.565359 0.441176 0.562092
1 0.544118 0.563725 0.524510 0.573529 0.507353 0.593137 0.507353 0.619281 0.519608 0.635621 0.588235 0.651961 0.620098 0.647059 0.647059 0.622549 0.647059 0.594771 0.639706 0.581699 0.622549 0.566993 0.602941 0.560458 0.568627 0.558824
1 0.698529 0.555556 0.681373 0.562092 0.651961 0.586601 0.656863 0.620915 0.671569 0.635621 0.693627 0.645425 0.713235 0.648693 0.754902 0.647059 0.772059 0.640523 0.794118 0.620915 0.794118 0.584967 0.776961 0.566993 0.747549 0.555556
1 0.843137 0.557190 0.811275 0.575163 0.801471 0.586601 0.803922 0.624183 0.838235 0.645425 0.848039 0.645425 0.862745 0.651961 0.897059 0.651961 0.919118 0.643791 0.938725 0.630719 0.948529 0.616013 0.948529 0.594771 0.936275 0.578431 0.914216 0.563725 0.889706 0.557190
1 0.107843 0.656863 0.075980 0.679739 0.058824 0.710784 0.061275 0.727124 0.078431 0.738562 0.100490 0.740196 0.125000 0.748366 0.159314 0.748366 0.188725 0.735294 0.203431 0.722222 0.208333 0.705882 0.203431 0.676471 0.178922 0.658497 0.166667 0.655229 0.125000 0.653595
1 0.186275 0.761438 0.166667 0.754902 0.139706 0.753268 0.125000 0.754902 0.093137 0.769608 0.078431 0.782680 0.063725 0.820261 0.063725 0.839869 0.071078 0.848039 0.088235 0.852941 0.156863 0.849673 0.196078 0.834967 0.208333 0.815359 0.210784 0.790850 0.208333 0.781046
1 0.176471 0.859477 0.156863 0.854575 0.110294 0.857843 0.095588 0.862745 0.073529 0.879085 0.063725 0.893791 0.063725 0.926471 0.056373 0.931373 0.053922 0.941176 0.056373 0.955882 0.071078 0.964052 0.095588 0.964052 0.117647 0.949346 0.156863 0.946078 0.188725 0.928105 0.200980 0.913399 0.203431 0.888889 0.198529 0.877451
1 0.453431 0.861111 0.399510 0.861111 0.375000 0.872549 0.360294 0.888889 0.360294 0.923203 0.382353 0.942810 0.392157 0.967320 0.406863 0.972222 0.433824 0.968954 0.453431 0.952614 0.487745 0.934641 0.500000 0.918301 0.497549 0.887255 0.475490 0.869281
1 0.325980 0.761438 0.308824 0.756536 0.269608 0.758170 0.242647 0.766340 0.223039 0.782680 0.215686 0.815359 0.227941 0.843137 0.240196 0.856209 0.311275 0.854575 0.335784 0.843137 0.355392 0.826797 0.357843 0.790850 0.345588 0.772876
1 0.254902 0.658497 0.218137 0.681373 0.213235 0.718954 0.220588 0.733660 0.242647 0.748366 0.259804 0.753268 0.311275 0.753268 0.338235 0.738562 0.350490 0.723856 0.355392 0.709150 0.350490 0.683007 0.325980 0.663399 0.308824 0.656863
1 0.404412 0.763072 0.375000 0.781046 0.362745 0.808824 0.367647 0.828431 0.377451 0.841503 0.399510 0.857843 0.431373 0.859477 0.468137 0.852941 0.500000 0.831699 0.504902 0.818627 0.500000 0.785948 0.490196 0.776144 0.460784 0.761438
