2 0.721649 0.475000 0.695876 0.496429 0.680412 0.528571 0.675258 0.557143 0.680412 0.617857 0.701031 0.653571 0.726804 0.671429 0.760309 0.675000 0.788660 0.664286 0.819588 0.617857 0.824742 0.592857 0.822165 0.535714 0.801546 0.492857 0.773196 0.471429 0.742268 0.467857
2 0.384021 0.250000 0.360825 0.267857 0.340206 0.303571 0.335052 0.325000 0.337629 0.389286 0.345361 0.410714 0.381443 0.450000 0.430412 0.453571 0.445876 0.446429 0.466495 0.425000 0.479381 0.396429 0.479381 0.310714 0.469072 0.285714 0.438144 0.253571
2 0.541237 0.253571 0.515464 0.275000 0.500000 0.303571 0.494845 0.325000 0.497423 0.396429 0.507732 0.421429 0.530928 0.446429 0.561856 0.457143 0.595361 0.453571 0.610825 0.442857 0.639175 0.396429 0.639175 0.314286 0.623711 0.278571 0.595361 0.253571
2 0.706186 0.250000 0.688144 0.260714 0.659794 0.307143 0.654639 0.335714 0.659794 0.396429 0.675258 0.428571 0.695876 0.446429 0.716495 0.453571 0.762887 0.446429 0.791237 0.414286 0.804124 0.375000 0.806701 0.339286 0.796392 0.292857 0.757732 0.250000
2 0.889175 0.242857 0.850515 0.260714 0.835052 0.282143 0.819588 0.325000 0.819588 0.375000 0.842784 0.425000 0.858247 0.439286 0.907216 0.450000 0.935567 0.435714 0.956186 0.407143 0.969072 0.364286 0.969072 0.321429 0.961340 0.292857 0.935567 0.257143
2 0.064433 0.478571 0.030928 0.528571 0.025773 0.578571 0.033505 0.621429 0.056701 0.657143 0.077320 0.671429 0.126289 0.675000 0.152062 0.660714 0.172680 0.632143 0.182990 0.600000 0.182990 0.546429 0.172680 0.514286 0.141753 0.478571 0.121134 0.467857 0.087629 0.467857
2 0.226804 0.478571 0.203608 0.507143 0.193299 0.539286 0.190722 0.585714 0.195876 0.614286 0.219072 0.653571 0.244845 0.671429 0.280928 0.675000 0.304124 0.664286 0.327320 0.639286 0.342784 0.600000 0.342784 0.550000 0.332474 0.510714 0.314433 0.485714 0.288660 0.467857 0.247423 0.467857
2 0.399485 0.475000 0.378866 0.492857 0.360825 0.525000 0.353093 0.560714 0.358247 0.610714 0.368557 0.635714 0.391753 0.664286 0.420103 0.675000 0.453608 0.671429 0.489691 0.632143 0.500000 0.603571 0.500000 0.542857 0.489691 0.510714 0.461340 0.478571 0.443299 0.471429
2 0.051546 0.035714 0.025773 0.075000 0.018041 0.114286 0.023196 0.167857 0.036082 0.196429 0.069588 0.228571 0.100515 0.239286 0.131443 0.239286 0.167526 0.210714 0.180412 0.182143 0.180412 0.132143 0.167526 0.067857 0.141753 0.035714 0.115979 0.021429 0.082474 0.021429
2 0.569588 0.471429 0.541237 0.489286 0.523196 0.514286 0.512887 0.564286 0.515464 0.603571 0.530928 0.642857 0.548969 0.664286 0.572165 0.675000 0.608247 0.675000 0.631443 0.660714 0.652062 0.632143 0.662371 0.596429 0.662371 0.553571 0.652062 0.514286 0.631443 0.485714 0.608247 0.471429
2 0.216495 0.250000 0.188144 0.275000 0.172680 0.310714 0.170103 0.360714 0.180412 0.403571 0.198454 0.432143 0.221649 0.450000 0.270619 0.453571 0.291237 0.442857 0.317010 0.410714 0.324742 0.382143 0.324742 0.335714 0.311856 0.289286 0.278351 0.250000 0.252577 0.242857
2 0.881443 0.471429 0.845361 0.507143 0.842784 0.535714 0.835052 0.550000 0.840206 0.617857 0.860825 0.650000 0.886598 0.667857 0.935567 0.671429 0.948454 0.664286 0.984536 0.614286 0.989691 0.592857 0.984536 0.521429 0.961340 0.482143 0.943299 0.467857 0.899485 0.464286
2 0.069588 0.696429 0.041237 0.717857 0.025773 0.742857 0.015464 0.775000 0.018041 0.835714 0.046392 0.885714 0.082474 0.907143 0.123711 0.900000 0.159794 0.867857 0.170103 0.846429 0.170103 0.760714 0.149485 0.721429 0.126289 0.700000 0.105670 0.692857
2 0.226804 0.703571 0.203608 0.725000 0.188144 0.757143 0.182990 0.782143 0.188144 0.850000 0.203608 0.878571 0.229381 0.900000 0.252577 0.907143 0.288660 0.900000 0.314433 0.875000 0.327320 0.846429 0.332474 0.814286 0.329897 0.760714 0.311856 0.725000 0.283505 0.700000 0.242268 0.696429
2 0.394330 0.700000 0.373711 0.714286 0.350515 0.757143 0.345361 0.778571 0.350515 0.846429 0.363402 0.875000 0.384021 0.896429 0.399485 0.903571 0.453608 0.896429 0.479381 0.867857 0.494845 0.810714 0.492268 0.760714 0.481959 0.735714 0.448454 0.700000
2 0.561856 0.696429 0.530928 0.717857 0.512887 0.746429 0.505155 0.775000 0.505155 0.821429 0.518041 0.864286 0.533505 0.885714 0.554124 0.900000 0.592784 0.903571 0.621134 0.889286 0.639175 0.867857 0.654639 0.825000 0.654639 0.775000 0.646907 0.746429 0.626289 0.714286 0.595361 0.696429
2 0.713918 0.696429 0.690722 0.714286 0.667526 0.760714 0.662371 0.789286 0.667526 0.835714 0.693299 0.882143 0.713918 0.896429 0.768041 0.896429 0.788660 0.882143 0.814433 0.835714 0.817010 0.792857 0.811856 0.753571 0.793814 0.717857 0.768041 0.696429
2 0.891753 0.689286 0.853093 0.714286 0.829897 0.750000 0.824742 0.775000 0.827320 0.828571 0.853093 0.875000 0.889175 0.896429 0.922680 0.896429 0.951031 0.882143 0.971649 0.853571 0.984536 0.810714 0.984536 0.778571 0.976804 0.746429 0.948454 0.703571 0.922680 0.689286
2 0.226804 0.025000 0.206186 0.042857 0.188144 0.078571 0.188144 0.167857 0.211340 0.210714 0.242268 0.232143 0.286082 0.232143 0.309278 0.217857 0.335052 0.167857 0.337629 0.117857 0.329897 0.075000 0.304124 0.035714 0.273196 0.017857
2 0.373711 0.039286 0.350515 0.082143 0.345361 0.107143 0.350515 0.175000 0.368557 0.210714 0.384021 0.225000 0.412371 0.235714 0.451031 0.235714 0.474227 0.217857 0.492268 0.178571 0.497423 0.132143 0.489691 0.078571 0.469072 0.042857 0.443299 0.025000 0.407216 0.021429
2 0.538660 0.039286 0.523196 0.057143 0.507732 0.092857 0.505155 0.153571 0.512887 0.182143 0.546392 0.225000 0.572165 0.232143 0.615979 0.225000 0.634021 0.203571 0.649485 0.167857 0.652062 0.100000 0.646907 0.078571 0.610825 0.032143 0.569588 0.025000
2 0.726804 0.017857 0.690722 0.039286 0.672680 0.071429 0.662371 0.117857 0.664948 0.164286 0.677835 0.196429 0.698454 0.221429 0.726804 0.232143 0.757732 0.232143 0.773196 0.225000 0.804124 0.185714 0.814433 0.142857 0.814433 0.096429 0.804124 0.060714 0.783505 0.035714 0.750000 0.017857
2 0.865979 0.025000 0.829897 0.071429 0.822165 0.117857 0.827320 0.178571 0.853093 0.217857 0.876289 0.228571 0.912371 0.232143 0.943299 0.217857 0.961340 0.196429 0.976804 0.157143 0.979381 0.096429 0.969072 0.064286 0.948454 0.035714 0.917526 0.017857
2 0.023196 0.275000 0.007732 0.310714 0.005155 0.367857 0.015464 0.403571 0.033505 0.432143 0.056701 0.450000 0.100515 0.453571 0.131443 0.442857 0.146907 0.425000 0.162371 0.389286 0.162371 0.335714 0.152062 0.292857 0.131443 0.264286 0.113402 0.250000 0.061856 0.246429
