1 0.220000 0.486301 0.210625 0.481164 0.186250 0.482021 0.170000 0.479452 0.143125 0.470034 0.123750 0.470034 0.103750 0.477740 0.088125 0.488870 0.076250 0.502568 0.069375 0.514555 0.060000 0.523973 0.053125 0.528253 0.030000 0.526541 0.012500 0.528253 0.000000 0.531678 0.000000 0.644692 0.005000 0.646404 0.030625 0.644692 0.058125 0.636130 0.082500 0.642123 0.088125 0.651541 0.103125 0.663527 0.119375 0.668664 0.132500 0.668664 0.154375 0.663527 0.186250 0.642979 0.190625 0.634418 0.187500 0.627568 0.183125 0.624144 0.175625 0.613014 0.168750 0.591610 0.168750 0.574486 0.173750 0.548801 0.187500 0.529966 0.200625 0.516267 0.209375 0.514555 0.210625 0.512842 0.210625 0.510274 0.218750 0.497432 0.220625 0.491438
1 0.000000 0.000000 0.000000 0.101884 0.017500 0.119007 0.029375 0.125856 0.053125 0.158390 0.059375 0.172089 0.063750 0.193493 0.075000 0.219178 0.084375 0.232877 0.104375 0.250000 0.118125 0.257705 0.133750 0.261986 0.161250 0.261986 0.176250 0.255137 0.183125 0.248288 0.189375 0.246575 0.194375 0.241438 0.202500 0.242295 0.203750 0.244863 0.205625 0.244007 0.205625 0.236301 0.208125 0.232877 0.206875 0.220890 0.208750 0.217466 0.209375 0.177226 0.205625 0.142123 0.198125 0.119007 0.194375 0.111301 0.189375 0.106164 0.184375 0.095034 0.170625 0.080479 0.155000 0.070205 0.136250 0.065925 0.116875 0.065925 0.095625 0.055651 0.081250 0.044521 0.067500 0.024829 0.051875 0.009418 0.042500 0.003425 0.040625 0.000000
1 0.343125 0.515411 0.336250 0.501712 0.329375 0.494007 0.326250 0.487158 0.302500 0.470034 0.286875 0.466610 0.274375 0.466610 0.260000 0.469178 0.251875 0.472603 0.248125 0.476884 0.235625 0.484589 0.224375 0.499144 0.220000 0.501712 0.217500 0.510274 0.214375 0.514555 0.194375 0.523973 0.178125 0.540240 0.171250 0.556507 0.168750 0.573630 0.169375 0.591610 0.172500 0.604452 0.182500 0.621575 0.195000 0.631849 0.210625 0.636130 0.230625 0.636130 0.232500 0.637842 0.233125 0.642979 0.236250 0.646404 0.250000 0.655822 0.263750 0.658390 0.267500 0.661815 0.281875 0.662671 0.303750 0.657534 0.315625 0.645548 0.326875 0.637842 0.337500 0.623288 0.344375 0.607021 0.346250 0.596747 0.348750 0.591610 0.351875 0.561644 0.351250 0.547089
1 0.421250 0.464041 0.400000 0.470034 0.383125 0.483733 0.374375 0.494863 0.360000 0.523973 0.355625 0.547089 0.354375 0.572774 0.356250 0.588185 0.361250 0.605308 0.368125 0.621575 0.381250 0.640411 0.389375 0.648116 0.403125 0.656678 0.425625 0.661815 0.435625 0.661815 0.451875 0.656678 0.470625 0.641267 0.483750 0.623288 0.491250 0.607877 0.497500 0.583904 0.499375 0.570205 0.499375 0.545377 0.491875 0.516267 0.484375 0.500856 0.473125 0.485445 0.458750 0.473459 0.441250 0.464897
1 0.326250 0.692637 0.316875 0.683219 0.306250 0.678082 0.300625 0.672945 0.285625 0.669521 0.260000 0.672089 0.252500 0.675514 0.235000 0.688356 0.213750 0.720890 0.204375 0.744863 0.202500 0.784247 0.201250 0.787671 0.172500 0.821918 0.166875 0.838185 0.164375 0.849315 0.165000 0.872432 0.168125 0.884418 0.173125 0.895548 0.180625 0.904966 0.188750 0.910959 0.196250 0.913527 0.216875 0.913527 0.225000 0.910103 0.240625 0.897260 0.260000 0.872432 0.286875 0.873288 0.303125 0.866438 0.312500 0.859589 0.326875 0.843322 0.336250 0.827055 0.345000 0.802226 0.350000 0.780822 0.350625 0.769692 0.349375 0.748288 0.343750 0.724315 0.336250 0.708048
1 0.444375 0.671233 0.436250 0.668664 0.416250 0.669521 0.405625 0.672945 0.390625 0.681507 0.375000 0.696062 0.364375 0.716610 0.360625 0.720890 0.355000 0.740582 0.352500 0.757705 0.352500 0.784247 0.356875 0.803938 0.365625 0.817637 0.363125 0.840753 0.363125 0.858733 0.365000 0.870719 0.368750 0.882705 0.375625 0.895548 0.384375 0.904110 0.390625 0.907534 0.399375 0.910103 0.408750 0.910103 0.420000 0.906678 0.428125 0.901541 0.437500 0.889555 0.443125 0.878425 0.446250 0.867295 0.450000 0.862158 0.460625 0.857877 0.476875 0.840753 0.491250 0.810788 0.498125 0.787671 0.499375 0.773116 0.498750 0.754281 0.491250 0.720890 0.483750 0.706336 0.469375 0.687500 0.458750 0.678938
1 0.540625 0.671233 0.532500 0.678082 0.516875 0.697774 0.510000 0.711473 0.506875 0.724315 0.503750 0.730308 0.501875 0.744863 0.501875 0.772260 0.504375 0.787671 0.508750 0.802226 0.517500 0.821918 0.525625 0.835616 0.540000 0.850171 0.560625 0.860445 0.571250 0.880993 0.578750 0.888699 0.587500 0.894692 0.598750 0.898116 0.615000 0.897260 0.623125 0.892123 0.631250 0.884418 0.636250 0.876712 0.642500 0.863014 0.645000 0.849315 0.645000 0.828767 0.640000 0.798801 0.642500 0.795377 0.646250 0.781678 0.646875 0.755137 0.645000 0.736301 0.639375 0.715753 0.623750 0.686644 0.608750 0.672945 0.599375 0.666952 0.581250 0.660959 0.563125 0.660959
1 0.563750 0.459760 0.540625 0.469178 0.525000 0.484589 0.515625 0.499144 0.508750 0.513699 0.503125 0.537671 0.501875 0.547945 0.502500 0.572774 0.508125 0.597603 0.512500 0.608733 0.520000 0.623288 0.531875 0.639555 0.556250 0.654966 0.563125 0.656678 0.583125 0.656678 0.600000 0.651541 0.608750 0.646404 0.623750 0.632705 0.625625 0.626712 0.633125 0.617295 0.641250 0.599315 0.645625 0.582192 0.647500 0.561644 0.646875 0.547089 0.641875 0.520548 0.638125 0.509418 0.631875 0.495719 0.617500 0.477740 0.606250 0.469178 0.590000 0.461473
1 0.655000 0.510274 0.650000 0.531678 0.650000 0.560788 0.656875 0.595890 0.665000 0.614726 0.673750 0.627568 0.682500 0.636130 0.696875 0.646404 0.716875 0.652397 0.725000 0.652397 0.745000 0.647260 0.758125 0.639555 0.775625 0.621575 0.799375 0.623288 0.818125 0.616438 0.831250 0.599315 0.835000 0.589897 0.837500 0.575342 0.837500 0.558219 0.835000 0.542808 0.826875 0.527397 0.821250 0.523116 0.818125 0.517979 0.802500 0.509418 0.784375 0.508562 0.781250 0.495719 0.775000 0.484589 0.764375 0.472603 0.747500 0.459760 0.730000 0.453767 0.711875 0.453767 0.689375 0.461473 0.684375 0.466610 0.680000 0.468322 0.671250 0.477740 0.658125 0.501712
1 0.673125 0.684075 0.664375 0.696062 0.656250 0.711473 0.651250 0.726027 0.649375 0.736301 0.649375 0.775685 0.657500 0.803938 0.672500 0.834760 0.689375 0.851884 0.702500 0.859589 0.716875 0.863014 0.735625 0.862158 0.741250 0.859589 0.747500 0.860445 0.759375 0.878425 0.766875 0.886130 0.781250 0.897260 0.790625 0.901541 0.803125 0.902397 0.819375 0.897260 0.833750 0.880993 0.840000 0.863014 0.841250 0.851027 0.840000 0.836473 0.836250 0.818493 0.824375 0.797945 0.796875 0.771404 0.793750 0.756849 0.794375 0.744863 0.789375 0.720034 0.778750 0.699486 0.764375 0.680651 0.747500 0.667808 0.724375 0.661815 0.710625 0.661815 0.696875 0.665240 0.686875 0.671233
1 0.812500 0.690068 0.810000 0.698630 0.805000 0.704623 0.802500 0.714897 0.797500 0.724315 0.796875 0.760274 0.799375 0.768836 0.806250 0.778253 0.818125 0.788527 0.832500 0.807363 0.839375 0.823630 0.841875 0.847603 0.845625 0.857877 0.868125 0.867295 0.888125 0.866438 0.903125 0.859589 0.911875 0.861301 0.931875 0.871575 0.942500 0.875000 0.954375 0.888699 0.979375 0.904110 0.993750 0.909247 1.000000 0.908390 1.000000 0.786815 0.995000 0.782534 0.985625 0.779966 0.971250 0.772260 0.948750 0.750000 0.941250 0.738014 0.935625 0.719178 0.930000 0.708048 0.915000 0.688356 0.893750 0.672945 0.870625 0.664384 0.843750 0.664384 0.828750 0.671233
1 0.809375 0.500856 0.808750 0.506849 0.813750 0.513699 0.819375 0.515411 0.828125 0.525685 0.835000 0.538527 0.839375 0.552226 0.840625 0.576199 0.838125 0.581336 0.836875 0.590753 0.828750 0.607877 0.815000 0.625856 0.815000 0.628425 0.822500 0.636986 0.837500 0.650685 0.845000 0.654966 0.861250 0.659247 0.881875 0.659247 0.892500 0.654966 0.904375 0.647260 0.915000 0.634418 0.922500 0.630993 0.937500 0.628425 0.950625 0.628425 0.955000 0.631849 0.970000 0.636130 0.985625 0.637842 1.000000 0.636986 1.000000 0.525685 0.975625 0.521404 0.950000 0.522260 0.934375 0.514555 0.925625 0.507705 0.915625 0.497432 0.911250 0.488014 0.905625 0.485445 0.896875 0.476027 0.888125 0.470890 0.870000 0.465753 0.845000 0.470034 0.829375 0.477740 0.813750 0.492295
1 0.392500 0.257705 0.383750 0.264555 0.375625 0.275685 0.368750 0.297945 0.367500 0.310788 0.360625 0.329623 0.357500 0.352740 0.357500 0.369007 0.359375 0.387842 0.361875 0.398116 0.368125 0.414384 0.375000 0.427226 0.383125 0.437500 0.399375 0.450342 0.416250 0.457192 0.441250 0.458904 0.456875 0.453767 0.463750 0.446918 0.469375 0.444349 0.471250 0.440068 0.476250 0.437500 0.484375 0.426370 0.491250 0.413527 0.496875 0.397260 0.500000 0.381849 0.500625 0.357021 0.499375 0.339897 0.495625 0.321918 0.483750 0.295377 0.473750 0.282534 0.464375 0.274829 0.451250 0.267123 0.445000 0.266267 0.418750 0.255993 0.400000 0.255137
1 0.620625 0.250000 0.611875 0.246575 0.595000 0.247432 0.588125 0.250000 0.576250 0.258562 0.565625 0.258562 0.548125 0.264555 0.532500 0.275685 0.524375 0.285959 0.514375 0.304795 0.508125 0.323630 0.505000 0.347603 0.505000 0.374144 0.506875 0.391267 0.510000 0.404110 0.535000 0.438356 0.545625 0.446062 0.562500 0.453767 0.580625 0.453767 0.594375 0.451199 0.606875 0.445205 0.622500 0.432363 0.631875 0.419521 0.638750 0.405822 0.644375 0.389555 0.648750 0.369007 0.648125 0.340753 0.645000 0.331336 0.647500 0.306507 0.646875 0.291096 0.637500 0.267123 0.631250 0.258562
1 0.832500 0.260274 0.824375 0.248288 0.811875 0.235445 0.800625 0.232021 0.789375 0.232021 0.776875 0.235445 0.771250 0.240582 0.765625 0.242295 0.762500 0.247432 0.758750 0.248288 0.753125 0.253425 0.738125 0.246575 0.711875 0.245719 0.695625 0.249144 0.680625 0.258562 0.667500 0.274829 0.658750 0.290240 0.652500 0.316781 0.651250 0.361301 0.652500 0.375000 0.656875 0.389555 0.672500 0.418664 0.693750 0.437500 0.711250 0.441781 0.728750 0.441781 0.741250 0.439212 0.758750 0.428938 0.771875 0.415240 0.779375 0.403253 0.787500 0.380993 0.792500 0.355308 0.818125 0.334760 0.828125 0.321062 0.832500 0.311644 0.836250 0.296233 0.836250 0.273973
1 1.000000 0.257705 0.995000 0.255993 0.978750 0.257705 0.954375 0.265411 0.943125 0.273973 0.936250 0.276541 0.911875 0.279966 0.896875 0.279110 0.889375 0.270548 0.878750 0.264555 0.864375 0.262842 0.845000 0.265411 0.839375 0.272260 0.838125 0.294521 0.835000 0.310788 0.828750 0.321062 0.826875 0.327055 0.817500 0.338185 0.798750 0.351884 0.795000 0.360445 0.792500 0.380993 0.790000 0.390411 0.790000 0.398116 0.786875 0.405822 0.790000 0.410103 0.793750 0.410959 0.798125 0.415240 0.799375 0.420377 0.803125 0.425514 0.801875 0.427226 0.796875 0.425514 0.795625 0.423801 0.796250 0.420377 0.791250 0.415240 0.788125 0.417808 0.783750 0.413527 0.780000 0.417808 0.775625 0.416096 0.774375 0.420377 0.768125 0.425514 0.763750 0.434075 0.760000 0.434932 0.756875 0.439212 0.758750 0.449486 0.767500 0.456336 0.771250 0.454623 0.771250 0.458904 0.776250 0.463185 0.780625 0.463185 0.786250 0.453767 0.789375 0.452911 0.789375 0.448630 0.791250 0.447774 0.790625 0.443493 0.795000 0.439212 0.801875 0.444349 0.804375 0.444349 0.805000 0.441781 0.802500 0.441781 0.801875 0.440068 0.803750 0.438356 0.806250 0.439212 0.809375 0.433219 0.811875 0.437500 0.816875 0.439212 0.820625 0.446062 0.825000 0.446918 0.831250 0.452911 0.861250 0.459760 0.873125 0.459760 0.892500 0.452911 0.905000 0.444349 0.920000 0.428938 0.930000 0.412671 0.933750 0.401541 0.946250 0.387842 0.960625 0.378425 0.988125 0.373288 1.000000 0.368151
1 1.000000 0.000000 0.962500 0.000000 0.960625 0.003425 0.944375 0.015411 0.928750 0.035959 0.896250 0.058219 0.881875 0.065068 0.870625 0.065925 0.860625 0.064212 0.845625 0.067637 0.828125 0.077911 0.819375 0.086473 0.806875 0.106164 0.796875 0.126712 0.792500 0.151541 0.791250 0.182363 0.793750 0.199486 0.798750 0.216610 0.806875 0.228596 0.818750 0.236301 0.836250 0.255993 0.846875 0.259418 0.866875 0.259418 0.876875 0.256849 0.892500 0.249144 0.904375 0.241438 0.908125 0.236301 0.912500 0.233733 0.928125 0.209760 0.934375 0.190925 0.937500 0.176370 0.945625 0.160959 0.971250 0.125000 0.985625 0.116438 0.990000 0.115582 0.998125 0.107021 1.000000 0.107021
1 0.833125 0.000000 0.751875 0.000000 0.741875 0.029966 0.733750 0.038527 0.716875 0.047945 0.704375 0.050514 0.690000 0.057363 0.674375 0.071062 0.664375 0.086473 0.656250 0.103596 0.650000 0.126712 0.647500 0.167808 0.650000 0.184075 0.655000 0.192637 0.657500 0.202055 0.665625 0.215753 0.670000 0.218322 0.674375 0.225171 0.683125 0.232021 0.699375 0.238014 0.703750 0.241438 0.730625 0.241438 0.748125 0.234589 0.752500 0.228596 0.766250 0.218322 0.777500 0.204623 0.784375 0.190068 0.784375 0.185788 0.786250 0.182363 0.791250 0.142979 0.791250 0.130993 0.796250 0.112158 0.804375 0.095034 0.819375 0.075342 0.830625 0.053082 0.835625 0.037671 0.836875 0.011986
1 0.638125 0.000000 0.563125 0.000000 0.559375 0.022260 0.551875 0.048801 0.545000 0.055651 0.533125 0.063356 0.516250 0.087329 0.509375 0.103596 0.503750 0.127568 0.501875 0.141267 0.502500 0.157534 0.508750 0.187500 0.513125 0.194349 0.515000 0.201199 0.525625 0.216610 0.528750 0.218322 0.533750 0.225171 0.546875 0.233733 0.553750 0.234589 0.558750 0.238014 0.578125 0.238870 0.580000 0.237158 0.592500 0.236301 0.603750 0.228596 0.608125 0.227740 0.620625 0.217466 0.636875 0.187500 0.643750 0.160103 0.645625 0.136986 0.643750 0.119007 0.639375 0.105308 0.633125 0.096747 0.631250 0.084760 0.632500 0.073630 0.639375 0.054795 0.641250 0.037671 0.641875 0.012842 0.640625 0.005137
1 0.388750 0.000000 0.376875 0.012842 0.372500 0.029110 0.370000 0.033390 0.368750 0.041096 0.368750 0.062500 0.371875 0.084760 0.375625 0.096747 0.375625 0.102740 0.373125 0.114726 0.363125 0.127568 0.360625 0.134418 0.358125 0.149829 0.360000 0.182363 0.365625 0.207192 0.368750 0.216610 0.376250 0.231164 0.383750 0.241438 0.392500 0.249144 0.420625 0.252568 0.438750 0.257705 0.453125 0.255137 0.466250 0.249144 0.470000 0.242295 0.482500 0.232877 0.486250 0.220034 0.490625 0.215753 0.498750 0.184932 0.499375 0.144692 0.494375 0.123288 0.482500 0.098459 0.466250 0.078767 0.460625 0.075342 0.457500 0.071062 0.448750 0.029966 0.443750 0.016267 0.435000 0.004281 0.429375 0.002568 0.428125 0.000000
1 0.188750 0.701199 0.181250 0.695205 0.173750 0.684932 0.153750 0.672945 0.126250 0.671233 0.102500 0.679795 0.091250 0.688356 0.087500 0.689212 0.071250 0.704623 0.059375 0.726027 0.055000 0.736301 0.052500 0.749144 0.044375 0.764555 0.041250 0.765411 0.037500 0.770548 0.033125 0.773116 0.028750 0.780822 0.025000 0.781678 0.021250 0.787671 0.013750 0.791096 0.008750 0.791096 0.000000 0.797089 0.000000 0.910959 0.005625 0.907534 0.009375 0.912671 0.018750 0.912671 0.036875 0.905822 0.048125 0.896404 0.055625 0.886986 0.063125 0.881849 0.088125 0.870719 0.095625 0.869007 0.108750 0.875856 0.127500 0.876712 0.144375 0.873288 0.157500 0.864726 0.161875 0.856164 0.165625 0.837329 0.174375 0.815925 0.194375 0.792808 0.199375 0.780822 0.201875 0.738870 0.195000 0.715753 0.188125 0.704623
1 0.180000 0.279110 0.173125 0.298801 0.173750 0.321918 0.179375 0.339897 0.190000 0.356164 0.203750 0.367295 0.211250 0.377568 0.214375 0.395548 0.223125 0.420377 0.235000 0.437500 0.243750 0.446062 0.263125 0.457192 0.283125 0.461473 0.296250 0.460616 0.312500 0.454623 0.328125 0.442637 0.336250 0.433219 0.343750 0.419521 0.346250 0.409247 0.350000 0.404110 0.353125 0.389555 0.354375 0.368151 0.351875 0.334760 0.345000 0.315068 0.344375 0.309075 0.338750 0.297945 0.318125 0.274829 0.297500 0.264555 0.273125 0.262842 0.259375 0.265411 0.255000 0.268836 0.248125 0.267123 0.236875 0.259418 0.225000 0.254281 0.210625 0.254281 0.195625 0.260274 0.189375 0.265411
1 0.188750 0.004281 0.181250 0.016267 0.176875 0.028253 0.175000 0.042808 0.176250 0.060788 0.181875 0.081336 0.190000 0.097603 0.204375 0.118151 0.210000 0.132705 0.211875 0.143836 0.212500 0.175514 0.213750 0.186644 0.217500 0.200342 0.216875 0.204623 0.227500 0.226884 0.244375 0.248288 0.259375 0.255137 0.272500 0.257705 0.287500 0.256849 0.289375 0.258562 0.307500 0.255993 0.321250 0.248288 0.328125 0.240582 0.330000 0.235445 0.335000 0.233733 0.343750 0.220034 0.345000 0.212329 0.349375 0.207192 0.356250 0.184075 0.355000 0.152397 0.349375 0.126712 0.340000 0.103596 0.328125 0.087329 0.311250 0.071918 0.283750 0.063356 0.276250 0.058219 0.269375 0.049658 0.264375 0.035959 0.253125 0.016267 0.236875 0.000000 0.193125 0.000000 0.191250 0.003425
1 0.000000 0.258562 0.000000 0.363014 0.021250 0.373288 0.052500 0.378425 0.065000 0.396404 0.067500 0.404966 0.080000 0.428938 0.095625 0.446062 0.102500 0.451199 0.126875 0.460616 0.143750 0.461473 0.154375 0.459760 0.173750 0.451199 0.188750 0.436644 0.195625 0.427226 0.196250 0.423801 0.202500 0.416952 0.208125 0.395548 0.206875 0.376712 0.201250 0.367295 0.191250 0.359589 0.175625 0.334760 0.171250 0.317637 0.170000 0.285959 0.166250 0.283390 0.165000 0.279966 0.158125 0.277397 0.153750 0.270548 0.146250 0.267979 0.125625 0.267979 0.111250 0.272260 0.108125 0.275685 0.101250 0.278253 0.086250 0.278253 0.070000 0.275685 0.053125 0.263699 0.026875 0.255137 0.015625 0.254281
