0 0.820513 0.089286 0.807692 0.100000 0.802564 0.157143 0.751282 0.189286 0.751282 0.214286 0.782051 0.217857 0.789744 0.228571 0.792308 0.282143 0.851282 0.317857 0.884615 0.271429 0.912821 0.250000 0.915385 0.217857 0.900000 0.189286 0.851282 0.157143 0.851282 0.096429
0 0.428205 0.164286 0.415385 0.175000 0.412821 0.239286 0.366667 0.271429 0.351282 0.307143 0.351282 0.332143 0.358974 0.375000 0.430769 0.421429 0.441026 0.421429 0.474359 0.364286 0.515385 0.339286 0.523077 0.328571 0.525641 0.307143 0.523077 0.267857 0.464103 0.228571 0.458974 0.171429
0 0.351282 0.085714 0.325641 0.085714 0.315385 0.096429 0.317949 0.142857 0.312821 0.157143 0.279487 0.178571 0.266667 0.196429 0.258974 0.257143 0.266667 0.275000 0.312821 0.307143 0.346154 0.307143 0.374359 0.260714 0.407692 0.246429 0.415385 0.228571 0.412821 0.178571 0.364103 0.139286 0.358974 0.092857
0 0.900000 0.500000 0.866667 0.496429 0.853846 0.503571 0.848718 0.564286 0.841026 0.575000 0.815385 0.578571 0.787179 0.600000 0.743590 0.667857 0.743590 0.714286 0.756410 0.760714 0.748718 0.835714 0.751282 0.857143 0.812821 0.914286 0.830769 0.853571 0.856410 0.814286 0.887179 0.789286 0.935897 0.767857 0.946154 0.750000 0.951282 0.717857 0.961538 0.703571 0.994872 0.700000 1.000000 0.692857 1.000000 0.660714 0.976923 0.617857 0.910256 0.571429 0.912821 0.521429
0 1.000000 0.703571 0.958974 0.707143 0.951282 0.721429 0.951282 0.750000 0.943590 0.771429 0.892308 0.789286 0.856410 0.821429 0.828205 0.867857 0.823077 0.925000 1.000000 0.928571
0 0.574359 0.917857 0.576923 0.928571 0.805128 0.928571 0.805128 0.917857 0.771795 0.885714 0.725641 0.860714 0.720513 0.850000 0.720513 0.810714 0.700000 0.789286 0.669231 0.789286 0.658974 0.796429 0.651282 0.817857 0.651282 0.853571 0.605128 0.878571
0 0.233333 0.482143 0.202564 0.482143 0.187179 0.496429 0.187179 0.560714 0.148718 0.589286 0.105128 0.660714 0.097436 0.689286 0.100000 0.721429 0.110256 0.750000 0.169231 0.789286 0.197436 0.832143 0.207692 0.828571 0.223077 0.792857 0.253846 0.750000 0.300000 0.714286 0.307692 0.657143 0.341026 0.632143 0.338462 0.607143 0.323077 0.585714 0.289744 0.564286 0.253846 0.553571 0.246154 0.542857 0.243590 0.496429
0 0.502564 0.407143 0.484615 0.407143 0.466667 0.421429 0.466667 0.478571 0.415385 0.514286 0.376923 0.585714 0.376923 0.625000 0.392308 0.700000 0.448718 0.728571 0.471795 0.757143 0.476923 0.757143 0.476923 0.746429 0.525641 0.671429 0.587179 0.625000 0.587179 0.585714 0.602564 0.560714 0.602564 0.539286 0.589744 0.514286 0.530769 0.485714 0.523077 0.475000 0.520513 0.421429
0 0.728205 0.350000 0.710256 0.360714 0.707692 0.414286 0.700000 0.428571 0.658974 0.446429 0.633333 0.478571 0.617949 0.517857 0.617949 0.550000 0.648718 0.575000 0.653846 0.585714 0.653846 0.628571 0.658974 0.635714 0.733333 0.675000 0.779487 0.603571 0.828205 0.571429 0.843590 0.553571 0.843590 0.510714 0.833333 0.478571 0.820513 0.460714 0.766667 0.432143 0.758974 0.417857 0.758974 0.364286 0.748718 0.353571
0 0.953846 0.300000 0.938462 0.307143 0.933333 0.317857 0.935897 0.346429 0.930769 0.371429 0.876923 0.392857 0.846154 0.432143 0.838462 0.478571 0.846154 0.503571 0.866667 0.496429 0.902564 0.503571 0.912821 0.517857 0.912821 0.567857 0.974359 0.610714 1.000000 0.553571 1.000000 0.389286 0.984615 0.378571 0.984615 0.314286
0 0.102564 0.360714 0.076923 0.364286 0.056410 0.382143 0.056410 0.442857 0.015385 0.478571 0.000000 0.535714 0.000000 0.657143 0.015385 0.685714 0.053846 0.685714 0.082051 0.710714 0.092308 0.696429 0.102564 0.650000 0.148718 0.585714 0.184615 0.557143 0.184615 0.503571 0.194872 0.478571 0.158974 0.446429 0.120513 0.435714 0.112821 0.421429 0.112821 0.371429
0 0.310256 0.314286 0.297436 0.328571 0.297436 0.385714 0.248718 0.428571 0.238462 0.482143 0.253846 0.542857 0.315385 0.575000 0.348718 0.617857 0.366667 0.625000 0.366667 0.603571 0.376923 0.567857 0.428205 0.496429 0.433333 0.442857 0.417949 0.414286 0.392308 0.396429 0.358974 0.385714 0.351282 0.375000 0.351282 0.339286 0.343590 0.317857
0 0.535897 0.264286 0.525641 0.275000 0.523077 0.335714 0.487179 0.357143 0.458974 0.389286 0.446154 0.432143 0.446154 0.457143 0.451282 0.467857 0.461538 0.467857 0.458974 0.428571 0.479487 0.407143 0.505128 0.407143 0.523077 0.428571 0.523077 0.467857 0.530769 0.482143 0.602564 0.521429 0.653846 0.446429 0.656410 0.417857 0.651282 0.392857 0.638462 0.367857 0.584615 0.339286 0.576923 0.328571 0.576923 0.278571 0.571795 0.267857
0 0.751282 0.214286 0.738462 0.232143 0.741026 0.275000 0.728205 0.289286 0.689744 0.307143 0.666667 0.339286 0.656410 0.367857 0.658974 0.407143 0.671795 0.432143 0.694872 0.428571 0.702564 0.421429 0.707692 0.364286 0.723077 0.350000 0.741026 0.350000 0.761538 0.371429 0.761538 0.417857 0.766667 0.428571 0.828205 0.457143 0.866667 0.403571 0.869231 0.375000 0.843590 0.317857 0.789744 0.285714 0.787179 0.221429
0 0.989744 0.182143 0.953846 0.178571 0.946154 0.185714 0.946154 0.232143 0.935897 0.250000 0.907692 0.257143 0.882051 0.275000 0.866667 0.296429 0.858974 0.317857 0.858974 0.339286 0.876923 0.389286 0.925641 0.375000 0.930769 0.367857 0.933333 0.314286 0.951282 0.300000 0.974359 0.303571 0.987179 0.317857 0.987179 0.375000 1.000000 0.385714 1.000000 0.260714 0.992308 0.250000 0.994872 0.189286
0 0.241026 0.210714 0.205128 0.217857 0.202564 0.282143 0.174359 0.303571 0.141026 0.350000 0.128205 0.385714 0.128205 0.407143 0.135897 0.428571 0.205128 0.478571 0.223077 0.475000 0.256410 0.414286 0.294872 0.385714 0.294872 0.342857 0.307692 0.314286 0.292308 0.292857 0.264103 0.282143 0.253846 0.267857 0.251282 0.228571
0 0.158974 0.125000 0.125641 0.125000 0.120513 0.132143 0.120513 0.196429 0.079487 0.228571 0.053846 0.282143 0.053846 0.303571 0.069231 0.328571 0.115385 0.360714 0.130769 0.360714 0.169231 0.307143 0.194872 0.289286 0.202564 0.275000 0.202564 0.210714 0.179487 0.200000 0.169231 0.185714 0.164103 0.132143
0 0.010256 0.700000 0.002564 0.714286 0.000000 0.925000 0.161538 0.925000 0.187179 0.867857 0.187179 0.835714 0.171795 0.803571 0.135897 0.775000 0.079487 0.757143 0.071795 0.742857 0.069231 0.703571 0.061538 0.692857 0.028205 0.689286
0 0.694872 0.017857 0.687179 0.025000 0.687179 0.071429 0.682051 0.085714 0.641026 0.117857 0.658974 0.132143 0.661538 0.175000 0.671795 0.196429 0.728205 0.228571 0.748718 0.207143 0.748718 0.192857 0.758974 0.178571 0.787179 0.157143 0.787179 0.128571 0.771795 0.107143 0.728205 0.082143 0.728205 0.028571 0.723077 0.021429
0 0.628205 0.121429 0.612821 0.135714 0.610256 0.192857 0.561538 0.228571 0.551282 0.257143 0.576923 0.278571 0.582051 0.332143 0.648718 0.360714 0.676923 0.317857 0.725641 0.282143 0.728205 0.246429 0.710256 0.217857 0.661538 0.189286 0.658974 0.132143 0.653846 0.125000
0 0.015385 0.250000 0.000000 0.250000 0.000000 0.500000 0.028205 0.460714 0.053846 0.442857 0.058974 0.378571 0.087179 0.357143 0.076923 0.335714 0.038462 0.317857 0.038462 0.275000
0 0.207692 0.839286 0.207692 0.889286 0.217949 0.925000 0.323077 0.928571 0.346154 0.889286 0.374359 0.882143 0.394872 0.892857 0.407692 0.925000 0.458974 0.928571 0.476923 0.914286 0.484615 0.882143 0.482051 0.807143 0.466667 0.760714 0.441026 0.732143 0.376923 0.707143 0.369231 0.653571 0.351282 0.639286 0.330769 0.639286 0.312821 0.650000 0.307692 0.660714 0.305128 0.717857 0.258974 0.750000 0.225641 0.796429
0 0.633333 0.564286 0.605128 0.564286 0.594872 0.571429 0.589744 0.582143 0.587179 0.632143 0.525641 0.678571 0.492308 0.728571 0.484615 0.753571 0.492308 0.825000 0.489744 0.925000 0.541026 0.928571 0.564103 0.921429 0.589744 0.885714 0.612821 0.867857 0.643590 0.857143 0.648718 0.850000 0.651282 0.810714 0.669231 0.789286 0.687179 0.785714 0.712821 0.796429 0.725641 0.817857 0.728205 0.839286 0.748718 0.814286 0.748718 0.760714 0.733333 0.692857 0.717949 0.671429 0.656410 0.639286 0.648718 0.628571 0.648718 0.578571
0 0.512821 0.050000 0.505128 0.060714 0.505128 0.110714 0.494872 0.125000 0.466667 0.139286 0.458974 0.167857 0.469231 0.232143 0.533333 0.264286 0.546154 0.257143 0.569231 0.217857 0.600000 0.200000 0.610256 0.182143 0.610256 0.157143 0.602564 0.142857 0.548718 0.110714 0.546154 0.057143 0.541026 0.050000
0 0.271795 0.014286 0.248718 0.014286 0.241026 0.028571 0.241026 0.078571 0.194872 0.117857 0.182051 0.160714 0.187179 0.189286 0.205128 0.203571 0.238462 0.207143 0.256410 0.221429 0.279487 0.178571 0.315385 0.150000 0.315385 0.096429 0.287179 0.071429 0.282051 0.025000
0 0.856410 0.000000 0.851282 0.046429 0.838462 0.060714 0.812821 0.071429 0.797436 0.085714 0.797436 0.096429 0.802564 0.100000 0.815385 0.089286 0.846154 0.092857 0.853846 0.107143 0.853846 0.157143 0.884615 0.178571 0.902564 0.182143 0.928205 0.142857 0.951282 0.125000 0.951282 0.100000 0.943590 0.082143 0.897436 0.050000 0.894872 0.000000
0 0.084615 0.046429 0.056410 0.057143 0.053846 0.117857 0.017949 0.146429 0.000000 0.185714 0.000000 0.235714 0.046154 0.275000 0.084615 0.221429 0.115385 0.200000 0.120513 0.189286 0.123077 0.125000 0.102564 0.110714 0.094872 0.089286 0.094872 0.057143
0 0.420513 0.000000 0.417949 0.039286 0.371795 0.078571 0.366667 0.125000 0.376923 0.146429 0.407692 0.164286 0.456410 0.160714 0.466667 0.139286 0.502564 0.114286 0.505128 0.078571 0.500000 0.064286 0.461538 0.035714 0.458974 0.000000
