2 0.515833 0.368106 0.509167 0.376499 0.501667 0.398082 0.500833 0.607914 0.516667 0.621103 0.547500 0.628297 0.565833 0.625899 0.585000 0.617506 0.592500 0.609113 0.594167 0.592326 0.594167 0.502398 0.595833 0.468825 0.595833 0.402878 0.585833 0.374101 0.577500 0.368106 0.551667 0.365707
2 0.814167 0.374101 0.803333 0.407674 0.800833 0.571942 0.801667 0.617506 0.812500 0.625899 0.850833 0.640288 0.879167 0.640288 0.898333 0.630695 0.904167 0.619904 0.905833 0.607914 0.910000 0.425659 0.909167 0.410072 0.901667 0.387290 0.900000 0.375300 0.896667 0.371703 0.865000 0.369305 0.839167 0.369305
2 0.799167 0.627098 0.776667 0.637890 0.760000 0.642686 0.751667 0.652278 0.747500 0.664269 0.748333 0.780576 0.746667 0.875300 0.752500 0.890887 0.757500 0.898082 0.767500 0.905276 0.791667 0.914868 0.819167 0.916067 0.836667 0.910072 0.842500 0.904077 0.845000 0.896882 0.845000 0.821343 0.847500 0.780576 0.849167 0.675060 0.846667 0.664269 0.835833 0.640288 0.825000 0.634293
2 0.784167 0.371703 0.762500 0.369305 0.712500 0.372902 0.704167 0.382494 0.700000 0.394484 0.700000 0.616307 0.706667 0.623501 0.738333 0.636691 0.760000 0.637890 0.781667 0.631894 0.797500 0.621103 0.799167 0.615108 0.799167 0.539568 0.800833 0.521583 0.800833 0.418465 0.797500 0.396882 0.788333 0.375300
2 0.611667 0.370504 0.609167 0.374101 0.606667 0.387290 0.602500 0.392086 0.599167 0.402878 0.598333 0.609113 0.603333 0.616307 0.605833 0.616307 0.612500 0.623501 0.628333 0.625899 0.640833 0.631894 0.666667 0.631894 0.686667 0.624700 0.695000 0.615108 0.695000 0.595923 0.696667 0.593525 0.696667 0.556355 0.695000 0.549161 0.698333 0.500000 0.698333 0.422062 0.695833 0.398082 0.687500 0.374101 0.680833 0.369305 0.632500 0.366906
2 0.690833 0.627098 0.675833 0.636691 0.656667 0.639089 0.650000 0.651079 0.646667 0.663070 0.647500 0.772182 0.645833 0.865707 0.648333 0.878897 0.657500 0.890887 0.666667 0.898082 0.692500 0.906475 0.718333 0.905276 0.735000 0.896882 0.742500 0.881295 0.744167 0.721823 0.745833 0.707434 0.745000 0.675060 0.742500 0.661871 0.733333 0.640288 0.704167 0.627098
2 0.462500 0.086331 0.457500 0.095923 0.455000 0.112710 0.450000 0.125899 0.450833 0.344125 0.454167 0.351319 0.462500 0.358513 0.495833 0.363309 0.533333 0.359712 0.543333 0.351319 0.547500 0.342926 0.548333 0.134293 0.546667 0.123501 0.542500 0.113909 0.537500 0.091127 0.526667 0.082734 0.512500 0.079137 0.485000 0.079137
2 0.230833 0.641487 0.215000 0.639089 0.194167 0.631894 0.190000 0.628297 0.185833 0.631894 0.173333 0.631894 0.170000 0.635492 0.158333 0.636691 0.151667 0.641487 0.140000 0.666667 0.138333 0.688249 0.139167 0.874101 0.141667 0.895683 0.150833 0.907674 0.175000 0.913669 0.209167 0.907674 0.226667 0.898082 0.234167 0.890887 0.241667 0.877698 0.243333 0.865707 0.243333 0.669065 0.240833 0.657074
2 0.173333 0.363309 0.149167 0.358513 0.091667 0.360911 0.088333 0.366906 0.082500 0.392086 0.078333 0.400480 0.076667 0.410072 0.078333 0.446043 0.078333 0.615108 0.081667 0.623501 0.091667 0.628297 0.102500 0.639089 0.121667 0.642686 0.146667 0.639089 0.156667 0.631894 0.159167 0.627098 0.169167 0.624700 0.185000 0.615108 0.187500 0.609113 0.187500 0.402878 0.177500 0.368106
2 0.207500 0.364508 0.202500 0.369305 0.190833 0.398082 0.189167 0.412470 0.190000 0.617506 0.193333 0.623501 0.206667 0.631894 0.232500 0.637890 0.255000 0.636691 0.279167 0.625899 0.290833 0.616307 0.293333 0.603118 0.294167 0.430456 0.291667 0.394484 0.284167 0.372902 0.280000 0.368106 0.250833 0.362110 0.219167 0.362110
2 0.300000 0.624700 0.282500 0.627098 0.271667 0.634293 0.259167 0.637890 0.250833 0.647482 0.244167 0.667866 0.243333 0.702638 0.244167 0.733813 0.245833 0.737410 0.244167 0.748201 0.243333 0.827338 0.245000 0.829736 0.245000 0.877698 0.251667 0.900480 0.259167 0.906475 0.277500 0.912470 0.295833 0.912470 0.320833 0.904077 0.335000 0.892086 0.345000 0.874101 0.345000 0.657074 0.335833 0.640288
2 0.310833 0.365707 0.306667 0.369305 0.304167 0.378897 0.297500 0.390887 0.295000 0.405276 0.296667 0.612710 0.299167 0.618705 0.308333 0.624700 0.317500 0.627098 0.322500 0.631894 0.338333 0.634293 0.365000 0.631894 0.369167 0.627098 0.381667 0.623501 0.393333 0.615108 0.397500 0.607914 0.398333 0.601918 0.396667 0.399281 0.388333 0.375300 0.384167 0.368106 0.380000 0.365707 0.365000 0.363309
2 0.400833 0.619904 0.391667 0.621103 0.375000 0.631894 0.360000 0.637890 0.350833 0.657074 0.347500 0.670264 0.346667 0.816547 0.348333 0.875300 0.352500 0.889688 0.359167 0.898082 0.369167 0.904077 0.383333 0.907674 0.403333 0.907674 0.414167 0.905276 0.427500 0.898082 0.439167 0.886091 0.445000 0.872902 0.445000 0.658273 0.440000 0.645084 0.434167 0.637890 0.423333 0.634293
2 0.415833 0.366906 0.403333 0.398082 0.401667 0.408873 0.401667 0.495204 0.400000 0.504796 0.400833 0.611511 0.406667 0.621103 0.426667 0.633094 0.436667 0.635492 0.470833 0.633094 0.490833 0.621103 0.497500 0.605516 0.499167 0.538369 0.498333 0.399281 0.490833 0.377698 0.485000 0.368106 0.462500 0.364508 0.426667 0.364508
2 0.499167 0.618705 0.481667 0.631894 0.456667 0.641487 0.449167 0.658273 0.447500 0.673861 0.447500 0.872902 0.452500 0.889688 0.460000 0.898082 0.470833 0.905276 0.491667 0.910072 0.514167 0.907674 0.532500 0.898082 0.540000 0.889688 0.543333 0.881295 0.545000 0.868106 0.545833 0.664269 0.538333 0.641487 0.533333 0.634293 0.521667 0.628297 0.502500 0.623501
2 0.586667 0.624700 0.556667 0.635492 0.553333 0.640288 0.548333 0.657074 0.547500 0.875300 0.549167 0.881295 0.555833 0.890887 0.565000 0.898082 0.580833 0.905276 0.611667 0.906475 0.633333 0.896882 0.642500 0.882494 0.644167 0.841727 0.643333 0.784173 0.645000 0.774580 0.644167 0.661871 0.640000 0.645084 0.635833 0.637890 0.605000 0.627098 0.591667 0.627098
2 0.580833 0.087530 0.566667 0.094724 0.562500 0.099520 0.551667 0.133094 0.550000 0.346523 0.559167 0.359712 0.585000 0.365707 0.614167 0.365707 0.630833 0.362110 0.640000 0.357314 0.647500 0.346523 0.651667 0.134293 0.640833 0.097122 0.638333 0.093525 0.624167 0.086331 0.614167 0.085132
2 0.715000 0.086331 0.695000 0.087530 0.672500 0.094724 0.665000 0.103118 0.662500 0.117506 0.656667 0.133094 0.654167 0.159472 0.653333 0.248201 0.650833 0.292566 0.652500 0.308153 0.650000 0.317746 0.650000 0.346523 0.657500 0.359712 0.670000 0.359712 0.681667 0.364508 0.685000 0.363309 0.687500 0.366906 0.721667 0.366906 0.740833 0.359712 0.750000 0.350120 0.755000 0.130695 0.747500 0.100719 0.743333 0.094724 0.733333 0.089928
2 0.777500 0.094724 0.765833 0.103118 0.757500 0.133094 0.755000 0.200240 0.755833 0.243405 0.754167 0.250600 0.752500 0.345324 0.754167 0.352518 0.759167 0.359712 0.772500 0.365707 0.800000 0.369305 0.840833 0.365707 0.850000 0.357314 0.854167 0.350120 0.856667 0.334532 0.860000 0.171463 0.859167 0.129496 0.852500 0.112710 0.849167 0.097122 0.842500 0.091127 0.828333 0.087530 0.805833 0.087530
2 0.081667 0.625899 0.064167 0.627098 0.045000 0.634293 0.040833 0.639089 0.030000 0.676259 0.029167 0.741007 0.032500 0.904077 0.036667 0.914868 0.052500 0.922062 0.078333 0.922062 0.109167 0.912470 0.133333 0.896882 0.137500 0.883693 0.136667 0.683453 0.138333 0.657074 0.130833 0.646283 0.105000 0.643885
2 0.365833 0.079137 0.357500 0.086331 0.355000 0.101918 0.348333 0.123501 0.348333 0.163070 0.350833 0.177458 0.349167 0.248201 0.350000 0.341727 0.352500 0.348921 0.361667 0.358513 0.405833 0.363309 0.436667 0.358513 0.444167 0.351319 0.446667 0.342926 0.447500 0.299760 0.445833 0.290168 0.448333 0.249400 0.447500 0.129496 0.440000 0.106715 0.438333 0.093525 0.435000 0.087530 0.428333 0.082734 0.404167 0.075540 0.379167 0.075540
2 0.257500 0.079137 0.251667 0.086331 0.250000 0.098321 0.241667 0.123501 0.241667 0.288969 0.243333 0.342926 0.248333 0.350120 0.263333 0.359712 0.306667 0.362110 0.333333 0.358513 0.344167 0.350120 0.345833 0.345324 0.346667 0.171463 0.345000 0.122302 0.338333 0.106715 0.335833 0.092326 0.330000 0.085132 0.317500 0.079137 0.291667 0.074341
2 0.149167 0.075540 0.145000 0.080336 0.140833 0.099520 0.133333 0.118705 0.134167 0.308153 0.135833 0.338129 0.138333 0.344125 0.149167 0.354916 0.160000 0.358513 0.205000 0.360911 0.232500 0.356115 0.240833 0.344125 0.240000 0.125899 0.232500 0.094724 0.224167 0.082734 0.194167 0.071942 0.162500 0.070743
2 0.900000 0.630695 0.880000 0.643885 0.860000 0.646283 0.855833 0.649880 0.850833 0.665468 0.851667 0.697842 0.848333 0.877698 0.851667 0.889688 0.857500 0.898082 0.866667 0.905276 0.888333 0.914868 0.925000 0.918465 0.939167 0.912470 0.946667 0.904077 0.948333 0.898082 0.951667 0.799760 0.952500 0.682254 0.940833 0.641487 0.924167 0.633094
