4 0.569333 0.122568 0.539333 0.125486 0.523333 0.129377 0.484000 0.126459 0.478000 0.127432 0.473333 0.134241 0.472000 0.247082 0.474000 0.443580 0.475333 0.462062 0.474667 0.507782 0.476000 0.517510 0.476667 0.597276 0.478000 0.604086 0.480667 0.606031 0.504667 0.608949 0.520667 0.608949 0.523333 0.607004 0.529333 0.571012 0.529333 0.532101 0.530667 0.501946 0.532000 0.499027 0.532000 0.471790 0.533333 0.465953 0.532667 0.436770 0.534000 0.423152 0.536667 0.416342 0.541333 0.411479 0.569333 0.412451 0.578000 0.408560 0.577333 0.224708 0.574000 0.184825 0.573333 0.128405
4 0.540667 0.414397 0.536000 0.423152 0.535333 0.469844 0.531333 0.521401 0.532000 0.544747 0.534667 0.546693 0.548667 0.541829 0.602667 0.540856 0.620667 0.537938 0.624667 0.539883 0.630000 0.548638 0.632667 0.561284 0.632000 0.573930 0.634000 0.618677 0.637333 0.634241 0.638667 0.659533 0.640000 0.662451 0.641333 0.751946 0.647333 0.752918 0.649333 0.740272 0.649333 0.728599 0.650667 0.725681 0.650000 0.680934 0.651333 0.657588 0.650000 0.653696 0.651333 0.632296 0.651333 0.583658 0.646667 0.477626 0.646667 0.432879 0.643333 0.418288 0.635333 0.414397
4 0.623333 0.542802 0.611333 0.541829 0.600000 0.544747 0.540000 0.545720 0.536000 0.547665 0.533333 0.552529 0.530000 0.604086 0.531333 0.649805 0.531333 0.766537 0.536667 0.875486 0.540000 0.882296 0.585333 0.885214 0.592667 0.883268 0.632000 0.883268 0.636000 0.881323 0.637333 0.865759 0.636667 0.757782 0.638000 0.741245 0.636667 0.728599 0.636667 0.653696 0.632667 0.628405 0.629333 0.571984 0.630000 0.559339 0.627333 0.547665
4 0.622000 0.122568 0.617333 0.126459 0.614667 0.142996 0.614000 0.181907 0.609333 0.241245 0.604667 0.405642 0.610000 0.411479 0.637333 0.412451 0.644000 0.417315 0.647333 0.425097 0.647333 0.472763 0.650000 0.513619 0.653333 0.537938 0.654000 0.553502 0.652667 0.569066 0.655333 0.615759 0.663333 0.619650 0.698000 0.620623 0.702000 0.617704 0.703333 0.608949 0.706667 0.489300 0.709333 0.459144 0.712000 0.368677 0.718667 0.254864 0.718000 0.175097 0.720000 0.132296 0.716667 0.126459
4 0.767333 0.116732 0.765333 0.118677 0.762667 0.127432 0.762667 0.188716 0.759333 0.227626 0.758000 0.345331 0.756000 0.381323 0.756667 0.430934 0.760000 0.435798 0.818000 0.439689 0.834000 0.443580 0.836667 0.447471 0.840000 0.469844 0.845333 0.478599 0.848667 0.488327 0.850000 0.580739 0.852000 0.604086 0.854667 0.610895 0.854000 0.624514 0.856667 0.635214 0.860000 0.639105 0.898000 0.643969 0.908000 0.642996 0.910667 0.639105 0.913333 0.431907 0.914667 0.421206 0.913333 0.367704 0.914667 0.289883 0.916667 0.257782 0.912667 0.126459 0.908000 0.119650 0.901333 0.117704 0.784000 0.114786
4 0.744667 0.439689 0.742000 0.449416 0.742667 0.468872 0.736000 0.533074 0.740000 0.640078 0.741333 0.646887 0.744000 0.729572 0.747333 0.744163 0.751333 0.746109 0.777333 0.749027 0.811333 0.757782 0.842667 0.760700 0.846000 0.754864 0.847333 0.741245 0.852000 0.724708 0.854667 0.699416 0.854000 0.655642 0.847333 0.558366 0.847333 0.489300 0.845333 0.482490 0.836667 0.471790 0.835333 0.451362 0.831333 0.445525 0.764667 0.438716
4 0.249333 0.134241 0.246667 0.138132 0.244667 0.147860 0.241333 0.220817 0.239333 0.237354 0.238000 0.295720 0.235333 0.328794 0.234000 0.422179 0.236667 0.426070 0.248000 0.426070 0.251333 0.424125 0.266000 0.425097 0.271333 0.427043 0.273333 0.429961 0.277333 0.457198 0.279333 0.501946 0.282667 0.533074 0.282000 0.578794 0.283333 0.599222 0.286000 0.603113 0.319333 0.604086 0.325333 0.599222 0.327333 0.583658 0.328667 0.517510 0.330667 0.488327 0.330000 0.475681 0.336667 0.365759 0.335333 0.338521 0.337333 0.334630 0.338667 0.293774 0.342667 0.240272 0.341333 0.142996 0.337333 0.138132 0.323333 0.136187
4 0.366000 0.438716 0.362000 0.450389 0.360000 0.491245 0.356667 0.512646 0.354667 0.596304 0.360000 0.599222 0.368667 0.600195 0.423333 0.598249 0.429333 0.604086 0.430667 0.610895 0.430667 0.641051 0.434667 0.683852 0.436000 0.729572 0.439333 0.734436 0.445333 0.601167 0.445333 0.564202 0.447333 0.531128 0.446000 0.501946 0.448667 0.460117 0.448000 0.449416 0.444667 0.443580 0.439333 0.441634 0.380667 0.437743
4 0.198000 0.144942 0.115333 0.152724 0.106667 0.156615 0.105333 0.161479 0.104667 0.188716 0.100667 0.200389 0.098667 0.213035 0.101333 0.337549 0.101333 0.546693 0.103333 0.597276 0.108000 0.623541 0.112667 0.629377 0.154000 0.623541 0.157333 0.620623 0.158667 0.615759 0.158667 0.489300 0.164667 0.469844 0.166000 0.441634 0.169333 0.437743 0.176000 0.434825 0.205333 0.428988 0.210000 0.420233 0.210667 0.242218 0.204000 0.187743 0.202667 0.154669 0.201333 0.147860
4 0.270000 0.429961 0.257333 0.428016 0.188000 0.434825 0.174000 0.437743 0.168667 0.443580 0.167333 0.471790 0.162000 0.483463 0.160667 0.497082 0.161333 0.684825 0.164667 0.730545 0.169333 0.758755 0.173333 0.764591 0.276000 0.748054 0.280000 0.743191 0.281333 0.532101 0.274667 0.469844 0.273333 0.439689 0.272000 0.431907
4 0.425333 0.601167 0.345333 0.601167 0.340667 0.603113 0.336667 0.608949 0.336667 0.873541 0.342000 0.879377 0.346000 0.881323 0.356667 0.881323 0.371333 0.878405 0.429333 0.877432 0.433333 0.874514 0.434667 0.821012 0.433333 0.818093 0.433333 0.747082 0.434667 0.742218 0.434667 0.707198 0.432667 0.690661 0.433333 0.677043 0.430667 0.666342 0.429333 0.638132 0.430000 0.614786 0.428000 0.603113
4 0.360000 0.133268 0.356667 0.135214 0.354000 0.141051 0.354667 0.201362 0.353333 0.204280 0.354000 0.224708 0.352667 0.235409 0.356000 0.440661 0.357333 0.452335 0.364000 0.438716 0.370000 0.435798 0.440000 0.438716 0.444667 0.440661 0.450000 0.447471 0.452000 0.465953 0.449333 0.470817 0.448000 0.512646 0.449333 0.529183 0.448000 0.532101 0.448000 0.554475 0.446667 0.563230 0.446667 0.596304 0.449333 0.600195 0.452667 0.600195 0.456667 0.597276 0.458667 0.585603 0.456667 0.464008 0.458667 0.405642 0.456667 0.242218 0.454667 0.223735 0.452000 0.134241 0.449333 0.129377 0.445333 0.127432
