0 0.141250 0.093750 0.127500 0.103516 0.120000 0.117188 0.120000 0.132812 0.137500 0.228516 0.140000 0.259766 0.155000 0.271484 0.162500 0.283203 0.171250 0.312500 0.173750 0.341797 0.177500 0.349609 0.180000 0.371094 0.190000 0.380859 0.195000 0.380859 0.198750 0.375000 0.198750 0.322266 0.207500 0.310547 0.215000 0.250000 0.206250 0.181641 0.198750 0.167969 0.195000 0.117188 0.190000 0.103516 0.176250 0.091797 0.156250 0.089844
0 0.268750 0.074219 0.261250 0.089844 0.261250 0.111328 0.266250 0.138672 0.287500 0.162109 0.295000 0.228516 0.308750 0.285156 0.315000 0.291016 0.326250 0.289062 0.331250 0.296875 0.336250 0.273438 0.335000 0.253906 0.337500 0.250000 0.340000 0.207031 0.328750 0.152344 0.327500 0.089844 0.318750 0.074219 0.308750 0.068359 0.293750 0.066406
0 0.115000 0.173828 0.100000 0.169922 0.077500 0.171875 0.060000 0.179688 0.046250 0.195312 0.043750 0.224609 0.055000 0.273438 0.060000 0.283203 0.055000 0.291016 0.056250 0.314453 0.046250 0.390625 0.047500 0.404297 0.053750 0.412109 0.085000 0.404297 0.081250 0.388672 0.075000 0.378906 0.066250 0.332031 0.065000 0.310547 0.068750 0.292969 0.086250 0.275391 0.115000 0.263672 0.138750 0.259766 0.136250 0.226562 0.128750 0.189453
0 0.000000 0.091797 0.000000 0.328125 0.007500 0.333984 0.006250 0.337891 0.012500 0.349609 0.013750 0.357422 0.010000 0.359375 0.012500 0.371094 0.032500 0.390625 0.040000 0.390625 0.043750 0.363281 0.048750 0.351562 0.050000 0.330078 0.053750 0.326172 0.053750 0.316406 0.058750 0.304688 0.053750 0.265625 0.047500 0.246094 0.042500 0.212891 0.047500 0.191406 0.060000 0.173828 0.061250 0.158203 0.053750 0.115234 0.043750 0.095703 0.028750 0.089844
0 0.280000 0.152344 0.268750 0.146484 0.240000 0.148438 0.220000 0.156250 0.212500 0.167969 0.211250 0.201172 0.216250 0.222656 0.217500 0.259766 0.200000 0.339844 0.202500 0.345703 0.200000 0.375000 0.205000 0.394531 0.211250 0.400391 0.225000 0.404297 0.231250 0.394531 0.231250 0.337891 0.235000 0.322266 0.241250 0.312500 0.265000 0.294922 0.308750 0.291016 0.307500 0.271484 0.298750 0.251953 0.301250 0.250000 0.300000 0.240234 0.295000 0.236328 0.288750 0.167969
0 0.388750 0.195312 0.358750 0.199219 0.345000 0.214844 0.342500 0.248047 0.346250 0.306641 0.341250 0.320312 0.337500 0.345703 0.341250 0.412109 0.348750 0.433594 0.352500 0.460938 0.355000 0.462891 0.353750 0.466797 0.373750 0.490234 0.372500 0.496094 0.376250 0.509766 0.381250 0.507812 0.385000 0.500000 0.401250 0.500000 0.403750 0.486328 0.410000 0.482422 0.410000 0.472656 0.415000 0.458984 0.411250 0.451172 0.422500 0.423828 0.423750 0.330078 0.426250 0.316406 0.432500 0.310547 0.427500 0.300781 0.427500 0.232422 0.421250 0.210938 0.415000 0.203125
0 0.950000 0.322266 0.936250 0.310547 0.902500 0.296875 0.876250 0.298828 0.862500 0.312500 0.843750 0.382812 0.843750 0.404297 0.828750 0.423828 0.827500 0.433594 0.813750 0.462891 0.812500 0.482422 0.807500 0.494141 0.812500 0.521484 0.815000 0.523438 0.818750 0.517578 0.836250 0.458984 0.853750 0.437500 0.872500 0.433594 0.905000 0.441406 0.923750 0.451172 0.935000 0.445312 0.943750 0.431641 0.960000 0.373047 0.961250 0.341797
0 0.931250 0.179688 0.922500 0.183594 0.915000 0.193359 0.906250 0.228516 0.901250 0.267578 0.890000 0.283203 0.887500 0.294922 0.911250 0.298828 0.942500 0.316406 0.957500 0.337891 0.961250 0.347656 0.960000 0.367188 0.938750 0.447266 0.941250 0.453125 0.957500 0.453125 0.965000 0.437500 0.975000 0.429688 0.977500 0.414062 0.986250 0.404297 0.986250 0.390625 0.978750 0.384766 0.982500 0.375000 0.986250 0.375000 0.980000 0.330078 0.978750 0.292969 0.991250 0.261719 0.998750 0.220703 0.996250 0.207031 0.980000 0.189453 0.953750 0.179688
0 0.833750 0.191406 0.816250 0.187500 0.790000 0.191406 0.781250 0.203125 0.775000 0.224609 0.770000 0.261719 0.772500 0.285156 0.768750 0.306641 0.770000 0.314453 0.766250 0.320312 0.763750 0.337891 0.762500 0.380859 0.768750 0.392578 0.770000 0.419922 0.773750 0.423828 0.768750 0.546875 0.771250 0.550781 0.770000 0.560547 0.777500 0.566406 0.783750 0.566406 0.785000 0.558594 0.795000 0.550781 0.800000 0.554688 0.808750 0.533203 0.810000 0.521484 0.813750 0.519531 0.822500 0.486328 0.820000 0.449219 0.826250 0.423828 0.821250 0.417969 0.826250 0.406250 0.828750 0.421875 0.831250 0.421875 0.838750 0.398438 0.836250 0.386719 0.841250 0.367188 0.846250 0.365234 0.851250 0.339844 0.850000 0.314453 0.855000 0.310547 0.855000 0.302734 0.851250 0.298828 0.851250 0.283203 0.856250 0.271484 0.861250 0.242188 0.861250 0.218750 0.850000 0.199219 0.838750 0.197266
0 0.705000 0.244141 0.688750 0.251953 0.681250 0.265625 0.673750 0.306641 0.672500 0.343750 0.716250 0.373047 0.725000 0.396484 0.725000 0.419922 0.715000 0.498047 0.725000 0.535156 0.727500 0.562500 0.732500 0.580078 0.733750 0.607422 0.736250 0.611328 0.747500 0.611328 0.763750 0.576172 0.768750 0.552734 0.768750 0.542969 0.766250 0.541016 0.770000 0.531250 0.771250 0.433594 0.767500 0.386719 0.763750 0.376953 0.768750 0.371094 0.762500 0.369141 0.767500 0.365234 0.761250 0.359375 0.761250 0.345703 0.770000 0.287109 0.760000 0.263672 0.742500 0.250000
0 0.525000 0.208984 0.515000 0.218750 0.508750 0.257812 0.510000 0.279297 0.507500 0.294922 0.512500 0.304688 0.521250 0.341797 0.521250 0.373047 0.515000 0.445312 0.520000 0.451172 0.538750 0.453125 0.560000 0.466797 0.576250 0.468750 0.577500 0.474609 0.572500 0.476562 0.572500 0.480469 0.576250 0.482422 0.580000 0.496094 0.588750 0.492188 0.591250 0.468750 0.588750 0.441406 0.593750 0.412109 0.590000 0.392578 0.593750 0.382812 0.595000 0.353516 0.588750 0.310547 0.593750 0.257812 0.592500 0.228516 0.582500 0.214844 0.568750 0.207031 0.540000 0.205078
0 0.686250 0.150391 0.660000 0.144531 0.635000 0.152344 0.628750 0.166016 0.625000 0.183594 0.625000 0.222656 0.622500 0.230469 0.615000 0.236328 0.611250 0.234375 0.608750 0.240234 0.608750 0.248047 0.616250 0.253906 0.613750 0.257812 0.612500 0.253906 0.610000 0.255859 0.612500 0.259766 0.607500 0.275391 0.606250 0.298828 0.602500 0.304688 0.603750 0.318359 0.598750 0.320312 0.602500 0.328125 0.597500 0.390625 0.601250 0.410156 0.600000 0.437500 0.607500 0.441406 0.616250 0.421875 0.618750 0.382812 0.623750 0.371094 0.642500 0.351562 0.672500 0.345703 0.677500 0.298828 0.682500 0.294922 0.682500 0.304688 0.686250 0.310547 0.687500 0.289062 0.683750 0.279297 0.686250 0.277344 0.685000 0.263672 0.688750 0.255859 0.687500 0.251953 0.692500 0.248047 0.698750 0.232422 0.705000 0.187500 0.702500 0.166016
0 0.498750 0.304688 0.472500 0.296875 0.456250 0.298828 0.433750 0.312500 0.425000 0.332031 0.423750 0.375000 0.427500 0.425781 0.421250 0.447266 0.415000 0.498047 0.411250 0.505859 0.410000 0.544922 0.412500 0.556641 0.408750 0.574219 0.403750 0.578125 0.401250 0.587891 0.397500 0.636719 0.406250 0.685547 0.421250 0.685547 0.432500 0.658203 0.431250 0.654297 0.455000 0.613281 0.458750 0.578125 0.457500 0.525391 0.461250 0.501953 0.470000 0.478516 0.491250 0.458984 0.511250 0.451172 0.510000 0.437500 0.517500 0.414062 0.521250 0.349609 0.515000 0.320312
0 0.241250 0.310547 0.233750 0.324219 0.231250 0.347656 0.232500 0.373047 0.240000 0.416016 0.240000 0.443359 0.236250 0.468750 0.241250 0.470703 0.262500 0.455078 0.282500 0.447266 0.318750 0.453125 0.336250 0.468750 0.343750 0.480469 0.347500 0.496094 0.357500 0.595703 0.367500 0.621094 0.370000 0.636719 0.377500 0.648438 0.387500 0.650391 0.388750 0.644531 0.385000 0.634766 0.382500 0.605469 0.380000 0.603516 0.382500 0.601562 0.380000 0.595703 0.383750 0.593750 0.380000 0.580078 0.382500 0.574219 0.377500 0.564453 0.371250 0.533203 0.371250 0.494141 0.361250 0.468750 0.357500 0.443359 0.347500 0.433594 0.336250 0.402344 0.332500 0.345703 0.327500 0.316406 0.310000 0.296875 0.296250 0.292969 0.260000 0.296875
0 0.072500 0.285156 0.063750 0.302734 0.062500 0.328125 0.075000 0.388672 0.082500 0.404297 0.106250 0.412109 0.125000 0.431641 0.135000 0.462891 0.141250 0.498047 0.155000 0.529297 0.153750 0.535156 0.157500 0.542969 0.188750 0.578125 0.198750 0.582031 0.205000 0.597656 0.208750 0.595703 0.211250 0.599609 0.208750 0.605469 0.213750 0.607422 0.216250 0.597656 0.223750 0.591797 0.221250 0.544922 0.218750 0.541016 0.220000 0.498047 0.217500 0.494141 0.220000 0.488281 0.216250 0.486328 0.213750 0.441406 0.208750 0.437500 0.207500 0.423828 0.200000 0.414062 0.198750 0.406250 0.175000 0.375000 0.170000 0.320312 0.161250 0.285156 0.153750 0.273438 0.137500 0.263672 0.102500 0.267578
0 0.935000 0.466797 0.917500 0.451172 0.893750 0.439453 0.858750 0.437500 0.845000 0.445312 0.837500 0.455078 0.836250 0.464844 0.830000 0.476562 0.828750 0.492188 0.815000 0.539062 0.813750 0.560547 0.791250 0.597656 0.768750 0.621094 0.768750 0.626953 0.751250 0.650391 0.751250 0.656250 0.755000 0.658203 0.755000 0.666016 0.757500 0.667969 0.755000 0.671875 0.750000 0.666016 0.748750 0.658203 0.745000 0.660156 0.742500 0.675781 0.732500 0.693359 0.727500 0.714844 0.711250 0.824219 0.702500 0.933594 0.702500 0.986328 0.705000 0.994141 0.716250 0.996094 0.717500 1.000000 0.842500 1.000000 0.860000 0.976562 0.887500 0.894531 0.922500 0.812500 0.930000 0.787109 0.936250 0.750000 0.936250 0.683594 0.928750 0.642578 0.930000 0.636719 0.926250 0.626953 0.926250 0.611328 0.935000 0.591797 0.937500 0.558594 0.940000 0.552734 0.943750 0.554688 0.945000 0.542969 0.942500 0.541016 0.951250 0.529297 0.951250 0.496094
0 0.677500 0.349609 0.656250 0.347656 0.641250 0.351562 0.625000 0.367188 0.617500 0.396484 0.612500 0.447266 0.613750 0.474609 0.590000 0.521484 0.590000 0.535156 0.585000 0.556641 0.582500 0.585938 0.583750 0.623047 0.598750 0.675781 0.611250 0.707031 0.613750 0.724609 0.610000 0.816406 0.597500 0.966797 0.598750 0.994141 0.605000 1.000000 0.667500 1.000000 0.676250 0.994141 0.683750 0.953125 0.688750 0.900391 0.707500 0.802734 0.722500 0.625000 0.721250 0.556641 0.710000 0.498047 0.715000 0.484375 0.722500 0.437500 0.725000 0.402344 0.720000 0.382812 0.713750 0.373047
0 0.543750 0.458984 0.513750 0.453125 0.490000 0.460938 0.476250 0.470703 0.468750 0.482422 0.461250 0.503906 0.460000 0.611328 0.445000 0.638672 0.438750 0.671875 0.425000 0.708984 0.421250 0.740234 0.420000 0.822266 0.425000 0.892578 0.425000 0.955078 0.427500 0.982422 0.431250 0.994141 0.437500 1.000000 0.576250 1.000000 0.582500 0.994141 0.591250 0.957031 0.597500 0.896484 0.600000 0.830078 0.606250 0.781250 0.603750 0.716797 0.598750 0.710938 0.577500 0.626953 0.580000 0.511719 0.577500 0.498047 0.561250 0.470703
0 0.261250 0.457031 0.240000 0.474609 0.227500 0.500000 0.225000 0.527344 0.227500 0.560547 0.240000 0.628906 0.232500 0.666016 0.223750 0.685547 0.225000 0.689453 0.216250 0.722656 0.215000 0.746094 0.218750 0.759766 0.217500 0.787109 0.226250 0.857422 0.240000 0.912109 0.250000 0.994141 0.252500 1.000000 0.405000 1.000000 0.412500 0.984375 0.411250 0.978516 0.417500 0.945312 0.412500 0.861328 0.412500 0.806641 0.401250 0.759766 0.400000 0.740234 0.393750 0.728516 0.392500 0.720703 0.396250 0.714844 0.385000 0.697266 0.386250 0.677734 0.372500 0.650391 0.353750 0.589844 0.350000 0.521484 0.345000 0.488281 0.335000 0.466797 0.311250 0.451172 0.281250 0.449219
0 0.016250 0.443359 0.005000 0.460938 0.000000 0.484375 0.008750 0.531250 0.022500 0.578125 0.031250 0.595703 0.031250 0.603516 0.011250 0.683594 0.010000 0.720703 0.012500 0.759766 0.025000 0.810547 0.063750 0.916016 0.083750 0.982422 0.093750 1.000000 0.235000 1.000000 0.241250 0.988281 0.240000 0.951172 0.217500 0.843750 0.207500 0.759766 0.207500 0.652344 0.198750 0.623047 0.185000 0.601562 0.177500 0.582031 0.147500 0.539062 0.130000 0.451172 0.122500 0.429688 0.116250 0.421875 0.096250 0.412109 0.065000 0.414062 0.040000 0.423828
