2 0.798246 0.336914 0.780702 0.348633 0.775219 0.371094 0.779605 0.500977 0.783991 0.521484 0.782895 0.530273 0.785088 0.533203 0.789474 0.624023 0.796053 0.631836 0.802632 0.633789 0.884868 0.633789 0.952851 0.637695 0.971491 0.635742 0.976974 0.631836 0.978070 0.627930 0.975877 0.571289 0.971491 0.539062 0.960526 0.379883 0.957237 0.355469 0.950658 0.335938 0.940789 0.328125 0.928728 0.325195 0.875000 0.323242 0.850877 0.325195
2 0.103070 0.033203 0.084430 0.045898 0.077851 0.063477 0.072368 0.118164 0.072368 0.166992 0.067982 0.191406 0.066886 0.229492 0.063596 0.250000 0.063596 0.301758 0.065789 0.322266 0.071272 0.330078 0.104167 0.326172 0.142544 0.325195 0.192982 0.329102 0.220395 0.337891 0.228070 0.337891 0.231360 0.335938 0.235746 0.324219 0.237939 0.095703 0.241228 0.082031 0.239035 0.067383 0.217105 0.047852 0.196272 0.038086 0.179825 0.033203 0.151316 0.029297 0.117325 0.030273
2 0.281798 0.040039 0.264254 0.047852 0.252193 0.056641 0.244518 0.069336 0.242325 0.085938 0.243421 0.240234 0.246711 0.325195 0.252193 0.328125 0.275219 0.320312 0.300439 0.316406 0.349781 0.315430 0.379386 0.320312 0.407895 0.331055 0.413377 0.331055 0.415570 0.317383 0.408991 0.228516 0.410088 0.215820 0.406798 0.191406 0.405702 0.088867 0.403509 0.071289 0.399123 0.064453 0.384868 0.052734 0.361842 0.041016 0.336623 0.036133 0.297149 0.037109
2 0.447368 0.032227 0.432018 0.039062 0.415570 0.053711 0.410088 0.064453 0.407895 0.079102 0.414474 0.237305 0.422149 0.326172 0.427632 0.326172 0.453947 0.313477 0.490132 0.308594 0.516447 0.308594 0.560307 0.312500 0.578947 0.323242 0.585526 0.324219 0.588816 0.319336 0.589912 0.305664 0.582237 0.210938 0.578947 0.193359 0.578947 0.151367 0.574561 0.085938 0.570175 0.059570 0.563596 0.047852 0.555921 0.040039 0.527412 0.028320 0.483553 0.025391
2 0.601974 0.353516 0.595395 0.359375 0.592105 0.369141 0.589912 0.408203 0.589912 0.612305 0.592105 0.621094 0.595395 0.625000 0.605263 0.627930 0.645833 0.627930 0.657895 0.629883 0.701754 0.628906 0.751096 0.633789 0.764254 0.630859 0.770833 0.615234 0.765351 0.446289 0.765351 0.378906 0.759868 0.354492 0.755482 0.350586 0.737939 0.344727 0.707237 0.341797 0.649123 0.343750
2 0.546053 0.637695 0.492325 0.636719 0.410088 0.643555 0.398026 0.646484 0.390351 0.657227 0.384868 0.688477 0.384868 0.742188 0.398026 0.937500 0.400219 0.944336 0.406798 0.952148 0.439693 0.962891 0.450658 0.962891 0.458333 0.966797 0.464912 0.964844 0.468202 0.966797 0.491228 0.967773 0.509868 0.962891 0.533991 0.959961 0.567982 0.949219 0.576754 0.943359 0.581140 0.935547 0.577851 0.861328 0.571272 0.814453 0.562500 0.683594 0.552632 0.643555
2 0.626096 0.043945 0.601974 0.054688 0.586623 0.068359 0.581140 0.078125 0.578947 0.094727 0.592105 0.240234 0.591009 0.256836 0.595395 0.338867 0.598684 0.351562 0.609649 0.352539 0.640351 0.344727 0.694079 0.341797 0.740132 0.344727 0.759868 0.353516 0.763158 0.346680 0.762061 0.321289 0.751096 0.241211 0.750000 0.209961 0.743421 0.163086 0.743421 0.143555 0.734649 0.063477 0.730263 0.055664 0.720395 0.046875 0.697368 0.038086 0.680921 0.036133 0.657895 0.037109
2 0.192982 0.641602 0.167763 0.638672 0.044956 0.640625 0.032895 0.643555 0.023026 0.649414 0.019737 0.683594 0.019737 0.824219 0.016447 0.940430 0.017544 0.951172 0.020833 0.957031 0.031798 0.964844 0.063596 0.969727 0.118421 0.966797 0.149123 0.960938 0.179825 0.952148 0.195175 0.945312 0.203947 0.935547 0.196272 0.722656 0.198465 0.648438
2 0.438596 0.320312 0.422149 0.330078 0.415570 0.352539 0.412281 0.551758 0.410088 0.574219 0.410088 0.607422 0.412281 0.614258 0.418860 0.618164 0.468202 0.618164 0.473684 0.616211 0.548246 0.620117 0.576754 0.619141 0.582237 0.614258 0.584430 0.593750 0.584430 0.422852 0.586623 0.355469 0.583333 0.333984 0.576754 0.326172 0.561404 0.318359 0.527412 0.312500 0.484649 0.311523 0.455044 0.315430
2 0.266447 0.327148 0.245614 0.335938 0.242325 0.342773 0.241228 0.399414 0.235746 0.466797 0.229167 0.617188 0.235746 0.623047 0.278509 0.622070 0.292763 0.624023 0.320175 0.622070 0.354167 0.624023 0.396930 0.621094 0.403509 0.613281 0.405702 0.586914 0.410088 0.342773 0.393640 0.330078 0.360746 0.321289 0.307018 0.320312
2 0.072368 0.333984 0.064693 0.338867 0.060307 0.351562 0.059211 0.437500 0.054825 0.476562 0.053728 0.518555 0.047149 0.564453 0.044956 0.631836 0.048246 0.634766 0.194079 0.634766 0.209430 0.632812 0.221491 0.622070 0.224781 0.599609 0.234649 0.396484 0.234649 0.357422 0.232456 0.349609 0.228070 0.343750 0.201754 0.334961 0.158991 0.328125 0.117325 0.327148
2 0.781798 0.638672 0.774123 0.643555 0.771930 0.662109 0.776316 0.705078 0.777412 0.859375 0.782895 0.938477 0.791667 0.951172 0.798246 0.956055 0.814693 0.963867 0.830044 0.967773 0.895833 0.975586 0.930921 0.973633 0.950658 0.968750 0.968202 0.956055 0.973684 0.942383 0.963816 0.780273 0.958333 0.657227 0.955044 0.645508 0.951754 0.641602 0.944079 0.639648 0.912281 0.637695
2 0.739035 0.637695 0.686404 0.636719 0.594298 0.640625 0.572368 0.644531 0.565789 0.650391 0.577851 0.823242 0.585526 0.892578 0.586623 0.950195 0.589912 0.958984 0.599781 0.966797 0.646930 0.975586 0.713816 0.974609 0.756579 0.965820 0.770833 0.958984 0.778509 0.949219 0.766447 0.845703 0.756579 0.730469 0.752193 0.708984 0.750000 0.666992 0.746711 0.647461 0.743421 0.639648
2 0.884868 0.032227 0.861842 0.029297 0.828947 0.030273 0.798246 0.039062 0.781798 0.045898 0.759868 0.059570 0.747807 0.072266 0.744518 0.079102 0.743421 0.106445 0.751096 0.192383 0.754386 0.206055 0.755482 0.232422 0.757675 0.236328 0.765351 0.324219 0.770833 0.342773 0.778509 0.342773 0.799342 0.330078 0.822368 0.326172 0.836623 0.321289 0.864035 0.318359 0.899123 0.318359 0.936404 0.323242 0.938596 0.320312 0.938596 0.306641 0.929825 0.255859 0.928728 0.179688 0.924342 0.142578 0.916667 0.108398 0.913377 0.056641 0.902412 0.040039
2 0.369518 0.637695 0.313596 0.636719 0.275219 0.638672 0.255482 0.642578 0.235746 0.641602 0.212719 0.644531 0.205044 0.650391 0.202851 0.664062 0.201754 0.725586 0.208333 0.920898 0.214912 0.936523 0.229167 0.945312 0.251096 0.949219 0.273026 0.949219 0.275219 0.947266 0.280702 0.951172 0.301535 0.951172 0.309211 0.947266 0.315789 0.948242 0.333333 0.945312 0.366228 0.936523 0.370614 0.931641 0.381579 0.928711 0.388158 0.919922 0.389254 0.890625 0.383772 0.834961 0.381579 0.754883 0.377193 0.699219 0.378289 0.659180 0.377193 0.643555
