4 0.563750 0.141667 0.540000 0.141667 0.533750 0.151667 0.502500 0.153333 0.500000 0.160000 0.497500 0.186667 0.501250 0.376667 0.500000 0.436667 0.501250 0.478333 0.506250 0.483333 0.518750 0.483333 0.525000 0.478333 0.525000 0.343333 0.533750 0.335000 0.566250 0.335000 0.571250 0.330000 0.573750 0.241667 0.577500 0.190000 0.572500 0.160000
4 0.253750 0.410000 0.235000 0.411667 0.227500 0.416667 0.226250 0.423333 0.217500 0.431667 0.158750 0.443333 0.153750 0.451667 0.157500 0.510000 0.163750 0.530000 0.182500 0.681667 0.190000 0.723333 0.208750 0.721667 0.213750 0.716667 0.210000 0.656667 0.205000 0.635000 0.203750 0.588333 0.215000 0.580000 0.281250 0.561667 0.287500 0.556667 0.280000 0.466667 0.265000 0.421667
4 0.296250 0.560000 0.245000 0.571667 0.205000 0.588333 0.207500 0.638333 0.221250 0.771667 0.235000 0.823333 0.238750 0.825000 0.295000 0.808333 0.308750 0.800000 0.312500 0.793333 0.312500 0.748333 0.323750 0.735000 0.318750 0.631667 0.312500 0.588333
4 0.368750 0.731667 0.320000 0.741667 0.313750 0.748333 0.313750 0.791667 0.323750 0.841667 0.328750 0.850000 0.371250 0.840000 0.381250 0.835000 0.385000 0.828333 0.381250 0.755000
4 0.395000 0.550000 0.335000 0.563333 0.330000 0.566667 0.327500 0.580000 0.328750 0.645000 0.332500 0.665000 0.336250 0.726667 0.338750 0.731667 0.362500 0.726667 0.373750 0.730000 0.382500 0.748333 0.383750 0.766667 0.395000 0.768333 0.412500 0.758333 0.430000 0.756667 0.432500 0.751667 0.436250 0.751667 0.436250 0.696667 0.428750 0.601667 0.413750 0.565000 0.406250 0.555000
4 0.350000 0.400000 0.345000 0.405000 0.342500 0.421667 0.348750 0.553333 0.360000 0.555000 0.380000 0.548333 0.402500 0.548333 0.412500 0.560000 0.415000 0.555000 0.415000 0.500000 0.412500 0.455000 0.405000 0.401667 0.398750 0.395000 0.375000 0.395000
4 0.490000 0.506667 0.453750 0.510000 0.436250 0.515000 0.432500 0.521667 0.431250 0.550000 0.440000 0.658333 0.445000 0.670000 0.491250 0.661667 0.497500 0.655000 0.500000 0.630000 0.500000 0.558333 0.497500 0.526667
4 0.188750 0.258333 0.185000 0.266667 0.185000 0.283333 0.197500 0.426667 0.201250 0.431667 0.217500 0.430000 0.225000 0.425000 0.228750 0.415000 0.242500 0.408333 0.253750 0.408333 0.263750 0.416667 0.281250 0.458333 0.290000 0.548333 0.307500 0.570000 0.318750 0.570000 0.322500 0.561667 0.318750 0.478333 0.316250 0.471667 0.300000 0.281667 0.285000 0.246667 0.272500 0.236667 0.228750 0.243333 0.208750 0.251667 0.198750 0.251667
4 0.381250 0.138333 0.360000 0.141667 0.355000 0.150000 0.342500 0.156667 0.328750 0.156667 0.275000 0.170000 0.277500 0.226667 0.301250 0.283333 0.313750 0.393333 0.321250 0.496667 0.325000 0.503333 0.343750 0.498333 0.340000 0.421667 0.345000 0.396667 0.352500 0.391667 0.401250 0.390000 0.403750 0.386667 0.401250 0.343333 0.405000 0.326667 0.402500 0.251667 0.410000 0.226667 0.410000 0.196667 0.405000 0.171667 0.390000 0.151667 0.388750 0.145000
4 0.453750 0.188333 0.432500 0.188333 0.423750 0.195000 0.405000 0.245000 0.407500 0.400000 0.416250 0.456667 0.421250 0.535000 0.425000 0.541667 0.430000 0.538333 0.431250 0.518333 0.435000 0.513333 0.478750 0.501667 0.490000 0.503333 0.493750 0.491667 0.487500 0.275000 0.463750 0.211667 0.460000 0.195000
4 0.587500 0.320000 0.580000 0.321667 0.563750 0.338333 0.532500 0.338333 0.527500 0.345000 0.525000 0.408333 0.527500 0.431667 0.528750 0.591667 0.586250 0.616667 0.592500 0.630000 0.593750 0.655000 0.600000 0.658333 0.607500 0.656667 0.611250 0.651667 0.615000 0.625000 0.617500 0.390000 0.606250 0.331667 0.596250 0.321667
4 0.518750 0.600000 0.508750 0.611667 0.501250 0.628333 0.500000 0.768333 0.502500 0.773333 0.538750 0.788333 0.573750 0.795000 0.587500 0.771667 0.591250 0.756667 0.592500 0.673333 0.588750 0.625000 0.583750 0.616667 0.535000 0.598333
4 0.622500 0.645000 0.606250 0.665000 0.602500 0.688333 0.598750 0.840000 0.605000 0.848333 0.655000 0.865000 0.662500 0.856667 0.672500 0.830000 0.678750 0.670000 0.677500 0.665000 0.662500 0.656667
4 0.631250 0.511667 0.626250 0.518333 0.621250 0.545000 0.617500 0.638333 0.621250 0.643333 0.678750 0.661667 0.682500 0.610000 0.682500 0.533333 0.677500 0.516667 0.640000 0.510000
4 0.635000 0.171667 0.618750 0.171667 0.606250 0.178333 0.595000 0.193333 0.588750 0.218333 0.588750 0.315000 0.600000 0.321667 0.608750 0.333333 0.618750 0.393333 0.617500 0.508333 0.620000 0.515000 0.623750 0.515000 0.628750 0.506667 0.641250 0.501667 0.647500 0.273333 0.676250 0.225000 0.676250 0.188333 0.671250 0.181667
4 0.755000 0.233333 0.742500 0.233333 0.731250 0.241667 0.673750 0.233333 0.650000 0.266667 0.647500 0.278333 0.642500 0.505000 0.678750 0.516667 0.685000 0.535000 0.683750 0.576667 0.686250 0.583333 0.692500 0.586667 0.711250 0.588333 0.716250 0.581667 0.723750 0.425000 0.727500 0.393333 0.745000 0.360000 0.768750 0.358333 0.771250 0.350000 0.775000 0.255000 0.763750 0.236667
4 0.837500 0.361667 0.820000 0.356667 0.798750 0.368333 0.763750 0.360000 0.746250 0.360000 0.728750 0.391667 0.725000 0.415000 0.713750 0.633333 0.713750 0.655000 0.716250 0.658333 0.752500 0.670000 0.757500 0.668333 0.760000 0.611667 0.776250 0.565000 0.786250 0.563333 0.821250 0.573333 0.835000 0.571667 0.841250 0.480000 0.851250 0.390000 0.850000 0.380000
4 0.721250 0.670000 0.711250 0.683333 0.703750 0.706667 0.700000 0.821667 0.710000 0.831667 0.777500 0.850000 0.787500 0.826667 0.792500 0.796667 0.796250 0.696667 0.788750 0.690000
4 0.778750 0.565000 0.773750 0.570000 0.761250 0.610000 0.758750 0.676667 0.766250 0.683333 0.788750 0.688333 0.796250 0.695000 0.798750 0.708333 0.795000 0.765000 0.797500 0.773333 0.846250 0.785000 0.851250 0.775000 0.857500 0.746667 0.870000 0.591667 0.866250 0.585000
