1 0.063333 0.505952 0.033333 0.541667 0.013333 0.589286 0.006667 0.666667 0.023333 0.714286 0.063333 0.767857 0.113333 0.767857 0.156667 0.708333 0.166667 0.660714 0.166667 0.607143 0.156667 0.565476 0.126667 0.517857 0.100000 0.500000
1 0.140000 0.261905 0.110000 0.291667 0.093333 0.327381 0.090000 0.434524 0.096667 0.470238 0.123333 0.511905 0.150000 0.529762 0.176667 0.529762 0.226667 0.476190 0.240000 0.422619 0.240000 0.369048 0.230000 0.321429 0.200000 0.273810 0.183333 0.261905
1 0.010000 0.053571 0.003333 0.071429 0.006667 0.184524 0.030000 0.255952 0.063333 0.285714 0.096667 0.291667 0.130000 0.267857 0.153333 0.226190 0.160000 0.196429 0.160000 0.119048 0.130000 0.041667 0.080000 0.017857
1 0.220000 0.023810 0.176667 0.071429 0.163333 0.119048 0.163333 0.184524 0.190000 0.261905 0.216667 0.285714 0.246667 0.291667 0.283333 0.267857 0.303333 0.232143 0.313333 0.196429 0.313333 0.119048 0.283333 0.041667 0.260000 0.023810
1 0.356667 0.029762 0.320000 0.101190 0.320000 0.190476 0.330000 0.226190 0.370000 0.279762 0.426667 0.273810 0.466667 0.196429 0.470000 0.136905 0.463333 0.089286 0.436667 0.035714 0.410000 0.017857
1 0.303333 0.261905 0.283333 0.273810 0.253333 0.321429 0.246667 0.434524 0.260000 0.482143 0.280000 0.511905 0.330000 0.529762 0.360000 0.511905 0.383333 0.476190 0.396667 0.410714 0.393333 0.351190 0.383333 0.315476 0.350000 0.267857
1 0.126667 0.761905 0.093333 0.827381 0.093333 0.940476 0.110000 0.976190 0.143333 1.000000 0.210000 0.994048 0.233333 0.952381 0.243333 0.910714 0.243333 0.839286 0.233333 0.797619 0.210000 0.761905 0.180000 0.744048
1 0.223333 0.505952 0.180000 0.559524 0.170000 0.601190 0.170000 0.678571 0.186667 0.732143 0.206667 0.755952 0.236667 0.773810 0.266667 0.767857 0.296667 0.738095 0.320000 0.666667 0.320000 0.613095 0.310000 0.565476 0.286667 0.523810 0.263333 0.505952
1 0.366667 0.511905 0.336667 0.559524 0.326667 0.595238 0.330000 0.690476 0.353333 0.744048 0.380000 0.767857 0.423333 0.767857 0.453333 0.738095 0.473333 0.684524 0.473333 0.583333 0.430000 0.505952 0.390000 0.500000
1 0.456667 0.261905 0.430000 0.285714 0.406667 0.339286 0.406667 0.446429 0.443333 0.517857 0.496667 0.523810 0.520000 0.505952 0.546667 0.452381 0.553333 0.369048 0.543333 0.321429 0.513333 0.273810
1 0.530000 0.017857 0.500000 0.041667 0.483333 0.077381 0.473333 0.136905 0.476667 0.190476 0.503333 0.261905 0.523333 0.279762 0.570000 0.279762 0.600000 0.250000 0.620000 0.202381 0.623333 0.119048 0.610000 0.071429 0.583333 0.029762
1 0.693333 0.017857 0.643333 0.059524 0.630000 0.101190 0.626667 0.178571 0.636667 0.226190 0.660000 0.267857 0.683333 0.285714 0.720000 0.285714 0.743333 0.267857 0.766667 0.226190 0.776667 0.184524 0.776667 0.119048 0.750000 0.047619 0.723333 0.023810
1 0.610000 0.267857 0.593333 0.279762 0.566667 0.327381 0.556667 0.422619 0.570000 0.476190 0.593333 0.511905 0.616667 0.529762 0.650000 0.529762 0.683333 0.500000 0.703333 0.452381 0.706667 0.363095 0.680000 0.291667 0.653333 0.267857
1 0.533333 0.505952 0.490000 0.565476 0.480000 0.613095 0.483333 0.678571 0.500000 0.732143 0.533333 0.767857 0.580000 0.767857 0.600000 0.750000 0.626667 0.696429 0.633333 0.654762 0.630000 0.595238 0.613333 0.541667 0.596667 0.517857 0.566667 0.500000
1 0.276667 0.767857 0.256667 0.809524 0.246667 0.863095 0.250000 0.922619 0.263333 0.964286 0.293333 1.000000 0.353333 1.000000 0.373333 0.982143 0.400000 0.904762 0.400000 0.839286 0.386667 0.791667 0.346667 0.744048 0.306667 0.744048
1 0.450000 0.750000 0.420000 0.791667 0.406667 0.833333 0.406667 0.922619 0.420000 0.964286 0.443333 1.000000 0.513333 1.000000 0.540000 0.964286 0.553333 0.916667 0.556667 0.869048 0.550000 0.821429 0.510000 0.750000
1 0.610000 0.744048 0.586667 0.767857 0.563333 0.821429 0.563333 0.922619 0.580000 0.970238 0.600000 0.994048 0.673333 0.994048 0.693333 0.964286 0.710000 0.898810 0.703333 0.809524 0.666667 0.750000 0.636667 0.738095
1 0.693333 0.500000 0.663333 0.523810 0.643333 0.565476 0.636667 0.666667 0.646667 0.708333 0.666667 0.744048 0.686667 0.761905 0.723333 0.767857 0.750000 0.750000 0.773333 0.714286 0.783333 0.678571 0.786667 0.619048 0.776667 0.559524 0.756667 0.523810 0.726667 0.500000
1 0.780000 0.732143 0.753333 0.744048 0.726667 0.785714 0.716667 0.821429 0.713333 0.880952 0.720000 0.928571 0.743333 0.976190 0.773333 1.000000 0.800000 1.000000 0.843333 0.970238 0.856667 0.940476 0.866667 0.892857 0.863333 0.821429 0.833333 0.755952 0.813333 0.738095
1 0.910000 0.738095 0.883333 0.773810 0.870000 0.815476 0.873333 0.928571 0.890000 0.964286 0.920000 0.994048 0.973333 0.994048 1.000000 0.964286 1.000000 0.767857 0.963333 0.732143
1 0.853333 0.488095 0.813333 0.517857 0.790000 0.583333 0.790000 0.672619 0.823333 0.744048 0.873333 0.761905 0.923333 0.714286 0.936667 0.678571 0.940000 0.607143 0.936667 0.565476 0.913333 0.517857 0.890000 0.494048
1 0.926667 0.244048 0.900000 0.261905 0.873333 0.303571 0.863333 0.404762 0.866667 0.434524 0.893333 0.488095 0.923333 0.511905 0.953333 0.511905 1.000000 0.470238 1.000000 0.285714 0.956667 0.244048
1 0.773333 0.250000 0.740000 0.273810 0.716667 0.321429 0.710000 0.422619 0.720000 0.464286 0.750000 0.511905 0.796667 0.523810 0.833333 0.494048 0.853333 0.452381 0.860000 0.422619 0.860000 0.339286 0.830000 0.273810 0.800000 0.250000
1 0.843333 0.011905 0.813333 0.035714 0.796667 0.065476 0.783333 0.113095 0.783333 0.172619 0.796667 0.226190 0.813333 0.255952 0.863333 0.279762 0.900000 0.255952 0.923333 0.220238 0.936667 0.178571 0.936667 0.089286 0.916667 0.035714 0.873333 0.011905
