2 0.280000 0.682635 0.250000 0.694611 0.215556 0.694611 0.206667 0.688623 0.198889 0.688623 0.196667 0.694611 0.200000 0.930140 0.203333 0.948104 0.212222 0.960080 0.222222 0.964072 0.253333 0.964072 0.274444 0.952096 0.283333 0.936128 0.283333 0.714571
2 0.073333 0.652695 0.065556 0.658683 0.037778 0.666667 0.000000 0.664671 0.000000 0.954092 0.010000 0.964072 0.037778 0.968064 0.061111 0.962076 0.076667 0.950100 0.083333 0.936128 0.081111 0.700599 0.078889 0.666667
2 0.493333 0.682635 0.490000 0.698603 0.490000 0.948104 0.497778 0.960080 0.512222 0.968064 0.538889 0.970060 0.561111 0.962076 0.568889 0.950100 0.571111 0.938124 0.573333 0.816367 0.572222 0.688623 0.566667 0.684631 0.553333 0.690619 0.524444 0.692615
2 0.466667 0.686627 0.451111 0.694611 0.430000 0.698603 0.411111 0.696607 0.395556 0.688623 0.386667 0.690619 0.385556 0.922156 0.386667 0.936128 0.391111 0.948104 0.398889 0.956088 0.417778 0.962076 0.445556 0.960080 0.461111 0.950100 0.467778 0.936128 0.470000 0.888224 0.468889 0.698603
2 0.287778 0.684631 0.286667 0.918164 0.290000 0.950100 0.308889 0.964072 0.341111 0.964072 0.366667 0.950100 0.371111 0.936128 0.370000 0.688623 0.344444 0.694611 0.315556 0.694611
2 0.000000 0.355289 0.000000 0.662675 0.042222 0.662675 0.068889 0.652695 0.076667 0.638723 0.078889 0.584830 0.076667 0.419162 0.073333 0.359281 0.055556 0.351297
2 0.902222 0.676647 0.898889 0.700599 0.895556 0.822355 0.896667 0.932136 0.910000 0.952096 0.928889 0.960080 0.960000 0.962076 0.970000 0.958084 0.978889 0.938124 0.982222 0.890220 0.986667 0.726547 0.984444 0.690619 0.932222 0.688623 0.914444 0.684631
2 0.912222 0.391218 0.907778 0.397206 0.905556 0.544910 0.901111 0.626747 0.902222 0.668663 0.907778 0.678643 0.928889 0.686627 0.982222 0.686627 0.988889 0.670659 0.997778 0.429142 0.996667 0.403194 0.993333 0.397206 0.973333 0.391218
2 0.852222 0.652695 0.835556 0.672655 0.818889 0.680639 0.815556 0.690619 0.812222 0.724551 0.812222 0.840319 0.810000 0.848303 0.812222 0.920160 0.815556 0.936128 0.831111 0.948104 0.858889 0.954092 0.876667 0.952096 0.888889 0.938124 0.891111 0.930140 0.891111 0.908184 0.893333 0.904192 0.892222 0.860279 0.894444 0.842315 0.894444 0.758483 0.897778 0.674651 0.893333 0.664671 0.881111 0.656687
2 0.773333 0.405190 0.766667 0.427146 0.766667 0.646707 0.774444 0.662675 0.784444 0.670659 0.812222 0.676647 0.834444 0.670659 0.847778 0.654691 0.851111 0.632735 0.852222 0.417166 0.851111 0.413174 0.810000 0.413174
2 0.723333 0.656687 0.718889 0.662675 0.716667 0.682635 0.715556 0.852295 0.712222 0.918164 0.714444 0.934132 0.725556 0.948104 0.742222 0.956088 0.773333 0.958084 0.787778 0.952096 0.795556 0.938124 0.800000 0.750499 0.798889 0.682635 0.795556 0.676647 0.780000 0.670659 0.764444 0.652695 0.734444 0.652695
2 0.600000 0.678643 0.596667 0.698603 0.595556 0.940120 0.600000 0.952096 0.622222 0.966068 0.648889 0.968064 0.670000 0.960080 0.675556 0.952096 0.678889 0.936128 0.681111 0.686627 0.674444 0.682635 0.661111 0.688623 0.636667 0.688623
2 0.794444 0.117764 0.786667 0.127745 0.783333 0.145709 0.766667 0.337325 0.764444 0.389222 0.771111 0.397206 0.791111 0.405190 0.828889 0.411178 0.846667 0.409182 0.850000 0.401198 0.852222 0.355289 0.871111 0.169661 0.871111 0.141717 0.865556 0.133733 0.846667 0.125749
2 0.604444 0.389222 0.600000 0.399202 0.601111 0.606786 0.598889 0.686627 0.641111 0.688623 0.642222 0.694611 0.648889 0.688623 0.680000 0.686627 0.683333 0.662675 0.685556 0.395210 0.677778 0.389222 0.660000 0.385230 0.616667 0.385230
2 0.493333 0.682635 0.490000 0.700599 0.490000 0.946108 0.494444 0.956088 0.513333 0.968064 0.537778 0.970060 0.561111 0.962076 0.568889 0.950100 0.571111 0.938124 0.573333 0.808383 0.572222 0.686627 0.526667 0.692615
2 0.494444 0.389222 0.490000 0.395210 0.488889 0.427146 0.491111 0.672655 0.496667 0.682635 0.514444 0.688623 0.553333 0.688623 0.567778 0.684631 0.573333 0.674651 0.575556 0.656687 0.575556 0.395210 0.571111 0.389222 0.550000 0.385230
2 0.393333 0.299401 0.381111 0.311377 0.378889 0.339321 0.385556 0.548902 0.386667 0.674651 0.391111 0.686627 0.414444 0.694611 0.441111 0.694611 0.461111 0.688623 0.467778 0.680639 0.470000 0.668663 0.470000 0.393214 0.467778 0.311377 0.456667 0.297405 0.405556 0.295409
2 0.294444 0.397206 0.288889 0.407186 0.290000 0.465070 0.286667 0.586826 0.286667 0.670659 0.288889 0.686627 0.295556 0.688623 0.297778 0.694611 0.313333 0.696607 0.365556 0.692615 0.371111 0.672655 0.374444 0.405190 0.370000 0.399202 0.348889 0.393214 0.305556 0.393214
2 0.185556 0.672655 0.147778 0.682635 0.123333 0.682635 0.105556 0.676647 0.101111 0.680639 0.103333 0.940120 0.111111 0.956088 0.121111 0.962076 0.162222 0.960080 0.177778 0.952096 0.188889 0.936128 0.192222 0.872255 0.188889 0.684631
2 0.196667 0.385230 0.192222 0.391218 0.192222 0.449102 0.190000 0.455090 0.191111 0.491018 0.194444 0.508982 0.195556 0.672655 0.204444 0.688623 0.227778 0.694611 0.273333 0.686627 0.282222 0.670659 0.281111 0.413174 0.278889 0.387226 0.267778 0.379242 0.216667 0.379242
2 0.102222 0.365269 0.097778 0.371257 0.102222 0.670659 0.106667 0.676647 0.155556 0.678643 0.178889 0.670659 0.183333 0.662675 0.185556 0.648703 0.185556 0.610778 0.183333 0.604790 0.184444 0.594810 0.182222 0.590818 0.181111 0.560878 0.182222 0.532934 0.180000 0.528942 0.185556 0.473054 0.185556 0.383234 0.183333 0.367265 0.174444 0.361277 0.116667 0.361277
