0 0.750923 0.140816 0.743542 0.147959 0.742927 0.153061 0.739237 0.157143 0.736777 0.165306 0.734932 0.195918 0.736162 0.214286 0.742927 0.222449 0.756458 0.233673 0.762608 0.245918 0.763838 0.264286 0.760148 0.311224 0.769988 0.329592 0.775523 0.329592 0.779828 0.325510 0.780443 0.315306 0.787208 0.298980 0.789668 0.285714 0.792128 0.280612 0.795203 0.243878 0.790898 0.228571 0.790283 0.212245 0.793973 0.193878 0.795203 0.172449 0.792128 0.158163 0.787208 0.151020 0.769373 0.139796
0 0.646986 0.000000 0.644526 0.000000 0.643911 0.002041 0.624846 0.004082 0.619311 0.009184 0.614391 0.017347 0.612546 0.028571 0.611931 0.044898 0.614391 0.066327 0.616851 0.073469 0.624846 0.085714 0.627921 0.096939 0.629151 0.114286 0.627921 0.141837 0.629766 0.159184 0.634686 0.157143 0.642066 0.147959 0.658672 0.138776 0.661747 0.126531 0.658672 0.080612 0.662977 0.061224 0.663592 0.026531 0.661747 0.019388 0.653752 0.005102 0.648216 0.003061
0 0.814883 0.000000 0.814268 0.002041 0.806273 0.006122 0.798893 0.019388 0.796433 0.039796 0.796433 0.060204 0.798278 0.066327 0.819188 0.081633 0.823493 0.091837 0.824723 0.114286 0.821648 0.136735 0.821648 0.155102 0.825338 0.170408 0.826568 0.184694 0.828413 0.188776 0.829028 0.202041 0.830873 0.202041 0.830873 0.197959 0.834563 0.189796 0.835178 0.174490 0.838253 0.162245 0.842558 0.155102 0.845018 0.142857 0.848093 0.139796 0.849938 0.131633 0.849938 0.114286 0.845018 0.107143 0.844403 0.095918 0.850554 0.091837 0.848708 0.083673 0.845018 0.076531 0.849938 0.051020 0.850554 0.023469 0.842558 0.008163 0.833948 0.003061 0.829643 0.003061 0.827798 0.000000
0 1.000000 0.223469 0.991390 0.209184 0.981550 0.202041 0.970480 0.197959 0.953875 0.197959 0.946494 0.201020 0.937884 0.212245 0.935424 0.224490 0.929889 0.235714 0.928044 0.255102 0.921894 0.262245 0.920049 0.268367 0.907134 0.289796 0.907134 0.294898 0.899754 0.322449 0.898524 0.336735 0.899139 0.354082 0.904674 0.353061 0.913284 0.305102 0.917589 0.295918 0.929889 0.286735 0.942804 0.285714 0.966790 0.297959 0.974785 0.309184 0.977860 0.317347 0.978475 0.335714 0.977245 0.358163 0.974170 0.368367 0.974170 0.373469 0.978475 0.377551 0.977860 0.381633 0.980935 0.381633 0.987085 0.374490 0.990160 0.360204 0.990160 0.346939 0.993235 0.341837 0.992005 0.337755 0.993235 0.325510 0.991390 0.321429 0.992005 0.318367 0.989545 0.303061 0.991390 0.295918 0.992005 0.283673 0.993850 0.280612 0.996925 0.261224 1.000000 0.256122
0 0.742312 0.000000 0.738007 0.000000 0.737392 0.002041 0.729397 0.000000 0.728782 0.002041 0.720787 0.004082 0.712792 0.011224 0.707257 0.019388 0.704797 0.039796 0.705412 0.060204 0.707257 0.067347 0.716482 0.077551 0.723247 0.088776 0.725707 0.096939 0.724477 0.136735 0.730012 0.155102 0.736777 0.152041 0.746002 0.139796 0.755228 0.135714 0.755843 0.131633 0.754613 0.127551 0.757073 0.123469 0.752153 0.112245 0.754613 0.107143 0.752153 0.104082 0.750923 0.095918 0.753998 0.092857 0.752153 0.087755 0.753383 0.085714 0.753383 0.070408 0.755843 0.061224 0.757688 0.027551 0.755843 0.017347 0.749077 0.005102
0 0.896679 0.000000 0.891144 0.006122 0.884379 0.028571 0.883764 0.046939 0.885609 0.061224 0.891759 0.068367 0.901599 0.070408 0.912669 0.078571 0.921279 0.091837 0.921279 0.126531 0.916359 0.143878 0.915744 0.154082 0.921894 0.170408 0.927429 0.175510 0.931119 0.169388 0.933579 0.152041 0.941574 0.126531 0.940344 0.090816 0.938499 0.084694 0.934809 0.079592 0.938499 0.047959 0.939729 0.019388 0.935424 0.009184 0.922509 0.000000
0 1.000000 0.065306 0.993235 0.062245 0.977860 0.060204 0.970480 0.064286 0.962485 0.077551 0.957565 0.103061 0.956335 0.121429 0.952645 0.137755 0.938499 0.164286 0.937884 0.169388 0.929889 0.188776 0.925584 0.225510 0.922509 0.234694 0.920664 0.248980 0.918204 0.253061 0.918819 0.272449 0.920664 0.271429 0.920049 0.267347 0.921894 0.265306 0.929889 0.264286 0.929889 0.251020 0.937269 0.215306 0.948339 0.200000 0.960025 0.196939 0.974785 0.198980 0.989545 0.206122 0.998155 0.220408 1.000000 0.220408
0 0.190037 0.030612 0.186962 0.041837 0.187577 0.065306 0.188807 0.075510 0.194342 0.093878 0.196802 0.097959 0.216482 0.100000 0.223862 0.104082 0.231242 0.115306 0.233702 0.123469 0.236162 0.142857 0.236162 0.167347 0.237392 0.170408 0.244157 0.173469 0.252153 0.173469 0.267528 0.181633 0.268758 0.178571 0.266913 0.127551 0.263838 0.116327 0.252153 0.096939 0.242312 0.089796 0.240467 0.048980 0.234317 0.036735 0.225092 0.023469 0.218327 0.017347 0.203567 0.019388
0 0.000000 0.102041 0.000000 0.188776 0.018450 0.188776 0.023370 0.190816 0.029520 0.197959 0.034440 0.208163 0.037515 0.220408 0.041820 0.250000 0.053506 0.252041 0.072571 0.248980 0.068881 0.215306 0.065806 0.205102 0.062731 0.201020 0.060886 0.192857 0.049200 0.178571 0.038130 0.170408 0.037515 0.155102 0.030135 0.117347 0.025830 0.110204 0.020295 0.106122 0.007995 0.102041
0 0.000000 0.189796 0.000000 0.364286 0.024600 0.364286 0.028905 0.359184 0.029520 0.344898 0.026445 0.332653 0.026445 0.323469 0.024600 0.316327 0.023370 0.284694 0.025830 0.276531 0.038745 0.256122 0.038130 0.227551 0.030750 0.201020 0.022755 0.191837 0.014145 0.188776
0 0.876999 0.070408 0.868389 0.081633 0.864699 0.096939 0.862854 0.115306 0.863469 0.135714 0.866544 0.139796 0.884379 0.147959 0.897909 0.163265 0.899754 0.173469 0.899754 0.187755 0.896679 0.213265 0.897294 0.229592 0.900369 0.235714 0.907749 0.242857 0.912669 0.241837 0.919434 0.230612 0.921894 0.217347 0.922509 0.204082 0.924969 0.194898 0.921894 0.173469 0.915744 0.164286 0.912669 0.155102 0.914514 0.143878 0.920664 0.123469 0.921894 0.109184 0.921279 0.092857 0.912669 0.078571 0.904674 0.072449 0.886224 0.067347
0 0.765068 0.739796 0.749077 0.725510 0.729397 0.721429 0.712792 0.726531 0.705412 0.733673 0.700492 0.742857 0.694957 0.760204 0.691882 0.784694 0.688192 0.798980 0.678352 0.808163 0.669742 0.820408 0.660517 0.838776 0.657442 0.848980 0.649446 0.889796 0.645756 0.919388 0.646371 0.924490 0.642681 0.964286 0.644526 1.000000 0.774293 1.000000 0.777983 0.993878 0.787823 0.952041 0.790283 0.910204 0.787823 0.887755 0.783518 0.881633 0.779828 0.866327 0.771833 0.853061 0.777983 0.805102 0.779213 0.777551 0.773678 0.754082
0 0.546125 0.610204 0.532595 0.618367 0.523985 0.633673 0.521525 0.641837 0.519065 0.659184 0.518450 0.705102 0.514760 0.720408 0.510455 0.730612 0.510455 0.735714 0.507995 0.743878 0.504920 0.788776 0.505535 0.811224 0.507380 0.814286 0.509840 0.826531 0.520295 0.846939 0.529520 0.886735 0.531980 0.926531 0.530135 0.995918 0.531980 1.000000 0.607626 1.000000 0.610086 0.970408 0.611931 0.967347 0.611316 0.962245 0.614391 0.937755 0.616236 0.892857 0.617466 0.889796 0.616851 0.884694 0.618696 0.867347 0.619926 0.798980 0.621156 0.795918 0.620541 0.778571 0.618081 0.768367 0.618696 0.762245 0.613161 0.734694 0.601476 0.715306 0.599631 0.704082 0.597786 0.701020 0.596556 0.658163 0.592251 0.630612 0.584871 0.619388 0.576876 0.612245 0.567651 0.609184
0 0.701722 0.567347 0.691267 0.564286 0.675277 0.567347 0.666052 0.573469 0.656827 0.587755 0.648831 0.643878 0.643296 0.650000 0.637761 0.661224 0.633456 0.665306 0.629151 0.677551 0.626076 0.681633 0.618081 0.707143 0.616851 0.719388 0.617466 0.737755 0.624231 0.762245 0.625461 0.787755 0.622386 0.842857 0.621156 0.896939 0.618696 0.915306 0.613776 0.992857 0.615621 1.000000 0.635916 1.000000 0.638991 0.994898 0.638991 0.965306 0.642066 0.931633 0.643296 0.928571 0.646371 0.890816 0.651907 0.863265 0.654367 0.858163 0.658057 0.838776 0.664822 0.824490 0.676507 0.807143 0.686347 0.796939 0.690652 0.783673 0.696802 0.750000 0.702952 0.736735 0.710947 0.726531 0.720787 0.720408 0.736162 0.719388 0.742927 0.716327 0.739852 0.697959 0.730627 0.676531 0.727552 0.665306 0.726937 0.650000 0.728167 0.646939 0.727552 0.626531 0.728782 0.624490 0.728167 0.606122 0.726322 0.604082 0.725707 0.594898 0.717712 0.579592
0 0.439114 0.729592 0.426814 0.742857 0.422509 0.750000 0.416974 0.766327 0.415129 0.776531 0.415129 0.818367 0.413899 0.828571 0.410209 0.835714 0.398524 0.850000 0.390529 0.884694 0.388069 0.918367 0.391144 0.946939 0.392374 0.988776 0.394219 1.000000 0.523370 1.000000 0.523370 0.994898 0.525215 0.991837 0.525215 0.988776 0.523370 0.986735 0.525830 0.983673 0.529520 0.943878 0.528290 0.902041 0.526445 0.886735 0.522755 0.877551 0.523370 0.871429 0.518450 0.855102 0.513530 0.844898 0.514145 0.840816 0.505535 0.828571 0.503075 0.821429 0.501230 0.807143 0.501845 0.784694 0.498770 0.759184 0.484010 0.734694 0.466175 0.724490 0.453260 0.724490
0 0.298278 0.688776 0.287823 0.701020 0.282288 0.704082 0.278598 0.716327 0.274908 0.720408 0.272448 0.739796 0.272448 0.761224 0.274293 0.769388 0.272448 0.787755 0.269373 0.798980 0.265068 0.807143 0.261993 0.821429 0.257688 0.828571 0.253383 0.851020 0.252768 0.896939 0.265068 0.982653 0.264453 0.993878 0.266298 1.000000 0.388069 1.000000 0.389299 0.991837 0.389299 0.964286 0.384994 0.908163 0.390529 0.864286 0.389299 0.840816 0.383149 0.810204 0.374539 0.788776 0.357934 0.764286 0.356089 0.751020 0.353629 0.743878 0.352399 0.723469 0.348708 0.705102 0.345018 0.702041 0.341328 0.694898 0.334563 0.688776 0.313038 0.684694
0 0.126076 0.831633 0.118696 0.850000 0.116236 0.867347 0.116236 0.889796 0.119926 0.920408 0.121771 0.925510 0.121771 0.933673 0.111316 0.973469 0.110086 0.985714 0.110701 1.000000 0.258303 1.000000 0.257688 0.981633 0.255843 0.978571 0.257073 0.965306 0.253998 0.955102 0.254613 0.950000 0.251538 0.939796 0.252768 0.933673 0.250923 0.927551 0.230012 0.887755 0.222632 0.882653 0.215867 0.874490 0.211562 0.862245 0.207872 0.840816 0.204182 0.828571 0.194957 0.813265 0.177737 0.803061 0.159902 0.803061 0.141451 0.813265
0 0.000000 0.747959 0.000000 1.000000 0.102091 1.000000 0.104551 0.990816 0.103936 0.987755 0.106396 0.983673 0.107011 0.972449 0.111931 0.947959 0.115621 0.936735 0.116851 0.921429 0.115621 0.902041 0.113776 0.896939 0.111931 0.881633 0.111316 0.858163 0.110086 0.854082 0.100246 0.836735 0.095941 0.833673 0.094711 0.826531 0.092251 0.822449 0.086101 0.819388 0.078721 0.810204 0.075031 0.798980 0.072571 0.778571 0.068266 0.760204 0.058426 0.743878 0.046740 0.734694 0.029520 0.732653 0.017835 0.735714
0 0.019065 0.589796 0.007995 0.608163 0.004305 0.622449 0.004920 0.647959 0.007995 0.667347 0.014760 0.688776 0.014760 0.702041 0.016605 0.705102 0.008610 0.724490 0.010455 0.728571 0.008610 0.732653 0.020910 0.732653 0.025215 0.728571 0.042435 0.730612 0.054121 0.736735 0.068881 0.755102 0.070726 0.765306 0.075031 0.775510 0.075031 0.784694 0.079951 0.804082 0.086716 0.813265 0.091021 0.814286 0.095941 0.822449 0.102706 0.827551 0.107626 0.827551 0.108856 0.815306 0.111316 0.811224 0.110701 0.806122 0.116851 0.779592 0.118081 0.768367 0.125461 0.750000 0.126076 0.737755 0.123616 0.704082 0.119311 0.684694 0.107011 0.663265 0.094711 0.650000 0.089791 0.622449 0.083026 0.595918 0.071341 0.579592 0.060886 0.574490 0.043050 0.575510 0.032595 0.579592
0 0.142681 0.645918 0.132841 0.659184 0.126076 0.679592 0.126076 0.710204 0.129151 0.730612 0.129766 0.746939 0.121156 0.767347 0.115006 0.801020 0.115006 0.817347 0.118081 0.835714 0.123001 0.836735 0.134686 0.819388 0.144526 0.810204 0.156827 0.803061 0.174662 0.801020 0.192497 0.810204 0.202952 0.824490 0.209717 0.840816 0.212792 0.861224 0.221402 0.878571 0.231857 0.886735 0.244157 0.910204 0.247847 0.913265 0.249692 0.896939 0.249692 0.861224 0.253998 0.828571 0.253998 0.814286 0.252153 0.807143 0.250923 0.778571 0.249077 0.766327 0.238622 0.736735 0.231857 0.722449 0.220787 0.714286 0.214637 0.705102 0.210947 0.689796 0.206027 0.657143 0.198647 0.641837 0.183887 0.632653 0.166052 0.631633 0.150677 0.638776
0 0.150677 0.501020 0.141451 0.514286 0.137146 0.533673 0.137761 0.555102 0.142066 0.587755 0.137146 0.604082 0.134071 0.609184 0.131611 0.620408 0.129151 0.639796 0.129766 0.655102 0.133456 0.655102 0.143911 0.642857 0.164822 0.630612 0.177122 0.629592 0.194342 0.636735 0.199877 0.641837 0.206642 0.656122 0.210332 0.675510 0.211562 0.690816 0.218942 0.709184 0.227552 0.716327 0.233702 0.715306 0.235547 0.710204 0.238007 0.690816 0.241082 0.683673 0.243542 0.668367 0.247232 0.658163 0.249077 0.643878 0.247232 0.638776 0.247847 0.628571 0.246002 0.610204 0.239237 0.588776 0.231857 0.576531 0.218327 0.561224 0.214022 0.532653 0.214637 0.529592 0.207872 0.502041 0.200492 0.493878 0.183887 0.487755 0.166052 0.490816
0 0.309963 0.543878 0.297663 0.539796 0.289053 0.539796 0.274293 0.544898 0.266298 0.551020 0.260763 0.558163 0.250308 0.581633 0.249077 0.608163 0.252768 0.633673 0.252768 0.643878 0.244772 0.670408 0.239237 0.698980 0.238622 0.720408 0.244772 0.747959 0.249077 0.754082 0.251538 0.772449 0.259533 0.804082 0.263223 0.804082 0.268143 0.794898 0.270603 0.784694 0.270603 0.743878 0.273678 0.721429 0.284133 0.698980 0.292743 0.690816 0.309963 0.682653 0.324108 0.682653 0.334563 0.687755 0.342558 0.694898 0.350554 0.708163 0.357319 0.740816 0.359164 0.740816 0.362239 0.732653 0.364084 0.704082 0.362854 0.697959 0.363469 0.683673 0.361009 0.669388 0.354244 0.650000 0.343173 0.632653 0.333948 0.622449 0.331488 0.614286 0.328413 0.582653 0.325338 0.566327 0.317958 0.551020
0 0.434809 0.566327 0.418204 0.564286 0.408979 0.567347 0.399139 0.574490 0.390529 0.585714 0.385609 0.598980 0.383764 0.609184 0.383764 0.662245 0.368389 0.692857 0.367159 0.746939 0.373924 0.769388 0.375769 0.781633 0.386224 0.813265 0.390529 0.835714 0.394834 0.843878 0.400984 0.842857 0.404059 0.839796 0.412054 0.826531 0.413284 0.821429 0.413284 0.779592 0.414514 0.768367 0.423124 0.746939 0.430504 0.736735 0.440959 0.727551 0.455105 0.722449 0.468635 0.723469 0.487700 0.735714 0.493235 0.733673 0.493235 0.723469 0.492005 0.721429 0.493235 0.715306 0.488930 0.690816 0.482780 0.675510 0.464945 0.647959 0.461255 0.605102 0.458795 0.591837 0.448954 0.575510
0 0.833948 0.568367 0.825338 0.567347 0.814883 0.569388 0.805658 0.575510 0.797048 0.587755 0.792743 0.604082 0.787208 0.638776 0.762608 0.668367 0.749692 0.704082 0.749077 0.717347 0.773063 0.747959 0.777368 0.758163 0.780443 0.772449 0.781058 0.788776 0.776753 0.826531 0.776753 0.841837 0.781058 0.861224 0.787823 0.877551 0.790898 0.889796 0.794588 0.916327 0.793973 0.932653 0.792128 0.938776 0.786593 0.981633 0.784748 0.985714 0.785363 0.990816 0.783518 0.993878 0.786593 1.000000 0.827183 1.000000 0.833333 0.991837 0.835793 0.963265 0.838253 0.959184 0.848708 0.921429 0.853014 0.892857 0.858549 0.872449 0.859779 0.860204 0.862854 0.845918 0.864699 0.842857 0.873924 0.794898 0.873924 0.776531 0.876384 0.764286 0.877614 0.743878 0.873309 0.717347 0.864084 0.689796 0.864084 0.680612 0.871464 0.638776 0.871464 0.612245 0.867774 0.598980 0.858549 0.583673 0.849323 0.575510
0 0.949569 0.417347 0.939729 0.414286 0.923124 0.415306 0.915129 0.420408 0.907134 0.432653 0.898524 0.485714 0.895449 0.490816 0.884379 0.496939 0.876384 0.505102 0.869619 0.515306 0.864699 0.526531 0.859779 0.544898 0.859164 0.562245 0.860394 0.578571 0.868389 0.595918 0.873309 0.614286 0.873309 0.632653 0.868389 0.667347 0.867774 0.684694 0.876999 0.724490 0.880074 0.743878 0.880074 0.755102 0.877614 0.771429 0.875769 0.775510 0.872079 0.816327 0.868389 0.828571 0.863469 0.857143 0.859779 0.868367 0.857319 0.888776 0.853014 0.903061 0.848093 0.942857 0.845018 0.947959 0.845018 0.952041 0.848093 0.958163 0.844403 0.964286 0.843788 0.982653 0.851784 0.991837 0.857319 0.992857 0.864699 1.000000 0.881919 1.000000 0.889299 0.987755 0.894834 0.967347 0.894834 0.955102 0.896679 0.952041 0.896679 0.940816 0.898524 0.936735 0.899754 0.924490 0.912669 0.881633 0.914514 0.869388 0.920049 0.851020 0.925584 0.821429 0.929274 0.810204 0.929889 0.800000 0.937269 0.771429 0.939114 0.753061 0.942804 0.747959 0.944034 0.736735 0.947109 0.732653 0.951415 0.716327 0.955105 0.691837 0.958795 0.686735 0.960025 0.675510 0.967405 0.646939 0.972325 0.616327 0.971710 0.612245 0.974785 0.608163 0.973555 0.603061 0.974170 0.595918 0.976015 0.592857 0.975400 0.559184 0.969250 0.547959 0.965560 0.529592 0.968635 0.521429 0.976630 0.482653 0.977860 0.467347 0.977245 0.453061 0.975400 0.444898 0.967405 0.430612 0.958795 0.422449
0 0.833948 0.441837 0.822263 0.433673 0.810578 0.429592 0.796433 0.430612 0.782903 0.438776 0.775523 0.456122 0.769373 0.502041 0.763223 0.512245 0.751538 0.521429 0.749077 0.529592 0.743542 0.538776 0.736162 0.563265 0.730627 0.597959 0.732472 0.615306 0.731242 0.657143 0.733702 0.671429 0.744157 0.694898 0.747847 0.696939 0.763223 0.665306 0.784133 0.637755 0.788438 0.627551 0.792743 0.598980 0.800738 0.580612 0.808118 0.572449 0.821648 0.566327 0.833333 0.566327 0.845018 0.571429 0.850554 0.570408 0.849938 0.559184 0.842558 0.536735 0.842558 0.526531 0.844403 0.522449 0.845018 0.512245 0.847478 0.502041 0.847478 0.472449 0.843173 0.456122
0 0.677737 0.430612 0.657442 0.425510 0.643296 0.430612 0.634686 0.438776 0.626691 0.466327 0.624231 0.504082 0.608241 0.525510 0.602706 0.536735 0.595941 0.558163 0.592251 0.593878 0.592251 0.620408 0.599016 0.646939 0.602091 0.702041 0.604551 0.709184 0.610086 0.717347 0.614391 0.715306 0.619926 0.691837 0.631611 0.666327 0.647601 0.642857 0.652522 0.598980 0.656212 0.586735 0.666052 0.571429 0.675892 0.565306 0.682042 0.563265 0.705412 0.564286 0.706642 0.561224 0.703567 0.543878 0.697417 0.524490 0.698032 0.473469 0.696187 0.457143 0.693112 0.447959 0.688192 0.439796
0 0.531980 0.452041 0.510455 0.450000 0.501230 0.453061 0.492005 0.461224 0.485240 0.471429 0.480935 0.489796 0.480935 0.538776 0.469865 0.557143 0.464945 0.574490 0.462485 0.578571 0.461870 0.596939 0.466175 0.639796 0.470480 0.651020 0.489545 0.683673 0.501230 0.722449 0.505535 0.720408 0.514145 0.705102 0.517220 0.690816 0.518450 0.651020 0.523370 0.632653 0.528290 0.623469 0.533210 0.617347 0.543050 0.610204 0.554736 0.607143 0.576876 0.607143 0.576876 0.595918 0.573186 0.575510 0.554736 0.533673 0.552891 0.504082 0.548585 0.473469 0.543050 0.462245
0 0.000000 0.368367 0.000000 0.550000 0.003690 0.553061 0.009225 0.570408 0.017835 0.582653 0.026445 0.582653 0.033825 0.577551 0.045510 0.573469 0.061501 0.573469 0.075646 0.582653 0.084871 0.598980 0.087331 0.613265 0.093481 0.628571 0.095941 0.644898 0.101476 0.646939 0.103321 0.636735 0.102091 0.634694 0.102706 0.629592 0.100246 0.597959 0.099016 0.594898 0.099631 0.590816 0.097786 0.586735 0.092251 0.551020 0.089176 0.540816 0.086716 0.519388 0.084256 0.511224 0.084871 0.504082 0.079336 0.494898 0.076876 0.472449 0.072571 0.465306 0.068266 0.463265 0.052891 0.444898 0.045510 0.396939 0.036900 0.377551 0.030135 0.371429 0.019680 0.367347
0 0.158057 0.372449 0.141451 0.371429 0.127921 0.376531 0.118081 0.384694 0.109471 0.398980 0.107011 0.408163 0.107011 0.429592 0.113161 0.471429 0.102091 0.504082 0.097171 0.532653 0.097171 0.548980 0.100861 0.569388 0.102706 0.589796 0.107011 0.607143 0.110701 0.637755 0.115621 0.646939 0.118696 0.658163 0.121771 0.662245 0.124846 0.657143 0.128536 0.627551 0.132841 0.610204 0.140836 0.590816 0.140836 0.579592 0.135301 0.550000 0.135301 0.536735 0.142681 0.511224 0.150062 0.500000 0.159287 0.491837 0.174662 0.485714 0.193727 0.487755 0.201722 0.492857 0.205412 0.498980 0.209717 0.502041 0.212792 0.509184 0.214637 0.507143 0.212177 0.489796 0.206027 0.473469 0.198032 0.461224 0.185117 0.446939 0.182042 0.435714 0.178352 0.404082 0.173432 0.388776 0.166052 0.377551
0 0.295203 0.375510 0.280443 0.372449 0.263838 0.376531 0.251538 0.386735 0.244157 0.397959 0.241697 0.408163 0.241082 0.422449 0.244772 0.463265 0.242927 0.475510 0.234317 0.504082 0.230627 0.527551 0.230627 0.546939 0.231857 0.548980 0.233087 0.569388 0.242927 0.585714 0.244772 0.591837 0.247232 0.593878 0.248462 0.592857 0.249077 0.579592 0.262608 0.554082 0.275523 0.542857 0.289668 0.538776 0.302583 0.539796 0.317343 0.548980 0.322263 0.559184 0.330258 0.566327 0.341943 0.539796 0.343173 0.520408 0.338253 0.487755 0.331488 0.470408 0.325338 0.464286 0.314268 0.446939 0.314883 0.442857 0.313038 0.435714 0.310578 0.400000 0.302583 0.382653
0 0.396064 0.433673 0.386224 0.432653 0.369619 0.436735 0.359164 0.445918 0.353014 0.456122 0.349323 0.479592 0.349938 0.522449 0.341943 0.547959 0.337023 0.558163 0.333333 0.576531 0.333333 0.589796 0.337638 0.619388 0.356704 0.650000 0.365314 0.673469 0.369004 0.678571 0.373309 0.676531 0.381919 0.662245 0.383149 0.647959 0.382534 0.613265 0.384379 0.598980 0.386839 0.591837 0.394834 0.578571 0.402214 0.570408 0.416359 0.563265 0.428044 0.563265 0.442804 0.568367 0.445264 0.566327 0.445264 0.558163 0.443419 0.551020 0.435424 0.532653 0.424354 0.515306 0.420664 0.478571 0.421279 0.474490 0.418204 0.457143 0.412669 0.445918 0.406519 0.438776
0 0.040590 0.259184 0.032595 0.267347 0.025215 0.279592 0.023985 0.287755 0.024600 0.313265 0.032595 0.348980 0.031365 0.366327 0.044280 0.388776 0.052891 0.433673 0.055351 0.440816 0.076876 0.465306 0.084871 0.484694 0.091021 0.508163 0.095941 0.511224 0.099631 0.506122 0.109471 0.473469 0.109471 0.455102 0.105166 0.428571 0.105166 0.413265 0.108241 0.398980 0.117466 0.380612 0.118696 0.374490 0.116851 0.368367 0.117466 0.365306 0.114391 0.358163 0.115621 0.352041 0.110086 0.345918 0.110086 0.340816 0.097171 0.328571 0.091636 0.286735 0.086101 0.270408 0.081181 0.262245 0.074416 0.256122 0.066421 0.253061 0.054121 0.254082
0 0.157442 0.264286 0.142681 0.278571 0.138376 0.295918 0.139606 0.326531 0.145756 0.358163 0.149446 0.366327 0.162362 0.372449 0.171587 0.382653 0.177737 0.398980 0.185117 0.438776 0.191267 0.451020 0.207872 0.473469 0.214022 0.489796 0.218942 0.496939 0.220172 0.514286 0.222017 0.516327 0.227552 0.494898 0.233702 0.487755 0.240467 0.468367 0.238622 0.433673 0.235547 0.410204 0.236162 0.396939 0.233087 0.381633 0.225707 0.359184 0.216482 0.342857 0.209102 0.333673 0.202952 0.285714 0.201107 0.279592 0.193727 0.267347 0.181427 0.261224 0.164822 0.261224
0 0.258918 0.273469 0.253998 0.281633 0.250923 0.290816 0.249077 0.327551 0.251538 0.345918 0.241697 0.376531 0.240467 0.392857 0.244157 0.393878 0.258303 0.379592 0.266298 0.374490 0.276753 0.371429 0.286593 0.371429 0.294588 0.374490 0.301353 0.380612 0.310578 0.396939 0.312423 0.403061 0.313653 0.422449 0.314883 0.424490 0.317343 0.447959 0.324723 0.454082 0.332718 0.452041 0.336408 0.436735 0.336408 0.431633 0.340098 0.421429 0.340098 0.413265 0.341943 0.405102 0.341328 0.391837 0.339483 0.380612 0.332103 0.357143 0.319803 0.336735 0.317343 0.321429 0.316113 0.296939 0.311193 0.275510 0.302583 0.265306 0.289053 0.261224 0.274908 0.262245 0.266913 0.265306
0 0.419434 0.260204 0.412669 0.254082 0.404674 0.251020 0.390529 0.251020 0.376384 0.258163 0.368389 0.269388 0.365314 0.284694 0.367159 0.332653 0.357319 0.352041 0.351169 0.369388 0.350554 0.376531 0.346863 0.388776 0.347478 0.392857 0.345018 0.407143 0.345018 0.470408 0.347478 0.469388 0.351784 0.455102 0.356089 0.447959 0.373309 0.433673 0.380689 0.431633 0.396679 0.432653 0.410209 0.439796 0.416359 0.447959 0.421279 0.447959 0.424969 0.444898 0.432964 0.425510 0.431734 0.361224 0.434194 0.354082 0.434809 0.345918 0.429274 0.335714 0.429274 0.308163 0.427429 0.281633 0.424969 0.270408
0 0.477245 0.336735 0.454490 0.336735 0.446494 0.340816 0.437884 0.350000 0.432964 0.369388 0.432964 0.397959 0.435424 0.430612 0.434809 0.434694 0.429889 0.441837 0.427429 0.450000 0.422509 0.457143 0.424969 0.506122 0.426814 0.516327 0.434809 0.529592 0.455105 0.576531 0.458795 0.576531 0.479090 0.534694 0.479090 0.497959 0.480935 0.482653 0.485240 0.470408 0.493850 0.457143 0.499385 0.452041 0.500615 0.445918 0.501230 0.379592 0.498770 0.362245 0.491390 0.345918
0 0.593481 0.322449 0.571956 0.325510 0.563961 0.331633 0.556581 0.343878 0.553506 0.368367 0.553506 0.408163 0.551046 0.413265 0.541205 0.423469 0.533825 0.440816 0.535055 0.450000 0.546740 0.466327 0.551661 0.482653 0.554121 0.520408 0.556581 0.533673 0.563346 0.550000 0.576876 0.573469 0.579336 0.580612 0.580566 0.592857 0.583641 0.592857 0.584256 0.587755 0.587946 0.585714 0.587946 0.580612 0.591636 0.576531 0.594096 0.559184 0.603321 0.531633 0.616236 0.513265 0.622386 0.501020 0.626076 0.462245 0.630381 0.441837 0.628536 0.432653 0.619926 0.412245 0.619311 0.398980 0.621156 0.381633 0.621156 0.360204 0.618081 0.343878 0.608856 0.330612
0 0.500615 0.234694 0.489545 0.242857 0.483395 0.251020 0.480320 0.266327 0.481550 0.314286 0.480320 0.332653 0.490160 0.342857 0.498770 0.360204 0.501845 0.380612 0.502460 0.428571 0.505535 0.442857 0.509225 0.445918 0.515990 0.446939 0.528905 0.445918 0.535055 0.428571 0.546125 0.409184 0.547970 0.397959 0.546740 0.392857 0.548585 0.389796 0.547970 0.376531 0.544895 0.370408 0.541820 0.348980 0.539975 0.345918 0.541205 0.341837 0.538745 0.329592 0.542435 0.294898 0.541820 0.263265 0.539360 0.252041 0.528290 0.237755 0.518450 0.233673
0 0.702337 0.321429 0.688807 0.328571 0.681427 0.340816 0.678967 0.355102 0.678967 0.366327 0.675277 0.398980 0.672817 0.403061 0.666667 0.404082 0.667282 0.407143 0.664207 0.411224 0.662977 0.420408 0.677122 0.427551 0.685732 0.434694 0.693727 0.446939 0.698647 0.465306 0.698647 0.514286 0.700492 0.524490 0.711562 0.561224 0.720787 0.576531 0.725707 0.578571 0.728167 0.577551 0.731857 0.571429 0.733087 0.559184 0.736162 0.547959 0.748462 0.518367 0.749692 0.501020 0.750923 0.498980 0.751538 0.471429 0.752768 0.465306 0.750308 0.451020 0.748462 0.447959 0.748462 0.442857 0.743542 0.426531 0.741697 0.424490 0.742312 0.408163 0.746617 0.374490 0.746002 0.360204 0.742312 0.344898 0.733702 0.331633 0.717712 0.322449
0 0.813653 0.320408 0.806273 0.325510 0.798278 0.338776 0.794588 0.367347 0.789053 0.387755 0.782903 0.391837 0.770603 0.407143 0.758918 0.437755 0.757073 0.454082 0.758303 0.498980 0.763223 0.503061 0.768143 0.493878 0.771218 0.482653 0.774293 0.459184 0.782903 0.438776 0.798278 0.429592 0.817958 0.430612 0.833948 0.441837 0.845018 0.461224 0.848708 0.483673 0.848708 0.501020 0.845633 0.510204 0.845018 0.530612 0.848708 0.535714 0.853629 0.535714 0.857319 0.531633 0.859164 0.519388 0.862854 0.513265 0.862239 0.510204 0.865929 0.500000 0.867159 0.447959 0.865929 0.435714 0.860394 0.425510 0.858549 0.416327 0.861624 0.392857 0.863469 0.389796 0.864084 0.379592 0.865929 0.373469 0.865314 0.354082 0.862854 0.344898 0.857934 0.335714 0.841943 0.322449 0.824108 0.318367
0 0.967405 0.297959 0.944034 0.285714 0.931734 0.285714 0.924354 0.288776 0.915129 0.297959 0.907134 0.335714 0.904674 0.363265 0.897909 0.374490 0.892374 0.378571 0.889299 0.389796 0.875154 0.416327 0.870849 0.438776 0.872079 0.482653 0.875769 0.496939 0.878844 0.496939 0.889299 0.489796 0.897294 0.478571 0.904674 0.447959 0.907134 0.431633 0.915744 0.420408 0.923124 0.415306 0.939114 0.413265 0.949569 0.416327 0.968020 0.429592 0.971095 0.435714 0.979090 0.443878 0.982165 0.431633 0.982780 0.422449 0.979090 0.403061 0.976015 0.394898 0.969865 0.385714 0.969865 0.377551 0.976015 0.358163 0.977860 0.324490 0.975400 0.311224
0 0.140836 0.172449 0.127921 0.174490 0.111316 0.183673 0.104551 0.193878 0.102706 0.200000 0.103321 0.226531 0.105166 0.241837 0.108241 0.252041 0.108241 0.260204 0.102091 0.274490 0.100861 0.296939 0.103321 0.311224 0.107626 0.316327 0.109471 0.326531 0.114391 0.330612 0.120541 0.341837 0.116851 0.344898 0.116851 0.346939 0.123616 0.357143 0.122386 0.362245 0.126076 0.370408 0.129766 0.371429 0.138376 0.365306 0.140221 0.359184 0.140836 0.343878 0.137146 0.319388 0.137146 0.292857 0.144526 0.274490 0.162362 0.257143 0.164207 0.248980 0.164207 0.214286 0.162977 0.200000 0.159902 0.188776 0.154982 0.179592
0 0.252153 0.175510 0.236162 0.175510 0.219557 0.184694 0.212792 0.193878 0.210332 0.205102 0.210332 0.226531 0.212792 0.258163 0.209102 0.268367 0.204182 0.275510 0.204182 0.286735 0.206642 0.295918 0.209717 0.324490 0.212792 0.334694 0.228782 0.351020 0.235547 0.373469 0.238622 0.373469 0.241082 0.369388 0.242312 0.361224 0.247847 0.344898 0.241697 0.339796 0.241697 0.335714 0.244772 0.331633 0.247847 0.331633 0.247847 0.328571 0.245387 0.326531 0.247847 0.323469 0.249692 0.316327 0.249077 0.298980 0.250923 0.286735 0.258303 0.271429 0.269373 0.257143 0.271833 0.248980 0.271833 0.216327 0.268143 0.193878 0.263838 0.183673
0 0.346863 0.170408 0.337023 0.171429 0.329643 0.175510 0.321033 0.184694 0.316728 0.193878 0.313653 0.209184 0.316728 0.253061 0.315498 0.260204 0.312423 0.266327 0.319803 0.311224 0.320418 0.326531 0.327183 0.345918 0.336408 0.363265 0.338253 0.371429 0.344403 0.381633 0.346248 0.380612 0.346863 0.373469 0.349323 0.370408 0.355474 0.350000 0.364699 0.331633 0.364699 0.278571 0.367159 0.268367 0.373924 0.255102 0.375769 0.247959 0.374539 0.205102 0.370849 0.186735 0.366544 0.179592 0.359164 0.173469
0 0.290898 0.100000 0.282903 0.105102 0.275523 0.120408 0.274293 0.126531 0.275523 0.156122 0.277368 0.170408 0.279213 0.174490 0.274293 0.203061 0.274908 0.224490 0.277368 0.246939 0.276138 0.255102 0.278598 0.258163 0.293358 0.259184 0.308118 0.263265 0.311193 0.259184 0.312423 0.251020 0.314268 0.247959 0.314268 0.206122 0.315498 0.196939 0.319188 0.187755 0.328413 0.175510 0.330873 0.167347 0.330258 0.129592 0.327183 0.114286 0.317343 0.102041 0.308118 0.097959
0 0.462485 0.157143 0.445264 0.156122 0.438499 0.158163 0.431119 0.163265 0.422509 0.179592 0.421279 0.197959 0.423739 0.236735 0.416974 0.253061 0.426814 0.270408 0.430504 0.301020 0.431119 0.327551 0.432349 0.332653 0.438499 0.342857 0.455720 0.334694 0.469250 0.331633 0.477245 0.319388 0.479090 0.311224 0.479090 0.266327 0.484010 0.242857 0.481550 0.229592 0.480935 0.190816 0.479090 0.177551 0.475400 0.166327
0 0.388684 0.087755 0.381304 0.094898 0.375769 0.104082 0.375154 0.109184 0.375769 0.144898 0.378844 0.157143 0.378844 0.166327 0.375154 0.179592 0.375154 0.191837 0.379459 0.243878 0.382534 0.250000 0.404059 0.248980 0.419434 0.253061 0.419434 0.246939 0.423124 0.233673 0.421279 0.201020 0.421894 0.181633 0.424354 0.172449 0.429889 0.161224 0.431119 0.154082 0.429889 0.110204 0.428659 0.103061 0.423739 0.093878 0.414514 0.086735 0.399139 0.085714
0 0.609471 0.223469 0.594096 0.235714 0.589791 0.256122 0.589791 0.302041 0.582411 0.310204 0.584256 0.314286 0.581796 0.318367 0.592866 0.319388 0.599631 0.322449 0.608856 0.329592 0.616851 0.340816 0.619926 0.348980 0.621771 0.363265 0.620541 0.408163 0.629766 0.428571 0.633456 0.431633 0.637146 0.431633 0.651292 0.420408 0.654982 0.414286 0.658057 0.402041 0.664207 0.389796 0.666052 0.373469 0.664207 0.340816 0.659287 0.325510 0.650062 0.307143 0.651907 0.290816 0.652522 0.262245 0.651292 0.250000 0.646986 0.236735 0.639606 0.227551 0.629766 0.222449 0.618081 0.221429
0 0.560271 0.144898 0.546125 0.146939 0.539975 0.150000 0.534440 0.156122 0.531980 0.161224 0.529520 0.173469 0.528290 0.188776 0.531365 0.232653 0.539975 0.248980 0.542435 0.261224 0.543665 0.285714 0.542435 0.315306 0.544280 0.324490 0.546740 0.328571 0.551661 0.331633 0.552276 0.337755 0.550431 0.339796 0.551661 0.344898 0.553506 0.342857 0.554121 0.336735 0.556581 0.336735 0.563961 0.327551 0.575031 0.319388 0.579951 0.308163 0.584256 0.303061 0.586101 0.295918 0.586716 0.242857 0.584256 0.230612 0.587946 0.202041 0.587331 0.175510 0.585486 0.166327 0.575646 0.151020
0 0.720787 0.219388 0.711562 0.226531 0.704182 0.236735 0.699877 0.258163 0.696802 0.287755 0.680812 0.310204 0.677737 0.320408 0.672817 0.329592 0.670357 0.344898 0.671587 0.366327 0.672817 0.368367 0.676507 0.366327 0.678967 0.347959 0.681427 0.339796 0.688192 0.328571 0.696802 0.322449 0.715252 0.320408 0.731857 0.328571 0.738007 0.335714 0.747232 0.354082 0.749077 0.364286 0.749077 0.381633 0.747847 0.386735 0.749692 0.393878 0.749692 0.419388 0.750923 0.421429 0.755843 0.421429 0.765068 0.405102 0.766913 0.388776 0.766298 0.377551 0.768143 0.373469 0.766298 0.362245 0.768143 0.356122 0.765068 0.326531 0.758918 0.313265 0.763223 0.280612 0.763838 0.247959 0.755228 0.232653 0.745387 0.223469 0.736777 0.218367
0 0.822263 0.223469 0.813038 0.234694 0.803198 0.287755 0.793358 0.297959 0.787208 0.309184 0.787208 0.311224 0.794588 0.315306 0.794588 0.324490 0.791513 0.327551 0.784133 0.329592 0.782288 0.337755 0.782903 0.345918 0.781058 0.354082 0.781058 0.378571 0.782288 0.385714 0.787208 0.385714 0.790898 0.380612 0.795203 0.364286 0.797048 0.344898 0.805043 0.328571 0.814883 0.320408 0.829643 0.319388 0.838253 0.321429 0.851169 0.328571 0.859779 0.339796 0.864084 0.350000 0.865314 0.359184 0.863469 0.392857 0.866544 0.396939 0.869619 0.396939 0.870234 0.392857 0.873924 0.386735 0.876999 0.366327 0.876384 0.339796 0.867774 0.311224 0.873309 0.264286 0.872079 0.246939 0.867159 0.235714 0.849938 0.222449 0.832718 0.220408
0 0.657442 0.141837 0.641451 0.151020 0.638376 0.158163 0.635301 0.170408 0.634071 0.182653 0.634071 0.208163 0.637146 0.221429 0.648831 0.237755 0.653137 0.252041 0.655597 0.309184 0.665437 0.334694 0.667282 0.335714 0.670972 0.330612 0.674047 0.315306 0.677737 0.311224 0.680197 0.302041 0.685732 0.294898 0.688807 0.286735 0.690652 0.275510 0.692497 0.272449 0.694957 0.252041 0.697417 0.247959 0.698032 0.239796 0.690037 0.228571 0.693727 0.186735 0.693112 0.173469 0.690037 0.160204 0.685117 0.152041 0.678352 0.146939 0.669127 0.142857
0 0.506765 0.074490 0.493235 0.074490 0.485240 0.077551 0.477860 0.084694 0.473555 0.097959 0.477245 0.166327 0.480935 0.178571 0.482165 0.191837 0.481550 0.207143 0.483395 0.229592 0.485240 0.237755 0.488930 0.239796 0.502460 0.231633 0.519680 0.227551 0.525215 0.217347 0.526445 0.202041 0.525215 0.174490 0.527675 0.147959 0.528290 0.116327 0.527060 0.096939 0.521525 0.082653
0 0.305658 0.028571 0.301353 0.039796 0.299508 0.052041 0.301353 0.075510 0.304428 0.091837 0.321648 0.104082 0.327183 0.112245 0.331488 0.130612 0.330873 0.136735 0.333333 0.166327 0.360394 0.172449 0.368389 0.170408 0.370849 0.156122 0.370234 0.141837 0.360394 0.098980 0.354244 0.086735 0.354859 0.067347 0.353629 0.050000 0.349938 0.031633 0.343788 0.024490 0.337023 0.022449 0.317958 0.023469
0 0.197417 0.098980 0.189422 0.103061 0.182042 0.111224 0.177122 0.125510 0.177122 0.139796 0.183272 0.182653 0.172817 0.198980 0.170357 0.212245 0.169127 0.237755 0.169742 0.245918 0.174047 0.256122 0.193112 0.263265 0.206027 0.274490 0.212177 0.259184 0.212177 0.243878 0.210947 0.238776 0.210947 0.206122 0.212177 0.197959 0.218327 0.187755 0.227552 0.179592 0.232472 0.178571 0.236777 0.172449 0.236777 0.141837 0.233702 0.120408 0.230627 0.111224 0.225707 0.105102 0.211562 0.098980
0 0.119926 0.094898 0.100861 0.093878 0.087946 0.100000 0.079951 0.109184 0.078106 0.117347 0.078721 0.146939 0.082411 0.159184 0.084256 0.181633 0.071956 0.204082 0.072571 0.220408 0.076876 0.234694 0.078721 0.252041 0.087946 0.267347 0.092251 0.271429 0.095941 0.288776 0.105781 0.260204 0.106396 0.251020 0.103936 0.239796 0.104551 0.227551 0.103321 0.224490 0.102706 0.209184 0.103936 0.195918 0.108241 0.187755 0.114391 0.181633 0.136531 0.171429 0.140221 0.164286 0.139606 0.144898 0.134686 0.113265 0.130381 0.103061
0 0.102706 0.016327 0.095326 0.025510 0.094096 0.031633 0.094711 0.060204 0.099631 0.080612 0.099016 0.086735 0.095941 0.089796 0.095941 0.092857 0.116851 0.093878 0.129766 0.103061 0.135916 0.122449 0.139606 0.167347 0.154367 0.175510 0.165437 0.186735 0.169742 0.184694 0.174662 0.172449 0.175892 0.164286 0.174047 0.113265 0.171587 0.105102 0.156827 0.082653 0.152522 0.071429 0.151292 0.047959 0.147601 0.024490 0.141451 0.016327 0.125461 0.009184 0.111931 0.011224
0 0.000000 0.028571 0.000000 0.089796 0.008610 0.101020 0.014145 0.102041 0.026445 0.110204 0.031365 0.120408 0.040590 0.162245 0.044895 0.162245 0.045510 0.165306 0.048585 0.165306 0.049815 0.170408 0.047355 0.174490 0.055351 0.181633 0.064576 0.198980 0.068881 0.201020 0.078106 0.186735 0.079336 0.172449 0.078721 0.156122 0.076261 0.145918 0.072571 0.114286 0.068881 0.098980 0.060271 0.082653 0.056581 0.080612 0.054736 0.076531 0.052891 0.044898 0.050431 0.035714 0.044895 0.024490 0.033825 0.017347 0.018450 0.018367
0 0.430504 0.016327 0.421894 0.024490 0.418819 0.030612 0.416359 0.040816 0.416359 0.061224 0.418204 0.075510 0.421894 0.088776 0.428044 0.096939 0.429889 0.103061 0.434809 0.152041 0.436654 0.155102 0.459410 0.154082 0.471095 0.157143 0.472940 0.150000 0.471095 0.095918 0.468635 0.085714 0.468635 0.051020 0.466790 0.028571 0.459410 0.016327 0.449569 0.012245 0.437884 0.012245 0.435424 0.015306
0 0.856089 0.141837 0.846248 0.150000 0.844403 0.154082 0.838253 0.187755 0.838253 0.211224 0.840098 0.217347 0.856704 0.225510 0.865929 0.233673 0.872694 0.250000 0.873309 0.264286 0.871464 0.286735 0.869619 0.291837 0.869004 0.314286 0.875154 0.327551 0.875769 0.336735 0.880689 0.358163 0.880074 0.362245 0.881919 0.363265 0.883149 0.355102 0.884379 0.353061 0.888684 0.354082 0.891144 0.345918 0.902829 0.289796 0.902829 0.255102 0.894219 0.228571 0.894219 0.220408 0.897909 0.202041 0.899139 0.173469 0.897294 0.162245 0.887454 0.150000 0.873309 0.141837
0 0.688192 0.070408 0.676507 0.078571 0.672202 0.086735 0.670357 0.100000 0.670972 0.135714 0.672817 0.141837 0.683272 0.150000 0.691882 0.162245 0.693727 0.174490 0.692497 0.216327 0.693727 0.219388 0.701107 0.222449 0.703567 0.226531 0.706642 0.226531 0.726937 0.214286 0.730627 0.208163 0.730627 0.203061 0.728167 0.196939 0.728782 0.192857 0.726937 0.189796 0.728782 0.184694 0.722632 0.171429 0.721402 0.161224 0.719557 0.158163 0.725092 0.110204 0.724477 0.096939 0.719557 0.083673 0.712177 0.074490 0.703567 0.070408
0 0.790283 0.067347 0.782288 0.070408 0.773678 0.080612 0.768143 0.104082 0.767528 0.130612 0.769988 0.138776 0.785978 0.150000 0.793358 0.161224 0.795203 0.177551 0.792128 0.223469 0.793358 0.231633 0.796433 0.238776 0.797663 0.248980 0.803198 0.250000 0.820418 0.217347 0.820418 0.213265 0.824108 0.203061 0.825338 0.182653 0.823493 0.169388 0.819188 0.157143 0.823493 0.118367 0.823493 0.094898 0.821033 0.085714 0.811808 0.074490 0.801968 0.069388
0 0.608241 0.072449 0.591636 0.072449 0.581181 0.077551 0.578721 0.080612 0.575031 0.093878 0.573801 0.108163 0.575031 0.143878 0.584871 0.160204 0.586716 0.166327 0.590406 0.193878 0.589176 0.205102 0.589791 0.216327 0.592866 0.227551 0.605166 0.221429 0.623616 0.217347 0.625461 0.215306 0.626691 0.205102 0.628536 0.202041 0.629151 0.182653 0.627306 0.176531 0.627921 0.168367 0.624846 0.158163 0.627306 0.130612 0.626691 0.095918 0.621771 0.082653 0.613776 0.074490
0 0.559041 0.009184 0.549200 0.007143 0.533825 0.009184 0.527060 0.015306 0.522755 0.025510 0.521525 0.045918 0.523370 0.074490 0.529520 0.096939 0.530750 0.139796 0.531980 0.142857 0.531365 0.146939 0.533210 0.150000 0.546125 0.143878 0.565806 0.142857 0.569496 0.137755 0.571341 0.088776 0.573186 0.080612 0.575031 0.056122 0.575031 0.037755 0.568881 0.017347
