5 0.243000 0.220641 0.231000 0.224199 0.218000 0.234875 0.210000 0.250890 0.212000 0.314947 0.217000 0.361210 0.220000 0.450178 0.239000 0.731317 0.240000 0.791815 0.244000 0.804270 0.254000 0.811388 0.258000 0.818505 0.263000 0.875445 0.271000 0.886121 0.287000 0.886121 0.295000 0.880783 0.299000 0.873665 0.300000 0.804270 0.313000 0.788256 0.314000 0.772242 0.298000 0.574733 0.288000 0.393238 0.283000 0.350534 0.279000 0.254448 0.275000 0.238434 0.268000 0.227758
5 0.171000 0.229537 0.150000 0.238434 0.142000 0.250890 0.140000 0.259786 0.146000 0.457295 0.158000 0.647687 0.161000 0.738434 0.165000 0.797153 0.174000 0.814947 0.183000 0.820285 0.188000 0.852313 0.189000 0.877224 0.197000 0.889680 0.210000 0.889680 0.218000 0.886121 0.225000 0.873665 0.225000 0.809609 0.234000 0.797153 0.237000 0.786477 0.233000 0.692171 0.228000 0.649466 0.225000 0.558719 0.220000 0.501779 0.218000 0.419929 0.215000 0.396797 0.207000 0.254448 0.203000 0.243772 0.195000 0.234875
5 0.313000 0.220641 0.297000 0.227758 0.282000 0.252669 0.284000 0.322064 0.293000 0.427046 0.307000 0.667260 0.316000 0.774021 0.332000 0.791815 0.338000 0.846975 0.345000 0.855872 0.359000 0.855872 0.366000 0.852313 0.373000 0.841637 0.373000 0.777580 0.387000 0.752669 0.374000 0.549822 0.347000 0.234875 0.337000 0.222420
5 0.392000 0.231317 0.384000 0.234875 0.376000 0.245552 0.368000 0.274021 0.367000 0.297153 0.404000 0.736655 0.407000 0.750890 0.423000 0.765125 0.429000 0.806050 0.434000 0.823843 0.438000 0.827402 0.453000 0.827402 0.461000 0.822064 0.465000 0.814947 0.466000 0.797153 0.463000 0.747331 0.471000 0.738434 0.476000 0.725979 0.470000 0.653025 0.463000 0.606762 0.460000 0.562278 0.455000 0.532028 0.453000 0.498221 0.425000 0.250890 0.413000 0.234875
5 0.455000 0.222420 0.444000 0.229537 0.432000 0.247331 0.429000 0.256228 0.429000 0.266904 0.467000 0.624555 0.480000 0.727758 0.495000 0.743772 0.504000 0.795374 0.509000 0.804270 0.520000 0.806050 0.530000 0.800712 0.537000 0.788256 0.535000 0.725979 0.546000 0.704626 0.546000 0.681495 0.533000 0.590747 0.523000 0.494662 0.517000 0.462633 0.514000 0.421708 0.500000 0.323843 0.498000 0.286477 0.493000 0.250890 0.487000 0.236655 0.479000 0.227758 0.469000 0.222420
5 0.517000 0.202847 0.499000 0.220641 0.494000 0.245552 0.514000 0.398577 0.524000 0.496441 0.529000 0.523132 0.533000 0.572954 0.544000 0.647687 0.548000 0.701068 0.553000 0.713523 0.567000 0.725979 0.575000 0.774021 0.578000 0.781139 0.586000 0.784698 0.596000 0.782918 0.603000 0.777580 0.609000 0.765125 0.605000 0.702847 0.616000 0.686833 0.617000 0.667260 0.569000 0.314947 0.564000 0.291815 0.560000 0.245552 0.554000 0.217082 0.545000 0.204626 0.539000 0.201068
5 0.594000 0.167260 0.563000 0.190391 0.556000 0.204626 0.556000 0.220641 0.576000 0.352313 0.617000 0.656584 0.623000 0.672598 0.631000 0.676157 0.636000 0.686833 0.645000 0.733096 0.650000 0.738434 0.661000 0.738434 0.672000 0.731317 0.677000 0.720641 0.672000 0.660142 0.682000 0.642349 0.682000 0.619217 0.627000 0.240214 0.623000 0.188612 0.615000 0.169039 0.606000 0.165480
5 0.636000 0.158363 0.626000 0.170819 0.624000 0.183274 0.625000 0.213523 0.632000 0.252669 0.658000 0.448399 0.668000 0.503559 0.682000 0.613879 0.685000 0.628114 0.698000 0.644128 0.709000 0.693950 0.715000 0.702847 0.730000 0.701068 0.739000 0.693950 0.742000 0.685053 0.736000 0.622776 0.745000 0.608541 0.747000 0.588968 0.741000 0.549822 0.738000 0.542705 0.733000 0.507117 0.721000 0.451957 0.717000 0.414591 0.710000 0.377224 0.706000 0.368327 0.703000 0.334520 0.694000 0.286477 0.690000 0.275801 0.687000 0.241993 0.677000 0.183274 0.672000 0.169039 0.665000 0.161922 0.651000 0.156584
5 0.695000 0.163701 0.681000 0.181495 0.682000 0.209964 0.728000 0.482206 0.734000 0.503559 0.736000 0.524911 0.748000 0.581851 0.751000 0.635231 0.755000 0.644128 0.768000 0.651246 0.772000 0.658363 0.780000 0.697509 0.786000 0.711744 0.804000 0.711744 0.811000 0.706406 0.815000 0.695730 0.810000 0.631673 0.819000 0.617438 0.820000 0.603203 0.804000 0.505338 0.798000 0.480427 0.796000 0.459075 0.783000 0.396797 0.780000 0.366548 0.759000 0.263345 0.748000 0.193950 0.741000 0.163701 0.733000 0.156584 0.710000 0.156584
5 0.768000 0.137011 0.756000 0.145907 0.745000 0.163701 0.745000 0.179715 0.770000 0.316726 0.781000 0.364769 0.782000 0.384342 0.809000 0.528470 0.821000 0.615658 0.826000 0.626335 0.831000 0.628114 0.836000 0.637011 0.851000 0.701068 0.856000 0.706406 0.869000 0.706406 0.879000 0.697509 0.886000 0.681495 0.886000 0.658363 0.880000 0.613879 0.883000 0.580071 0.880000 0.542705 0.846000 0.386121 0.801000 0.147687 0.792000 0.133452
