0 0.514706 0.433551 0.501634 0.429194 0.462418 0.431373 0.442810 0.442266 0.431373 0.457516 0.428105 0.472767 0.428105 0.522876 0.415033 0.555556 0.411765 0.581699 0.411765 0.657952 0.403595 0.668845 0.387255 0.675381 0.377451 0.686275 0.372549 0.686275 0.361111 0.703704 0.356209 0.703704 0.316993 0.762527 0.320261 0.766885 0.316993 0.777778 0.320261 0.784314 0.316993 0.795207 0.316993 0.827887 0.330065 0.882353 0.336601 0.893246 0.343137 0.923747 0.356209 0.958606 0.356209 1.000000 0.576797 1.000000 0.584967 0.991285 0.594771 0.941176 0.612745 0.884532 0.650327 0.810458 0.653595 0.777778 0.651961 0.758170 0.645425 0.745098 0.647059 0.732026 0.616013 0.716776 0.609477 0.705882 0.606209 0.684096 0.599673 0.684096 0.581699 0.666667 0.576797 0.657952 0.578431 0.653595 0.565359 0.636166 0.562092 0.570806 0.545752 0.518519 0.542484 0.464052 0.531046 0.444444
0 0.552288 0.043573 0.540850 0.058824 0.535948 0.076253 0.535948 0.095861 0.529412 0.126362 0.529412 0.187364 0.524510 0.215686 0.522876 0.261438 0.532680 0.285403 0.547386 0.300654 0.563725 0.333333 0.568627 0.335512 0.576797 0.320261 0.581699 0.276688 0.596405 0.259259 0.624183 0.250545 0.625817 0.244009 0.598039 0.191721 0.601307 0.113290 0.594771 0.091503 0.593137 0.052288 0.576797 0.043573
0 1.000000 0.374728 0.967320 0.366013 0.937908 0.368192 0.924837 0.374728 0.915033 0.389978 0.905229 0.427015 0.869281 0.483660 0.859477 0.509804 0.857843 0.525054 0.843137 0.555556 0.803922 0.564270 0.784314 0.579521 0.777778 0.592593 0.761438 0.594771 0.741830 0.607843 0.730392 0.620915 0.723856 0.642702 0.715686 0.649237 0.707516 0.684096 0.702614 0.677560 0.696078 0.681917 0.700980 0.690632 0.699346 0.699346 0.704248 0.699346 0.710784 0.708061 0.740196 0.712418 0.743464 0.716776 0.733660 0.718954 0.735294 0.725490 0.754902 0.727669 0.781046 0.708061 0.782680 0.697168 0.795752 0.681917 0.799020 0.666667 0.810458 0.655773 0.813725 0.631808 0.826797 0.623094 0.833333 0.610022 0.888889 0.607843 0.906863 0.610022 0.916667 0.616558 0.923203 0.614379 0.934641 0.625272 0.947712 0.625272 0.954248 0.640523 0.967320 0.649237 0.973856 0.679739 0.973856 0.721133 0.980392 0.729847 1.000000 0.729847
0 0.454248 0.106754 0.446078 0.111111 0.441176 0.132898 0.439542 0.180828 0.434641 0.204793 0.437908 0.276688 0.406863 0.309368 0.408497 0.383442 0.419935 0.403050 0.424837 0.403050 0.447712 0.427015 0.504902 0.427015 0.534314 0.440087 0.545752 0.420479 0.558824 0.379085 0.562092 0.339869 0.544118 0.302832 0.517974 0.270153 0.521242 0.248366 0.521242 0.191721 0.508170 0.128540 0.496732 0.111111
0 0.594771 0.261438 0.583333 0.274510 0.578431 0.326797 0.562092 0.370370 0.557190 0.433551 0.550654 0.448802 0.545752 0.479303 0.545752 0.507625 0.560458 0.553377 0.566993 0.616558 0.571895 0.627451 0.571895 0.647059 0.578431 0.662309 0.591503 0.666667 0.609477 0.690632 0.609477 0.701525 0.614379 0.708061 0.624183 0.708061 0.632353 0.721133 0.653595 0.732026 0.645425 0.734205 0.648693 0.740741 0.642157 0.749455 0.656863 0.766885 0.678105 0.769063 0.683007 0.762527 0.722222 0.760349 0.732026 0.753813 0.723856 0.745098 0.728758 0.734205 0.723856 0.729847 0.727124 0.725490 0.723856 0.721133 0.725490 0.712418 0.718954 0.703704 0.707516 0.703704 0.702614 0.697168 0.696078 0.699346 0.689542 0.688453 0.697712 0.679739 0.705882 0.681917 0.705882 0.644880 0.710784 0.640523 0.710784 0.633987 0.722222 0.631808 0.728758 0.623094 0.730392 0.612200 0.727124 0.607843 0.736928 0.601307 0.740196 0.575163 0.733660 0.555556 0.702614 0.503268 0.704248 0.496732 0.683007 0.481481 0.676471 0.461874 0.678105 0.374728 0.671569 0.337691 0.673203 0.281046 0.663399 0.265795 0.635621 0.254902
0 0.349673 0.206972 0.316993 0.211329 0.305556 0.220044 0.297386 0.235294 0.299020 0.298475 0.294118 0.335512 0.307190 0.407407 0.294118 0.429194 0.276144 0.444444 0.250000 0.485839 0.240196 0.520697 0.240196 0.544662 0.266340 0.592593 0.285948 0.614379 0.285948 0.623094 0.289216 0.625272 0.285948 0.640523 0.292484 0.642702 0.292484 0.653595 0.315359 0.655773 0.318627 0.660131 0.308824 0.662309 0.307190 0.666667 0.316993 0.675381 0.313725 0.677560 0.313725 0.686275 0.320261 0.692810 0.328431 0.716776 0.334967 0.716776 0.343137 0.705882 0.344771 0.671024 0.351307 0.671024 0.352941 0.664488 0.359477 0.671024 0.369281 0.671024 0.392157 0.651416 0.401961 0.636166 0.405229 0.625272 0.406863 0.568627 0.421569 0.531590 0.424837 0.479303 0.429739 0.457516 0.441176 0.435730 0.439542 0.427015 0.415033 0.407407 0.403595 0.387800 0.401961 0.315904 0.379085 0.263617 0.375817 0.220044
0 0.068627 0.400871 0.063725 0.422658 0.076797 0.464052 0.075163 0.525054 0.093137 0.596950 0.093137 0.610022 0.049020 0.668845 0.040850 0.690632 0.040850 0.716776 0.047386 0.736383 0.071895 0.779956 0.081699 0.788671 0.091503 0.784314 0.102941 0.755991 0.119281 0.734205 0.143791 0.710240 0.173203 0.694989 0.199346 0.688453 0.232026 0.694989 0.256536 0.721133 0.274510 0.760349 0.282680 0.758170 0.302288 0.738562 0.312092 0.738562 0.326797 0.729847 0.351307 0.703704 0.356209 0.677560 0.344771 0.642702 0.310458 0.599129 0.295752 0.594771 0.294118 0.590414 0.287582 0.590414 0.285948 0.594771 0.281046 0.583878 0.267974 0.581699 0.263072 0.572985 0.256536 0.572985 0.240196 0.555556 0.209150 0.457516 0.187908 0.429194 0.179739 0.394336 0.169935 0.374728 0.150327 0.363834 0.120915 0.363834 0.086601 0.379085
0 0.967320 0.655773 0.959150 0.649237 0.950980 0.631808 0.915033 0.614379 0.885621 0.607843 0.846405 0.607843 0.830065 0.614379 0.813725 0.631808 0.795752 0.690632 0.776144 0.721133 0.758170 0.736383 0.743464 0.775599 0.728758 0.766885 0.702614 0.766885 0.679739 0.777778 0.678105 0.784314 0.665033 0.793028 0.638889 0.849673 0.619281 0.877996 0.609477 0.904139 0.594771 0.960784 0.591503 0.995643 0.596405 1.000000 0.990196 1.000000 0.975490 0.936819 0.944444 0.886710 0.955882 0.840959 0.954248 0.769063 0.967320 0.734205 0.968954 0.718954
0 0.702614 0.137255 0.689542 0.143791 0.683007 0.152505 0.678105 0.196078 0.660131 0.246187 0.660131 0.261438 0.673203 0.283224 0.673203 0.331155 0.679739 0.363834 0.679739 0.440087 0.687908 0.470588 0.718954 0.509804 0.727124 0.529412 0.736928 0.538126 0.746732 0.570806 0.753268 0.577342 0.774510 0.538126 0.777778 0.514161 0.799020 0.444444 0.799020 0.424837 0.795752 0.409586 0.751634 0.352941 0.748366 0.342048 0.751634 0.300654 0.761438 0.248366 0.754902 0.209150 0.756536 0.156863 0.748366 0.143791 0.736928 0.137255
0 0.207516 0.126362 0.196078 0.176471 0.197712 0.226580 0.205882 0.267974 0.204248 0.283224 0.174837 0.344227 0.173203 0.370370 0.186275 0.398693 0.189542 0.420479 0.196078 0.435730 0.202614 0.440087 0.204248 0.448802 0.215686 0.464052 0.228758 0.509804 0.235294 0.511983 0.264706 0.453159 0.295752 0.422658 0.302288 0.409586 0.302288 0.392157 0.292484 0.342048 0.295752 0.270153 0.284314 0.200436 0.272876 0.172113 0.246732 0.130719
