2 0.711111 0.533333 0.706667 0.540741 0.705556 0.631111 0.708889 0.705185 0.712222 0.709630 0.730000 0.712593 0.784444 0.709630 0.787778 0.705185 0.787778 0.684444 0.783333 0.651852 0.783333 0.551111 0.780000 0.536296 0.775556 0.531852 0.722222 0.530370
2 0.044444 0.534815 0.041111 0.540741 0.038889 0.717037 0.114444 0.717037 0.117778 0.706667 0.116667 0.642963 0.118889 0.560000 0.116667 0.537778 0.101111 0.533333
2 0.914444 0.275556 0.907778 0.284444 0.906667 0.308148 0.907778 0.411852 0.910000 0.435556 0.915556 0.444444 0.927778 0.448889 0.985556 0.447407 0.987778 0.444444 0.986667 0.294815 0.983333 0.274074 0.971111 0.269630 0.944444 0.269630
2 0.897778 0.272593 0.885556 0.269630 0.846667 0.272593 0.835556 0.275556 0.831111 0.282963 0.830000 0.311111 0.833333 0.317037 0.831111 0.324444 0.830000 0.365926 0.834444 0.413333 0.833333 0.432593 0.842222 0.447407 0.901111 0.444444 0.905556 0.423704 0.905556 0.324444 0.903333 0.287407 0.901111 0.275556
2 0.818889 0.274074 0.807778 0.269630 0.785556 0.269630 0.754444 0.274074 0.743333 0.281481 0.741111 0.294815 0.742222 0.440000 0.744444 0.445926 0.756667 0.450370 0.806667 0.450370 0.822222 0.444444 0.825556 0.420741 0.825556 0.371852 0.822222 0.282963
2 0.627778 0.017778 0.612222 0.014815 0.585556 0.016296 0.571111 0.020741 0.563333 0.029630 0.564444 0.183704 0.568889 0.191111 0.633333 0.191111 0.635556 0.188148 0.637778 0.029630 0.634444 0.022222
2 0.664444 0.020741 0.657778 0.031111 0.655556 0.051852 0.657778 0.188148 0.666667 0.191111 0.732222 0.189630 0.734444 0.185185 0.733333 0.040000 0.727778 0.020741 0.717778 0.013333 0.706667 0.011852 0.682222 0.013333
2 0.814444 0.016296 0.798889 0.011852 0.771111 0.013333 0.753333 0.017778 0.742222 0.028148 0.738889 0.045926 0.738889 0.174815 0.741111 0.186667 0.764444 0.191111 0.815556 0.188148 0.822222 0.185185 0.821111 0.032593 0.818889 0.020741
2 0.828889 0.023704 0.824444 0.031111 0.823333 0.109630 0.828889 0.185185 0.841111 0.189630 0.902222 0.188148 0.904444 0.185185 0.904444 0.105185 0.902222 0.032593 0.900000 0.022222 0.895556 0.016296 0.885556 0.013333 0.844444 0.016296
2 0.982222 0.017778 0.968889 0.011852 0.945556 0.011852 0.922222 0.016296 0.906667 0.025185 0.907778 0.185185 0.940000 0.188148 0.972222 0.186667 0.985556 0.182222 0.987778 0.158519 0.987778 0.085926 0.984444 0.023704
2 0.058889 0.269630 0.054444 0.274074 0.051111 0.441481 0.055556 0.448889 0.118889 0.447407 0.125556 0.435556 0.127778 0.413333 0.127778 0.368889 0.131111 0.351111 0.131111 0.322963 0.133333 0.320000 0.133333 0.309630 0.131111 0.306667 0.133333 0.303704 0.132222 0.284444 0.125556 0.275556 0.115556 0.271111 0.096667 0.268148
2 0.157778 0.274074 0.152222 0.317037 0.150000 0.444444 0.154444 0.448889 0.226667 0.447407 0.228889 0.444444 0.230000 0.293333 0.227778 0.282963 0.218889 0.274074 0.207778 0.271111 0.172222 0.269630
2 0.240000 0.275556 0.236667 0.287407 0.235556 0.444444 0.238889 0.448889 0.251111 0.450370 0.311111 0.448889 0.313333 0.423704 0.312222 0.282963 0.297778 0.274074 0.266667 0.271111
2 0.328889 0.277037 0.324444 0.284444 0.321111 0.305185 0.320000 0.444444 0.327778 0.451852 0.390000 0.450370 0.394444 0.438519 0.393333 0.348148 0.395556 0.342222 0.395556 0.309630 0.392222 0.285926 0.388889 0.280000 0.378889 0.275556 0.341111 0.274074
2 0.414444 0.275556 0.407778 0.281481 0.402222 0.309630 0.401111 0.394074 0.403333 0.445926 0.414444 0.450370 0.473333 0.447407 0.476667 0.442963 0.480000 0.345185 0.477778 0.333333 0.478889 0.315556 0.471111 0.285926 0.465556 0.278519 0.452222 0.274074
2 0.934444 0.774815 0.928889 0.789630 0.930000 0.906667 0.934444 0.955556 0.945556 0.964444 0.956667 0.967407 1.000000 0.967407 1.000000 0.777778 0.957778 0.771852
2 0.861111 0.776296 0.854444 0.780741 0.850000 0.789630 0.852222 0.905185 0.855556 0.954074 0.857778 0.960000 0.865556 0.965926 0.881111 0.970370 0.912222 0.971852 0.923333 0.968889 0.928889 0.961481 0.930000 0.871111 0.925556 0.786667 0.918889 0.777778 0.903333 0.773333
2 0.784444 0.776296 0.777778 0.780741 0.772222 0.789630 0.773333 0.946667 0.776667 0.961481 0.782222 0.968889 0.796667 0.973333 0.830000 0.974815 0.845556 0.971852 0.852222 0.964444 0.851111 0.823704 0.847778 0.788148 0.843333 0.782222 0.827778 0.774815
2 0.696667 0.782222 0.692222 0.789630 0.692222 0.921481 0.694444 0.927407 0.695556 0.964444 0.705556 0.971852 0.727778 0.974815 0.763333 0.970370 0.767778 0.965926 0.770000 0.931852 0.767778 0.786667 0.765556 0.782222 0.756667 0.777778 0.712222 0.776296
2 0.612222 0.782222 0.608889 0.789630 0.607778 0.813333 0.612222 0.967407 0.621111 0.974815 0.664444 0.976296 0.686667 0.971852 0.687778 0.828148 0.685556 0.785185 0.680000 0.779259 0.657778 0.774815 0.626667 0.776296
2 0.532222 0.779259 0.525556 0.788148 0.524444 0.813333 0.525556 0.964444 0.528889 0.970370 0.540000 0.974815 0.598889 0.973333 0.605556 0.962963 0.605556 0.808889 0.603333 0.786667 0.597778 0.777778 0.587778 0.773333 0.548889 0.773333
2 0.515556 0.774815 0.503333 0.771852 0.463333 0.773333 0.452222 0.777778 0.448889 0.783704 0.450000 0.823704 0.447778 0.829630 0.446667 0.894815 0.448889 0.951111 0.451111 0.960000 0.465556 0.965926 0.495556 0.965926 0.514444 0.961481 0.518889 0.955556 0.522222 0.842963 0.520000 0.782222
2 0.375556 0.780741 0.368889 0.795556 0.364444 0.820741 0.364444 0.962963 0.375556 0.971852 0.390000 0.973333 0.436667 0.968889 0.442222 0.962963 0.444444 0.952593 0.444444 0.813333 0.437778 0.798519 0.436667 0.785185 0.432222 0.780741
2 0.356667 0.767407 0.296667 0.767407 0.287778 0.779259 0.285556 0.789630 0.282222 0.877037 0.282222 0.960000 0.288889 0.967407 0.300000 0.970370 0.331111 0.970370 0.350000 0.967407 0.358889 0.961481 0.361111 0.928889 0.362222 0.777778
2 0.218889 0.777778 0.215556 0.780741 0.212222 0.795556 0.211111 0.958519 0.216667 0.964444 0.230000 0.967407 0.263333 0.965926 0.276667 0.961481 0.280000 0.946667 0.282222 0.897778 0.282222 0.783704 0.277778 0.779259
2 0.485556 0.020741 0.476667 0.031111 0.475556 0.173333 0.477778 0.186667 0.495556 0.191111 0.545556 0.191111 0.551111 0.186667 0.553333 0.161481 0.553333 0.034074 0.546667 0.022222 0.533333 0.016296 0.500000 0.016296
2 0.396667 0.017778 0.392222 0.023704 0.391111 0.031111 0.392222 0.185185 0.400000 0.191111 0.466667 0.189630 0.470000 0.185185 0.471111 0.051852 0.468889 0.023704 0.461111 0.016296 0.443333 0.010370 0.415556 0.010370
2 0.318889 0.016296 0.312222 0.023704 0.310000 0.091852 0.312222 0.096296 0.310000 0.170370 0.312222 0.186667 0.322222 0.189630 0.381111 0.189630 0.385556 0.186667 0.386667 0.071111 0.384444 0.028148 0.374444 0.017778 0.360000 0.013333 0.328889 0.013333
2 0.224444 0.013333 0.220000 0.017778 0.217778 0.029630 0.216667 0.185185 0.221111 0.188148 0.294444 0.188148 0.296667 0.185185 0.297778 0.042963 0.295556 0.025185 0.283333 0.014815 0.266667 0.010370 0.240000 0.008889
2 0.142222 0.014815 0.136667 0.028148 0.134444 0.170370 0.136667 0.185185 0.175556 0.188148 0.212222 0.186667 0.214444 0.148148 0.214444 0.035556 0.211111 0.023704 0.200000 0.016296 0.173333 0.010370 0.155556 0.010370
2 0.064444 0.010370 0.055556 0.019259 0.053333 0.177778 0.057778 0.183704 0.126667 0.185185 0.131111 0.180741 0.132222 0.028148 0.122222 0.016296 0.103333 0.010370
2 0.197778 0.765926 0.142222 0.765926 0.132222 0.768889 0.126667 0.774815 0.123333 0.798519 0.121111 0.958519 0.126667 0.968889 0.167778 0.970370 0.184444 0.967407 0.197778 0.960000 0.202222 0.951111 0.203333 0.786667 0.201111 0.770370
2 0.118889 0.779259 0.108889 0.774815 0.072222 0.776296 0.048889 0.782222 0.040000 0.788148 0.035556 0.964444 0.038889 0.976296 0.095556 0.977778 0.114444 0.967407 0.117778 0.952593 0.120000 0.888889
2 0.881111 0.533333 0.878889 0.548148 0.878889 0.592593 0.883333 0.702222 0.900000 0.709630 0.947778 0.709630 0.957778 0.706667 0.957778 0.614815 0.953333 0.534815 0.946667 0.530370
2 0.210000 0.534815 0.206667 0.539259 0.205556 0.712593 0.208889 0.718519 0.274444 0.717037 0.280000 0.712593 0.282222 0.539259 0.278889 0.534815 0.272222 0.533333
2 0.302222 0.534815 0.297778 0.540741 0.293333 0.560000 0.293333 0.709630 0.297778 0.715556 0.363333 0.714074 0.367778 0.702222 0.370000 0.657778 0.370000 0.557037 0.366667 0.540741 0.361111 0.534815 0.350000 0.533333
2 0.384444 0.534815 0.380000 0.542222 0.375556 0.567407 0.376667 0.705185 0.381111 0.714074 0.435556 0.715556 0.446667 0.712593 0.452222 0.708148 0.454444 0.687407 0.454444 0.573333 0.452222 0.548148 0.445556 0.536296 0.437778 0.533333
2 0.494444 0.280000 0.492222 0.284444 0.491111 0.324444 0.492222 0.432593 0.494444 0.447407 0.496667 0.450370 0.564444 0.448889 0.566667 0.444444 0.567778 0.305185 0.565556 0.284444 0.560000 0.278519 0.545556 0.274074 0.502222 0.275556
2 0.468889 0.533333 0.464444 0.537778 0.457778 0.561481 0.456667 0.671111 0.458889 0.706667 0.462222 0.712593 0.470000 0.715556 0.513333 0.715556 0.530000 0.712593 0.533333 0.708148 0.535556 0.685926 0.534444 0.555556 0.531111 0.540741 0.524444 0.533333
2 0.726667 0.281481 0.704444 0.275556 0.672222 0.278519 0.664444 0.284444 0.654444 0.315556 0.655556 0.442963 0.657778 0.447407 0.713333 0.450370 0.734444 0.444444 0.737778 0.428148 0.735556 0.385185 0.736667 0.324444 0.734444 0.303704
2 0.578889 0.278519 0.575556 0.281481 0.572222 0.296296 0.572222 0.417778 0.574444 0.445926 0.580000 0.451852 0.647778 0.450370 0.651111 0.445926 0.652222 0.314074 0.651111 0.293333 0.647778 0.282963 0.641111 0.277037 0.631111 0.274074 0.596667 0.274074
2 0.125556 0.536296 0.122222 0.564444 0.121111 0.715556 0.124444 0.718519 0.196667 0.717037 0.200000 0.711111 0.202222 0.694815 0.203333 0.570370 0.200000 0.539259 0.187778 0.534815 0.158889 0.533333
2 0.797778 0.533333 0.794444 0.537778 0.797778 0.577778 0.798889 0.625185 0.796667 0.632593 0.800000 0.642963 0.797778 0.647407 0.800000 0.650370 0.802222 0.705185 0.807778 0.711111 0.862222 0.709630 0.867778 0.702222 0.870000 0.669630 0.870000 0.592593 0.865556 0.533333
2 0.608889 0.533333 0.546667 0.533333 0.540000 0.543704 0.540000 0.703704 0.544444 0.711111 0.554444 0.714074 0.610000 0.712593 0.615556 0.706667 0.615556 0.562963 0.613333 0.539259
2 0.624444 0.531852 0.622222 0.539259 0.625556 0.705185 0.631111 0.711111 0.645556 0.714074 0.688889 0.714074 0.701111 0.711111 0.703333 0.687407 0.701111 0.549630 0.697778 0.533333 0.691111 0.528889 0.640000 0.528889
