0 0.494208 0.144330 0.471042 0.201031 0.432432 0.221649 0.405405 0.257732 0.393822 0.340206 0.401544 0.458763 0.420849 0.463918 0.444015 0.453608 0.471042 0.407216 0.513514 0.396907 0.532819 0.417526 0.540541 0.443299 0.613900 0.479381 0.629344 0.407216 0.617761 0.268041 0.590734 0.216495 0.563707 0.201031 0.540541 0.144330
0 0.818533 0.144330 0.772201 0.139175 0.749035 0.206186 0.698842 0.216495 0.652510 0.268041 0.640927 0.314433 0.637066 0.489691 0.644788 0.500000 0.667954 0.505155 0.718147 0.458763 0.772201 0.443299 0.795367 0.407216 0.841699 0.402062 0.864865 0.412371 0.884170 0.391753 0.891892 0.365979 0.891892 0.293814 0.868726 0.252577 0.826255 0.211340 0.826255 0.154639
0 0.405405 0.036082 0.393822 0.072165 0.409266 0.226804 0.424710 0.226804 0.474903 0.190722 0.486486 0.154639 0.505792 0.139175 0.544402 0.149485 0.555985 0.190722 0.583012 0.211340 0.602317 0.201031 0.610039 0.123711 0.606178 0.061856 0.583012 0.020619 0.540541 0.000000 0.451737 0.000000
0 0.019305 0.948454 0.023166 1.000000 0.343629 1.000000 0.343629 0.917526 0.316602 0.845361 0.250965 0.793814 0.154440 0.768041 0.111969 0.778351 0.038610 0.876289
0 0.227799 0.000000 0.231660 0.015464 0.173745 0.082474 0.189189 0.170103 0.216216 0.149485 0.250965 0.149485 0.266409 0.164948 0.281853 0.216495 0.374517 0.257732 0.386100 0.206186 0.386100 0.097938 0.374517 0.067010 0.332046 0.030928 0.293436 0.020619 0.285714 0.000000
0 0.208494 0.154639 0.193050 0.180412 0.193050 0.221649 0.138996 0.324742 0.138996 0.396907 0.204633 0.427835 0.227799 0.458763 0.281853 0.489691 0.320463 0.551546 0.332046 0.613402 0.343629 0.628866 0.359073 0.592784 0.382239 0.458763 0.374517 0.293814 0.351351 0.252577 0.285714 0.226804 0.270270 0.201031 0.262548 0.159794 0.247104 0.149485
0 0.687259 0.907216 0.667954 0.855670 0.625483 0.793814 0.571429 0.773196 0.552124 0.752577 0.501931 0.752577 0.447876 0.773196 0.386100 0.840206 0.362934 0.922680 0.362934 1.000000 0.687259 1.000000
0 0.115830 0.427835 0.096525 0.515464 0.065637 0.551546 0.046332 0.603093 0.046332 0.649485 0.069498 0.752577 0.096525 0.783505 0.127413 0.768041 0.247104 0.783505 0.293436 0.809278 0.339768 0.860825 0.347490 0.793814 0.324324 0.587629 0.293436 0.515464 0.266409 0.489691 0.223938 0.474227 0.173745 0.417526 0.142857 0.412371
0 0.513514 0.396907 0.474903 0.402062 0.459459 0.443299 0.413127 0.474227 0.393822 0.510309 0.370656 0.613402 0.378378 0.814433 0.386100 0.829897 0.420849 0.788660 0.509653 0.742268 0.544402 0.742268 0.625483 0.768041 0.625483 0.649485 0.633205 0.634021 0.633205 0.567010 0.625483 0.541237 0.583012 0.474227 0.544402 0.458763 0.532819 0.412371
0 0.698842 0.886598 0.702703 1.000000 1.000000 1.000000 1.000000 0.850515 0.915058 0.757732 0.818533 0.757732 0.764479 0.778351 0.725869 0.819588
0 0.845560 0.407216 0.803089 0.407216 0.776062 0.448454 0.710425 0.463918 0.656371 0.536082 0.637066 0.747423 0.648649 0.804124 0.687259 0.876289 0.756757 0.783505 0.803089 0.757732 0.895753 0.752577 0.926641 0.695876 0.938224 0.639175 0.930502 0.556701 0.907336 0.510309 0.861004 0.469072 0.861004 0.427835
