4 0.802000 0.437143 0.798000 0.442857 0.796000 0.480000 0.774000 0.545714 0.774000 0.585714 0.768000 0.614286 0.770000 0.665714 0.788000 0.685714 0.790000 0.728571 0.796000 0.731429 0.802000 0.688571 0.808000 0.677143 0.832000 0.680000 0.924000 0.714286 0.926000 0.540000 0.920000 0.517143 0.906000 0.500000 0.906000 0.468571 0.898000 0.457143
4 0.740000 0.065714 0.736000 0.071429 0.734000 0.108571 0.708000 0.185714 0.708000 0.397143 0.714000 0.417143 0.736000 0.428571 0.742000 0.460000 0.758000 0.471429 0.768000 0.565714 0.796000 0.468571 0.796000 0.442857 0.804000 0.434286 0.838000 0.442857 0.848000 0.440000 0.850000 0.262857 0.872000 0.197143 0.876000 0.168571 0.888000 0.145714 0.872000 0.122857 0.870000 0.094286 0.862000 0.085714
4 0.886000 0.157143 0.876000 0.171429 0.874000 0.194286 0.852000 0.257143 0.852000 0.440000 0.862000 0.448571 0.896000 0.454286 0.906000 0.462857 0.910000 0.500000 0.922000 0.517143 0.928000 0.545714 0.926000 0.688571 0.938000 0.702857 0.960000 0.705714 1.000000 0.651429 1.000000 0.240000 0.978000 0.208571 0.972000 0.177143
4 0.640000 0.402857 0.634000 0.417143 0.634000 0.440000 0.618000 0.477143 0.610000 0.511429 0.614000 0.620000 0.630000 0.628571 0.638000 0.640000 0.640000 0.657143 0.658000 0.671429 0.670000 0.665714 0.684000 0.617143 0.738000 0.637143 0.760000 0.637143 0.764000 0.588571 0.756000 0.474286 0.734000 0.462857 0.736000 0.437143 0.730000 0.425714
4 0.552000 0.608571 0.528000 0.705714 0.532000 0.831429 0.548000 0.842857 0.596000 0.857143 0.616000 0.802857 0.620000 0.760000 0.626000 0.751429 0.656000 0.751429 0.658000 0.680000 0.638000 0.660000 0.632000 0.628571 0.570000 0.608571
4 0.624000 0.754286 0.618000 0.794286 0.598000 0.865714 0.602000 0.962857 0.664000 0.994286 0.696000 1.000000 0.736000 0.937143 0.736000 0.834286 0.718000 0.817143 0.710000 0.780000 0.654000 0.757143
4 0.686000 0.620000 0.680000 0.625714 0.678000 0.651429 0.658000 0.711429 0.658000 0.757143 0.702000 0.774286 0.714000 0.785714 0.716000 0.811429 0.720000 0.820000 0.730000 0.822857 0.738000 0.840000 0.740000 0.891429 0.752000 0.897143 0.770000 0.874286 0.776000 0.857143 0.776000 0.814286 0.788000 0.760000 0.786000 0.685714 0.772000 0.677143 0.764000 0.648571
4 0.806000 0.680000 0.804000 0.717143 0.796000 0.731429 0.780000 0.794286 0.778000 0.925714 0.792000 0.940000 0.882000 0.977143 0.896000 0.977143 0.940000 0.902857 0.942000 0.777143 0.936000 0.762857 0.918000 0.751429 0.918000 0.722857 0.912000 0.711429
4 0.580000 0.062857 0.576000 0.100000 0.550000 0.182857 0.554000 0.534286 0.558000 0.562857 0.572000 0.571429 0.606000 0.577143 0.610000 0.568571 0.610000 0.502857 0.630000 0.442857 0.634000 0.405714 0.638000 0.400000 0.692000 0.408571 0.696000 0.400000 0.700000 0.228571 0.706000 0.182857 0.720000 0.137143 0.702000 0.111429 0.702000 0.091429 0.698000 0.085714
4 0.420000 0.057143 0.412000 0.065714 0.410000 0.094286 0.386000 0.157143 0.390000 0.260000 0.398000 0.260000 0.408000 0.251429 0.418000 0.251429 0.430000 0.288571 0.468000 0.342857 0.472000 0.365714 0.474000 0.560000 0.484000 0.568571 0.516000 0.574286 0.530000 0.562857 0.550000 0.531429 0.548000 0.180000 0.560000 0.142857 0.560000 0.125714 0.538000 0.102857 0.536000 0.082857 0.528000 0.071429
4 0.418000 0.254286 0.404000 0.257143 0.362000 0.291429 0.352000 0.308571 0.350000 0.331429 0.316000 0.365714 0.316000 0.374286 0.344000 0.411429 0.350000 0.428571 0.360000 0.822857 0.364000 0.831429 0.404000 0.854286 0.414000 0.854286 0.460000 0.805714 0.476000 0.774286 0.470000 0.360000 0.466000 0.340000 0.426000 0.282857
4 0.342000 0.077143 0.330000 0.077143 0.282000 0.111429 0.274000 0.125714 0.274000 0.151429 0.248000 0.171429 0.250000 0.188571 0.280000 0.234286 0.282000 0.320000 0.298000 0.320000 0.310000 0.360000 0.320000 0.360000 0.340000 0.342857 0.350000 0.325714 0.356000 0.291429 0.386000 0.265714 0.384000 0.157143 0.346000 0.105714
4 0.238000 0.140000 0.212000 0.148571 0.164000 0.180000 0.160000 0.214286 0.130000 0.242857 0.120000 0.260000 0.124000 0.340000 0.164000 0.397143 0.176000 0.440000 0.208000 0.414286 0.228000 0.365714 0.280000 0.328571 0.280000 0.237143 0.272000 0.217143 0.242000 0.174286
4 0.408000 0.254286 0.360000 0.291429 0.352000 0.308571 0.350000 0.331429 0.320000 0.360000 0.316000 0.371429 0.346000 0.414286 0.350000 0.428571 0.360000 0.822857 0.376000 0.840000 0.414000 0.854286 0.472000 0.788571 0.476000 0.774286 0.468000 0.345714 0.426000 0.282857 0.418000 0.254286
4 0.298000 0.322857 0.290000 0.322857 0.228000 0.368571 0.220000 0.382857 0.218000 0.405714 0.176000 0.451429 0.192000 0.908571 0.206000 0.922857 0.274000 0.960000 0.292000 0.960000 0.336000 0.914286 0.358000 0.882857 0.360000 0.842857 0.348000 0.422857 0.306000 0.360000
4 0.102000 0.308571 0.030000 0.360000 0.032000 0.402857 0.020000 0.420000 0.000000 0.428571 0.000000 0.562857 0.014000 0.851429 0.026000 0.874286 0.092000 0.914286 0.114000 0.905714 0.174000 0.851429 0.182000 0.834286 0.180000 0.651429 0.168000 0.417143 0.158000 0.391429 0.124000 0.345714 0.116000 0.311429
