0 0.947692 0.323263 0.939231 0.330312 0.938462 0.338369 0.939231 0.374622 0.941538 0.391742 0.941538 0.405841 0.938462 0.420947 0.933846 0.426989 0.906923 0.440081 0.899231 0.446123 0.896923 0.451158 0.920769 0.456193 0.927692 0.462236 0.928462 0.514602 0.926923 0.541793 0.930769 0.556898 0.936154 0.562941 0.979231 0.588117 0.985385 0.588117 1.000000 0.575025 1.000000 0.431017 0.990000 0.423968 0.985385 0.415911 0.983846 0.327291 0.981538 0.324270 0.972308 0.324270 0.969231 0.322256
0 0.141538 0.274924 0.138462 0.281974 0.137692 0.293051 0.140000 0.305136 0.140000 0.331319 0.136923 0.353474 0.132308 0.364552 0.121538 0.372608 0.109231 0.376636 0.063846 0.402820 0.055385 0.411883 0.050769 0.422961 0.050769 0.452165 0.052308 0.460222 0.057692 0.471299 0.059231 0.498489 0.060769 0.502518 0.060000 0.544814 0.054615 0.557905 0.052308 0.575025 0.055385 0.608258 0.060769 0.626385 0.061538 0.672709 0.064615 0.709970 0.073077 0.710977 0.074615 0.712991 0.066154 0.715005 0.064615 0.717019 0.063077 0.732125 0.054615 0.737160 0.054615 0.764350 0.061538 0.780463 0.072308 0.790534 0.080769 0.795569 0.105385 0.802618 0.122308 0.805639 0.155385 0.806647 0.189231 0.804632 0.223846 0.798590 0.231538 0.794562 0.233846 0.790534 0.236923 0.759315 0.238462 0.753273 0.243077 0.748238 0.245385 0.671702 0.243846 0.656596 0.238462 0.642497 0.236923 0.624371 0.239231 0.606244 0.242308 0.599194 0.244615 0.585096 0.246154 0.552870 0.245385 0.510574 0.240000 0.479355 0.240000 0.452165 0.244615 0.433031 0.254615 0.419940 0.257692 0.413897 0.257692 0.408862 0.247692 0.398792 0.237692 0.392749 0.213077 0.381672 0.185385 0.365559 0.178462 0.353474 0.176154 0.337362 0.176154 0.311178 0.173077 0.291037 0.174615 0.286002 0.169231 0.273917 0.150000 0.272910
0 0.795385 0.298087 0.767692 0.296073 0.757692 0.299094 0.753846 0.306143 0.755385 0.317221 0.755385 0.378651 0.753077 0.387714 0.748462 0.392749 0.693077 0.416918 0.681538 0.424975 0.676923 0.435045 0.676154 0.444109 0.680769 0.450151 0.715385 0.470292 0.723846 0.480363 0.730769 0.479355 0.768462 0.458207 0.771538 0.454179 0.774615 0.439074 0.780000 0.429003 0.777692 0.362538 0.786923 0.353474 0.797692 0.352467 0.800000 0.350453 0.796923 0.339376
0 0.824615 0.360524 0.813846 0.359517 0.804615 0.353474 0.795385 0.353474 0.783077 0.356495 0.778462 0.361531 0.780769 0.425982 0.774615 0.440081 0.772308 0.455186 0.756923 0.467271 0.727692 0.481370 0.703846 0.497482 0.695385 0.505539 0.690000 0.516616 0.688462 0.526687 0.690000 0.557905 0.693846 0.567976 0.697692 0.567976 0.716154 0.547835 0.751538 0.526687 0.776923 0.514602 0.786923 0.505539 0.789231 0.499496 0.788462 0.447130 0.790000 0.411883 0.796154 0.405841 0.826154 0.403827 0.827692 0.378651 0.826923 0.365559
0 0.017692 0.177241 0.016154 0.247734 0.012308 0.255791 0.000000 0.261833 0.003077 0.302115 0.001538 0.315206 0.003846 0.331319 0.017692 0.343404 0.069231 0.369587 0.083077 0.384693 0.087692 0.385700 0.096923 0.381672 0.101538 0.377644 0.102308 0.370594 0.110769 0.353474 0.121538 0.342397 0.120769 0.326284 0.126154 0.311178 0.126154 0.298087 0.121538 0.291037 0.107692 0.281974 0.067692 0.264854 0.058462 0.255791 0.056154 0.248741 0.057692 0.226586 0.056923 0.209466 0.055385 0.208459 0.051538 0.211480 0.046923 0.208459 0.048462 0.203424 0.056923 0.203424 0.057692 0.182276 0.056154 0.177241 0.046923 0.173212 0.030769 0.173212
0 0.192308 0.221551 0.188462 0.225579 0.186923 0.303122 0.184615 0.306143 0.181538 0.306143 0.180769 0.311178 0.183077 0.314199 0.179231 0.320242 0.180769 0.354481 0.183077 0.360524 0.190000 0.367573 0.238462 0.391742 0.252308 0.400806 0.255385 0.400806 0.258462 0.392749 0.265385 0.382679 0.275385 0.374622 0.295385 0.363545 0.298462 0.358510 0.297692 0.352467 0.290769 0.344411 0.246154 0.319235 0.234615 0.311178 0.228462 0.304129 0.226923 0.294058 0.226923 0.227593 0.224615 0.222558 0.214615 0.219537
0 0.220769 0.179255 0.219231 0.191339 0.220000 0.218530 0.223846 0.220544 0.227692 0.227593 0.227692 0.299094 0.230000 0.305136 0.243846 0.317221 0.298462 0.348439 0.303077 0.347432 0.306923 0.343404 0.315385 0.329305 0.325385 0.325277 0.328462 0.319235 0.328462 0.306143 0.326154 0.300101 0.276154 0.272910 0.265385 0.262840 0.258462 0.233635 0.260769 0.184290 0.255385 0.177241 0.243077 0.174220 0.234615 0.174220
0 0.058462 0.143001 0.056923 0.157100 0.060769 0.182276 0.060769 0.217523 0.057692 0.246727 0.060000 0.255791 0.064615 0.261833 0.110769 0.282981 0.129231 0.295065 0.133077 0.293051 0.134615 0.279960 0.141538 0.271903 0.155385 0.268882 0.168462 0.268882 0.167692 0.265861 0.160000 0.259819 0.113077 0.234642 0.100000 0.224572 0.098462 0.220544 0.097692 0.197382 0.100000 0.170191 0.099231 0.141994 0.090000 0.136959 0.063846 0.137966
0 0.450000 0.125881 0.448462 0.129909 0.447692 0.150050 0.449231 0.181269 0.444615 0.195368 0.443077 0.221551 0.450769 0.245720 0.453846 0.249748 0.479231 0.264854 0.486923 0.266868 0.505385 0.276939 0.520769 0.290030 0.529231 0.288016 0.532308 0.282981 0.533846 0.268882 0.537692 0.260826 0.538462 0.235650 0.530769 0.227593 0.497692 0.210473 0.493077 0.205438 0.485385 0.182276 0.486154 0.161128 0.483077 0.125881 0.473077 0.121853 0.462308 0.121853
0 0.482308 0.072508 0.477692 0.079557 0.480000 0.120846 0.483846 0.126888 0.485385 0.133938 0.487692 0.182276 0.494615 0.205438 0.500000 0.210473 0.520000 0.219537 0.533846 0.228600 0.542308 0.228600 0.548462 0.219537 0.559231 0.216516 0.560769 0.213494 0.561538 0.181269 0.556154 0.176234 0.526923 0.160121 0.518462 0.150050 0.516923 0.144008 0.517692 0.077543 0.514615 0.073515 0.508462 0.071501
0 0.563846 0.186304 0.562308 0.191339 0.563846 0.229607 0.565385 0.233635 0.574615 0.235650 0.580000 0.240685 0.583077 0.292044 0.586923 0.301108 0.588462 0.322256 0.593846 0.330312 0.596923 0.332326 0.626154 0.331319 0.633077 0.333333 0.640769 0.339376 0.644615 0.339376 0.653846 0.335347 0.658462 0.330312 0.673077 0.325277 0.673846 0.316213 0.668462 0.309164 0.613846 0.276939 0.606154 0.269889 0.603077 0.258812 0.606154 0.203424 0.604615 0.188318 0.596154 0.186304 0.591538 0.181269 0.577692 0.181269
0 0.611538 0.141994 0.609231 0.145015 0.606923 0.157100 0.609231 0.173212 0.609231 0.222558 0.606154 0.238671 0.606154 0.263847 0.610000 0.272910 0.642308 0.293051 0.661538 0.302115 0.673846 0.312185 0.679231 0.312185 0.690000 0.296073 0.701538 0.287009 0.705385 0.279960 0.701538 0.258812 0.692308 0.251762 0.682308 0.248741 0.659231 0.235650 0.649231 0.224572 0.647692 0.213494 0.648462 0.150050 0.646154 0.143001 0.639231 0.140987
0 0.764615 0.258812 0.752308 0.256798 0.731538 0.258812 0.728462 0.262840 0.728462 0.271903 0.730769 0.273917 0.730769 0.276939 0.728462 0.278953 0.727692 0.322256 0.719231 0.349446 0.715385 0.353474 0.696923 0.362538 0.684615 0.371601 0.673846 0.375629 0.650769 0.392749 0.646154 0.400806 0.646154 0.411883 0.662308 0.424975 0.670000 0.436052 0.673846 0.437059 0.680769 0.424975 0.691538 0.416918 0.724615 0.403827 0.748462 0.391742 0.753846 0.380665 0.751538 0.307150 0.753077 0.302115 0.757692 0.297080 0.766923 0.295065 0.766923 0.267875
0 0.140000 0.109768 0.136154 0.115811 0.136923 0.181269 0.130000 0.194361 0.126154 0.195368 0.122308 0.200403 0.104615 0.212487 0.101538 0.222558 0.103077 0.226586 0.110769 0.232628 0.132308 0.242699 0.141538 0.249748 0.146923 0.250755 0.162308 0.260826 0.173077 0.270896 0.178462 0.271903 0.180769 0.270896 0.185385 0.259819 0.184615 0.255791 0.186923 0.244713 0.186154 0.226586 0.187692 0.222558 0.193077 0.218530 0.210769 0.217523 0.211538 0.214502 0.200769 0.205438 0.180000 0.194361 0.174615 0.187311 0.172308 0.166163 0.173846 0.163142 0.173846 0.136959 0.171538 0.111782 0.160769 0.108761
0 0.260000 0.137966 0.258462 0.143001 0.258462 0.176234 0.262308 0.189325 0.261538 0.222558 0.266923 0.261833 0.270769 0.266868 0.290000 0.279960 0.315385 0.293051 0.324615 0.294058 0.331538 0.282981 0.338462 0.276939 0.340769 0.255791 0.347692 0.246727 0.333077 0.235650 0.326154 0.233635 0.306154 0.221551 0.300769 0.213494 0.295385 0.193353 0.295385 0.160121 0.293846 0.158107 0.295385 0.143001 0.293077 0.137966 0.280769 0.133938 0.265385 0.134945
0 0.383077 0.209466 0.381538 0.223565 0.383077 0.237664 0.382308 0.251762 0.384615 0.269889 0.383846 0.322256 0.385385 0.331319 0.391538 0.341390 0.402308 0.344411 0.416154 0.355488 0.453846 0.373615 0.468462 0.360524 0.481538 0.354481 0.496154 0.342397 0.495385 0.338369 0.487692 0.330312 0.458462 0.312185 0.440769 0.304129 0.425385 0.290030 0.423077 0.275932 0.424615 0.250755 0.428462 0.239678 0.425385 0.233635 0.426923 0.225579 0.425385 0.213494 0.421538 0.205438 0.409231 0.202417 0.390000 0.204431
0 0.327692 0.098691 0.323077 0.103726 0.324615 0.111782 0.324615 0.154079 0.320769 0.165156 0.320000 0.176234 0.314615 0.185297 0.301538 0.196375 0.300769 0.209466 0.307692 0.221551 0.333846 0.234642 0.352308 0.246727 0.376923 0.248741 0.380000 0.243706 0.380769 0.237664 0.380000 0.212487 0.385385 0.204431 0.394615 0.200403 0.389231 0.193353 0.374615 0.186304 0.367692 0.177241 0.360000 0.151057 0.360769 0.111782 0.358462 0.099698 0.352308 0.097684
0 0.966923 0.269889 0.944615 0.267875 0.933846 0.270896 0.930769 0.276939 0.932308 0.290030 0.930769 0.294058 0.930000 0.313192 0.930769 0.338369 0.927692 0.344411 0.925385 0.358510 0.920769 0.365559 0.860769 0.399799 0.856154 0.408862 0.858462 0.412890 0.864615 0.414904 0.879231 0.430010 0.883846 0.445116 0.886923 0.448137 0.913846 0.436052 0.937692 0.420947 0.940769 0.403827 0.937692 0.331319 0.946154 0.322256 0.971538 0.319235 0.971538 0.306143 0.973077 0.301108 0.968462 0.290030 0.968462 0.273917
0 0.952308 0.222558 0.942308 0.220544 0.922308 0.222558 0.916154 0.228600 0.913846 0.235650 0.915385 0.307150 0.911538 0.317221 0.890769 0.329305 0.880000 0.340383 0.876923 0.339376 0.873077 0.342397 0.860000 0.345418 0.843077 0.360524 0.839231 0.370594 0.839231 0.376636 0.856923 0.397784 0.861538 0.397784 0.904615 0.374622 0.922308 0.361531 0.929231 0.322256 0.930000 0.275932 0.938462 0.267875 0.953077 0.265861 0.955385 0.262840 0.956923 0.237664
0 0.406923 0.162135 0.404615 0.166163 0.406154 0.169184 0.406154 0.185297 0.403077 0.189325 0.404615 0.192346 0.403846 0.201410 0.420000 0.203424 0.433077 0.232628 0.433846 0.238671 0.426154 0.247734 0.424615 0.259819 0.424615 0.283988 0.430000 0.295065 0.439231 0.302115 0.477692 0.323263 0.483846 0.323263 0.487692 0.314199 0.517692 0.295065 0.516923 0.290030 0.511538 0.281974 0.484615 0.266868 0.476923 0.264854 0.448462 0.246727 0.444615 0.234642 0.439231 0.228600 0.440000 0.223565 0.437692 0.213494 0.439231 0.209466 0.438462 0.198389 0.440000 0.189325 0.436923 0.185297 0.437692 0.165156 0.433846 0.161128 0.412308 0.160121
0 0.187692 0.075529 0.180769 0.078550 0.179231 0.084592 0.180000 0.154079 0.174615 0.165156 0.175385 0.183283 0.181538 0.193353 0.212308 0.211480 0.216923 0.211480 0.217692 0.181269 0.222308 0.176234 0.240000 0.172205 0.241538 0.169184 0.224615 0.160121 0.217692 0.152064 0.215385 0.079557 0.209231 0.075529
0 0.347692 0.055388 0.345385 0.058409 0.344615 0.092649 0.347692 0.095670 0.354615 0.096677 0.360000 0.102719 0.361538 0.113797 0.361538 0.153072 0.366923 0.174220 0.375385 0.185297 0.396923 0.197382 0.400000 0.192346 0.401538 0.182276 0.401538 0.166163 0.407692 0.159114 0.414615 0.157100 0.416923 0.154079 0.401538 0.141994 0.393077 0.137966 0.386923 0.128902 0.381538 0.110775 0.381538 0.066465 0.378462 0.057402 0.371538 0.053374
0 0.765385 0.172205 0.763077 0.174220 0.761538 0.180262 0.762308 0.196375 0.759231 0.213494 0.762308 0.231621 0.762308 0.250755 0.769231 0.263847 0.770769 0.292044 0.797692 0.297080 0.802308 0.303122 0.805385 0.343404 0.808462 0.345418 0.822308 0.345418 0.820000 0.349446 0.829231 0.358510 0.831538 0.362538 0.831538 0.369587 0.834615 0.369587 0.840000 0.358510 0.840000 0.348439 0.837692 0.344411 0.843846 0.342397 0.860000 0.342397 0.873077 0.333333 0.873077 0.314199 0.870000 0.302115 0.863846 0.298087 0.858462 0.290030 0.824615 0.268882 0.816154 0.265861 0.804615 0.256798 0.800769 0.247734 0.799231 0.213494 0.800769 0.208459 0.798462 0.198389 0.798462 0.177241 0.796923 0.173212 0.788462 0.171198
0 0.766923 0.117825 0.767692 0.168177 0.769231 0.170191 0.794615 0.171198 0.799231 0.177241 0.799231 0.191339 0.801538 0.206445 0.801538 0.245720 0.803846 0.253776 0.807692 0.258812 0.817692 0.264854 0.834615 0.270896 0.837692 0.269889 0.846154 0.259819 0.874615 0.244713 0.876154 0.238671 0.870769 0.232628 0.823077 0.207452 0.810769 0.197382 0.807692 0.190332 0.808462 0.118832 0.806154 0.114804 0.798462 0.111782 0.781538 0.110775 0.772308 0.112790
0 0.950769 0.146022 0.943846 0.141994 0.935385 0.140987 0.915385 0.144008 0.913846 0.148036 0.912308 0.214502 0.910769 0.221551 0.904615 0.228600 0.877692 0.243706 0.873077 0.248741 0.849231 0.259819 0.839231 0.270896 0.840000 0.273917 0.844615 0.278953 0.855385 0.282981 0.868462 0.293051 0.882308 0.300101 0.895385 0.298087 0.910769 0.288016 0.913846 0.282981 0.913846 0.229607 0.916923 0.225579 0.923846 0.222558 0.952308 0.219537 0.953077 0.175227 0.952308 0.151057
0 0.755385 0.215509 0.744615 0.210473 0.720769 0.212487 0.719231 0.215509 0.719231 0.248741 0.717692 0.259819 0.719231 0.276939 0.718462 0.295065 0.716923 0.299094 0.705385 0.310171 0.696154 0.313192 0.675385 0.327291 0.653846 0.337362 0.642308 0.346425 0.642308 0.353474 0.655385 0.360524 0.663077 0.370594 0.665385 0.376636 0.670000 0.376636 0.716154 0.351460 0.720769 0.344411 0.726923 0.322256 0.726923 0.282981 0.729231 0.279960 0.727692 0.261833 0.736923 0.255791 0.749231 0.256798 0.758462 0.254783 0.759231 0.221551
0 0.963077 0.177241 0.957692 0.181269 0.955385 0.196375 0.957692 0.223565 0.960000 0.232628 0.960769 0.263847 0.970000 0.269889 0.973846 0.275932 0.976923 0.318228 0.993077 0.332326 1.000000 0.334340 1.000000 0.180262 0.989231 0.176234
0 0.369231 0.302115 0.357692 0.299094 0.343077 0.299094 0.333077 0.303122 0.331538 0.307150 0.333077 0.319235 0.330769 0.325277 0.331538 0.331319 0.329231 0.347432 0.330000 0.370594 0.327692 0.384693 0.323077 0.389728 0.298462 0.399799 0.293846 0.403827 0.276923 0.407855 0.263846 0.414904 0.250769 0.426989 0.243846 0.446123 0.243846 0.483384 0.248462 0.509567 0.248462 0.563948 0.246923 0.593152 0.242308 0.604230 0.240769 0.613293 0.240769 0.639476 0.247692 0.660624 0.247692 0.710977 0.246154 0.748238 0.241538 0.752266 0.239231 0.759315 0.237692 0.781470 0.239231 0.793555 0.243077 0.803625 0.252308 0.813696 0.265385 0.821752 0.272308 0.821752 0.276154 0.814703 0.279231 0.795569 0.280000 0.769386 0.279231 0.742195 0.270000 0.689829 0.270769 0.671702 0.276923 0.656596 0.279231 0.632427 0.279231 0.579053 0.277692 0.561934 0.270769 0.539778 0.270000 0.512588 0.271538 0.503525 0.280769 0.477341 0.287692 0.469285 0.315385 0.454179 0.330000 0.450151 0.336923 0.445116 0.350769 0.440081 0.357692 0.433031 0.360769 0.420947 0.360769 0.352467 0.365385 0.345418 0.370769 0.342397 0.371538 0.325277 0.368462 0.322256 0.370769 0.320242
0 0.374615 0.345418 0.366154 0.348439 0.362308 0.355488 0.360769 0.402820 0.362308 0.416918 0.359231 0.435045 0.349231 0.443102 0.345385 0.443102 0.333077 0.451158 0.313077 0.457200 0.309231 0.461229 0.300000 0.463243 0.295385 0.468278 0.289231 0.470292 0.282308 0.478348 0.280000 0.490433 0.273077 0.502518 0.273077 0.545821 0.280769 0.557905 0.282308 0.563948 0.280000 0.653575 0.275385 0.661631 0.273077 0.670695 0.273077 0.695871 0.275385 0.710977 0.281538 0.721047 0.283077 0.729104 0.283077 0.750252 0.279231 0.812689 0.273077 0.826788 0.272308 0.842900 0.276154 0.861027 0.282308 0.872105 0.293846 0.882175 0.310000 0.889225 0.334615 0.895267 0.370000 0.899295 0.413846 0.898288 0.441538 0.894260 0.466154 0.886203 0.483846 0.875126 0.491538 0.865055 0.496154 0.848943 0.496154 0.826788 0.486923 0.798590 0.486923 0.755287 0.485385 0.744209 0.486923 0.741188 0.486923 0.721047 0.493077 0.700906 0.493077 0.689829 0.494615 0.686808 0.494615 0.668681 0.486923 0.643505 0.486154 0.596173 0.487692 0.593152 0.487692 0.582075 0.486154 0.572004 0.488462 0.561934 0.487692 0.556898 0.495385 0.538771 0.496154 0.503525 0.490000 0.486405 0.480000 0.473313 0.460769 0.466264 0.450000 0.456193 0.423846 0.448137 0.409231 0.437059 0.406923 0.433031 0.405385 0.420947 0.405385 0.365559 0.403846 0.349446 0.396154 0.345418
0 0.630000 0.335347 0.606154 0.335347 0.596154 0.341390 0.593846 0.368580 0.594615 0.417925 0.593077 0.427996 0.583846 0.438066 0.547692 0.458207 0.537692 0.467271 0.525385 0.472306 0.518462 0.478348 0.509231 0.491440 0.505385 0.501511 0.508462 0.533736 0.514615 0.545821 0.515385 0.562941 0.513846 0.634441 0.509231 0.648540 0.509231 0.662638 0.513846 0.694864 0.516154 0.775428 0.514615 0.806647 0.510000 0.819738 0.510000 0.842900 0.516154 0.860020 0.525385 0.870091 0.533077 0.875126 0.560000 0.883182 0.583846 0.886203 0.655385 0.885196 0.677692 0.882175 0.686923 0.878147 0.689231 0.874119 0.689231 0.845921 0.694615 0.829809 0.695385 0.808661 0.689231 0.737160 0.684615 0.727090 0.683846 0.709970 0.684615 0.697885 0.694615 0.655589 0.694615 0.622356 0.691538 0.610272 0.690000 0.572004 0.686154 0.552870 0.686154 0.524673 0.689231 0.510574 0.694615 0.502518 0.716154 0.487412 0.718462 0.481370 0.710769 0.470292 0.673077 0.447130 0.650769 0.438066 0.640769 0.429003 0.637692 0.407855 0.638462 0.364552 0.636154 0.342397 0.633846 0.337362
0 0.574615 0.292044 0.549231 0.294058 0.542308 0.300101 0.544615 0.315206 0.542308 0.332326 0.543846 0.370594 0.540769 0.383686 0.536154 0.389728 0.476923 0.423968 0.470769 0.431017 0.464615 0.449144 0.466154 0.455186 0.473846 0.466264 0.480769 0.468278 0.486154 0.473313 0.498462 0.502518 0.498462 0.531722 0.496154 0.544814 0.490769 0.558912 0.490000 0.643505 0.491538 0.652568 0.496154 0.663646 0.497692 0.677744 0.496154 0.700906 0.493846 0.705942 0.491538 0.721047 0.490000 0.794562 0.493846 0.810675 0.500000 0.818731 0.506154 0.818731 0.513846 0.796576 0.513846 0.757301 0.510769 0.736153 0.511538 0.724068 0.506923 0.713998 0.506923 0.705942 0.509231 0.699899 0.506154 0.666667 0.506923 0.648540 0.512308 0.624371 0.513846 0.558912 0.510769 0.543807 0.505385 0.533736 0.506154 0.527694 0.504615 0.525680 0.505385 0.519637 0.503077 0.512588 0.503077 0.502518 0.508462 0.490433 0.520769 0.474320 0.584615 0.435045 0.592308 0.425982 0.593077 0.398792 0.592308 0.391742 0.587692 0.382679 0.586154 0.369587 0.586923 0.326284 0.584615 0.318228 0.584615 0.299094
0 0.920000 0.458207 0.901538 0.455186 0.883846 0.458207 0.882308 0.479355 0.879231 0.488419 0.877692 0.544814 0.876154 0.552870 0.870769 0.561934 0.851538 0.573011 0.848462 0.577039 0.844615 0.577039 0.833846 0.584089 0.821538 0.587110 0.798462 0.598187 0.783077 0.611279 0.779231 0.621349 0.776923 0.634441 0.776923 0.665660 0.785385 0.688822 0.785385 0.748238 0.782308 0.776435 0.775385 0.794562 0.774615 0.828802 0.781538 0.852971 0.782308 0.874119 0.783846 0.878147 0.783077 0.893253 0.783846 0.903323 0.785385 0.905337 0.793846 0.907351 1.000000 0.907351 1.000000 0.606244 0.997692 0.606244 0.983846 0.593152 0.937692 0.566969 0.926923 0.555891 0.925385 0.548842 0.926923 0.514602 0.924615 0.482377 0.925385 0.469285
0 0.826923 0.406848 0.797692 0.406848 0.791538 0.411883 0.790000 0.433031 0.790000 0.498489 0.788462 0.504532 0.779231 0.514602 0.742308 0.532729 0.713846 0.550856 0.702308 0.563948 0.696154 0.576032 0.695385 0.609265 0.698462 0.626385 0.697692 0.639476 0.699231 0.642497 0.696923 0.668681 0.698462 0.675730 0.696154 0.685801 0.696923 0.688822 0.689231 0.697885 0.688462 0.717019 0.696154 0.721047 0.693846 0.729104 0.696923 0.752266 0.696154 0.765358 0.698462 0.795569 0.700000 0.798590 0.701538 0.899295 0.703846 0.907351 0.769231 0.908359 0.779231 0.905337 0.778462 0.860020 0.776923 0.846928 0.772308 0.830816 0.773077 0.793555 0.780769 0.774421 0.783077 0.749245 0.782308 0.688822 0.776923 0.673716 0.774615 0.660624 0.774615 0.641490 0.777692 0.621349 0.782308 0.610272 0.789231 0.602216 0.800000 0.595166 0.833846 0.580060 0.844615 0.570997 0.856154 0.568983 0.865385 0.563948 0.874615 0.551863 0.874615 0.530715 0.856923 0.518630 0.845385 0.513595 0.837692 0.504532 0.836154 0.497482 0.835385 0.475327 0.836923 0.465257 0.833846 0.422961 0.829231 0.419940 0.829231 0.409869
