2 0.157692 0.210970 0.149231 0.235232 0.146923 0.250000 0.147692 0.306962 0.146154 0.327004 0.150769 0.345992 0.165385 0.379747 0.183077 0.413502 0.196154 0.433544 0.200769 0.433544 0.221538 0.407173 0.236923 0.394515 0.253846 0.383966 0.276923 0.377637 0.296154 0.377637 0.317692 0.382911 0.333846 0.391350 0.337692 0.396624 0.353077 0.408228 0.357692 0.407173 0.357692 0.392405 0.354615 0.380802 0.350769 0.341772 0.347692 0.328059 0.340769 0.259494 0.336154 0.242616 0.327692 0.222574 0.295385 0.178270 0.272308 0.162447 0.255385 0.157173 0.229231 0.157173 0.205385 0.165612 0.187692 0.176160 0.173077 0.188819
2 0.251538 0.387131 0.228462 0.402954 0.211538 0.420886 0.196154 0.445148 0.188462 0.464135 0.183846 0.485232 0.178462 0.526371 0.178462 0.561181 0.183846 0.592827 0.190769 0.612869 0.204615 0.638186 0.230000 0.672996 0.254615 0.713080 0.279231 0.745781 0.280769 0.752110 0.309231 0.799578 0.329231 0.811181 0.353846 0.812236 0.373846 0.805907 0.378462 0.799578 0.383077 0.798523 0.393077 0.789030 0.396154 0.789030 0.402308 0.783755 0.408462 0.767932 0.414615 0.763713 0.420000 0.747890 0.420769 0.735232 0.420000 0.713080 0.415385 0.690928 0.413846 0.657173 0.406154 0.604430 0.405385 0.581224 0.400769 0.540084 0.400000 0.509494 0.391538 0.470464 0.381538 0.446203 0.370769 0.429325 0.350769 0.408228 0.332308 0.393460 0.310769 0.382911 0.295385 0.379747 0.273077 0.380802
2 0.009231 0.413502 0.007692 0.419831 0.000000 0.429325 0.000000 0.545359 0.002308 0.547468 0.006154 0.560127 0.017692 0.578059 0.040769 0.600211 0.068462 0.618143 0.076154 0.617089 0.089231 0.608650 0.105385 0.602321 0.134615 0.599156 0.150769 0.602321 0.163846 0.608650 0.179231 0.620253 0.181538 0.624473 0.187692 0.628692 0.190000 0.635021 0.193077 0.636076 0.193077 0.626582 0.187692 0.616034 0.185385 0.603376 0.182308 0.599156 0.176154 0.551688 0.183077 0.467300 0.170769 0.428270 0.163077 0.412447 0.155385 0.401899 0.140769 0.388186 0.107692 0.368143 0.072308 0.366034 0.064615 0.367089 0.040000 0.379747 0.026154 0.392405
2 0.040000 0.666667 0.032308 0.684599 0.024615 0.716245 0.022308 0.739451 0.023077 0.764768 0.030000 0.797468 0.036923 0.818565 0.048462 0.840717 0.063077 0.858650 0.082308 0.871308 0.096923 0.876582 0.130000 0.879747 0.143846 0.882911 0.184615 0.898734 0.213077 0.901899 0.256154 0.901899 0.265385 0.898734 0.272308 0.892405 0.287692 0.868143 0.290769 0.854430 0.295385 0.843882 0.296923 0.813291 0.295385 0.795359 0.289231 0.782700 0.288462 0.777426 0.253077 0.728903 0.243846 0.720464 0.244615 0.716245 0.231538 0.701477 0.224615 0.684599 0.217692 0.674051 0.206154 0.674051 0.197692 0.657173 0.195385 0.646624 0.183846 0.629747 0.171538 0.617089 0.156154 0.607595 0.140769 0.602321 0.124615 0.601266 0.102308 0.605485 0.086923 0.612869 0.070000 0.625527 0.056154 0.641350
2 0.890000 0.009494 0.883077 0.008439 0.874615 0.003165 0.868462 0.003165 0.865385 0.000000 0.863077 0.002110 0.855385 0.000000 0.854615 0.002110 0.840769 0.003165 0.826923 0.008439 0.809231 0.024262 0.796923 0.045359 0.794615 0.052743 0.789231 0.056962 0.787692 0.064346 0.782308 0.073840 0.783077 0.084388 0.789231 0.097046 0.794615 0.119198 0.793846 0.169831 0.789231 0.190928 0.780000 0.212025 0.772308 0.240506 0.750769 0.290084 0.733846 0.337553 0.736154 0.352321 0.748462 0.373418 0.756154 0.380802 0.756154 0.389241 0.759231 0.391350 0.776154 0.391350 0.780769 0.395570 0.778462 0.402954 0.781538 0.399789 0.787692 0.400844 0.788462 0.393460 0.795385 0.387131 0.821538 0.342827 0.827692 0.320675 0.833846 0.310127 0.833846 0.306962 0.873846 0.247890 0.885385 0.222574 0.897692 0.202532 0.901538 0.190928 0.920769 0.160338 0.928462 0.139241 0.933077 0.091772 0.932308 0.071730 0.929231 0.055907 0.922308 0.041139 0.915385 0.031646 0.903077 0.018987
2 0.605385 0.136076 0.581538 0.136076 0.563846 0.140295 0.542308 0.158228 0.532308 0.172996 0.526923 0.188819 0.529231 0.246835 0.526154 0.251055 0.524615 0.263713 0.522308 0.268987 0.520769 0.283755 0.522308 0.295359 0.541538 0.305907 0.560769 0.320675 0.575385 0.336498 0.583846 0.348101 0.588462 0.358650 0.594615 0.356540 0.603077 0.345992 0.607692 0.343882 0.627692 0.323840 0.659231 0.310127 0.668462 0.287975 0.673077 0.263713 0.673077 0.244726 0.666923 0.204641 0.663077 0.189873 0.657692 0.182489 0.656154 0.175105 0.643846 0.159283 0.631538 0.147679
2 0.840769 0.446203 0.830769 0.438819 0.811538 0.431435 0.797692 0.431435 0.794615 0.434599 0.781538 0.436709 0.766154 0.452532 0.756923 0.478903 0.756923 0.483122 0.752308 0.492616 0.749231 0.508439 0.764615 0.548523 0.766154 0.556962 0.764615 0.590717 0.758462 0.603376 0.757692 0.608650 0.751538 0.618143 0.748462 0.629747 0.743077 0.633966 0.738462 0.645570 0.723846 0.665612 0.723846 0.671941 0.727692 0.677215 0.741538 0.678270 0.756923 0.669831 0.793077 0.628692 0.799231 0.624473 0.815385 0.603376 0.819231 0.601266 0.830000 0.586498 0.854615 0.560127 0.857692 0.553797 0.863077 0.531646 0.863077 0.509494 0.857692 0.478903 0.850769 0.460970
2 0.706154 0.046414 0.681538 0.056962 0.673077 0.064346 0.665385 0.074895 0.642308 0.117089 0.637692 0.146624 0.662308 0.182489 0.672308 0.220464 0.675385 0.256329 0.672308 0.280591 0.668462 0.295359 0.666154 0.298523 0.665385 0.309072 0.693846 0.315401 0.710000 0.327004 0.716923 0.329114 0.720769 0.335443 0.728462 0.338608 0.731538 0.335443 0.735385 0.322785 0.742308 0.310127 0.744615 0.300633 0.748462 0.295359 0.757692 0.267932 0.761538 0.263713 0.764615 0.252110 0.768462 0.246835 0.772308 0.236287 0.774615 0.221519 0.777692 0.218354 0.789231 0.186709 0.793077 0.156118 0.793077 0.119198 0.786154 0.094937 0.776923 0.079114 0.763846 0.065401 0.748462 0.054852 0.720769 0.046414
2 0.458462 0.095992 0.440769 0.091772 0.423846 0.091772 0.406154 0.095992 0.383846 0.106540 0.369231 0.121308 0.359231 0.135021 0.344615 0.174051 0.342308 0.190928 0.337692 0.203586 0.335385 0.228903 0.343846 0.263713 0.363077 0.402954 0.376154 0.432489 0.386923 0.446203 0.390000 0.444093 0.391538 0.425105 0.399231 0.392405 0.416923 0.354430 0.434615 0.327004 0.450000 0.312236 0.463846 0.303797 0.486154 0.296414 0.514615 0.294304 0.522308 0.263713 0.525385 0.234177 0.524615 0.206751 0.520000 0.184599 0.506923 0.146624 0.500769 0.138186 0.498462 0.128692 0.482308 0.108650
2 0.516154 0.297468 0.491538 0.297468 0.476923 0.300633 0.455385 0.310127 0.438462 0.323840 0.422308 0.345992 0.421538 0.350211 0.415385 0.358650 0.398462 0.399789 0.392308 0.430380 0.392308 0.458861 0.405385 0.521097 0.408462 0.573840 0.414615 0.604430 0.415385 0.625527 0.422308 0.678270 0.423077 0.700422 0.427692 0.716245 0.437692 0.726793 0.441538 0.733122 0.440769 0.737342 0.454615 0.746835 0.466154 0.748945 0.470769 0.755274 0.483846 0.756329 0.487692 0.753165 0.498462 0.754219 0.500000 0.748945 0.522308 0.746835 0.523846 0.743671 0.530769 0.739451 0.531538 0.728903 0.536923 0.724684 0.544615 0.704641 0.554615 0.658228 0.565385 0.623418 0.577692 0.572785 0.582308 0.561181 0.596154 0.503165 0.599231 0.497890 0.604615 0.468354 0.605385 0.444093 0.601538 0.411392 0.589231 0.370253 0.580000 0.349156 0.568462 0.332278 0.553077 0.317511 0.536154 0.305907
2 0.686154 0.316456 0.656923 0.313291 0.634615 0.321730 0.626154 0.327004 0.610769 0.341772 0.601538 0.354430 0.599231 0.363924 0.595385 0.370253 0.596154 0.387131 0.603077 0.412447 0.607692 0.447257 0.606154 0.473629 0.601538 0.498945 0.595385 0.515823 0.593846 0.530591 0.588462 0.543249 0.583077 0.566456 0.580000 0.571730 0.577692 0.591772 0.572308 0.604430 0.570769 0.616034 0.563846 0.633966 0.563077 0.642405 0.564615 0.656118 0.591538 0.678270 0.613077 0.686709 0.631538 0.685654 0.635385 0.681435 0.646154 0.678270 0.653846 0.666667 0.656154 0.658228 0.660769 0.654008 0.673077 0.629747 0.678462 0.623418 0.687692 0.600211 0.701538 0.575949 0.702308 0.571730 0.716923 0.548523 0.719231 0.541139 0.747692 0.497890 0.749231 0.488397 0.755385 0.471519 0.756923 0.438819 0.750769 0.395570 0.745385 0.375527 0.732308 0.351266 0.716154 0.333333 0.700769 0.322785
2 0.156154 0.016878 0.153077 0.027426 0.148462 0.033755 0.147692 0.060127 0.143077 0.089662 0.143077 0.110759 0.144615 0.123418 0.166923 0.188819 0.170769 0.188819 0.198462 0.167722 0.221538 0.157173 0.230000 0.155063 0.252308 0.155063 0.270769 0.160338 0.286923 0.169831 0.301538 0.184599 0.323077 0.214135 0.330769 0.219409 0.333077 0.205696 0.331538 0.176160 0.320000 0.070675 0.310769 0.039030 0.300000 0.023207 0.294615 0.009494 0.289231 0.004219 0.288462 0.000000 0.169231 0.000000
