3 0.798750 0.358750 0.796250 0.361250 0.796250 0.372500 0.793125 0.375000 0.781875 0.377500 0.778125 0.386250 0.780000 0.400000 0.786875 0.410625 0.787500 0.413750 0.781875 0.422500 0.775625 0.439375 0.766875 0.493125 0.765625 0.550000 0.766875 0.561250 0.771875 0.573750 0.778750 0.583750 0.785000 0.590000 0.798125 0.597500 0.811250 0.608125 0.836250 0.615000 0.864375 0.618750 0.896875 0.618750 0.930000 0.613750 0.944375 0.609375 0.976250 0.577500 0.985000 0.560625 0.988125 0.543125 0.988125 0.514375 0.984375 0.480625 0.973125 0.439375 0.960000 0.412500 0.960625 0.408125 0.966250 0.396250 0.967500 0.389375 0.966875 0.380000 0.965000 0.375625 0.960000 0.373125 0.948125 0.370625 0.946875 0.368750 0.947500 0.360625 0.943125 0.356875 0.868125 0.356250 0.821875 0.356875
3 0.458750 0.356875 0.455625 0.355625 0.440000 0.355000 0.310625 0.357500 0.308125 0.360625 0.308750 0.370000 0.307500 0.375625 0.296875 0.377500 0.291250 0.384375 0.292500 0.397500 0.295000 0.403750 0.301250 0.412500 0.290625 0.432500 0.283125 0.464375 0.278750 0.504375 0.278750 0.558750 0.282500 0.570625 0.294375 0.587500 0.325625 0.609375 0.353125 0.615625 0.379375 0.618750 0.412500 0.618125 0.446250 0.612500 0.459375 0.607500 0.485625 0.581250 0.492500 0.570000 0.498750 0.554375 0.500000 0.545625 0.500000 0.518125 0.498125 0.495625 0.490000 0.455000 0.481875 0.432500 0.470625 0.411875 0.477500 0.395000 0.477500 0.380625 0.474375 0.375000 0.461250 0.372500
3 0.055625 0.032500 0.053125 0.035000 0.053125 0.046875 0.051875 0.048125 0.041250 0.049375 0.037500 0.051250 0.035000 0.055625 0.035000 0.069375 0.037500 0.076250 0.043750 0.084375 0.043750 0.087500 0.039375 0.093750 0.031875 0.111250 0.024375 0.155625 0.022500 0.186250 0.022500 0.227500 0.024375 0.238750 0.028750 0.249375 0.043750 0.265625 0.063750 0.279375 0.075000 0.284375 0.090625 0.288125 0.122500 0.291875 0.156250 0.291875 0.185000 0.287500 0.201875 0.281875 0.208750 0.276250 0.234375 0.248125 0.241250 0.233125 0.244375 0.213125 0.244375 0.188750 0.242500 0.168125 0.236250 0.135625 0.226250 0.105000 0.215625 0.084375 0.222500 0.066250 0.223125 0.058750 0.220625 0.050000 0.217500 0.046875 0.204375 0.044375 0.202500 0.041875 0.202500 0.032500 0.197500 0.030000 0.193750 0.031250 0.190000 0.030000 0.186250 0.031250 0.183125 0.030000 0.178125 0.031250 0.175000 0.030000 0.170625 0.031250 0.167500 0.030000 0.162500 0.031250 0.158750 0.030000 0.155000 0.031250 0.151875 0.030000 0.146250 0.031250 0.141250 0.030000 0.138125 0.031875 0.134375 0.030000 0.132500 0.031250 0.110625 0.030625 0.107500 0.032500 0.103750 0.031250 0.100000 0.032500
3 0.296875 0.032500 0.296250 0.045625 0.293125 0.048125 0.282500 0.050000 0.279375 0.053750 0.278125 0.060625 0.278750 0.069375 0.281250 0.076250 0.288125 0.085625 0.280625 0.098125 0.273750 0.119375 0.266875 0.165625 0.265000 0.210625 0.265625 0.228750 0.266875 0.236250 0.271875 0.248125 0.283750 0.261875 0.310000 0.280625 0.321250 0.285000 0.335000 0.288125 0.360000 0.291250 0.389375 0.291875 0.413125 0.290000 0.431875 0.286250 0.444375 0.281875 0.476875 0.250000 0.485000 0.233750 0.487500 0.221875 0.487500 0.181250 0.483750 0.153125 0.480000 0.135625 0.471875 0.110000 0.459375 0.085000 0.465625 0.070000 0.466875 0.063750 0.466875 0.056250 0.464375 0.048750 0.459375 0.046250 0.448750 0.044375 0.446875 0.041875 0.447500 0.033750 0.442500 0.030000 0.383750 0.029375 0.380625 0.030625 0.368125 0.029375 0.352500 0.030000 0.350000 0.031250 0.328750 0.030625
3 0.540000 0.032500 0.538125 0.035625 0.538750 0.045000 0.536250 0.048750 0.525625 0.050000 0.521250 0.053750 0.520000 0.056875 0.520625 0.071250 0.528125 0.082500 0.528750 0.087500 0.520000 0.103750 0.515000 0.118750 0.510000 0.149375 0.507500 0.181875 0.506875 0.218125 0.508750 0.237500 0.513125 0.248750 0.523750 0.260625 0.550625 0.280000 0.561250 0.284375 0.576875 0.288125 0.612500 0.291875 0.645000 0.291250 0.670625 0.286875 0.686250 0.281875 0.693750 0.275625 0.718750 0.248750 0.726250 0.231875 0.728750 0.216250 0.728125 0.178125 0.722500 0.141250 0.718750 0.125625 0.711250 0.105000 0.700000 0.084375 0.706875 0.068750 0.707500 0.055625 0.705625 0.050625 0.701250 0.046875 0.688750 0.045000 0.686250 0.041250 0.686875 0.033125 0.682500 0.031250 0.671875 0.031250 0.668750 0.032500 0.667500 0.031250 0.653125 0.031875 0.650000 0.030625 0.645625 0.031875 0.641875 0.030625 0.638750 0.032500 0.636250 0.031250 0.630625 0.032500 0.618750 0.030625 0.616250 0.031875 0.609375 0.031250 0.607500 0.032500 0.604375 0.031250 0.600625 0.032500 0.596250 0.031250 0.590625 0.032500 0.587500 0.031250 0.585000 0.032500 0.578125 0.031875 0.576250 0.033125 0.565625 0.031875
3 0.555625 0.358125 0.551875 0.361875 0.552500 0.372500 0.550000 0.375000 0.542500 0.375625 0.536250 0.380000 0.534375 0.387500 0.536250 0.400000 0.544375 0.413125 0.531875 0.438750 0.526250 0.469375 0.523750 0.492500 0.522500 0.520000 0.523125 0.558125 0.525625 0.568750 0.530625 0.578750 0.544375 0.593125 0.550625 0.595625 0.566875 0.608125 0.588125 0.614375 0.622500 0.618750 0.654375 0.618750 0.681875 0.615000 0.701250 0.609375 0.718750 0.593125 0.735625 0.572500 0.741250 0.560625 0.744375 0.543750 0.743750 0.503125 0.738125 0.469375 0.729375 0.439375 0.716250 0.413125 0.716250 0.408750 0.721875 0.398125 0.723125 0.391250 0.723125 0.383750 0.721250 0.376875 0.716875 0.373750 0.706250 0.371875 0.703750 0.369375 0.704375 0.361250 0.699375 0.356250 0.635000 0.355000 0.578125 0.356250
3 0.555000 0.670000 0.552500 0.673125 0.551875 0.683750 0.550000 0.685625 0.539375 0.688125 0.535000 0.694375 0.534375 0.701250 0.535625 0.709375 0.538750 0.716875 0.543125 0.721250 0.544375 0.725625 0.540000 0.731875 0.531250 0.751875 0.524375 0.798750 0.522500 0.830000 0.522500 0.860000 0.523750 0.873125 0.529375 0.887500 0.545000 0.905000 0.551875 0.908125 0.560000 0.915000 0.575000 0.922500 0.588750 0.925625 0.626250 0.930000 0.648750 0.930000 0.681875 0.926250 0.700625 0.920625 0.726875 0.895625 0.736875 0.881875 0.742500 0.866875 0.744375 0.854375 0.743750 0.815625 0.738750 0.783125 0.730000 0.752500 0.715625 0.723750 0.715625 0.720625 0.722500 0.706875 0.723125 0.696875 0.721250 0.688750 0.716875 0.685000 0.705000 0.683125 0.703125 0.680625 0.703125 0.671875 0.701875 0.669375 0.697500 0.668125 0.619375 0.667500 0.563125 0.668750
3 0.798125 0.670000 0.796250 0.672500 0.795625 0.683750 0.793750 0.685625 0.781250 0.688750 0.778750 0.693750 0.778125 0.701875 0.779375 0.710000 0.781875 0.715625 0.788750 0.724375 0.781250 0.735625 0.775625 0.751250 0.769375 0.785000 0.766875 0.806875 0.765625 0.835625 0.766250 0.869375 0.773125 0.887500 0.779375 0.896250 0.788750 0.904375 0.798750 0.909375 0.810000 0.918750 0.826250 0.924375 0.866875 0.930000 0.891875 0.930000 0.924375 0.926250 0.944375 0.920625 0.975625 0.889375 0.983125 0.876875 0.987500 0.860625 0.988125 0.825000 0.985000 0.794375 0.974375 0.753750 0.959375 0.723750 0.959375 0.720625 0.963750 0.713750 0.967500 0.701875 0.965625 0.688125 0.963125 0.685625 0.958125 0.683750 0.948125 0.682500 0.946875 0.680625 0.946875 0.670000 0.943125 0.668125 0.868125 0.667500 0.820625 0.668125
3 0.931875 0.031875 0.918750 0.029375 0.906875 0.029375 0.904375 0.030625 0.901250 0.029375 0.897500 0.030625 0.883750 0.029375 0.881875 0.030625 0.837500 0.030000 0.834375 0.031250 0.821250 0.030625 0.818750 0.031875 0.783125 0.031875 0.781875 0.033125 0.781250 0.046250 0.779375 0.048125 0.768750 0.050000 0.765625 0.052500 0.763750 0.059375 0.764375 0.069375 0.766875 0.076250 0.772500 0.083125 0.773125 0.086250 0.764375 0.103125 0.757500 0.126875 0.753125 0.158125 0.750625 0.188750 0.751250 0.230000 0.754375 0.241875 0.762500 0.255000 0.772500 0.264375 0.781250 0.269375 0.794375 0.280000 0.817500 0.287500 0.845625 0.291250 0.881250 0.291875 0.913750 0.287500 0.928125 0.283125 0.933125 0.280000 0.957500 0.255000 0.967500 0.240625 0.971875 0.226875 0.973125 0.217500 0.972500 0.178750 0.969375 0.153125 0.959375 0.115625 0.945000 0.085625 0.945625 0.080625 0.951875 0.067500 0.952500 0.060000 0.951250 0.051875 0.946875 0.046875 0.936875 0.045625 0.933125 0.043125
3 0.094375 0.665000 0.093125 0.668125 0.093125 0.678750 0.091250 0.681250 0.080000 0.681250 0.075000 0.683125 0.071250 0.686875 0.071250 0.706875 0.075000 0.714375 0.081875 0.720625 0.083125 0.725000 0.075000 0.732500 0.063125 0.753750 0.055625 0.783125 0.048125 0.827500 0.046250 0.848750 0.046875 0.886250 0.051875 0.904375 0.062500 0.924375 0.074375 0.936875 0.098125 0.956250 0.105625 0.960625 0.120625 0.964375 0.146250 0.966875 0.160625 0.966250 0.176875 0.967500 0.228750 0.966250 0.254375 0.962500 0.271875 0.955000 0.286250 0.941250 0.293750 0.936250 0.306250 0.921250 0.314375 0.905625 0.320000 0.880625 0.318750 0.833125 0.311875 0.786875 0.303125 0.755625 0.298125 0.745625 0.283125 0.725625 0.283125 0.723750 0.289375 0.717500 0.294375 0.707500 0.295625 0.701875 0.295000 0.688750 0.289375 0.683750 0.276250 0.681875 0.274375 0.679375 0.273125 0.670625 0.271250 0.668750 0.261875 0.666250 0.151875 0.663750 0.100000 0.663750
