4 0.153333 0.646000 0.150667 0.660000 0.150667 0.680000 0.147333 0.720000 0.149333 0.860000 0.148667 0.924000 0.150000 0.958000 0.153333 0.978000 0.158667 0.996000 0.202667 0.992000 0.218000 0.986000 0.219333 0.944000 0.218000 0.748000 0.211333 0.676000 0.211333 0.644000 0.209333 0.636000 0.202667 0.630000 0.180667 0.630000 0.157333 0.640000
4 0.135333 0.196000 0.079333 0.200000 0.072667 0.204000 0.070667 0.216000 0.071333 0.268000 0.069333 0.310000 0.072000 0.584000 0.072000 0.746000 0.075333 0.880000 0.077333 0.902000 0.080000 0.910000 0.132000 0.906000 0.143333 0.902000 0.146667 0.894000 0.147333 0.860000 0.144667 0.726000 0.148000 0.700000 0.148667 0.646000 0.146000 0.544000 0.145333 0.354000 0.144000 0.306000 0.140667 0.260000 0.140000 0.208000 0.138667 0.200000
4 0.298000 0.518000 0.295333 0.536000 0.296000 0.560000 0.289333 0.590000 0.286000 0.628000 0.287333 0.682000 0.286667 0.788000 0.288000 0.808000 0.287333 0.920000 0.288667 0.932000 0.300000 0.964000 0.309333 0.970000 0.370000 0.960000 0.374667 0.956000 0.376000 0.936000 0.374667 0.862000 0.374667 0.628000 0.373333 0.606000 0.365333 0.564000 0.364667 0.520000 0.358000 0.512000 0.317333 0.512000
4 0.300000 0.330000 0.266000 0.336000 0.261333 0.342000 0.259333 0.352000 0.259333 0.378000 0.242667 0.430000 0.242667 0.870000 0.245333 0.882000 0.275333 0.900000 0.282000 0.900000 0.284667 0.894000 0.286667 0.874000 0.286667 0.682000 0.285333 0.618000 0.294000 0.564000 0.296000 0.522000 0.300000 0.514000 0.319333 0.510000 0.321333 0.506000 0.320667 0.428000 0.305333 0.368000 0.302667 0.334000
4 0.302000 0.118000 0.297333 0.130000 0.296000 0.164000 0.281333 0.188000 0.277333 0.204000 0.276667 0.246000 0.278667 0.270000 0.277333 0.282000 0.277333 0.326000 0.279333 0.330000 0.296667 0.328000 0.302667 0.334000 0.306000 0.372000 0.311333 0.386000 0.321333 0.430000 0.322667 0.466000 0.321333 0.470000 0.322000 0.504000 0.323333 0.508000 0.357333 0.510000 0.364000 0.516000 0.366000 0.522000 0.366000 0.568000 0.374000 0.600000 0.375333 0.628000 0.376667 0.780000 0.382000 0.780000 0.385333 0.770000 0.387333 0.670000 0.386000 0.518000 0.387333 0.498000 0.386667 0.196000 0.381333 0.176000 0.368000 0.146000 0.366667 0.106000 0.356000 0.102000 0.346667 0.110000
4 0.469333 0.016000 0.445333 0.008000 0.414667 0.008000 0.400667 0.014000 0.397333 0.028000 0.394667 0.340000 0.396000 0.414000 0.394667 0.422000 0.395333 0.446000 0.393333 0.516000 0.393333 0.560000 0.394667 0.572000 0.393333 0.578000 0.392667 0.700000 0.391333 0.718000 0.393333 0.734000 0.397333 0.736000 0.401333 0.730000 0.401333 0.654000 0.402667 0.626000 0.401333 0.622000 0.402667 0.608000 0.401333 0.582000 0.402667 0.570000 0.401333 0.560000 0.403333 0.542000 0.402000 0.528000 0.402000 0.434000 0.404000 0.420000 0.402667 0.394000 0.404000 0.390000 0.404000 0.342000 0.409333 0.326000 0.424667 0.320000 0.451333 0.322000 0.460000 0.332000 0.462000 0.368000 0.463333 0.672000 0.468000 0.676000 0.472667 0.670000 0.473333 0.596000 0.474667 0.584000 0.474667 0.434000 0.479333 0.156000 0.477333 0.124000 0.476667 0.030000 0.474667 0.022000
4 0.456667 0.326000 0.451333 0.322000 0.419333 0.322000 0.407333 0.328000 0.404667 0.340000 0.403333 0.404000 0.404000 0.512000 0.402667 0.544000 0.404000 0.550000 0.402667 0.566000 0.404000 0.580000 0.404000 0.716000 0.402667 0.738000 0.404667 0.862000 0.406667 0.874000 0.409333 0.874000 0.410667 0.866000 0.410000 0.814000 0.412000 0.774000 0.412000 0.698000 0.413333 0.692000 0.417333 0.686000 0.450667 0.686000 0.462667 0.682000 0.462000 0.596000 0.464000 0.434000 0.462000 0.408000 0.460667 0.336000
4 0.486000 0.686000 0.482000 0.682000 0.418667 0.686000 0.412000 0.694000 0.410667 0.794000 0.409333 0.802000 0.409333 0.840000 0.410667 0.854000 0.409333 0.876000 0.410667 0.896000 0.410000 0.936000 0.410667 0.966000 0.412000 0.972000 0.416000 0.976000 0.483333 0.974000 0.487333 0.968000 0.488667 0.828000 0.486667 0.770000 0.487333 0.694000
4 0.509333 0.120000 0.503333 0.130000 0.502667 0.172000 0.497333 0.284000 0.498000 0.780000 0.500000 0.786000 0.531333 0.790000 0.538000 0.780000 0.538000 0.676000 0.536000 0.632000 0.536667 0.614000 0.534000 0.584000 0.532667 0.504000 0.533333 0.450000 0.531333 0.400000 0.532667 0.364000 0.540667 0.312000 0.542667 0.260000 0.545333 0.250000 0.549333 0.246000 0.588667 0.246000 0.592000 0.242000 0.592000 0.218000 0.589333 0.178000 0.589333 0.140000 0.586000 0.126000
4 0.630000 0.248000 0.624667 0.244000 0.587333 0.248000 0.549333 0.246000 0.545333 0.250000 0.543333 0.258000 0.542000 0.302000 0.532667 0.366000 0.532667 0.436000 0.534000 0.440000 0.533333 0.460000 0.534667 0.472000 0.533333 0.520000 0.537333 0.628000 0.538000 0.822000 0.540667 0.838000 0.544667 0.848000 0.552667 0.846000 0.550667 0.826000 0.552667 0.804000 0.551333 0.794000 0.553333 0.742000 0.552667 0.712000 0.554667 0.694000 0.556000 0.628000 0.560000 0.622000 0.558667 0.612000 0.562000 0.602000 0.567333 0.598000 0.604000 0.596000 0.609333 0.600000 0.614667 0.616000 0.614667 0.644000 0.617333 0.684000 0.617333 0.856000 0.623333 0.860000 0.628667 0.854000 0.638000 0.574000 0.638667 0.492000 0.642000 0.406000 0.641333 0.382000 0.630000 0.314000
4 0.558000 0.604000 0.556000 0.610000 0.555333 0.680000 0.552667 0.710000 0.552667 0.734000 0.554000 0.738000 0.552000 0.754000 0.552667 0.774000 0.550667 0.814000 0.550667 0.844000 0.552667 0.870000 0.551333 0.936000 0.554667 0.944000 0.608667 0.950000 0.613333 0.936000 0.616667 0.862000 0.616000 0.784000 0.617333 0.684000 0.613333 0.606000 0.609333 0.598000 0.568000 0.598000
4 0.180667 0.166000 0.175333 0.180000 0.176667 0.220000 0.174667 0.266000 0.176000 0.378000 0.175333 0.466000 0.176667 0.472000 0.176000 0.624000 0.182000 0.630000 0.204667 0.632000 0.210667 0.644000 0.211333 0.672000 0.213333 0.684000 0.212667 0.692000 0.218000 0.724000 0.219333 0.838000 0.220667 0.844000 0.240000 0.842000 0.241333 0.838000 0.242667 0.810000 0.241333 0.440000 0.243333 0.424000 0.248000 0.410000 0.250667 0.394000 0.251333 0.278000 0.246667 0.226000 0.246000 0.164000 0.242667 0.158000
