1 0.056667 0.368750 0.051667 0.375000 0.050000 0.489583 0.025000 0.541667 0.020000 0.572917 0.021667 0.870833 0.025000 0.883333 0.040000 0.891667 0.081667 0.893750 0.111667 0.887500 0.120000 0.879167 0.121667 0.579167 0.116667 0.539583 0.091667 0.493750 0.088333 0.377083 0.078333 0.368750
1 0.116667 0.133333 0.110000 0.141667 0.110000 0.231250 0.106667 0.262500 0.083333 0.354167 0.083333 0.366667 0.091667 0.381250 0.093333 0.493750 0.118333 0.541667 0.123333 0.575000 0.125000 0.656250 0.133333 0.656250 0.136667 0.647917 0.135000 0.627083 0.140000 0.558333 0.150000 0.533333 0.170000 0.502083 0.171667 0.377083 0.176667 0.358333 0.160000 0.300000 0.150000 0.241667 0.148333 0.137500 0.145000 0.133333
1 0.181667 0.364583 0.173333 0.377083 0.171667 0.500000 0.168333 0.510417 0.150000 0.535417 0.141667 0.560417 0.140000 0.870833 0.153333 0.891667 0.221667 0.893750 0.233333 0.889583 0.240000 0.881250 0.243333 0.866667 0.243333 0.564583 0.236667 0.539583 0.216667 0.510417 0.211667 0.493750 0.210000 0.372917 0.201667 0.364583
1 0.235000 0.131250 0.231667 0.158333 0.231667 0.262500 0.225000 0.279167 0.203333 0.310417 0.200000 0.343750 0.201667 0.360417 0.211667 0.370833 0.213333 0.485417 0.216667 0.506250 0.235000 0.533333 0.248333 0.566667 0.246667 0.652083 0.253333 0.660417 0.256667 0.656250 0.258333 0.564583 0.266667 0.541667 0.288333 0.508333 0.291667 0.391667 0.295000 0.377083 0.305000 0.364583 0.306667 0.339583 0.301667 0.306250 0.275000 0.264583 0.273333 0.137500 0.268333 0.131250
1 0.303333 0.370833 0.295000 0.381250 0.291667 0.502083 0.286667 0.516667 0.266667 0.545833 0.258333 0.579167 0.258333 0.870833 0.263333 0.885417 0.275000 0.893750 0.346667 0.893750 0.360000 0.881250 0.363333 0.843750 0.363333 0.575000 0.355000 0.539583 0.336667 0.514583 0.333333 0.502083 0.331667 0.377083 0.323333 0.370833
1 0.356667 0.131250 0.351667 0.139583 0.350000 0.268750 0.328333 0.304167 0.325000 0.316667 0.325000 0.366667 0.336667 0.387500 0.336667 0.504167 0.345000 0.525000 0.356667 0.535417 0.365000 0.568750 0.365000 0.606250 0.370000 0.625000 0.375000 0.550000 0.381667 0.535417 0.403333 0.512500 0.406667 0.500000 0.408333 0.377083 0.416667 0.358333 0.416667 0.325000 0.410000 0.300000 0.390000 0.270833 0.386667 0.216667 0.388333 0.158333 0.385000 0.133333
1 0.421667 0.364583 0.410000 0.377083 0.406667 0.508333 0.385000 0.533333 0.375000 0.560417 0.373333 0.720833 0.376667 0.872917 0.380000 0.887500 0.388333 0.891667 0.471667 0.891667 0.481667 0.881250 0.486667 0.577083 0.478333 0.541667 0.451667 0.504167 0.448333 0.372917 0.441667 0.364583
1 0.510000 0.129167 0.488333 0.129167 0.481667 0.133333 0.478333 0.266667 0.455000 0.302083 0.448333 0.327083 0.455000 0.512500 0.476667 0.535417 0.485000 0.552083 0.490000 0.591667 0.488333 0.647917 0.491667 0.654167 0.498333 0.654167 0.500000 0.572917 0.531667 0.500000 0.531667 0.383333 0.535000 0.375000 0.551667 0.368750 0.553333 0.352083 0.548333 0.310417 0.521667 0.266667 0.521667 0.152083 0.518333 0.133333
1 0.635000 0.133333 0.610000 0.133333 0.603333 0.141667 0.600000 0.252083 0.575000 0.360417 0.576667 0.510417 0.591667 0.535417 0.601667 0.564583 0.603333 0.587500 0.608333 0.600000 0.605000 0.656250 0.606667 0.666667 0.611667 0.670833 0.623333 0.668750 0.625000 0.550000 0.633333 0.527083 0.650000 0.506250 0.653333 0.493750 0.655000 0.381250 0.658333 0.366667 0.663333 0.362500 0.655000 0.312500 0.641667 0.266667 0.635000 0.189583 0.638333 0.185417 0.635000 0.175000 0.641667 0.162500 0.640000 0.137500
1 0.663333 0.368750 0.656667 0.379167 0.658333 0.450000 0.655000 0.502083 0.633333 0.529167 0.626667 0.556250 0.625000 0.868750 0.626667 0.883333 0.635000 0.893750 0.701667 0.897917 0.720000 0.893750 0.726667 0.883333 0.728333 0.552083 0.723333 0.533333 0.700000 0.500000 0.695000 0.375000 0.688333 0.368750
1 0.725000 0.133333 0.718333 0.141667 0.716667 0.264583 0.690000 0.314583 0.688333 0.362500 0.700000 0.381250 0.698333 0.439583 0.701667 0.497917 0.705000 0.508333 0.718333 0.520833 0.731667 0.550000 0.733333 0.585417 0.730000 0.606250 0.733333 0.614583 0.730000 0.639583 0.731667 0.658333 0.741667 0.662500 0.745000 0.564583 0.751667 0.541667 0.776667 0.500000 0.780000 0.435417 0.778333 0.379167 0.790000 0.354167 0.790000 0.333333 0.781667 0.302083 0.758333 0.258333 0.758333 0.141667 0.753333 0.133333
1 0.788333 0.364583 0.781667 0.372917 0.778333 0.502083 0.758333 0.531250 0.748333 0.556250 0.746667 0.872917 0.750000 0.883333 0.760000 0.891667 0.836667 0.891667 0.843333 0.887500 0.850000 0.866667 0.851667 0.566667 0.841667 0.533333 0.820000 0.500000 0.818333 0.370833 0.811667 0.364583
1 0.850000 0.131250 0.843333 0.139583 0.840000 0.264583 0.811667 0.314583 0.808333 0.358333 0.818333 0.368750 0.821667 0.381250 0.821667 0.500000 0.851667 0.554167 0.853333 0.650000 0.856667 0.656250 0.865000 0.656250 0.873333 0.602083 0.901667 0.497917 0.905000 0.468750 0.905000 0.381250 0.915000 0.360417 0.913333 0.322917 0.905000 0.300000 0.886667 0.275000 0.883333 0.264583 0.883333 0.141667 0.878333 0.133333
1 0.913333 0.368750 0.906667 0.375000 0.903333 0.497917 0.896667 0.533333 0.875000 0.606250 0.870000 0.647917 0.868333 0.862500 0.873333 0.883333 0.880000 0.889583 0.920000 0.893750 0.961667 0.891667 0.975000 0.885417 0.980000 0.872917 0.980000 0.633333 0.968333 0.577083 0.955000 0.537500 0.946667 0.489583 0.943333 0.372917 0.940000 0.368750
1 0.546667 0.372917 0.536667 0.375000 0.531667 0.389583 0.531667 0.506250 0.510000 0.545833 0.503333 0.572917 0.503333 0.875000 0.510000 0.889583 0.521667 0.893750 0.588333 0.893750 0.598333 0.889583 0.601667 0.883333 0.601667 0.572917 0.591667 0.537500 0.573333 0.508333 0.573333 0.408333 0.570000 0.377083
