4 0.189474 0.554688 0.156140 0.556250 0.153509 0.560937 0.146491 0.564063 0.105263 0.568750 0.102632 0.584375 0.085088 0.645312 0.085088 0.671875 0.092982 0.854688 0.093860 0.940625 0.095614 0.948438 0.181579 0.950000 0.185965 0.945312 0.185965 0.890625 0.183333 0.851562 0.184211 0.796875 0.179825 0.656250 0.181579 0.632812 0.185088 0.623437 0.188596 0.595313 0.192982 0.584375 0.193860 0.559375
4 0.193860 0.007812 0.191228 0.014063 0.191228 0.040625 0.180702 0.056250 0.176316 0.078125 0.179825 0.145313 0.180702 0.218750 0.186842 0.325000 0.187719 0.404687 0.189474 0.412500 0.196491 0.415625 0.284211 0.417187 0.286842 0.412500 0.285088 0.381250 0.286842 0.371875 0.283333 0.321875 0.282456 0.204687 0.278947 0.076563 0.284211 0.060937 0.285965 0.042188 0.284211 0.015625 0.279825 0.009375
4 0.101754 0.009375 0.098246 0.014063 0.098246 0.042188 0.096491 0.045312 0.084211 0.048438 0.075439 0.065625 0.079825 0.209375 0.084211 0.285938 0.086842 0.406250 0.090351 0.414062 0.093860 0.415625 0.184211 0.414062 0.185965 0.409375 0.174561 0.081250 0.181579 0.050000 0.187719 0.040625 0.187719 0.015625 0.183333 0.010937
4 0.000000 0.004687 0.000000 0.018750 0.001754 0.020313 0.002632 0.037500 0.000000 0.040625 0.000000 0.414062 0.084211 0.414062 0.085965 0.410938 0.074561 0.071875 0.082456 0.048438 0.094737 0.040625 0.094737 0.009375 0.089474 0.003125
4 0.293860 0.015625 0.290351 0.021875 0.291228 0.050000 0.282456 0.067187 0.279825 0.084375 0.289474 0.412500 0.295614 0.418750 0.382456 0.420312 0.385965 0.410938 0.385965 0.320312 0.381579 0.078125 0.385088 0.045312 0.384211 0.017188 0.379825 0.014063
4 0.390351 0.000000 0.390351 0.039062 0.383333 0.078125 0.387719 0.360938 0.386842 0.414062 0.390351 0.420312 0.480702 0.423438 0.483333 0.420312 0.485965 0.181250 0.485088 0.006250 0.483333 0.000000
4 0.492982 0.015625 0.489474 0.021875 0.490351 0.065625 0.487719 0.109375 0.486842 0.423438 0.490351 0.426563 0.555263 0.428125 0.577193 0.425000 0.580702 0.414062 0.587719 0.139063 0.587719 0.085938 0.582456 0.051562 0.583333 0.023438 0.577193 0.017188
4 0.590351 0.021875 0.587719 0.025000 0.585965 0.039062 0.590351 0.089063 0.584211 0.387500 0.585088 0.420312 0.592105 0.426563 0.675439 0.426563 0.678070 0.423438 0.679825 0.406250 0.682456 0.284375 0.685965 0.240625 0.688596 0.151562 0.688596 0.085938 0.685088 0.070312 0.678947 0.059375 0.679825 0.031250 0.677193 0.025000 0.671053 0.021875
4 0.685088 0.023438 0.682456 0.031250 0.683333 0.056250 0.687719 0.065625 0.691228 0.098437 0.682456 0.425000 0.688596 0.429688 0.720175 0.431250 0.779825 0.429688 0.782456 0.414062 0.784211 0.307812 0.788596 0.248438 0.792105 0.085938 0.786842 0.070312 0.778947 0.059375 0.778947 0.037500 0.776316 0.026562 0.707018 0.025000 0.693860 0.020313
4 0.786842 0.023438 0.783333 0.029687 0.782456 0.045312 0.785088 0.053125 0.785088 0.062500 0.792982 0.087500 0.792982 0.106250 0.790351 0.139063 0.782456 0.426563 0.789474 0.431250 0.875439 0.431250 0.878947 0.420312 0.881579 0.384375 0.881579 0.354687 0.889474 0.250000 0.891228 0.189062 0.896491 0.132812 0.896491 0.114062 0.891228 0.104688 0.881579 0.096875 0.838596 0.076563 0.817544 0.059375 0.814035 0.053125 0.814035 0.045312 0.818421 0.031250 0.818421 0.020313 0.794737 0.020313
4 0.966667 0.025000 0.961404 0.025000 0.954386 0.034375 0.953509 0.043750 0.938596 0.090625 0.934211 0.114062 0.928947 0.123438 0.924561 0.125000 0.906140 0.115625 0.900877 0.115625 0.898246 0.121875 0.892105 0.184375 0.891228 0.226562 0.884211 0.329688 0.879825 0.420312 0.881579 0.431250 0.906140 0.434375 0.969298 0.434375 0.974561 0.428125 0.995614 0.104688 0.985088 0.078125 0.971930 0.064062 0.972807 0.035937
4 0.016667 0.550000 0.009649 0.562500 0.007895 0.582812 0.000000 0.595313 0.000000 0.948438 0.084211 0.948438 0.091228 0.942187 0.092105 0.907813 0.085965 0.775000 0.083333 0.648438 0.099123 0.579688 0.096491 0.575000 0.035965 0.578125 0.031579 0.571875 0.026316 0.551562
4 0.200000 0.556250 0.197368 0.559375 0.200000 0.567187 0.196491 0.571875 0.195614 0.578125 0.198246 0.587500 0.192105 0.595313 0.185088 0.618750 0.180702 0.653125 0.187719 0.943750 0.192105 0.948438 0.272807 0.950000 0.281579 0.946875 0.284211 0.943750 0.285965 0.923438 0.283333 0.918750 0.284211 0.832812 0.282456 0.814063 0.284211 0.810937 0.284211 0.801562 0.280702 0.778125 0.279825 0.642188 0.285965 0.585938 0.285965 0.562500 0.284211 0.557813 0.277193 0.554688
4 0.290351 0.556250 0.288596 0.590625 0.283333 0.615625 0.280702 0.654687 0.282456 0.857812 0.285088 0.875000 0.287719 0.942187 0.290351 0.948438 0.296491 0.950000 0.373684 0.948438 0.377193 0.935937 0.375439 0.814063 0.377193 0.634375 0.381579 0.585938 0.380702 0.559375 0.377193 0.554688 0.297368 0.553125
4 0.388596 0.554688 0.384211 0.564063 0.384211 0.592187 0.379825 0.625000 0.378070 0.662500 0.379825 0.771875 0.378947 0.857812 0.381579 0.943750 0.383333 0.948438 0.467544 0.950000 0.471930 0.935937 0.471053 0.909375 0.472807 0.906250 0.474561 0.676562 0.471053 0.557813 0.469298 0.553125
4 0.584211 0.565625 0.579825 0.573438 0.582456 0.632812 0.577193 0.800000 0.573684 0.851562 0.574561 0.867188 0.571930 0.884375 0.572807 0.946875 0.576316 0.954688 0.585088 0.957812 0.663158 0.957812 0.665789 0.951562 0.671930 0.873437 0.674561 0.781250 0.678070 0.748437 0.681579 0.659375 0.680702 0.643750 0.670175 0.596875 0.669298 0.571875 0.664035 0.564063 0.600000 0.562500
4 0.695614 0.564063 0.687719 0.570312 0.683333 0.621875 0.685965 0.628125 0.683333 0.634375 0.680702 0.679688 0.677193 0.810937 0.672807 0.873437 0.673684 0.945312 0.677193 0.954688 0.688596 0.960938 0.767544 0.964063 0.771930 0.959375 0.773684 0.907813 0.780702 0.842187 0.782456 0.753125 0.787719 0.689063 0.787719 0.657813 0.775439 0.606250 0.775439 0.578125 0.773684 0.573438 0.765789 0.568750
4 0.784211 0.576562 0.780702 0.584375 0.780702 0.607812 0.790351 0.659375 0.779825 0.867188 0.775439 0.900000 0.774561 0.954688 0.778070 0.962500 0.784211 0.965625 0.866667 0.967187 0.869298 0.962500 0.876316 0.845313 0.881579 0.810937 0.879825 0.775000 0.885965 0.692187 0.885088 0.657813 0.871930 0.612500 0.869298 0.582812 0.867544 0.578125 0.857018 0.575000 0.790351 0.573438
4 0.885088 0.579688 0.881579 0.582812 0.878070 0.595313 0.878947 0.620313 0.886842 0.660937 0.887719 0.678125 0.880702 0.785937 0.882456 0.810937 0.877193 0.845313 0.871930 0.960938 0.875439 0.967187 0.887719 0.970313 0.962281 0.970313 0.966667 0.960938 0.975439 0.837500 0.980702 0.810937 0.989474 0.732812 0.992982 0.687500 0.991228 0.659375 0.985088 0.640625 0.971930 0.612500 0.971053 0.592187 0.967544 0.582812 0.948246 0.579688
