3 0.250833 0.822222 0.249167 0.828571 0.250000 0.860317 0.244167 0.880952 0.244167 0.930159 0.249167 0.947619 0.261667 0.960317 0.275833 0.963492 0.297500 0.960317 0.309167 0.947619 0.313333 0.936508 0.314167 0.920635 0.313333 0.882540 0.307500 0.860317 0.310000 0.849206 0.310000 0.826984 0.305833 0.820635 0.287500 0.815873 0.267500 0.815873
3 0.325000 0.822222 0.322500 0.828571 0.323333 0.861905 0.318333 0.879365 0.318333 0.930159 0.322500 0.947619 0.331667 0.958730 0.346667 0.963492 0.362500 0.963492 0.373333 0.958730 0.379167 0.952381 0.385833 0.938095 0.387500 0.915873 0.386667 0.882540 0.380833 0.861905 0.383333 0.838095 0.381667 0.823810 0.370833 0.817460 0.353333 0.815873 0.334167 0.817460
3 0.251667 0.634921 0.249167 0.644444 0.250000 0.676190 0.244167 0.696825 0.244167 0.741270 0.247500 0.757143 0.252500 0.766667 0.267500 0.776190 0.285000 0.777778 0.303333 0.769841 0.313333 0.749206 0.314167 0.704762 0.312500 0.690476 0.307500 0.676190 0.310000 0.661905 0.309167 0.638095 0.305000 0.633333 0.291667 0.630159 0.266667 0.630159
3 0.325000 0.636508 0.322500 0.644444 0.324167 0.674603 0.318333 0.693651 0.318333 0.744444 0.325000 0.766667 0.338333 0.776190 0.362500 0.777778 0.373333 0.773016 0.380833 0.763492 0.386667 0.746032 0.386667 0.696825 0.380833 0.676190 0.383333 0.647619 0.382500 0.639683 0.377500 0.633333 0.362500 0.630159 0.342500 0.630159
3 0.399167 0.634921 0.395000 0.646032 0.397500 0.673016 0.390833 0.696825 0.391667 0.749206 0.395833 0.760317 0.405000 0.773016 0.424167 0.777778 0.440833 0.776190 0.451667 0.766667 0.457500 0.755556 0.460000 0.742857 0.460000 0.698413 0.453333 0.676190 0.455833 0.655556 0.455000 0.639683 0.450000 0.633333 0.435000 0.630159 0.414167 0.630159
3 0.399167 0.820635 0.395000 0.833333 0.396667 0.861905 0.392500 0.871429 0.390833 0.882540 0.390833 0.919048 0.394167 0.942857 0.405000 0.958730 0.419167 0.963492 0.444167 0.960317 0.455833 0.946032 0.460000 0.934921 0.460833 0.892063 0.460000 0.882540 0.453333 0.860317 0.455833 0.844444 0.455000 0.825397 0.447500 0.819048 0.432500 0.815873 0.415000 0.815873
3 0.470833 0.636508 0.469167 0.641270 0.469167 0.665079 0.470833 0.673016 0.465000 0.695238 0.464167 0.726984 0.465833 0.750794 0.469167 0.760317 0.478333 0.773016 0.505000 0.777778 0.521667 0.771429 0.530000 0.758730 0.533333 0.738095 0.533333 0.703175 0.530000 0.682540 0.526667 0.674603 0.529167 0.665079 0.529167 0.639683 0.524167 0.633333 0.510833 0.630159 0.480000 0.631746
3 0.251667 0.447619 0.249167 0.457143 0.250833 0.485714 0.244167 0.506349 0.244167 0.557143 0.246667 0.568254 0.252500 0.579365 0.259167 0.585714 0.273333 0.590476 0.286667 0.590476 0.300000 0.585714 0.311667 0.569841 0.314167 0.549206 0.314167 0.514286 0.312500 0.501587 0.307500 0.488889 0.310000 0.473016 0.310000 0.453968 0.304167 0.446032 0.267500 0.442857
3 0.326667 0.447619 0.323333 0.455556 0.325000 0.485714 0.318333 0.504762 0.318333 0.557143 0.320833 0.569841 0.331667 0.585714 0.347500 0.590476 0.366667 0.588889 0.380000 0.577778 0.385000 0.566667 0.386667 0.557143 0.386667 0.507937 0.380000 0.485714 0.382500 0.474603 0.382500 0.452381 0.377500 0.446032 0.362500 0.442857 0.341667 0.442857
3 0.399167 0.447619 0.395833 0.453968 0.395833 0.477778 0.397500 0.485714 0.391667 0.501587 0.390833 0.509524 0.391667 0.560317 0.394167 0.569841 0.400000 0.580952 0.411667 0.588889 0.440000 0.588889 0.451667 0.579365 0.460000 0.560317 0.460833 0.530159 0.460000 0.507937 0.452500 0.484127 0.455000 0.474603 0.455000 0.452381 0.450000 0.446032 0.435833 0.442857 0.414167 0.442857
3 0.470833 0.449206 0.469167 0.455556 0.470833 0.487302 0.465833 0.503175 0.464167 0.538095 0.465000 0.558730 0.467500 0.569841 0.478333 0.585714 0.495833 0.590476 0.519167 0.585714 0.529167 0.573016 0.533333 0.557143 0.533333 0.514286 0.531667 0.501587 0.526667 0.487302 0.529167 0.474603 0.529167 0.453968 0.523333 0.446032 0.482500 0.444444
3 0.545833 0.447619 0.542500 0.457143 0.544167 0.487302 0.538333 0.501587 0.537500 0.549206 0.540000 0.568254 0.546667 0.580952 0.558333 0.588889 0.580000 0.590476 0.592500 0.585714 0.598333 0.579365 0.605000 0.565079 0.606667 0.546032 0.606667 0.509524 0.600000 0.488889 0.601667 0.453968 0.595833 0.446032 0.580000 0.442857 0.562500 0.442857
3 0.617500 0.449206 0.615833 0.453968 0.616667 0.488889 0.611667 0.500000 0.610000 0.522222 0.610833 0.555556 0.615000 0.573016 0.624167 0.585714 0.639167 0.590476 0.660000 0.588889 0.670833 0.580952 0.676667 0.569841 0.680000 0.555556 0.680000 0.509524 0.673333 0.487302 0.675000 0.474603 0.674167 0.452381 0.669167 0.446032 0.645000 0.442857 0.626667 0.444444
3 0.689167 0.449206 0.688333 0.479365 0.690000 0.485714 0.685000 0.501587 0.683333 0.515873 0.683333 0.547619 0.686667 0.569841 0.697500 0.585714 0.712500 0.590476 0.735000 0.587302 0.740833 0.584127 0.747500 0.574603 0.752500 0.561905 0.753333 0.534921 0.752500 0.509524 0.746667 0.487302 0.749167 0.474603 0.747500 0.450794 0.742500 0.446032 0.728333 0.442857 0.697500 0.444444
3 0.545000 0.636508 0.543333 0.647619 0.545000 0.674603 0.540000 0.687302 0.538333 0.698413 0.538333 0.742857 0.540000 0.755556 0.551667 0.773016 0.567500 0.777778 0.589167 0.774603 0.599167 0.765079 0.605833 0.747619 0.605833 0.703175 0.601667 0.680952 0.599167 0.676190 0.600833 0.641270 0.594167 0.633333 0.555833 0.631746
3 0.617500 0.634921 0.615000 0.641270 0.616667 0.676190 0.610833 0.693651 0.610000 0.709524 0.610833 0.744444 0.614167 0.757143 0.622500 0.771429 0.631667 0.776190 0.658333 0.776190 0.672500 0.765079 0.677500 0.755556 0.680000 0.741270 0.680000 0.700000 0.672500 0.673016 0.675000 0.660317 0.675000 0.641270 0.669167 0.633333 0.656667 0.630159 0.633333 0.630159
3 0.690000 0.636508 0.688333 0.639683 0.689167 0.676190 0.684167 0.692063 0.683333 0.701587 0.684167 0.746032 0.687500 0.758730 0.697500 0.773016 0.708333 0.776190 0.730000 0.776190 0.740833 0.771429 0.747500 0.761905 0.752500 0.749206 0.753333 0.701587 0.746667 0.676190 0.749167 0.647619 0.747500 0.638095 0.742500 0.633333 0.726667 0.630159 0.700000 0.631746
3 0.470833 0.822222 0.469167 0.826984 0.470000 0.861905 0.464167 0.884127 0.464167 0.926984 0.467500 0.944444 0.477500 0.958730 0.491667 0.963492 0.512500 0.961905 0.525833 0.952381 0.532500 0.936508 0.534167 0.904762 0.533333 0.884127 0.526667 0.857143 0.529167 0.849206 0.528333 0.825397 0.518333 0.817460 0.505833 0.815873 0.481667 0.817460
3 0.544167 0.822222 0.542500 0.828571 0.544167 0.858730 0.537500 0.884127 0.537500 0.925397 0.540833 0.944444 0.551667 0.958730 0.567500 0.963492 0.580833 0.963492 0.597500 0.953968 0.605000 0.939683 0.606667 0.923810 0.606667 0.884127 0.600000 0.860317 0.601667 0.850794 0.601667 0.828571 0.600000 0.822222 0.581667 0.815873 0.552500 0.817460
3 0.617500 0.822222 0.615000 0.828571 0.616667 0.861905 0.610000 0.884127 0.610833 0.930159 0.614167 0.944444 0.624167 0.958730 0.638333 0.963492 0.659167 0.961905 0.672500 0.950794 0.679167 0.936508 0.680833 0.904762 0.679167 0.879365 0.672500 0.858730 0.675000 0.849206 0.675000 0.826984 0.670833 0.820635 0.651667 0.815873 0.625833 0.817460
3 0.690000 0.822222 0.687500 0.839683 0.689167 0.861905 0.685000 0.874603 0.683333 0.890476 0.684167 0.934921 0.688333 0.947619 0.700000 0.960317 0.715833 0.963492 0.735833 0.960317 0.748333 0.947619 0.752500 0.936508 0.753333 0.920635 0.752500 0.880952 0.746667 0.861905 0.748333 0.852381 0.748333 0.826984 0.744167 0.820635 0.724167 0.815873 0.699167 0.817460
3 0.254167 0.266667 0.251667 0.271429 0.250833 0.280952 0.252500 0.306349 0.248333 0.323810 0.248333 0.377778 0.250833 0.388889 0.258333 0.400000 0.265000 0.404762 0.282500 0.407937 0.301667 0.404762 0.310833 0.393651 0.315833 0.374603 0.315833 0.328571 0.310833 0.306349 0.312500 0.290476 0.311667 0.271429 0.306667 0.265079 0.285833 0.260317 0.265000 0.261905
3 0.254167 0.109524 0.251667 0.115873 0.253333 0.147619 0.247500 0.169841 0.247500 0.217460 0.250000 0.230159 0.260833 0.246032 0.276667 0.250794 0.299167 0.249206 0.308333 0.239683 0.315000 0.223810 0.316667 0.214286 0.316667 0.169841 0.310000 0.146032 0.311667 0.139683 0.310833 0.111111 0.304167 0.106349 0.286667 0.103175 0.264167 0.104762
3 0.328333 0.107937 0.325833 0.112698 0.326667 0.150794 0.320833 0.169841 0.320000 0.201587 0.321667 0.225397 0.332500 0.244444 0.341667 0.249206 0.365833 0.250794 0.380833 0.241270 0.388333 0.226984 0.390000 0.219048 0.390000 0.173016 0.384167 0.150794 0.385833 0.136508 0.385000 0.112698 0.378333 0.106349 0.364167 0.103175 0.345000 0.103175
3 0.327500 0.266667 0.325833 0.271429 0.326667 0.307937 0.320833 0.323810 0.320000 0.336508 0.320833 0.376190 0.325000 0.390476 0.333333 0.401587 0.344167 0.406349 0.369167 0.406349 0.380833 0.398413 0.387500 0.385714 0.390000 0.374603 0.390000 0.328571 0.383333 0.306349 0.385833 0.292063 0.385000 0.271429 0.380833 0.265079 0.372500 0.261905 0.341667 0.261905
3 0.400000 0.266667 0.397500 0.274603 0.397500 0.295238 0.400000 0.307937 0.394167 0.330159 0.394167 0.374603 0.399167 0.393651 0.407500 0.403175 0.418333 0.406349 0.444167 0.404762 0.455000 0.395238 0.459167 0.387302 0.460833 0.376190 0.460000 0.320635 0.455000 0.309524 0.457500 0.290476 0.456667 0.269841 0.450000 0.263492 0.436667 0.260317 0.415000 0.260317
3 0.399167 0.109524 0.396667 0.122222 0.399167 0.150794 0.394167 0.163492 0.392500 0.188889 0.395000 0.228571 0.400000 0.239683 0.408333 0.249206 0.442500 0.250794 0.452500 0.242857 0.461667 0.223810 0.461667 0.169841 0.455000 0.149206 0.458333 0.130159 0.456667 0.111111 0.440833 0.103175 0.414167 0.103175
3 0.473333 0.109524 0.470833 0.114286 0.470833 0.133333 0.473333 0.147619 0.468333 0.163492 0.466667 0.182540 0.466667 0.214286 0.470000 0.231746 0.476667 0.242857 0.486667 0.250794 0.514167 0.252381 0.523333 0.247619 0.532500 0.231746 0.535833 0.207937 0.535833 0.173016 0.530000 0.150794 0.530000 0.111111 0.518333 0.104762 0.505000 0.103175
3 0.472500 0.266667 0.470000 0.273016 0.470833 0.307937 0.465833 0.326984 0.465833 0.376190 0.469167 0.390476 0.478333 0.401587 0.491667 0.406349 0.514167 0.406349 0.521667 0.403175 0.530000 0.393651 0.535000 0.374603 0.535000 0.331746 0.529167 0.306349 0.530833 0.295238 0.530000 0.271429 0.525000 0.265079 0.509167 0.260317 0.483333 0.261905
3 0.577500 0.076190 0.575000 0.080952 0.576667 0.166667 0.568333 0.204762 0.565833 0.249206 0.565000 0.344444 0.568333 0.373016 0.584167 0.404762 0.598333 0.412698 0.619167 0.417460 0.693333 0.415873 0.708333 0.409524 0.717500 0.398413 0.727500 0.374603 0.730000 0.349206 0.729167 0.219048 0.727500 0.204762 0.719167 0.171429 0.720000 0.138095 0.722500 0.131746 0.722500 0.079365 0.718333 0.074603 0.584167 0.073016
