2 0.156863 0.794118 0.113290 0.782680 0.076253 0.782680 0.039216 0.789216 0.000000 0.805556 0.002179 1.000000 0.141612 1.000000 0.172113 0.983660 0.202614 0.954248 0.224401 0.910131 0.226580 0.874183 0.222222 0.856209 0.202614 0.823529 0.180828 0.805556
2 0.132898 0.570261 0.093682 0.568627 0.067538 0.571895 0.026144 0.584967 0.000000 0.601307 0.000000 0.756536 0.039216 0.772876 0.067538 0.777778 0.104575 0.777778 0.152505 0.766340 0.196078 0.741830 0.217865 0.718954 0.233115 0.683007 0.233115 0.645425 0.217865 0.614379 0.183007 0.586601
2 0.298475 0.813725 0.257081 0.844771 0.233115 0.883987 0.228758 0.929739 0.237473 0.959150 0.252723 0.982026 0.272331 1.000000 0.468410 1.000000 0.501089 0.965686 0.516340 0.928105 0.514161 0.883987 0.492375 0.843137 0.468410 0.821895 0.437908 0.807190 0.407407 0.799020 0.344227 0.799020
2 0.359477 0.583333 0.335512 0.586601 0.311547 0.594771 0.283224 0.609477 0.263617 0.625817 0.241830 0.656863 0.235294 0.679739 0.235294 0.700980 0.252723 0.741830 0.287582 0.772876 0.337691 0.790850 0.387800 0.792484 0.411765 0.789216 0.440087 0.779412 0.477124 0.756536 0.492375 0.740196 0.507625 0.712418 0.507625 0.676471 0.485839 0.658497 0.492375 0.632353 0.485839 0.622549 0.459695 0.602941 0.420479 0.586601
2 0.649237 0.727124 0.601307 0.735294 0.555556 0.758170 0.538126 0.776144 0.522876 0.803922 0.518519 0.848039 0.531590 0.885621 0.564270 0.921569 0.610022 0.944444 0.640523 0.950980 0.671024 0.952614 0.718954 0.942810 0.749455 0.928105 0.769063 0.911765 0.795207 0.872549 0.799564 0.834967 0.795207 0.812092 0.779956 0.784314 0.738562 0.748366 0.710240 0.735294
2 0.679739 0.529412 0.649237 0.539216 0.610022 0.563725 0.588235 0.596405 0.586057 0.629085 0.603486 0.651961 0.607843 0.669935 0.623094 0.694444 0.633987 0.705882 0.686275 0.727124 0.705882 0.730392 0.760349 0.727124 0.803922 0.710784 0.825708 0.694444 0.838780 0.678105 0.851852 0.650327 0.847495 0.602941 0.821351 0.565359 0.779956 0.539216 0.734205 0.527778
2 0.603486 0.349673 0.564270 0.357843 0.525054 0.379085 0.501089 0.408497 0.494553 0.449346 0.507625 0.488562 0.542484 0.517974 0.583878 0.532680 0.633987 0.535948 0.690632 0.522876 0.727669 0.498366 0.749455 0.460784 0.749455 0.428105 0.734205 0.397059 0.703704 0.369281 0.655773 0.352941
2 0.313725 0.392157 0.274510 0.406863 0.250545 0.423203 0.235294 0.441176 0.222222 0.477124 0.222222 0.500000 0.230937 0.522876 0.246187 0.542484 0.270153 0.560458 0.302832 0.573529 0.328976 0.580065 0.400871 0.576797 0.437908 0.560458 0.461874 0.542484 0.477124 0.521242 0.483660 0.501634 0.479303 0.455882 0.455338 0.421569 0.433551 0.406863 0.394336 0.392157 0.370370 0.388889
2 0.069717 0.374183 0.045752 0.379085 0.000000 0.400327 0.000000 0.547386 0.047930 0.563725 0.100218 0.565359 0.139434 0.557190 0.169935 0.542484 0.189542 0.527778 0.215686 0.491830 0.220044 0.449346 0.202614 0.415033 0.174292 0.392157 0.130719 0.375817
2 0.050109 0.202614 0.017429 0.217320 0.000000 0.230392 0.000000 0.344771 0.026144 0.359477 0.058824 0.369281 0.126362 0.370915 0.163399 0.362745 0.213508 0.331699 0.224401 0.310458 0.228758 0.272876 0.217865 0.245098 0.193900 0.220588 0.156863 0.202614 0.126362 0.196078 0.087146 0.196078
2 0.396514 0.217320 0.352941 0.230392 0.320261 0.253268 0.302832 0.279412 0.298475 0.315359 0.315904 0.351307 0.350763 0.380719 0.409586 0.393791 0.424837 0.400327 0.457516 0.400327 0.498911 0.383987 0.535948 0.351307 0.546841 0.333333 0.549020 0.320261 0.546841 0.284314 0.527233 0.251634 0.505447 0.235294 0.483660 0.225490 0.455338 0.217320
2 0.627451 0.179739 0.586057 0.196078 0.562092 0.214052 0.549020 0.233660 0.544662 0.267974 0.557734 0.312092 0.572985 0.330065 0.592593 0.341503 0.688453 0.356209 0.714597 0.351307 0.745098 0.336601 0.779956 0.302288 0.790850 0.271242 0.782135 0.235294 0.764706 0.212418 0.721133 0.186275 0.675381 0.176471
2 0.823529 0.281046 0.779956 0.305556 0.755991 0.338235 0.753813 0.375817 0.766885 0.411765 0.795207 0.433007 0.834423 0.449346 0.858388 0.454248 0.888889 0.455882 0.923747 0.450980 0.960784 0.437908 0.978214 0.426471 1.000000 0.398693 1.000000 0.344771 0.982571 0.318627 0.952070 0.294118 0.919390 0.281046 0.880174 0.276144
2 0.801743 0.125817 0.773420 0.148693 0.762527 0.173203 0.764706 0.207516 0.795207 0.256536 0.823529 0.271242 0.840959 0.274510 0.923747 0.276144 0.941176 0.272876 0.982571 0.240196 0.993464 0.218954 0.997821 0.189542 0.989107 0.178105 0.991285 0.165033 0.976035 0.145425 0.938998 0.120915 0.897603 0.109477 0.845316 0.109477
2 0.494553 0.044118 0.453159 0.057190 0.422658 0.080065 0.407407 0.107843 0.407407 0.138889 0.422658 0.168301 0.446623 0.187908 0.455338 0.187908 0.494553 0.205882 0.529412 0.210784 0.572985 0.200980 0.625272 0.173203 0.640523 0.148693 0.642702 0.109477 0.625272 0.080065 0.592593 0.057190 0.549020 0.044118
2 0.248366 0.080065 0.206972 0.094771 0.172113 0.124183 0.161220 0.151961 0.165577 0.183007 0.187364 0.212418 0.235294 0.245098 0.265795 0.250000 0.311547 0.248366 0.376906 0.217320 0.394336 0.204248 0.405229 0.174837 0.398693 0.133987 0.389978 0.117647 0.374728 0.102941 0.342048 0.086601 0.302832 0.078431
2 0.899782 0.457516 0.867102 0.472222 0.836601 0.500000 0.825708 0.527778 0.830065 0.570261 0.858388 0.611111 0.897603 0.632353 0.945534 0.643791 1.000000 0.643791 1.000000 0.460784 0.973856 0.452614 0.947712 0.450980
2 0.943355 0.651961 0.904139 0.665033 0.867102 0.694444 0.851852 0.718954 0.845316 0.743464 0.849673 0.781046 0.877996 0.820261 0.912854 0.844771 0.952070 0.859477 1.000000 0.864379 1.000000 0.653595 0.982571 0.650327
2 0.640523 0.000000 0.618736 0.029412 0.616558 0.065359 0.640523 0.099673 0.651416 0.125817 0.710240 0.142157 0.753813 0.142157 0.777778 0.137255 0.821351 0.112745 0.843137 0.080065 0.845316 0.042484 0.832244 0.016340 0.812636 0.000000
2 0.091503 0.047386 0.047930 0.039216 0.000000 0.042484 0.000000 0.207516 0.021786 0.209150 0.058824 0.197712 0.115468 0.189542 0.132898 0.173203 0.148148 0.133987 0.148148 0.104575 0.130719 0.073529 0.108932 0.055556
