3 0.510833 0.345000 0.508333 0.347500 0.503333 0.362500 0.503333 0.381250 0.499167 0.400000 0.497500 0.427500 0.498333 0.451250 0.506667 0.467500 0.520833 0.478750 0.540833 0.480000 0.553333 0.475000 0.565833 0.458750 0.570000 0.441250 0.568333 0.430000 0.554167 0.396250 0.555000 0.386250 0.561667 0.381250 0.564167 0.373750 0.560833 0.355000 0.557500 0.347500 0.550000 0.343750 0.531667 0.341250
3 0.411667 0.345000 0.407500 0.350000 0.403333 0.367500 0.404167 0.377500 0.400000 0.398750 0.397500 0.428750 0.399167 0.453750 0.407500 0.468750 0.420833 0.478750 0.441667 0.480000 0.450833 0.476250 0.460833 0.467500 0.467500 0.456250 0.470000 0.443750 0.468333 0.430000 0.455000 0.402500 0.453333 0.395000 0.455000 0.387500 0.464167 0.373750 0.460000 0.352500 0.454167 0.345000 0.430833 0.341250
3 0.310833 0.345000 0.305833 0.351250 0.302500 0.363750 0.302500 0.381250 0.299167 0.397500 0.296667 0.427500 0.296667 0.447500 0.298333 0.453750 0.305833 0.467500 0.321667 0.480000 0.340833 0.480000 0.350833 0.476250 0.360000 0.467500 0.365833 0.457500 0.369167 0.440000 0.366667 0.427500 0.352500 0.396250 0.354167 0.386250 0.359167 0.382500 0.364167 0.373750 0.362500 0.362500 0.357500 0.348750 0.353333 0.345000 0.330833 0.341250
3 0.209167 0.345000 0.205000 0.351250 0.201667 0.362500 0.201667 0.380000 0.195833 0.416250 0.196667 0.451250 0.205000 0.467500 0.219167 0.478750 0.240000 0.480000 0.249167 0.476250 0.260000 0.466250 0.265000 0.458750 0.268333 0.447500 0.269167 0.438750 0.267500 0.431250 0.252500 0.397500 0.252500 0.390000 0.263333 0.372500 0.262500 0.363750 0.254167 0.345000 0.239167 0.341250 0.219167 0.341250
3 0.610833 0.345000 0.602500 0.363750 0.603333 0.381250 0.596667 0.431250 0.598333 0.451250 0.607500 0.468750 0.620833 0.478750 0.641667 0.480000 0.650833 0.476250 0.662500 0.465000 0.669167 0.446250 0.669167 0.432500 0.652500 0.395000 0.654167 0.387500 0.663333 0.376250 0.663333 0.362500 0.660000 0.352500 0.654167 0.345000 0.643333 0.342500
3 0.615000 0.161250 0.607500 0.167500 0.602500 0.181250 0.602500 0.202500 0.596667 0.252500 0.598333 0.270000 0.603333 0.281250 0.616667 0.295000 0.626667 0.298750 0.648333 0.296250 0.660833 0.285000 0.668333 0.270000 0.669167 0.243750 0.665000 0.238750 0.654167 0.213750 0.655833 0.206250 0.665000 0.195000 0.664167 0.181250 0.658333 0.166250 0.653333 0.162500 0.645000 0.160000
3 0.514167 0.705000 0.508333 0.710000 0.503333 0.726250 0.503333 0.742500 0.499167 0.766250 0.497500 0.811250 0.505833 0.828750 0.517500 0.838750 0.529167 0.842500 0.550000 0.838750 0.563333 0.825000 0.570000 0.803750 0.567500 0.790000 0.557500 0.770000 0.554167 0.758750 0.554167 0.752500 0.563333 0.741250 0.563333 0.726250 0.559167 0.712500 0.550833 0.705000
3 0.610833 0.525000 0.602500 0.542500 0.603333 0.561250 0.600833 0.571250 0.596667 0.616250 0.598333 0.632500 0.609167 0.651250 0.622500 0.660000 0.642500 0.660000 0.653333 0.655000 0.663333 0.643750 0.669167 0.628750 0.670000 0.621250 0.668333 0.610000 0.653333 0.576250 0.653333 0.571250 0.664167 0.555000 0.663333 0.541250 0.659167 0.530000 0.651667 0.523750 0.619167 0.522500
3 0.713333 0.523750 0.707500 0.530000 0.704167 0.540000 0.704167 0.560000 0.699167 0.583750 0.699167 0.600000 0.696667 0.617500 0.697500 0.628750 0.703333 0.643750 0.716667 0.657500 0.725000 0.660000 0.742500 0.660000 0.749167 0.657500 0.764167 0.642500 0.770000 0.626250 0.770000 0.617500 0.765000 0.602500 0.758333 0.591250 0.751667 0.572500 0.763333 0.553750 0.760000 0.532500 0.751667 0.523750
3 0.615000 0.705000 0.607500 0.712500 0.602500 0.728750 0.603333 0.743750 0.597500 0.788750 0.597500 0.811250 0.605833 0.828750 0.616667 0.838750 0.629167 0.842500 0.647500 0.840000 0.660833 0.828750 0.666667 0.818750 0.669167 0.808750 0.668333 0.791250 0.658333 0.771250 0.653333 0.756250 0.657500 0.746250 0.663333 0.740000 0.664167 0.727500 0.659167 0.712500 0.649167 0.705000
3 0.712500 0.706250 0.706667 0.712500 0.703333 0.727500 0.703333 0.741250 0.696667 0.790000 0.698333 0.815000 0.705833 0.828750 0.719167 0.840000 0.735833 0.842500 0.753333 0.836250 0.765000 0.822500 0.770000 0.807500 0.770000 0.798750 0.753333 0.757500 0.753333 0.751250 0.763333 0.737500 0.763333 0.727500 0.756667 0.708750 0.750000 0.705000 0.720833 0.703750
3 0.510000 0.163750 0.503333 0.180000 0.503333 0.197500 0.500000 0.212500 0.499167 0.246250 0.497500 0.251250 0.498333 0.268750 0.500833 0.276250 0.510000 0.290000 0.516667 0.295000 0.526667 0.298750 0.549167 0.296250 0.559167 0.287500 0.568333 0.271250 0.570000 0.258750 0.568333 0.245000 0.565000 0.240000 0.562500 0.228750 0.556667 0.222500 0.555000 0.216250 0.555833 0.205000 0.565000 0.191250 0.560000 0.170000 0.555833 0.163750 0.543333 0.160000 0.522500 0.160000
3 0.415000 0.161250 0.407500 0.166250 0.403333 0.180000 0.403333 0.201250 0.400000 0.212500 0.397500 0.251250 0.398333 0.268750 0.409167 0.288750 0.418333 0.296250 0.439167 0.298750 0.451667 0.293750 0.465000 0.278750 0.469167 0.268750 0.470000 0.261250 0.469167 0.247500 0.454167 0.213750 0.455833 0.206250 0.464167 0.193750 0.460000 0.170000 0.457500 0.165000 0.450000 0.161250
3 0.313333 0.161250 0.305833 0.168750 0.302500 0.180000 0.302500 0.198750 0.299167 0.212500 0.296667 0.248750 0.297500 0.270000 0.308333 0.288750 0.318333 0.296250 0.326667 0.298750 0.347500 0.296250 0.358333 0.287500 0.363333 0.280000 0.368333 0.265000 0.368333 0.248750 0.352500 0.215000 0.354167 0.206250 0.363333 0.195000 0.363333 0.183750 0.358333 0.167500 0.353333 0.162500 0.345833 0.160000
3 0.210833 0.161250 0.205000 0.168750 0.201667 0.181250 0.201667 0.200000 0.195833 0.240000 0.196667 0.270000 0.209167 0.290000 0.217500 0.296250 0.240833 0.297500 0.252500 0.292500 0.265000 0.276250 0.268333 0.267500 0.266667 0.246250 0.260833 0.238750 0.258333 0.227500 0.252500 0.215000 0.255833 0.202500 0.263333 0.190000 0.258333 0.168750 0.255833 0.163750 0.243333 0.158750 0.219167 0.158750
3 0.412500 0.706250 0.406667 0.712500 0.403333 0.726250 0.403333 0.745000 0.400833 0.753750 0.397500 0.788750 0.399167 0.816250 0.407500 0.831250 0.422500 0.841250 0.439167 0.842500 0.455000 0.835000 0.465000 0.822500 0.470000 0.807500 0.468333 0.791250 0.454167 0.760000 0.454167 0.752500 0.462500 0.741250 0.464167 0.735000 0.460000 0.713750 0.455000 0.707500 0.443333 0.703750 0.419167 0.703750
3 0.310833 0.706250 0.305833 0.712500 0.302500 0.726250 0.302500 0.743750 0.298333 0.760000 0.296667 0.786250 0.297500 0.815000 0.307500 0.831250 0.315833 0.838750 0.325833 0.842500 0.347500 0.840000 0.363333 0.823750 0.369167 0.806250 0.366667 0.788750 0.352500 0.760000 0.352500 0.751250 0.362500 0.741250 0.364167 0.728750 0.359167 0.718750 0.358333 0.712500 0.350000 0.705000 0.320000 0.703750
3 0.211667 0.705000 0.205000 0.712500 0.201667 0.727500 0.201667 0.741250 0.195833 0.778750 0.195000 0.798750 0.196667 0.815000 0.205833 0.830000 0.218333 0.840000 0.235000 0.842500 0.250000 0.837500 0.261667 0.826250 0.268333 0.811250 0.266667 0.790000 0.252500 0.758750 0.252500 0.752500 0.262500 0.738750 0.262500 0.727500 0.256667 0.708750 0.251667 0.705000 0.237500 0.702500
3 0.511667 0.525000 0.503333 0.542500 0.503333 0.560000 0.500000 0.573750 0.496667 0.616250 0.498333 0.632500 0.509167 0.651250 0.517500 0.657500 0.524167 0.660000 0.541667 0.660000 0.554167 0.655000 0.565833 0.638750 0.570000 0.622500 0.567500 0.608750 0.553333 0.575000 0.555833 0.566250 0.561667 0.560000 0.564167 0.551250 0.560833 0.536250 0.556667 0.527500 0.550833 0.523750 0.522500 0.522500
3 0.411667 0.525000 0.407500 0.530000 0.403333 0.546250 0.404167 0.560000 0.400833 0.572500 0.397500 0.610000 0.399167 0.635000 0.406667 0.647500 0.420000 0.658750 0.440833 0.660000 0.451667 0.656250 0.461667 0.646250 0.470000 0.626250 0.468333 0.610000 0.453333 0.575000 0.463333 0.553750 0.460000 0.533750 0.455000 0.525000 0.422500 0.522500
3 0.310833 0.525000 0.306667 0.530000 0.302500 0.542500 0.302500 0.562500 0.298333 0.580000 0.295833 0.612500 0.296667 0.630000 0.306667 0.648750 0.320000 0.658750 0.341667 0.660000 0.350833 0.656250 0.365000 0.638750 0.369167 0.620000 0.365000 0.602500 0.354167 0.582500 0.351667 0.573750 0.354167 0.566250 0.361667 0.556250 0.362500 0.543750 0.359167 0.538750 0.358333 0.531250 0.353333 0.525000 0.340000 0.522500
3 0.711667 0.345000 0.705833 0.352500 0.703333 0.363750 0.703333 0.382500 0.700000 0.395000 0.699167 0.420000 0.696667 0.430000 0.697500 0.448750 0.700833 0.458750 0.707500 0.468750 0.717500 0.477500 0.724167 0.480000 0.749167 0.477500 0.765833 0.460000 0.770000 0.442500 0.767500 0.428750 0.752500 0.395000 0.753333 0.388750 0.762500 0.376250 0.763333 0.365000 0.758333 0.350000 0.753333 0.345000 0.740833 0.342500
3 0.710000 0.163750 0.703333 0.180000 0.703333 0.200000 0.700000 0.215000 0.700000 0.231250 0.696667 0.251250 0.697500 0.266250 0.702500 0.278750 0.709167 0.288750 0.716667 0.295000 0.730000 0.298750 0.748333 0.296250 0.762500 0.282500 0.769167 0.268750 0.770000 0.255000 0.766667 0.242500 0.752500 0.213750 0.754167 0.206250 0.763333 0.193750 0.763333 0.183750 0.758333 0.167500 0.750000 0.161250 0.720000 0.160000
3 0.209167 0.525000 0.204167 0.532500 0.201667 0.546250 0.202500 0.557500 0.196667 0.586250 0.196667 0.632500 0.204167 0.646250 0.218333 0.658750 0.240833 0.660000 0.248333 0.657500 0.259167 0.647500 0.269167 0.627500 0.269167 0.617500 0.265833 0.605000 0.251667 0.576250 0.251667 0.571250 0.263333 0.553750 0.260833 0.540000 0.256667 0.527500 0.252500 0.523750 0.220000 0.521250
