1 0.125833 0.316568 0.117500 0.318540 0.111667 0.322485 0.110833 0.456607 0.108333 0.491124 0.094167 0.562130 0.079167 0.604536 0.075833 0.622288 0.071667 0.632150 0.065000 0.675542 0.065000 0.959566 0.070000 0.974359 0.083333 0.982249 0.120833 0.986193 0.173333 0.985207 0.192500 0.982249 0.201667 0.978304 0.208333 0.970414 0.210833 0.960552 0.212500 0.736686 0.210000 0.667653 0.200833 0.618343 0.180000 0.554241 0.170833 0.515779 0.166667 0.488166 0.163333 0.451677 0.164167 0.394477 0.162500 0.329389 0.154167 0.317554
1 0.099167 0.020710 0.071667 0.019724 0.060833 0.020710 0.055000 0.024655 0.052500 0.055227 0.053333 0.158777 0.050833 0.187377 0.045833 0.204142 0.031667 0.222880 0.016667 0.249507 0.010000 0.281065 0.010000 0.500986 0.018333 0.500986 0.020833 0.502959 0.018333 0.506903 0.015000 0.503945 0.010000 0.504931 0.008333 0.671598 0.012500 0.686391 0.022500 0.691321 0.059167 0.693294 0.061667 0.690335 0.063333 0.659763 0.068333 0.645957 0.069167 0.631164 0.076667 0.607495 0.077500 0.596647 0.085833 0.575937 0.087500 0.564103 0.089167 0.561144 0.091667 0.561144 0.091667 0.549310 0.096667 0.527613 0.100000 0.521696 0.100000 0.503945 0.098333 0.501972 0.102500 0.499014 0.101667 0.494083 0.103333 0.493097 0.104167 0.479290 0.107500 0.468442 0.107500 0.453649 0.104167 0.452663 0.103333 0.449704 0.107500 0.446746 0.109167 0.323471 0.113333 0.317554 0.120000 0.314596 0.146667 0.313609 0.150000 0.311637 0.150833 0.307692 0.150000 0.278107 0.147500 0.262327 0.140000 0.242604 0.132500 0.228797 0.117500 0.209073 0.110000 0.191321 0.108333 0.165680 0.108333 0.028600 0.106667 0.024655
1 0.233333 0.012821 0.220000 0.012821 0.207500 0.016765 0.202500 0.025641 0.200833 0.033531 0.202500 0.096647 0.197500 0.176529 0.194167 0.189349 0.172500 0.221893 0.165833 0.236686 0.161667 0.262327 0.160833 0.297830 0.161667 0.312623 0.167500 0.334320 0.168333 0.449704 0.172500 0.512821 0.189167 0.576923 0.200833 0.607495 0.205833 0.635108 0.210000 0.646943 0.214167 0.686391 0.217500 0.691321 0.221667 0.691321 0.225000 0.688363 0.235000 0.637081 0.240833 0.624260 0.251667 0.584813 0.256667 0.573964 0.262500 0.549310 0.273333 0.465483 0.274167 0.373767 0.272500 0.354043 0.274167 0.333333 0.276667 0.323471 0.282500 0.316568 0.295000 0.314596 0.299167 0.310651 0.300000 0.279093 0.298333 0.255424 0.293333 0.235700 0.288333 0.222880 0.267500 0.193294 0.261667 0.174556 0.257500 0.102564 0.257500 0.025641 0.250000 0.015779
1 0.290833 0.317554 0.280000 0.322485 0.275000 0.348126 0.276667 0.400394 0.275000 0.410256 0.275000 0.467456 0.272500 0.499014 0.264167 0.555227 0.259167 0.575937 0.250833 0.596647 0.235833 0.647929 0.225833 0.697239 0.223333 0.739645 0.225833 0.966469 0.228333 0.974359 0.233333 0.980276 0.240000 0.983235 0.268333 0.987179 0.310000 0.988166 0.361667 0.984221 0.374167 0.980276 0.380833 0.971400 0.383333 0.959566 0.382500 0.731755 0.380833 0.707101 0.370000 0.649901 0.343333 0.561144 0.330000 0.486193 0.330000 0.357002 0.328333 0.329389 0.325833 0.322485 0.317500 0.318540
1 0.361667 0.018738 0.356667 0.032544 0.355833 0.128205 0.352500 0.191321 0.347500 0.207101 0.321667 0.243590 0.314167 0.273176 0.313333 0.301775 0.314167 0.311637 0.325833 0.318540 0.330833 0.330375 0.331667 0.475345 0.344167 0.557199 0.372500 0.645957 0.380000 0.685404 0.384167 0.693294 0.389167 0.693294 0.390833 0.570020 0.392500 0.555227 0.399167 0.532544 0.406667 0.517751 0.433333 0.487179 0.435000 0.480276 0.437500 0.406312 0.436667 0.330375 0.440000 0.314596 0.445833 0.309665 0.448333 0.303748 0.448333 0.275148 0.444167 0.249507 0.438333 0.236686 0.414167 0.206114 0.409167 0.192308 0.406667 0.146943 0.405000 0.068047 0.406667 0.033531 0.405000 0.021696 0.403333 0.019724
1 0.452500 0.311637 0.445000 0.313609 0.439167 0.322485 0.437500 0.481262 0.429167 0.497041 0.416667 0.508876 0.405000 0.524655 0.398333 0.541420 0.394167 0.564103 0.394167 0.893491 0.395833 0.904339 0.395833 0.963511 0.399167 0.975345 0.408333 0.983235 0.521667 0.983235 0.530000 0.975345 0.532500 0.960552 0.531667 0.944773 0.533333 0.936884 0.533333 0.713018 0.535000 0.694280 0.533333 0.558185 0.530833 0.545365 0.522500 0.523669 0.514167 0.511834 0.499167 0.497041 0.494167 0.489152 0.491667 0.480276 0.490000 0.400394 0.491667 0.339250 0.490000 0.321499 0.486667 0.314596 0.472500 0.310651
1 0.532500 0.017751 0.515833 0.019724 0.512500 0.023669 0.510833 0.030572 0.510000 0.058185 0.511667 0.090730 0.509167 0.149901 0.510000 0.166667 0.507500 0.193294 0.498333 0.214004 0.477500 0.236686 0.469167 0.251479 0.465000 0.269231 0.463333 0.291913 0.465833 0.306706 0.482500 0.310651 0.487500 0.313609 0.491667 0.321499 0.493333 0.333333 0.493333 0.480276 0.498333 0.493097 0.523333 0.521696 0.529167 0.534517 0.535833 0.561144 0.536667 0.596647 0.541667 0.602564 0.544167 0.587771 0.545000 0.551282 0.549167 0.534517 0.556667 0.519724 0.576667 0.498028 0.582500 0.483235 0.585833 0.437870 0.586667 0.320513 0.588333 0.314596 0.591667 0.311637 0.604167 0.309665 0.608333 0.306706 0.609167 0.285010 0.607500 0.268245 0.600000 0.245562 0.594167 0.235700 0.570833 0.208087 0.564167 0.188363 0.562500 0.126233 0.563333 0.034517 0.561667 0.023669 0.554167 0.018738
1 0.595000 0.313609 0.591667 0.315582 0.587500 0.331361 0.588333 0.408284 0.585833 0.482249 0.579167 0.499014 0.555833 0.524655 0.548333 0.544379 0.546667 0.842209 0.548333 0.860947 0.549167 0.967456 0.554167 0.975345 0.567500 0.982249 0.600833 0.984221 0.656667 0.982249 0.670000 0.978304 0.676667 0.970414 0.679167 0.962525 0.679167 0.556213 0.675833 0.538462 0.670000 0.524655 0.646667 0.499014 0.640000 0.483235 0.636667 0.384615 0.637500 0.327416 0.635833 0.317554 0.630833 0.313609 0.624167 0.312623
1 0.702500 0.020710 0.687500 0.020710 0.673333 0.024655 0.670000 0.032544 0.670000 0.155819 0.667500 0.192308 0.660833 0.209073 0.632500 0.243590 0.625833 0.259369 0.621667 0.282051 0.622500 0.306706 0.626667 0.310651 0.636667 0.313609 0.640833 0.326430 0.640000 0.377712 0.642500 0.484221 0.647500 0.496055 0.670833 0.520710 0.679167 0.538462 0.680833 0.546351 0.682500 0.583826 0.681667 0.674556 0.685000 0.693294 0.686667 0.691321 0.690833 0.666667 0.694167 0.659763 0.695833 0.643984 0.701667 0.626233 0.703333 0.611440 0.710000 0.600592 0.712500 0.588757 0.717500 0.579882 0.720000 0.565089 0.725833 0.553254 0.733333 0.518738 0.740000 0.439842 0.741667 0.353057 0.739167 0.335306 0.741667 0.318540 0.746667 0.312623 0.769167 0.308679 0.772500 0.300789 0.770833 0.277120 0.764167 0.251479 0.750833 0.230769 0.730833 0.208087 0.725833 0.196252 0.723333 0.182446 0.721667 0.150888 0.720833 0.032544 0.716667 0.023669
1 0.777500 0.313609 0.750000 0.314596 0.743333 0.322485 0.743333 0.357002 0.745833 0.364892 0.743333 0.378698 0.744167 0.431953 0.738333 0.502959 0.735833 0.508876 0.733333 0.534517 0.726667 0.560158 0.704167 0.621302 0.695833 0.658777 0.689167 0.704142 0.689167 0.962525 0.692500 0.970414 0.700833 0.977318 0.726667 0.983235 0.788333 0.983235 0.826667 0.979290 0.840833 0.974359 0.845000 0.968442 0.846667 0.961538 0.847500 0.859961 0.845833 0.817554 0.847500 0.797830 0.845833 0.792899 0.846667 0.714990 0.844167 0.681460 0.834167 0.633136 0.825833 0.604536 0.813333 0.571992 0.805000 0.542406 0.804167 0.532544 0.801667 0.528600 0.798333 0.508876 0.794167 0.437870 0.793333 0.360947 0.791667 0.357988 0.794167 0.349112 0.794167 0.333333 0.791667 0.321499 0.786667 0.314596
1 0.872500 0.011834 0.847500 0.011834 0.837500 0.016765 0.834167 0.036489 0.835833 0.056213 0.835833 0.127219 0.833333 0.186391 0.827500 0.200197 0.814167 0.213018 0.796667 0.236686 0.790000 0.252465 0.786667 0.277120 0.787500 0.306706 0.795000 0.319527 0.796667 0.331361 0.797500 0.465483 0.801667 0.511834 0.814167 0.566075 0.825833 0.593688 0.829167 0.610454 0.835000 0.623274 0.837500 0.637081 0.841667 0.645957 0.845000 0.670611 0.847500 0.676529 0.850000 0.675542 0.850833 0.660750 0.848333 0.575937 0.853333 0.535503 0.860000 0.516765 0.885833 0.487179 0.892500 0.467456 0.896667 0.412229 0.897500 0.342209 0.895000 0.326430 0.896667 0.313609 0.899167 0.306706 0.903333 0.303748 0.931667 0.302761 0.936667 0.298817 0.935833 0.271203 0.932500 0.251479 0.920833 0.227811 0.894167 0.198225 0.891667 0.192308 0.889167 0.158777 0.889167 0.030572 0.885000 0.016765
1 0.902500 0.306706 0.897500 0.315582 0.898333 0.409270 0.897500 0.444773 0.894167 0.471400 0.888333 0.486193 0.862500 0.516765 0.852500 0.549310 0.853333 0.843195 0.856667 0.897436 0.856667 0.964497 0.860833 0.976331 0.868333 0.982249 0.901667 0.984221 0.967500 0.983235 0.982500 0.976331 0.985833 0.959566 0.989167 0.826430 0.991667 0.551282 0.983333 0.520710 0.975833 0.507890 0.955833 0.486193 0.949167 0.466469 0.946667 0.385602 0.947500 0.313609 0.944167 0.307692 0.940000 0.305720
