2 0.648415 0.192857 0.639769 0.217857 0.639769 0.260714 0.654179 0.296429 0.746398 0.296429 0.766571 0.282143 0.775216 0.253571 0.772334 0.207143 0.743516 0.164286 0.729107 0.157143 0.685879 0.157143
2 0.524496 0.164286 0.498559 0.210714 0.498559 0.253571 0.507205 0.282143 0.518732 0.292857 0.613833 0.292857 0.631124 0.253571 0.631124 0.210714 0.616715 0.175000 0.579251 0.150000 0.550432 0.150000
2 0.377522 0.160714 0.360231 0.185714 0.354467 0.210714 0.354467 0.250000 0.363112 0.278571 0.472622 0.289286 0.487032 0.257143 0.487032 0.207143 0.472622 0.171429 0.440922 0.146429 0.423631 0.142857 0.400576 0.146429
2 0.239193 0.150000 0.219020 0.171429 0.210375 0.196429 0.207493 0.232143 0.219020 0.275000 0.308357 0.296429 0.325648 0.282143 0.342939 0.250000 0.342939 0.210714 0.328530 0.171429 0.293948 0.142857 0.273775 0.139286
2 0.074928 0.171429 0.066282 0.200000 0.066282 0.239286 0.083573 0.275000 0.135447 0.289286 0.190202 0.267857 0.198847 0.242857 0.198847 0.200000 0.187320 0.167857 0.172911 0.150000 0.149856 0.135714 0.109510 0.135714
2 0.657061 0.303571 0.645533 0.335714 0.639769 0.550000 0.642651 0.846429 0.657061 0.875000 0.680115 0.889286 0.734870 0.900000 0.772334 0.896429 0.792507 0.882143 0.804035 0.842857 0.812680 0.325000 0.801153 0.303571 0.786744 0.296429
2 0.962536 0.296429 0.870317 0.300000 0.824207 0.310714 0.815562 0.321429 0.809798 0.842857 0.827089 0.875000 0.890490 0.900000 0.951009 0.900000 0.976945 0.875000 0.988473 0.560714 0.988473 0.346429 0.982709 0.307143
2 0.489914 0.296429 0.478386 0.332143 0.475504 0.842857 0.481268 0.860714 0.495677 0.875000 0.530259 0.885714 0.585014 0.889286 0.625360 0.867857 0.634006 0.817857 0.631124 0.707143 0.639769 0.632143 0.636888 0.307143 0.622478 0.296429
2 0.325648 0.285714 0.314121 0.292857 0.305476 0.335714 0.305476 0.846429 0.311239 0.860714 0.337176 0.878571 0.406340 0.882143 0.443804 0.867857 0.461095 0.842857 0.472622 0.482143 0.469741 0.303571 0.440922 0.289286
2 0.152738 0.285714 0.138329 0.292857 0.132565 0.307143 0.129683 0.857143 0.138329 0.875000 0.161383 0.889286 0.244957 0.885714 0.285303 0.864286 0.293948 0.842857 0.299712 0.307143 0.291066 0.296429 0.262248 0.289286
2 0.795389 0.189286 0.780980 0.228571 0.780980 0.260714 0.804035 0.303571 0.829971 0.307143 0.907781 0.289286 0.919308 0.253571 0.919308 0.221429 0.913545 0.200000 0.893372 0.171429 0.867435 0.157143 0.835735 0.157143
