3 0.430649 0.175246 0.422819 0.182913 0.422819 0.200438 0.429530 0.212486 0.420582 0.232202 0.420582 0.306681 0.422819 0.314348 0.439597 0.324206 0.468680 0.329682 0.515660 0.328587 0.544743 0.319825 0.552573 0.312158 0.554810 0.303395 0.553691 0.227820 0.543624 0.216867 0.543624 0.211391 0.551454 0.196057 0.550336 0.181818 0.538031 0.173056 0.504474 0.168675 0.455257 0.169770
3 0.032438 0.141292 0.025727 0.148959 0.024609 0.173056 0.020134 0.184009 0.021253 0.201533 0.026846 0.210296 0.026846 0.215772 0.021253 0.222344 0.008949 0.226725 0.004474 0.237678 0.006711 0.382256 0.012304 0.392114 0.027964 0.400876 0.059284 0.411829 0.085011 0.415115 0.171141 0.414020 0.204698 0.405257 0.233781 0.392114 0.241611 0.376780 0.241611 0.243154 0.236018 0.230011 0.223714 0.223439 0.217002 0.214677 0.223714 0.194962 0.223714 0.181818 0.215884 0.146769 0.203579 0.138007 0.154362 0.130340 0.069351 0.132530
3 0.280761 0.008762 0.275168 0.015334 0.274049 0.028478 0.275168 0.033954 0.281879 0.041621 0.282998 0.049288 0.274049 0.058050 0.271812 0.069003 0.272931 0.141292 0.275168 0.147864 0.282998 0.154436 0.293065 0.157722 0.331096 0.163198 0.372483 0.161008 0.392617 0.155531 0.401566 0.150055 0.406040 0.142388 0.407159 0.108434 0.406040 0.061336 0.395973 0.049288 0.403803 0.030668 0.401566 0.012048 0.394855 0.007667 0.371365 0.003286 0.312081 0.003286
3 0.428412 0.008762 0.422819 0.015334 0.422819 0.033954 0.429530 0.044907 0.429530 0.049288 0.422819 0.055860 0.420582 0.062432 0.420582 0.140197 0.422819 0.146769 0.435123 0.155531 0.450783 0.159912 0.488814 0.163198 0.524609 0.159912 0.548098 0.151150 0.552573 0.145674 0.554810 0.133625 0.553691 0.060241 0.543624 0.049288 0.544743 0.041621 0.551454 0.032859 0.551454 0.017525 0.549217 0.012048 0.543624 0.007667 0.520134 0.003286 0.459732 0.003286
3 0.277405 0.179628 0.274049 0.188390 0.275168 0.201533 0.280761 0.207010 0.284116 0.215772 0.274049 0.225630 0.271812 0.236583 0.272931 0.308872 0.275168 0.314348 0.289709 0.324206 0.321029 0.329682 0.368009 0.328587 0.397092 0.319825 0.406040 0.308872 0.406040 0.227820 0.395973 0.213582 0.403803 0.193866 0.401566 0.180723 0.392617 0.173056 0.372483 0.169770 0.313199 0.169770 0.290828 0.173056
3 0.278523 0.345016 0.275168 0.349398 0.274049 0.362541 0.284116 0.383352 0.274049 0.392114 0.271812 0.400876 0.274049 0.479737 0.280761 0.486309 0.290828 0.490690 0.317673 0.496166 0.370246 0.495071 0.387025 0.490690 0.402685 0.483023 0.406040 0.476451 0.407159 0.439211 0.406040 0.395400 0.395973 0.384447 0.397092 0.376780 0.403803 0.363636 0.400447 0.346112 0.378076 0.338445 0.312081 0.337349
3 0.426174 0.345016 0.422819 0.349398 0.422819 0.366922 0.431767 0.381161 0.422819 0.391019 0.420582 0.397590 0.420582 0.472070 0.422819 0.480832 0.439597 0.490690 0.469799 0.496166 0.521253 0.493976 0.546980 0.485214 0.551454 0.480832 0.554810 0.469880 0.553691 0.395400 0.543624 0.384447 0.544743 0.375685 0.551454 0.364732 0.549217 0.346112 0.541387 0.341731 0.517897 0.337349 0.454139 0.337349
3 0.574944 0.345016 0.570470 0.352683 0.570470 0.364732 0.579418 0.382256 0.568233 0.397590 0.568233 0.467689 0.571588 0.481928 0.590604 0.491785 0.616331 0.496166 0.663311 0.495071 0.694631 0.485214 0.700224 0.479737 0.702461 0.469880 0.702461 0.399781 0.699105 0.391019 0.692394 0.386637 0.690157 0.381161 0.699105 0.363636 0.699105 0.353779 0.695749 0.346112 0.689038 0.341731 0.659955 0.337349 0.608501 0.337349 0.586130 0.340635
3 0.571588 0.180723 0.570470 0.197152 0.578300 0.210296 0.578300 0.216867 0.568233 0.228916 0.568233 0.293538 0.570470 0.313253 0.583893 0.323111 0.598434 0.327492 0.619687 0.329682 0.664430 0.328587 0.694631 0.318729 0.700224 0.312158 0.702461 0.304491 0.702461 0.230011 0.692394 0.216867 0.692394 0.210296 0.699105 0.197152 0.699105 0.185104 0.694631 0.177437 0.687919 0.173056 0.667785 0.169770 0.609620 0.169770 0.586130 0.173056
3 0.577181 0.008762 0.570470 0.017525 0.571588 0.035049 0.577181 0.041621 0.577181 0.049288 0.569351 0.058050 0.568233 0.063527 0.570470 0.146769 0.582774 0.155531 0.604027 0.161008 0.626398 0.163198 0.667785 0.161008 0.694631 0.152245 0.700224 0.146769 0.702461 0.139102 0.701342 0.059146 0.691275 0.049288 0.691275 0.044907 0.699105 0.032859 0.699105 0.016429 0.696868 0.012048 0.685682 0.005476 0.666667 0.003286 0.609620 0.003286
3 0.721477 0.009858 0.717002 0.017525 0.717002 0.027382 0.724832 0.048193 0.718121 0.054765 0.714765 0.064622 0.714765 0.139102 0.718121 0.147864 0.727069 0.154436 0.761745 0.162103 0.813199 0.161008 0.842282 0.152245 0.847875 0.145674 0.850112 0.134721 0.850112 0.066813 0.846756 0.055860 0.840045 0.050383 0.840045 0.042716 0.846756 0.031763 0.846756 0.016429 0.843400 0.009858 0.815436 0.003286 0.756152 0.003286 0.734899 0.005476
3 0.720358 0.178532 0.718121 0.182913 0.718121 0.200438 0.724832 0.209200 0.724832 0.214677 0.715884 0.227820 0.715884 0.308872 0.718121 0.314348 0.723714 0.319825 0.740492 0.326396 0.768456 0.329682 0.813199 0.328587 0.841163 0.319825 0.848993 0.308872 0.850112 0.273823 0.848993 0.228916 0.838926 0.215772 0.838926 0.210296 0.845638 0.200438 0.846756 0.192771 0.843400 0.178532 0.831096 0.171961 0.809843 0.169770 0.746085 0.170865 0.731544 0.173056
3 0.721477 0.345016 0.718121 0.350493 0.718121 0.365827 0.725951 0.381161 0.715884 0.395400 0.715884 0.475356 0.719239 0.483023 0.728188 0.488499 0.757271 0.496166 0.814318 0.495071 0.843400 0.485214 0.847875 0.479737 0.850112 0.470975 0.848993 0.398686 0.838926 0.382256 0.845638 0.365827 0.845638 0.351588 0.843400 0.346112 0.832215 0.340635 0.814318 0.337349 0.750559 0.337349
3 0.869128 0.010953 0.865772 0.024096 0.866890 0.033954 0.872483 0.040526 0.874720 0.048193 0.866890 0.055860 0.863535 0.064622 0.863535 0.132530 0.866890 0.147864 0.873602 0.153341 0.889262 0.158817 0.927293 0.163198 0.965324 0.161008 0.986577 0.154436 0.995526 0.147864 0.997763 0.141292 0.998881 0.079956 0.996644 0.058050 0.987696 0.050383 0.987696 0.043812 0.995526 0.029573 0.995526 0.018620 0.991051 0.010953 0.979866 0.005476 0.958613 0.003286 0.890380 0.004381
3 0.870246 0.178532 0.866890 0.186199 0.866890 0.199343 0.874720 0.211391 0.874720 0.216867 0.863535 0.228916 0.864653 0.309967 0.868009 0.316539 0.884787 0.325301 0.907159 0.329682 0.960850 0.328587 0.991051 0.318729 0.996644 0.312158 0.997763 0.259584 1.000000 0.257393 0.997763 0.249726 0.997763 0.228916 0.986577 0.214677 0.995526 0.194962 0.993289 0.180723 0.983221 0.173056 0.966443 0.169770 0.907159 0.169770 0.883669 0.173056
3 0.869128 0.345016 0.866890 0.365827 0.874720 0.377875 0.874720 0.385542 0.865772 0.392114 0.863535 0.397590 0.864653 0.476451 0.868009 0.483023 0.885906 0.491785 0.914989 0.497262 0.963087 0.495071 0.982103 0.489595 0.994407 0.483023 0.997763 0.475356 0.997763 0.397590 0.995526 0.391019 0.986577 0.384447 0.987696 0.376780 0.995526 0.362541 0.993289 0.347207 0.987696 0.342826 0.954139 0.337349 0.906040 0.337349
3 0.282998 0.509310 0.275168 0.516977 0.275168 0.534502 0.280761 0.541073 0.282998 0.550931 0.274049 0.559693 0.271812 0.573932 0.272931 0.644031 0.275168 0.649507 0.281879 0.654984 0.294183 0.659365 0.333333 0.664841 0.372483 0.662651 0.400447 0.652793 0.406040 0.645126 0.406040 0.562979 0.395973 0.550931 0.403803 0.527930 0.401566 0.514786 0.392617 0.508215 0.362416 0.503834 0.310962 0.504929
3 0.430649 0.509310 0.422819 0.516977 0.422819 0.534502 0.429530 0.546550 0.429530 0.550931 0.420582 0.564074 0.420582 0.642935 0.423937 0.650602 0.432886 0.656079 0.447427 0.660460 0.488814 0.664841 0.517897 0.662651 0.546980 0.653888 0.553691 0.645126 0.554810 0.634173 0.553691 0.562979 0.543624 0.549836 0.543624 0.545455 0.551454 0.532311 0.549217 0.514786 0.542506 0.509310 0.522371 0.504929 0.459732 0.504929
3 0.571588 0.515882 0.571588 0.535597 0.576063 0.539978 0.578300 0.548740 0.568233 0.566265 0.570470 0.648412 0.580537 0.656079 0.612975 0.663746 0.657718 0.663746 0.693512 0.654984 0.700224 0.648412 0.702461 0.641840 0.702461 0.566265 0.700224 0.559693 0.691275 0.552026 0.691275 0.546550 0.697987 0.535597 0.699105 0.529025 0.695749 0.513691 0.690157 0.509310 0.675615 0.506024 0.609620 0.504929 0.580537 0.509310
3 0.723714 0.510405 0.718121 0.518072 0.718121 0.532311 0.724832 0.549836 0.715884 0.561884 0.715884 0.644031 0.718121 0.649507 0.732662 0.658269 0.770694 0.664841 0.813199 0.662651 0.842282 0.653888 0.847875 0.646221 0.850112 0.628697 0.848993 0.564074 0.838926 0.549836 0.846756 0.527930 0.844519 0.514786 0.840045 0.510405 0.831096 0.507119 0.800895 0.503834 0.750559 0.504929
3 0.875839 0.510405 0.868009 0.518072 0.868009 0.536692 0.874720 0.544359 0.874720 0.552026 0.864653 0.561884 0.863535 0.635268 0.866890 0.649507 0.873602 0.654984 0.885906 0.659365 0.913870 0.663746 0.964206 0.662651 0.989933 0.654984 0.996644 0.648412 1.000000 0.633078 1.000000 0.575027 0.995526 0.558598 0.985459 0.548740 0.992170 0.534502 0.993289 0.521358 0.991051 0.514786 0.985459 0.513691 0.980984 0.509310 0.956376 0.504929 0.906040 0.506024 0.903803 0.508215
3 0.278523 0.680175 0.274049 0.688938 0.275168 0.702081 0.282998 0.713034 0.282998 0.718510 0.274049 0.727273 0.271812 0.738226 0.272931 0.810515 0.277405 0.819277 0.293065 0.826944 0.317673 0.831325 0.368009 0.830230 0.393736 0.823658 0.400447 0.819277 0.406040 0.811610 0.406040 0.730559 0.395973 0.719606 0.395973 0.713034 0.402685 0.699890 0.401566 0.681271 0.393736 0.675794 0.380313 0.672508 0.331096 0.670318 0.293065 0.673604
3 0.427293 0.679080 0.422819 0.684556 0.422819 0.700986 0.428412 0.709748 0.429530 0.717415 0.421700 0.727273 0.420582 0.809419 0.422819 0.815991 0.440716 0.826944 0.468680 0.831325 0.515660 0.830230 0.545861 0.821468 0.553691 0.811610 0.554810 0.802848 0.553691 0.730559 0.543624 0.718510 0.543624 0.711939 0.551454 0.696605 0.549217 0.681271 0.534676 0.673604 0.489933 0.670318 0.447427 0.672508
3 0.572707 0.681271 0.570470 0.696605 0.579418 0.715225 0.568233 0.731654 0.568233 0.796276 0.571588 0.817087 0.589485 0.826944 0.616331 0.831325 0.658837 0.831325 0.680089 0.826944 0.693512 0.821468 0.699105 0.815991 0.702461 0.806134 0.701342 0.728368 0.691275 0.719606 0.691275 0.713034 0.697987 0.700986 0.696868 0.682366 0.682327 0.673604 0.652125 0.671413 0.591723 0.673604
3 0.720358 0.680175 0.718121 0.685652 0.718121 0.702081 0.724832 0.715225 0.723714 0.719606 0.717002 0.726177 0.714765 0.736035 0.717002 0.814896 0.723714 0.821468 0.733781 0.825849 0.765101 0.831325 0.813199 0.830230 0.832215 0.825849 0.843400 0.820372 0.847875 0.813801 0.850112 0.802848 0.850112 0.737130 0.846756 0.726177 0.838926 0.718510 0.838926 0.710843 0.845638 0.700986 0.844519 0.681271 0.831096 0.673604 0.784116 0.670318 0.743848 0.672508 0.728188 0.675794
3 0.869128 0.680175 0.866890 0.685652 0.866890 0.700986 0.874720 0.716320 0.863535 0.730559 0.864653 0.810515 0.868009 0.818182 0.881432 0.825849 0.907159 0.831325 0.953020 0.831325 0.976510 0.826944 0.991051 0.820372 0.997763 0.809419 0.997763 0.776561 1.000000 0.773275 0.997763 0.730559 0.995526 0.725082 0.991051 0.723987 0.986577 0.717415 0.986577 0.713034 0.994407 0.700986 0.994407 0.685652 0.992170 0.681271 0.976510 0.673604 0.925056 0.670318 0.884787 0.673604
3 0.399329 0.845564 0.380313 0.840088 0.344519 0.837897 0.296421 0.841183 0.281879 0.844469 0.276286 0.848850 0.274049 0.865279 0.282998 0.880613 0.282998 0.884995 0.274049 0.893757 0.271812 0.903614 0.272931 0.978094 0.278523 0.986857 0.290828 0.992333 0.312081 0.996714 0.366890 0.996714 0.392617 0.990142 0.404922 0.981380 0.407159 0.951807 0.406040 0.897043 0.395973 0.886090 0.397092 0.878423 0.403803 0.866375 0.403803 0.853231
3 0.545861 0.844469 0.511186 0.837897 0.465324 0.838992 0.428412 0.844469 0.423937 0.848850 0.421700 0.857612 0.422819 0.868565 0.430649 0.879518 0.430649 0.884995 0.422819 0.893757 0.420582 0.900329 0.420582 0.975904 0.427293 0.986857 0.442953 0.993428 0.459732 0.996714 0.513423 0.996714 0.538031 0.991238 0.552573 0.981380 0.554810 0.970427 0.553691 0.895947 0.544743 0.884995 0.545861 0.876232 0.551454 0.866375 0.551454 0.853231
3 0.577181 0.844469 0.570470 0.852136 0.570470 0.867470 0.578300 0.879518 0.578300 0.884995 0.570470 0.892662 0.568233 0.899233 0.568233 0.969332 0.571588 0.984666 0.583893 0.991238 0.607383 0.996714 0.670022 0.995619 0.685682 0.991238 0.697987 0.984666 0.702461 0.976999 0.702461 0.899233 0.691275 0.884995 0.699105 0.866375 0.696868 0.847755 0.693512 0.844469 0.682327 0.841183 0.661074 0.838992 0.610738 0.838992
3 0.722595 0.845564 0.718121 0.852136 0.718121 0.868565 0.725951 0.883899 0.715884 0.897043 0.715884 0.975904 0.718121 0.983571 0.728188 0.990142 0.753915 0.996714 0.808725 0.996714 0.825503 0.993428 0.842282 0.986857 0.847875 0.980285 0.850112 0.970427 0.848993 0.899233 0.840045 0.886090 0.840045 0.878423 0.845638 0.868565 0.845638 0.852136 0.843400 0.846659 0.822148 0.840088 0.784116 0.837897 0.751678 0.838992
3 0.869128 0.846659 0.865772 0.864184 0.869128 0.874042 0.874720 0.879518 0.874720 0.886090 0.864653 0.897043 0.864653 0.979189 0.866890 0.983571 0.881432 0.992333 0.901566 0.996714 0.961969 0.996714 0.984340 0.990142 0.995526 0.983571 0.997763 0.976999 0.998881 0.911281 0.996644 0.894852 0.987696 0.884995 0.995526 0.865279 0.993289 0.847755 0.979866 0.841183 0.957494 0.838992 0.904922 0.838992 0.884787 0.841183
