2 0.308357 0.014286 0.293948 0.028571 0.279539 0.078571 0.279539 0.446429 0.285303 0.453571 0.406340 0.453571 0.414986 0.403571 0.414986 0.103571 0.406340 0.039286 0.374640 0.014286
2 0.440922 0.025000 0.420749 0.071429 0.417867 0.110714 0.420749 0.446429 0.429395 0.453571 0.538905 0.453571 0.547550 0.442857 0.544669 0.314286 0.550432 0.250000 0.550432 0.107143 0.544669 0.053571 0.536023 0.032143 0.504323 0.017857
2 0.812680 0.021429 0.792507 0.014286 0.734870 0.017857 0.711816 0.032143 0.700288 0.057143 0.694524 0.175000 0.697406 0.446429 0.809798 0.450000 0.827089 0.442857 0.829971 0.060714
2 0.593660 0.014286 0.570605 0.032143 0.556196 0.078571 0.553314 0.439286 0.561960 0.453571 0.680115 0.453571 0.688761 0.421429 0.688761 0.057143 0.671470 0.017857
2 0.890490 0.007143 0.853026 0.025000 0.835735 0.067857 0.832853 0.439286 0.844380 0.453571 0.968300 0.453571 0.974063 0.435714 0.974063 0.300000 0.979827 0.264286 0.976945 0.053571 0.965418 0.017857 0.951009 0.007143
2 0.121037 0.467857 0.025937 0.471429 0.008646 0.503571 0.002882 0.603571 0.008646 0.646429 0.008646 0.878571 0.025937 0.900000 0.100865 0.896429 0.141210 0.871429 0.138329 0.503571 0.132565 0.471429
2 0.152738 0.467857 0.144092 0.496429 0.149856 0.871429 0.158501 0.889286 0.181556 0.900000 0.239193 0.896429 0.273775 0.875000 0.270893 0.475000 0.256484 0.467857
2 0.293948 0.467857 0.279539 0.510714 0.279539 0.850000 0.285303 0.885714 0.293948 0.896429 0.319885 0.907143 0.354467 0.907143 0.397695 0.892857 0.412104 0.867857 0.412104 0.496429 0.400576 0.464286
2 0.844380 0.450000 0.829971 0.489286 0.829971 0.878571 0.841499 0.892857 0.873199 0.907143 0.945245 0.907143 0.962536 0.892857 0.968300 0.850000 0.971182 0.500000 0.962536 0.464286 0.953890 0.453571
2 0.435159 0.457143 0.417867 0.514286 0.420749 0.875000 0.440922 0.900000 0.510086 0.903571 0.530259 0.896429 0.547550 0.875000 0.547550 0.496429 0.536023 0.457143
2 0.564841 0.457143 0.553314 0.492857 0.556196 0.867857 0.561960 0.882143 0.593660 0.900000 0.657061 0.900000 0.680115 0.882143 0.685879 0.810714 0.685879 0.514286 0.677233 0.457143
2 0.703170 0.464286 0.688761 0.492857 0.691643 0.875000 0.717579 0.900000 0.795389 0.907143 0.815562 0.896429 0.824207 0.857143 0.827089 0.503571 0.809798 0.467857
2 0.040346 0.014286 0.017291 0.032143 0.005764 0.060714 0.002882 0.439286 0.031700 0.453571 0.129683 0.453571 0.138329 0.439286 0.141210 0.053571 0.132565 0.039286 0.109510 0.025000
2 0.172911 0.021429 0.158501 0.032143 0.146974 0.075000 0.141210 0.435714 0.149856 0.453571 0.268012 0.453571 0.273775 0.439286 0.273775 0.050000 0.265130 0.035714 0.242075 0.025000
