0 0.564583 0.111111 0.535417 0.111111 0.514583 0.125926 0.508333 0.151852 0.508333 0.237037 0.481250 0.285185 0.460417 0.359259 0.464583 0.462963 0.485417 0.574074 0.485417 0.874074 0.500000 0.881481 0.485417 0.892593 0.485417 0.907407 0.491667 0.911111 0.485417 0.918519 0.485417 0.937037 0.502083 0.937037 0.516667 0.907407 0.525000 0.640741 0.547917 0.548148 0.585417 0.485185 0.595833 0.366667 0.614583 0.325926 0.614583 0.300000 0.593750 0.251852 0.595833 0.140741 0.587500 0.122222
0 0.225000 0.625926 0.216667 0.655556 0.220833 0.825926 0.187500 0.914815 0.170833 1.000000 0.481250 1.000000 0.462500 0.877778 0.443750 0.833333 0.420833 0.796296 0.404167 0.781481 0.397917 0.762963 0.387500 0.629630 0.370833 0.588889 0.339583 0.566667 0.289583 0.566667 0.258333 0.581481
0 0.000000 0.470370 0.000000 1.000000 0.164583 1.000000 0.191667 0.892593 0.214583 0.829630 0.214583 0.800000 0.204167 0.774074 0.202083 0.751852 0.162500 0.677778 0.120833 0.637037 0.097917 0.522222 0.085417 0.485185 0.052083 0.462963
0 0.081250 0.222222 0.064583 0.248148 0.075000 0.385185 0.056250 0.459259 0.081250 0.477778 0.100000 0.518519 0.122917 0.625926 0.168750 0.681481 0.195833 0.729630 0.210417 0.774074 0.216667 0.777778 0.212500 0.662963 0.227083 0.618519 0.258333 0.570370 0.250000 0.459259 0.216667 0.388889 0.185417 0.355556 0.187500 0.318519 0.168750 0.218519 0.145833 0.207407 0.118750 0.207407
0 0.329167 0.255556 0.312500 0.281481 0.312500 0.414815 0.279167 0.507407 0.272917 0.559259 0.277083 0.570370 0.291667 0.562963 0.335417 0.562963 0.368750 0.585185 0.383333 0.611111 0.389583 0.637037 0.402083 0.770370 0.427083 0.803704 0.462500 0.874074 0.472917 0.881481 0.479167 0.844444 0.483333 0.577778 0.468750 0.485185 0.435417 0.414815 0.427083 0.385185 0.422917 0.292593 0.416667 0.266667 0.402083 0.251852 0.379167 0.244444
0 0.500000 0.977778 0.500000 1.000000 0.789583 1.000000 0.777083 0.948148 0.758333 0.900000 0.764583 0.748148 0.756250 0.703704 0.737500 0.670370 0.693750 0.637037 0.643750 0.629630 0.610417 0.644444 0.585417 0.688889 0.570833 0.833333 0.522917 0.907407
0 0.702083 0.337037 0.666667 0.322222 0.635417 0.322222 0.616667 0.329630 0.604167 0.344444 0.593750 0.400000 0.589583 0.485185 0.547917 0.551852 0.531250 0.611111 0.525000 0.659259 0.522917 0.896296 0.529167 0.896296 0.564583 0.844444 0.570833 0.818519 0.583333 0.692593 0.600000 0.655556 0.614583 0.640741 0.656250 0.625926 0.697917 0.637037 0.731250 0.662963 0.754167 0.696296 0.756250 0.655556 0.747917 0.596296 0.716667 0.514815 0.720833 0.374074
0 0.750000 0.159259 0.741667 0.174074 0.733333 0.229630 0.731250 0.285185 0.718750 0.307407 0.710417 0.340741 0.722917 0.381481 0.720833 0.518519 0.750000 0.603704 0.758333 0.655556 0.760417 0.714815 0.766667 0.737037 0.764583 0.896296 0.770833 0.922222 0.783333 0.925926 0.789583 0.862963 0.789583 0.800000 0.812500 0.744444 0.818750 0.666667 0.852083 0.522222 0.854167 0.418519 0.847917 0.381481 0.825000 0.311111 0.835417 0.218519 0.833333 0.185185 0.793750 0.155556
0 0.360417 0.107407 0.312500 0.100000 0.291667 0.111111 0.285417 0.125926 0.289583 0.237037 0.266667 0.300000 0.254167 0.425926 0.264583 0.522222 0.262500 0.537037 0.266667 0.548148 0.310417 0.407407 0.310417 0.300000 0.314583 0.277778 0.333333 0.251852 0.362500 0.244444 0.372917 0.211111 0.375000 0.174074 0.370833 0.125926
0 0.127083 0.085185 0.120833 0.100000 0.131250 0.200000 0.170833 0.222222 0.189583 0.318519 0.191667 0.359259 0.214583 0.381481 0.239583 0.433333 0.250000 0.440741 0.258333 0.300000 0.239583 0.233333 0.212500 0.185185 0.212500 0.137037 0.204167 0.085185 0.189583 0.070370 0.154167 0.070370
0 0.000000 0.055556 0.000000 0.348148 0.022917 0.381481 0.039583 0.451852 0.045833 0.451852 0.054167 0.403704 0.064583 0.388889 0.060417 0.318519 0.062500 0.251852 0.075000 0.225926 0.091667 0.214815 0.093750 0.203704 0.064583 0.159259 0.060417 0.107407 0.050000 0.059259 0.039583 0.051852
0 0.383333 0.003704 0.379167 0.022222 0.381250 0.088889 0.372917 0.122222 0.375000 0.214815 0.370833 0.240741 0.404167 0.251852 0.420833 0.274074 0.437500 0.411111 0.445833 0.429630 0.456250 0.433333 0.456250 0.362963 0.477083 0.270370 0.477083 0.211111 0.468750 0.188889 0.460417 0.133333 0.443750 0.085185 0.447917 0.048148 0.443750 0.007407 0.437500 0.000000
0 0.793750 0.048148 0.770833 0.037037 0.739583 0.037037 0.729167 0.048148 0.722917 0.125926 0.679167 0.218519 0.668750 0.288889 0.670833 0.318519 0.708333 0.329630 0.729167 0.288889 0.729167 0.255556 0.741667 0.174074 0.758333 0.155556 0.791667 0.151852 0.800000 0.100000 0.800000 0.066667
0 1.000000 0.051852 0.977083 0.051852 0.964583 0.066667 0.952083 0.137037 0.914583 0.196296 0.891667 0.262963 0.864583 0.425926 0.856250 0.540741 0.835417 0.618519 0.825000 0.688889 0.825000 0.751852 0.831250 0.777778 0.841667 0.792593 0.847917 0.788889 0.858333 0.762963 0.858333 0.748148 0.872917 0.718519 0.879167 0.581481 0.914583 0.366667 0.947917 0.292593 0.985417 0.248148 0.985417 0.229630 1.000000 0.177778
0 0.900000 0.000000 0.837500 0.000000 0.833333 0.048148 0.804167 0.085185 0.797917 0.125926 0.797917 0.155556 0.818750 0.166667 0.835417 0.188889 0.827083 0.314815 0.852083 0.381481 0.868750 0.381481 0.872917 0.374074 0.889583 0.262963 0.914583 0.177778 0.908333 0.166667 0.912500 0.140741 0.908333 0.137037 0.906250 0.103704 0.891667 0.070370
0 0.750000 0.000000 0.687500 0.000000 0.685417 0.029630 0.650000 0.118519 0.641667 0.170370 0.637500 0.251852 0.639583 0.314815 0.668750 0.311111 0.675000 0.233333 0.693750 0.181481 0.716667 0.140741 0.727083 0.051852 0.747917 0.033333
0 0.310417 0.000000 0.247917 0.000000 0.250000 0.081481 0.227083 0.144444 0.225000 0.188889 0.229167 0.207407 0.254167 0.255556 0.260417 0.281481 0.268750 0.281481 0.287500 0.240741 0.287500 0.122222 0.302083 0.103704 0.320833 0.096296 0.314583 0.070370
