1 0.061523 0.647569 0.047852 0.659722 0.032227 0.680556 0.017578 0.715278 0.004883 0.762153 0.004883 0.814236 0.024414 0.873264 0.043945 0.906250 0.070312 0.927083 0.117188 0.925347 0.120117 0.920139 0.132812 0.913194 0.145508 0.897569 0.165039 0.857639 0.175781 0.810764 0.173828 0.762153 0.168945 0.727431 0.155273 0.684028 0.145508 0.666667 0.129883 0.651042 0.103516 0.638889 0.085938 0.638889
1 0.000000 0.373264 0.000000 0.585069 0.016602 0.611111 0.032227 0.626736 0.048828 0.637153 0.071289 0.638889 0.090820 0.628472 0.097656 0.628472 0.127930 0.600694 0.140625 0.578125 0.146484 0.557292 0.150391 0.517361 0.147461 0.465278 0.135742 0.420139 0.116211 0.383681 0.099609 0.366319 0.084961 0.357639 0.063477 0.354167 0.040039 0.359375 0.021484 0.375000
1 0.188477 0.329861 0.165039 0.362847 0.158203 0.378472 0.154297 0.402778 0.150391 0.413194 0.148438 0.456597 0.157227 0.517361 0.181641 0.560764 0.203125 0.576389 0.243164 0.578125 0.260742 0.569444 0.278320 0.548611 0.296875 0.515625 0.302734 0.473958 0.302734 0.447917 0.294922 0.401042 0.279297 0.359375 0.262695 0.336806 0.248047 0.324653 0.232422 0.317708 0.210938 0.317708
1 0.000000 0.074653 0.000000 0.364583 0.015625 0.368056 0.051758 0.352431 0.076172 0.352431 0.107422 0.368056 0.126953 0.395833 0.132812 0.397569 0.146484 0.373264 0.154297 0.335069 0.154297 0.295139 0.148438 0.262153 0.125000 0.178819 0.101562 0.133681 0.084961 0.116319 0.057617 0.102431 0.028320 0.102431 0.017578 0.105903 0.005859 0.078125
1 0.180664 0.022569 0.171875 0.039931 0.164062 0.085069 0.157227 0.102431 0.149414 0.138889 0.149414 0.189236 0.158203 0.236111 0.162109 0.248264 0.198242 0.314236 0.228516 0.312500 0.241211 0.315972 0.261719 0.331597 0.282227 0.362847 0.290039 0.362847 0.303711 0.335069 0.310547 0.303819 0.311523 0.288194 0.310547 0.253472 0.303711 0.208333 0.298828 0.135417 0.291016 0.105903 0.280273 0.076389 0.265625 0.055556 0.241211 0.038194 0.224609 0.034722 0.205078 0.017361
1 0.255859 0.588542 0.225586 0.595486 0.205078 0.612847 0.189453 0.635417 0.185547 0.652778 0.181641 0.659722 0.175781 0.682292 0.171875 0.711806 0.176758 0.765625 0.189453 0.805556 0.209961 0.835069 0.239258 0.852431 0.265625 0.848958 0.279297 0.842014 0.293945 0.828125 0.311523 0.796875 0.317383 0.779514 0.324219 0.727431 0.324219 0.696181 0.319336 0.668403 0.304688 0.628472 0.291016 0.609375 0.279297 0.598958
1 0.375977 0.645833 0.353516 0.663194 0.336914 0.689236 0.329102 0.711806 0.323242 0.756944 0.324219 0.796875 0.335938 0.847222 0.350586 0.875000 0.366211 0.890625 0.391602 0.901042 0.413086 0.899306 0.437500 0.880208 0.445312 0.869792 0.461914 0.833333 0.469727 0.788194 0.467773 0.730903 0.457031 0.694444 0.444336 0.670139 0.433594 0.656250 0.408203 0.640625
1 0.337891 0.392361 0.322266 0.414931 0.314453 0.432292 0.308594 0.463542 0.308594 0.534722 0.310547 0.569444 0.315430 0.588542 0.335938 0.625000 0.365234 0.642361 0.397461 0.638889 0.411133 0.633681 0.419922 0.625000 0.437500 0.595486 0.445312 0.571181 0.452148 0.534722 0.454102 0.513889 0.453125 0.479167 0.444336 0.439236 0.430664 0.407986 0.413086 0.388889 0.383789 0.375000 0.360352 0.375000
1 0.384766 0.074653 0.376953 0.078125 0.370117 0.086806 0.361328 0.107639 0.358398 0.123264 0.339844 0.147569 0.330078 0.166667 0.320312 0.201389 0.315430 0.256944 0.322266 0.309028 0.327148 0.317708 0.329102 0.328125 0.343750 0.352431 0.362305 0.368056 0.405273 0.375000 0.427734 0.361111 0.446289 0.336806 0.452148 0.324653 0.461914 0.284722 0.463867 0.225694 0.458984 0.192708 0.452148 0.170139 0.429688 0.130208 0.424805 0.107639 0.415039 0.090278 0.404297 0.078125
1 0.593750 0.125000 0.574219 0.123264 0.564453 0.126736 0.544922 0.159722 0.517578 0.166667 0.500977 0.180556 0.478516 0.220486 0.469727 0.248264 0.464844 0.284722 0.463867 0.310764 0.471680 0.357639 0.485352 0.394097 0.493164 0.406250 0.520508 0.428819 0.561523 0.432292 0.577148 0.420139 0.588867 0.404514 0.602539 0.375000 0.611328 0.342014 0.615234 0.314236 0.614258 0.274306 0.609375 0.230903 0.616211 0.201389 0.617188 0.175347 0.609375 0.145833
1 0.553711 0.439236 0.536133 0.434028 0.517578 0.435764 0.498047 0.446181 0.477539 0.472222 0.462891 0.505208 0.457031 0.553819 0.458984 0.583333 0.458008 0.607639 0.460938 0.623264 0.474609 0.656250 0.499023 0.687500 0.517578 0.696181 0.527344 0.696181 0.559570 0.685764 0.576172 0.668403 0.591797 0.638889 0.599609 0.607639 0.603516 0.578125 0.602539 0.510417 0.600586 0.494792 0.591797 0.472222 0.583008 0.461806 0.563477 0.449653
1 0.775391 0.395833 0.754883 0.381944 0.742188 0.383681 0.728516 0.392361 0.702148 0.375000 0.672852 0.373264 0.658203 0.380208 0.634766 0.401042 0.619141 0.427083 0.611328 0.446181 0.604492 0.473958 0.605469 0.532986 0.609375 0.572917 0.613281 0.590278 0.644531 0.638889 0.667969 0.654514 0.680664 0.654514 0.715820 0.640625 0.733398 0.623264 0.748047 0.595486 0.750977 0.579861 0.757812 0.562500 0.760742 0.532986 0.770508 0.515625 0.779297 0.506944 0.788086 0.486111 0.791992 0.467014 0.791992 0.442708 0.789062 0.420139
1 0.553711 0.690972 0.526367 0.703125 0.516602 0.711806 0.502930 0.734375 0.494141 0.758681 0.487305 0.788194 0.484375 0.821181 0.485352 0.842014 0.491211 0.876736 0.500977 0.911458 0.521484 0.937500 0.550781 0.951389 0.568359 0.951389 0.585938 0.944444 0.608398 0.921875 0.618164 0.904514 0.630859 0.859375 0.632812 0.809028 0.624023 0.755208 0.607422 0.720486 0.593750 0.704861 0.579102 0.694444
1 0.702148 0.649306 0.673828 0.664931 0.656250 0.687500 0.641602 0.722222 0.633789 0.751736 0.636719 0.842014 0.649414 0.875000 0.666016 0.906250 0.674805 0.913194 0.688477 0.932292 0.711914 0.940972 0.736328 0.940972 0.744141 0.932292 0.756836 0.925347 0.761719 0.916667 0.771484 0.911458 0.783203 0.892361 0.789062 0.873264 0.802734 0.864583 0.812500 0.850694 0.821289 0.817708 0.822266 0.789931 0.820312 0.776042 0.812500 0.751736 0.795898 0.732639 0.780273 0.692708 0.763672 0.670139 0.749023 0.656250 0.730469 0.647569
1 0.778320 0.546875 0.783203 0.576389 0.788086 0.579861 0.791992 0.593750 0.811523 0.625000 0.818359 0.626736 0.822266 0.633681 0.836914 0.642361 0.865234 0.644097 0.892578 0.625000 0.905273 0.607639 0.913086 0.590278 0.916016 0.576389 0.914062 0.550347 0.916992 0.541667 0.938477 0.526042 0.960938 0.522569 0.975586 0.506944 0.982422 0.486111 0.982422 0.449653 0.979492 0.432292 0.970703 0.414931 0.954102 0.404514 0.937500 0.406250 0.908203 0.423611 0.898438 0.407986 0.879883 0.392361 0.863281 0.387153 0.842773 0.387153 0.814453 0.399306 0.801758 0.414931 0.798828 0.414931 0.796875 0.421875 0.796875 0.465278 0.789062 0.498264 0.782227 0.508681 0.782227 0.513889 0.778320 0.520833
1 0.793945 0.696181 0.793945 0.718750 0.798828 0.732639 0.807617 0.741319 0.816406 0.756944 0.825195 0.793403 0.825195 0.810764 0.819336 0.838542 0.811523 0.857639 0.800781 0.871528 0.799805 0.894097 0.839844 0.911458 0.877930 0.909722 0.903320 0.887153 0.913086 0.873264 0.918945 0.859375 0.918945 0.854167 0.926758 0.843750 0.964844 0.842014 0.973633 0.835069 0.984375 0.812500 0.986328 0.796875 0.984375 0.763889 0.974609 0.743056 0.958984 0.730903 0.931641 0.730903 0.905273 0.682292 0.878906 0.657986 0.866211 0.652778 0.842773 0.652778 0.824219 0.659722 0.810547 0.670139
1 0.788086 0.060764 0.769531 0.048611 0.751953 0.050347 0.736328 0.069444 0.732422 0.083333 0.723633 0.098958 0.708984 0.093750 0.676758 0.097222 0.658203 0.109375 0.641602 0.128472 0.626953 0.154514 0.621094 0.175347 0.615234 0.215278 0.614258 0.258681 0.618164 0.300347 0.624023 0.314236 0.645508 0.343750 0.650391 0.357639 0.665039 0.368056 0.708984 0.369792 0.718750 0.362847 0.737305 0.340278 0.750977 0.314236 0.763672 0.269097 0.768555 0.194444 0.796875 0.138889 0.799805 0.109375 0.798828 0.090278 0.795898 0.076389
1 0.981445 0.112847 0.966797 0.088542 0.956055 0.083333 0.944336 0.083333 0.926758 0.095486 0.911133 0.121528 0.897461 0.135417 0.886719 0.135417 0.865234 0.125000 0.841797 0.123264 0.827148 0.126736 0.812500 0.137153 0.784180 0.175347 0.773438 0.203125 0.770508 0.218750 0.770508 0.243056 0.766602 0.263889 0.763672 0.305556 0.765625 0.322917 0.771484 0.342014 0.788086 0.368056 0.806641 0.380208 0.867188 0.378472 0.880859 0.368056 0.896484 0.348958 0.913086 0.312500 0.919922 0.284722 0.919922 0.250000 0.924805 0.232639 0.966797 0.197917 0.976562 0.184028 0.981445 0.170139 0.984375 0.149306 0.984375 0.130208
