3 0.045918 0.032000 0.040816 0.038000 0.043367 0.094000 0.033163 0.126000 0.033163 0.266000 0.040816 0.294000 0.056122 0.310000 0.086735 0.318000 0.163265 0.320000 0.188776 0.316000 0.206633 0.308000 0.227041 0.276000 0.229592 0.126000 0.219388 0.094000 0.221939 0.038000 0.209184 0.030000 0.160714 0.026000
3 0.290816 0.032000 0.280612 0.038000 0.283163 0.090000 0.272959 0.120000 0.272959 0.276000 0.280612 0.298000 0.295918 0.312000 0.331633 0.320000 0.392857 0.322000 0.426020 0.318000 0.454082 0.300000 0.466837 0.268000 0.466837 0.118000 0.456633 0.090000 0.459184 0.038000 0.451531 0.032000 0.410714 0.028000
3 0.533163 0.034000 0.525510 0.040000 0.528061 0.096000 0.517857 0.124000 0.517857 0.274000 0.522959 0.294000 0.538265 0.312000 0.591837 0.322000 0.673469 0.318000 0.701531 0.298000 0.711735 0.268000 0.711735 0.118000 0.701531 0.088000 0.706633 0.066000 0.704082 0.040000 0.691327 0.032000 0.571429 0.030000
3 0.063776 0.352000 0.045918 0.360000 0.048469 0.412000 0.038265 0.444000 0.038265 0.596000 0.043367 0.614000 0.056122 0.632000 0.073980 0.638000 0.132653 0.644000 0.178571 0.642000 0.204082 0.634000 0.216837 0.624000 0.232143 0.592000 0.232143 0.438000 0.221939 0.410000 0.227041 0.390000 0.224490 0.360000 0.216837 0.354000 0.183673 0.350000
3 0.290816 0.356000 0.283163 0.366000 0.288265 0.408000 0.275510 0.464000 0.275510 0.584000 0.285714 0.624000 0.306122 0.638000 0.367347 0.646000 0.408163 0.644000 0.441327 0.636000 0.459184 0.620000 0.469388 0.600000 0.471939 0.452000 0.461735 0.414000 0.464286 0.364000 0.456633 0.356000 0.438776 0.352000 0.313776 0.352000
3 0.540816 0.356000 0.530612 0.360000 0.533163 0.410000 0.520408 0.464000 0.520408 0.578000 0.528061 0.620000 0.540816 0.634000 0.568878 0.642000 0.637755 0.646000 0.678571 0.640000 0.704082 0.622000 0.716837 0.588000 0.716837 0.446000 0.706633 0.416000 0.709184 0.364000 0.698980 0.356000 0.668367 0.352000
3 0.785714 0.356000 0.767857 0.364000 0.770408 0.418000 0.760204 0.452000 0.760204 0.596000 0.767857 0.622000 0.783163 0.638000 0.823980 0.646000 0.867347 0.648000 0.913265 0.642000 0.936224 0.630000 0.951531 0.608000 0.954082 0.444000 0.943878 0.414000 0.946429 0.364000 0.933673 0.356000 0.910714 0.354000
3 0.772959 0.034000 0.762755 0.042000 0.765306 0.100000 0.755102 0.132000 0.755102 0.266000 0.762755 0.298000 0.778061 0.314000 0.834184 0.324000 0.908163 0.320000 0.936224 0.304000 0.948980 0.278000 0.951531 0.134000 0.941327 0.098000 0.943878 0.042000 0.926020 0.032000 0.885204 0.030000
3 0.051020 0.676000 0.043367 0.690000 0.048469 0.732000 0.035714 0.778000 0.035714 0.904000 0.043367 0.938000 0.058673 0.954000 0.094388 0.962000 0.153061 0.964000 0.188776 0.960000 0.216837 0.944000 0.229592 0.920000 0.232143 0.768000 0.221939 0.736000 0.224490 0.684000 0.216837 0.676000 0.198980 0.672000 0.076531 0.672000
3 0.288265 0.678000 0.283163 0.682000 0.285714 0.736000 0.275510 0.766000 0.275510 0.918000 0.283163 0.942000 0.293367 0.954000 0.336735 0.964000 0.375000 0.966000 0.431122 0.960000 0.459184 0.940000 0.469388 0.912000 0.469388 0.760000 0.459184 0.734000 0.461735 0.682000 0.443878 0.674000 0.336735 0.672000
3 0.545918 0.676000 0.528061 0.684000 0.530612 0.740000 0.520408 0.768000 0.520408 0.918000 0.528061 0.944000 0.538265 0.954000 0.576531 0.964000 0.653061 0.966000 0.673469 0.962000 0.701531 0.944000 0.714286 0.916000 0.716837 0.784000 0.704082 0.736000 0.706633 0.684000 0.676020 0.674000
3 0.772959 0.680000 0.765306 0.690000 0.770408 0.736000 0.757653 0.780000 0.757653 0.910000 0.767857 0.946000 0.785714 0.960000 0.813776 0.966000 0.882653 0.968000 0.910714 0.964000 0.933673 0.952000 0.951531 0.924000 0.954082 0.774000 0.943878 0.740000 0.943878 0.682000 0.908163 0.674000 0.821429 0.674000
