0 0.796000 0.127424 0.786000 0.135734 0.788000 0.213296 0.780000 0.227147 0.780000 0.257618 0.786000 0.282548 0.784000 0.623269 0.794000 0.750693 0.800000 0.756233 0.798000 0.761773 0.832000 0.770083 0.882000 0.759003 0.890000 0.750693 0.896000 0.722992 0.898000 0.667590 0.890000 0.595568 0.894000 0.268698 0.884000 0.249307 0.860000 0.235457 0.848000 0.213296 0.850000 0.132964 0.844000 0.127424
0 0.184000 0.155125 0.126000 0.152355 0.118000 0.157895 0.116000 0.199446 0.120000 0.246537 0.076000 0.301939 0.070000 0.321330 0.070000 0.368421 0.076000 0.412742 0.078000 0.598338 0.084000 0.639889 0.078000 0.797784 0.086000 0.847645 0.096000 0.867036 0.102000 0.864266 0.098000 0.817175 0.110000 0.717452 0.102000 0.617729 0.096000 0.332410 0.114000 0.299169 0.140000 0.279778 0.146000 0.268698 0.140000 0.216066 0.140000 0.180055 0.144000 0.168975 0.152000 0.160665
0 0.150000 0.163435 0.144000 0.177285 0.148000 0.268698 0.130000 0.290859 0.110000 0.304709 0.098000 0.324100 0.104000 0.614958 0.112000 0.692521 0.102000 0.806094 0.106000 0.878116 0.118000 0.911357 0.130000 0.925208 0.232000 0.933518 0.250000 0.919668 0.278000 0.911357 0.286000 0.875346 0.288000 0.808864 0.282000 0.786704 0.284000 0.775623 0.274000 0.692521 0.280000 0.623269 0.280000 0.349030 0.276000 0.321330 0.268000 0.304709 0.256000 0.290859 0.230000 0.277008 0.224000 0.263158 0.226000 0.180055 0.222000 0.166205 0.206000 0.160665
0 0.310000 0.149584 0.258000 0.149584 0.254000 0.160665 0.258000 0.246537 0.248000 0.263158 0.248000 0.279778 0.262000 0.282548 0.294000 0.257618 0.290000 0.174515 0.298000 0.155125
0 0.298000 0.155125 0.292000 0.171745 0.292000 0.210526 0.298000 0.238227 0.296000 0.257618 0.264000 0.285319 0.266000 0.299169 0.282000 0.326870 0.284000 0.357341 0.280000 0.700831 0.296000 0.822715 0.292000 0.861496 0.294000 0.891967 0.352000 0.897507 0.412000 0.878116 0.424000 0.861496 0.428000 0.761773 0.418000 0.673130 0.418000 0.393352 0.422000 0.321330 0.418000 0.304709 0.402000 0.279778 0.368000 0.254848 0.366000 0.157895 0.354000 0.152355
0 0.422000 0.144044 0.386000 0.146814 0.382000 0.155125 0.384000 0.257618 0.388000 0.263158 0.404000 0.265928 0.428000 0.235457 0.426000 0.146814
0 0.466000 0.144044 0.438000 0.146814 0.430000 0.157895 0.432000 0.232687 0.414000 0.268698 0.414000 0.288089 0.424000 0.318560 0.422000 0.667590 0.436000 0.800554 0.432000 0.847645 0.438000 0.855956 0.488000 0.861496 0.546000 0.836565 0.554000 0.811634 0.556000 0.736842 0.546000 0.659280 0.548000 0.373961 0.552000 0.313019 0.546000 0.290859 0.500000 0.240997 0.500000 0.155125 0.488000 0.146814
0 0.520000 0.138504 0.512000 0.141274 0.508000 0.152355 0.512000 0.207756 0.508000 0.235457 0.520000 0.257618 0.530000 0.257618 0.554000 0.235457 0.552000 0.141274
0 0.560000 0.141274 0.552000 0.160665 0.556000 0.232687 0.532000 0.260388 0.554000 0.310249 0.550000 0.398892 0.550000 0.642659 0.562000 0.736842 0.560000 0.819945 0.568000 0.825485 0.636000 0.822715 0.652000 0.814404 0.664000 0.797784 0.670000 0.767313 0.670000 0.686981 0.664000 0.617729 0.668000 0.559557 0.666000 0.362881 0.670000 0.290859 0.654000 0.260388 0.622000 0.235457 0.624000 0.152355 0.620000 0.141274
0 0.634000 0.130194 0.626000 0.141274 0.630000 0.204986 0.624000 0.218837 0.624000 0.232687 0.656000 0.254848 0.674000 0.224377 0.670000 0.177285 0.672000 0.132964
0 0.688000 0.132964 0.672000 0.144044 0.678000 0.216066 0.658000 0.252078 0.672000 0.290859 0.670000 0.623269 0.676000 0.678670 0.672000 0.783934 0.682000 0.795014 0.740000 0.795014 0.768000 0.783934 0.776000 0.772853 0.786000 0.734072 0.780000 0.612188 0.780000 0.368421 0.784000 0.288089 0.780000 0.263158 0.766000 0.246537 0.746000 0.235457 0.738000 0.221607 0.738000 0.138504 0.730000 0.132964
0 0.744000 0.127424 0.740000 0.221607 0.758000 0.240997 0.770000 0.240997 0.786000 0.213296 0.782000 0.127424
