1 0.071895 0.756757 0.058824 0.783784 0.057190 0.810811 0.076797 0.872236 0.081699 0.909091 0.076797 0.931204 0.062092 0.953317 0.058824 0.980344 0.049020 0.987715 0.057190 1.000000 0.207516 1.000000 0.218954 0.965602 0.204248 0.889435 0.187908 0.867322 0.145425 0.845209 0.130719 0.813268 0.122549 0.771499 0.114379 0.759214 0.099673 0.749386
1 0.111111 0.533170 0.094771 0.552826 0.093137 0.562654 0.094771 0.592138 0.109477 0.636364 0.116013 0.673219 0.096405 0.729730 0.096405 0.744472 0.114379 0.756757 0.125817 0.773956 0.133987 0.815725 0.148693 0.842752 0.205882 0.867322 0.212418 0.857494 0.220588 0.808354 0.240196 0.751843 0.230392 0.697789 0.214052 0.668305 0.178105 0.641278 0.156863 0.557740 0.148693 0.540541 0.133987 0.530713
1 0.250000 0.624079 0.240196 0.633907 0.232026 0.658477 0.232026 0.685504 0.245098 0.756757 0.227124 0.793612 0.220588 0.820639 0.220588 0.852580 0.245098 0.845209 0.269608 0.852580 0.281046 0.872236 0.289216 0.918919 0.297386 0.933661 0.339869 0.953317 0.351307 0.901720 0.372549 0.852580 0.372549 0.810811 0.357843 0.771499 0.344771 0.751843 0.326797 0.737101 0.312092 0.732187 0.305556 0.722359 0.297386 0.680590 0.295752 0.651106 0.289216 0.633907 0.274510 0.621622
1 0.393791 0.734644 0.383987 0.744472 0.375817 0.781327 0.383987 0.842752 0.361111 0.882064 0.351307 0.916462 0.348039 0.953317 0.352941 0.982801 0.361111 0.997543 0.367647 0.997543 0.385621 0.977887 0.413399 0.975430 0.437908 1.000000 0.501634 1.000000 0.511438 0.965602 0.508170 0.933661 0.496732 0.884521 0.478758 0.850123 0.449346 0.820639 0.446078 0.769042 0.434641 0.739558 0.411765 0.727273
1 0.400327 0.518428 0.390523 0.530713 0.383987 0.555283 0.392157 0.643735 0.366013 0.695332 0.359477 0.742015 0.362745 0.771499 0.374183 0.788698 0.375817 0.766585 0.387255 0.739558 0.398693 0.727273 0.424837 0.727273 0.434641 0.734644 0.446078 0.756757 0.454248 0.823096 0.470588 0.837838 0.482026 0.837838 0.506536 0.764128 0.506536 0.732187 0.498366 0.690418 0.475490 0.648649 0.455882 0.628993 0.449346 0.560197 0.442810 0.530713 0.428105 0.515971
1 0.266340 0.429975 0.254902 0.444717 0.250000 0.464373 0.251634 0.493857 0.264706 0.570025 0.251634 0.589681 0.245098 0.624079 0.272876 0.619165 0.284314 0.626536 0.295752 0.646192 0.299020 0.683047 0.308824 0.722359 0.313725 0.729730 0.338235 0.742015 0.349673 0.742015 0.354575 0.734644 0.362745 0.695332 0.380719 0.653563 0.382353 0.636364 0.370915 0.589681 0.357843 0.570025 0.323529 0.540541 0.313725 0.496314 0.308824 0.444717 0.302288 0.434889 0.285948 0.425061
1 0.135621 0.351351 0.125817 0.361179 0.119281 0.378378 0.119281 0.400491 0.130719 0.432432 0.142157 0.486486 0.142157 0.506143 0.132353 0.525799 0.155229 0.550369 0.179739 0.638821 0.214052 0.663391 0.220588 0.663391 0.227124 0.656020 0.254902 0.577396 0.256536 0.542998 0.253268 0.528256 0.233660 0.496314 0.204248 0.476658 0.197712 0.466830 0.186275 0.425061 0.178105 0.373464 0.171569 0.358722 0.160131 0.348894
1 0.017974 0.267813 0.006536 0.287469 0.006536 0.309582 0.031046 0.393120 0.034314 0.427518 0.029412 0.454545 0.034314 0.484029 0.047386 0.530713 0.057190 0.547912 0.078431 0.560197 0.089869 0.560197 0.101307 0.538084 0.125817 0.525799 0.138889 0.503686 0.132353 0.447174 0.122549 0.415233 0.111111 0.400491 0.093137 0.390663 0.088235 0.380835 0.062092 0.280098 0.055556 0.270270 0.040850 0.262899
1 0.287582 0.253071 0.277778 0.265356 0.272876 0.265356 0.266340 0.277641 0.266340 0.324324 0.281046 0.395577 0.279412 0.412776 0.274510 0.420147 0.294118 0.427518 0.312092 0.452088 0.315359 0.498771 0.325163 0.538084 0.333333 0.547912 0.356209 0.560197 0.387255 0.486486 0.387255 0.447174 0.374183 0.412776 0.336601 0.378378 0.330065 0.356265 0.325163 0.287469 0.320261 0.270270 0.312092 0.257985
1 0.758170 0.751843 0.745098 0.742015 0.727124 0.739558 0.714052 0.744472 0.702614 0.759214 0.692810 0.835381 0.656863 0.869779 0.640523 0.906634 0.633987 0.938575 0.633987 0.980344 0.642157 1.000000 0.718954 1.000000 0.738562 0.985258 0.761438 0.985258 0.777778 1.000000 0.790850 1.000000 0.795752 0.987715 0.792484 0.926290 0.781046 0.891892 0.758170 0.855037 0.758170 0.830467 0.764706 0.791155 0.764706 0.776413
1 0.560458 0.626536 0.549020 0.633907 0.537582 0.658477 0.537582 0.744472 0.516340 0.771499 0.500000 0.803440 0.496732 0.832924 0.498366 0.872236 0.517974 0.936118 0.529412 0.948403 0.534314 0.943489 0.537582 0.894349 0.550654 0.867322 0.566993 0.857494 0.591503 0.859951 0.607843 0.886978 0.612745 0.941032 0.619281 0.941032 0.630719 0.921376 0.640523 0.891892 0.647059 0.857494 0.645425 0.825553 0.638889 0.796069 0.625817 0.766585 0.607843 0.749386 0.596405 0.729730 0.593137 0.636364 0.584967 0.626536
1 0.550654 0.432432 0.540850 0.444717 0.535948 0.471744 0.539216 0.503686 0.537582 0.557740 0.514706 0.584767 0.500000 0.621622 0.498366 0.663391 0.503268 0.690418 0.521242 0.734644 0.534314 0.734644 0.537582 0.727273 0.537582 0.665848 0.542484 0.648649 0.550654 0.633907 0.558824 0.628993 0.581699 0.626536 0.591503 0.638821 0.594771 0.651106 0.594771 0.700246 0.598039 0.712531 0.611111 0.729730 0.624183 0.729730 0.624183 0.719902 0.620915 0.717445 0.624183 0.712531 0.622549 0.697789 0.630719 0.678133 0.630719 0.660934 0.625817 0.643735 0.629085 0.626536 0.633987 0.621622 0.622549 0.589681 0.601307 0.562654 0.598039 0.550369 0.598039 0.457002 0.593137 0.442260 0.580065 0.429975 0.563725 0.427518
1 0.413399 0.329238 0.398693 0.343980 0.392157 0.358722 0.392157 0.383292 0.397059 0.393120 0.400327 0.471744 0.377451 0.515971 0.379085 0.555283 0.382353 0.555283 0.387255 0.535627 0.401961 0.515971 0.423203 0.513514 0.436275 0.520885 0.446078 0.538084 0.457516 0.624079 0.472222 0.641278 0.485294 0.643735 0.498366 0.609337 0.503268 0.577396 0.503268 0.542998 0.498366 0.506143 0.480392 0.476658 0.464052 0.461916 0.457516 0.447174 0.452614 0.400491 0.454248 0.363636 0.449346 0.346437 0.434641 0.329238
1 0.887255 0.619165 0.867647 0.616708 0.849673 0.631450 0.844771 0.648649 0.844771 0.670762 0.851307 0.710074 0.844771 0.717445 0.831699 0.719902 0.825163 0.734644 0.807190 0.742015 0.782680 0.766585 0.766340 0.823096 0.767974 0.859951 0.800654 0.933661 0.799020 0.941032 0.808824 0.953317 0.818627 0.955774 0.856209 0.936118 0.875817 0.867322 0.885621 0.855037 0.916667 0.842752 0.911765 0.796069 0.893791 0.746929 0.897059 0.719902 0.910131 0.678133 0.906863 0.641278
1 0.576797 0.255528 0.555556 0.255528 0.540850 0.270270 0.537582 0.282555 0.540850 0.326781 0.539216 0.390663 0.516340 0.415233 0.500000 0.461916 0.500000 0.496314 0.522876 0.560197 0.531046 0.560197 0.537582 0.540541 0.539216 0.449631 0.557190 0.429975 0.578431 0.429975 0.594771 0.447174 0.599673 0.466830 0.598039 0.515971 0.602941 0.550369 0.612745 0.545455 0.632353 0.493857 0.632353 0.459459 0.627451 0.439803 0.594771 0.388206 0.593137 0.277641
1 0.717320 0.336609 0.691176 0.336609 0.681373 0.343980 0.673203 0.361179 0.669935 0.457002 0.661765 0.471744 0.642157 0.491400 0.624183 0.525799 0.620915 0.562654 0.622549 0.577396 0.629085 0.589681 0.681373 0.589681 0.687908 0.540541 0.709150 0.520885 0.722222 0.520885 0.736928 0.530713 0.746732 0.552826 0.750000 0.579853 0.754902 0.577396 0.758170 0.562654 0.754902 0.520885 0.748366 0.501229 0.733660 0.488943 0.727124 0.471744 0.733660 0.363636 0.732026 0.353808
1 0.846405 0.250614 0.825163 0.245700 0.813725 0.250614 0.803922 0.265356 0.799020 0.282555 0.797386 0.341523 0.790850 0.375921 0.759804 0.402948 0.743464 0.439803 0.743464 0.491400 0.758170 0.518428 0.769608 0.567568 0.805556 0.545455 0.813725 0.520885 0.820261 0.464373 0.828431 0.432432 0.838235 0.420147 0.854575 0.415233 0.848039 0.398034 0.848039 0.378378 0.861111 0.285012 0.857843 0.265356
1 1.000000 0.329238 0.990196 0.324324 0.968954 0.324324 0.960784 0.329238 0.954248 0.341523 0.936275 0.439803 0.928105 0.454545 0.906863 0.464373 0.890523 0.484029 0.877451 0.542998 0.877451 0.565111 0.892157 0.592138 0.954248 0.594595 0.973856 0.584767 0.980392 0.560197 0.982026 0.535627 0.991830 0.511057 0.990196 0.479115 1.000000 0.439803
1 0.163399 0.184275 0.148693 0.203931 0.148693 0.230958 0.156863 0.255528 0.163399 0.307125 0.173203 0.356265 0.179739 0.371007 0.187908 0.422604 0.204248 0.469287 0.241830 0.493857 0.248366 0.486486 0.251634 0.439803 0.264706 0.425061 0.272876 0.405405 0.271242 0.371007 0.266340 0.356265 0.250000 0.331695 0.228758 0.316953 0.218954 0.299754 0.202614 0.196560 0.186275 0.179361
1 0.823529 0.095823 0.797386 0.095823 0.782680 0.117936 0.781046 0.184275 0.774510 0.226044 0.746732 0.250614 0.736928 0.265356 0.728758 0.289926 0.725490 0.312039 0.727124 0.329238 0.754902 0.388206 0.764706 0.388206 0.785948 0.375921 0.795752 0.339066 0.800654 0.275184 0.807190 0.257985 0.826797 0.243243 0.830065 0.235872 0.839869 0.120393 0.834967 0.105651
1 0.965686 0.164619 0.939542 0.162162 0.929739 0.169533 0.921569 0.189189 0.921569 0.216216 0.905229 0.292383 0.877451 0.314496 0.861111 0.336609 0.854575 0.371007 0.854575 0.393120 0.859477 0.410319 0.888889 0.444717 0.892157 0.469287 0.923203 0.452088 0.936275 0.427518 0.949346 0.353808 0.964052 0.309582 0.968954 0.260442 0.982026 0.203931 0.980392 0.184275
1 0.939542 0.019656 0.919935 0.017199 0.908497 0.022113 0.897059 0.046683 0.885621 0.149877 0.851307 0.191646 0.838235 0.226044 0.838235 0.235872 0.857843 0.260442 0.862745 0.275184 0.864379 0.319410 0.895425 0.299754 0.901961 0.289926 0.915033 0.243243 0.921569 0.191646 0.937908 0.159705 0.947712 0.083538 0.952614 0.068796 0.952614 0.036855
1 0.550654 0.100737 0.532680 0.117936 0.534314 0.233415 0.531046 0.245700 0.517974 0.257985 0.501634 0.287469 0.496732 0.321867 0.501634 0.351351 0.516340 0.385749 0.524510 0.395577 0.537582 0.388206 0.540850 0.356265 0.537582 0.282555 0.552288 0.257985 0.571895 0.253071 0.591503 0.272727 0.596405 0.302211 0.594771 0.361179 0.598039 0.378378 0.602941 0.383292 0.607843 0.380835 0.624183 0.334152 0.624183 0.314496 0.616013 0.285012 0.584967 0.235872 0.586601 0.120393 0.575163 0.103194
1 0.702614 0.171990 0.681373 0.171990 0.665033 0.191646 0.661765 0.297297 0.653595 0.312039 0.633987 0.329238 0.619281 0.358722 0.616013 0.385749 0.617647 0.407862 0.642157 0.479115 0.656863 0.471744 0.668301 0.452088 0.671569 0.368550 0.678105 0.351351 0.691176 0.336609 0.717320 0.331695 0.715686 0.267813 0.717320 0.250614 0.720588 0.248157 0.722222 0.213759 0.717320 0.189189
1 0.299020 0.100737 0.285948 0.110565 0.279412 0.125307 0.279412 0.149877 0.290850 0.240786 0.294118 0.250614 0.307190 0.255528 0.320261 0.270270 0.326797 0.294840 0.330065 0.343980 0.339869 0.378378 0.362745 0.390663 0.369281 0.383292 0.375817 0.353808 0.385621 0.331695 0.387255 0.297297 0.374183 0.260442 0.344771 0.228501 0.334967 0.164619 0.334967 0.125307 0.330065 0.113022 0.316993 0.100737
1 0.187908 0.041769 0.173203 0.054054 0.171569 0.085995 0.183007 0.164619 0.187908 0.179361 0.204248 0.201474 0.212418 0.265356 0.220588 0.297297 0.235294 0.314496 0.253268 0.321867 0.259804 0.314496 0.267974 0.267813 0.281046 0.248157 0.279412 0.228501 0.263072 0.196560 0.253268 0.186732 0.246732 0.186732 0.235294 0.169533 0.217320 0.049140 0.204248 0.039312
1 0.058824 0.113022 0.039216 0.132678 0.039216 0.157248 0.062092 0.238329 0.078431 0.341523 0.094771 0.383292 0.102941 0.390663 0.112745 0.390663 0.127451 0.356265 0.140523 0.346437 0.161765 0.341523 0.161765 0.304668 0.151961 0.270270 0.138889 0.255528 0.124183 0.248157 0.116013 0.235872 0.086601 0.125307 0.076797 0.115479
1 0.297386 0.000000 0.297386 0.051597 0.302288 0.093366 0.318627 0.103194 0.333333 0.122850 0.336601 0.181818 0.346405 0.230958 0.354575 0.240786 0.374183 0.248157 0.392157 0.194103 0.392157 0.152334 0.374183 0.122850 0.362745 0.115479 0.356209 0.100737 0.348039 0.031941 0.344771 0.027027 0.344771 0.000000
1 0.062092 0.000000 0.063725 0.031941 0.078431 0.073710 0.081699 0.105651 0.099673 0.162162 0.102941 0.191646 0.117647 0.235872 0.147059 0.257985 0.150327 0.250614 0.147059 0.211302 0.158497 0.186732 0.174837 0.174447 0.174837 0.164619 0.163399 0.137592 0.137255 0.108108 0.109477 0.000000
1 0.416667 0.167076 0.406863 0.176904 0.398693 0.196560 0.405229 0.206388 0.406863 0.314496 0.380719 0.363636 0.380719 0.410319 0.397059 0.452088 0.397059 0.400491 0.393791 0.388206 0.397059 0.341523 0.416667 0.326781 0.429739 0.326781 0.441176 0.334152 0.454248 0.358722 0.454248 0.405405 0.462418 0.452088 0.486928 0.452088 0.488562 0.434889 0.503268 0.407862 0.503268 0.380835 0.498366 0.353808 0.459150 0.294840 0.452614 0.179361 0.434641 0.164619
1 0.415033 0.031941 0.406863 0.049140 0.408497 0.154791 0.413399 0.167076 0.434641 0.167076 0.450980 0.181818 0.455882 0.203931 0.454248 0.230958 0.459150 0.294840 0.475490 0.312039 0.485294 0.312039 0.498366 0.285012 0.503268 0.260442 0.503268 0.230958 0.483660 0.186732 0.470588 0.174447 0.464052 0.159705 0.459150 0.044226 0.439542 0.024570
1 0.686275 0.027027 0.665033 0.029484 0.648693 0.049140 0.651961 0.105651 0.648693 0.167076 0.625817 0.196560 0.611111 0.235872 0.611111 0.262899 0.632353 0.314496 0.643791 0.316953 0.660131 0.297297 0.663399 0.203931 0.668301 0.186732 0.679739 0.174447 0.702614 0.164619 0.704248 0.049140 0.696078 0.031941
1 0.818627 0.000000 0.769608 0.000000 0.764706 0.063882 0.758170 0.098280 0.751634 0.110565 0.748366 0.108108 0.738562 0.115479 0.718954 0.154791 0.718954 0.186732 0.740196 0.245700 0.763072 0.235872 0.776144 0.216216 0.782680 0.159705 0.782680 0.127764 0.789216 0.108108 0.812092 0.081081
1 0.000000 0.437346 0.000000 0.675676 0.024510 0.732187 0.063725 0.749386 0.080065 0.749386 0.093137 0.737101 0.111111 0.680590 0.111111 0.658477 0.102941 0.619165 0.086601 0.570025 0.075163 0.560197 0.058824 0.555283 0.052288 0.545455 0.032680 0.488943 0.024510 0.449631 0.011438 0.437346
1 0.936275 0.867322 0.919935 0.852580 0.908497 0.850123 0.885621 0.857494 0.875817 0.869779 0.861111 0.933661 0.856209 0.941032 0.834967 0.948403 0.815359 0.963145 0.805556 0.977887 0.799020 1.000000 0.931373 1.000000 0.928105 0.980344 0.942810 0.914005
