2 0.387856 0.200000 0.382900 0.210714 0.379182 0.267857 0.379182 0.821429 0.382900 0.842857 0.452292 0.846429 0.459727 0.828571 0.462206 0.789286 0.462206 0.217857 0.457249 0.203571 0.446097 0.196429
2 0.570012 0.103571 0.563817 0.117857 0.553903 0.192857 0.553903 0.732143 0.556382 0.810714 0.565056 0.839286 0.571252 0.846429 0.639405 0.846429 0.648079 0.828571 0.654275 0.775000 0.651797 0.553571 0.654275 0.539286 0.653036 0.167857 0.644362 0.117857 0.636927 0.103571
2 0.674102 0.100000 0.665428 0.117857 0.657993 0.153571 0.655514 0.210714 0.656753 0.800000 0.671623 0.842857 0.743494 0.842857 0.755886 0.810714 0.754647 0.753571 0.757125 0.742857 0.757125 0.621429 0.754647 0.600000 0.757125 0.528571 0.754647 0.175000 0.744734 0.107143 0.741016 0.100000
2 0.773234 0.100000 0.767038 0.110714 0.758364 0.171429 0.759603 0.578571 0.762082 0.596429 0.760843 0.810714 0.771995 0.846429 0.843866 0.846429 0.856258 0.807143 0.857497 0.750000 0.855019 0.714286 0.855019 0.550000 0.857497 0.500000 0.856258 0.182143 0.845105 0.100000 0.825279 0.092857
2 0.874845 0.096429 0.867410 0.110714 0.866171 0.132143 0.861214 0.150000 0.858736 0.203571 0.862454 0.807143 0.876084 0.846429 0.949195 0.842857 0.959108 0.821429 0.961586 0.782143 0.961586 0.632143 0.959108 0.596429 0.961586 0.317857 0.959108 0.160714 0.949195 0.103571 0.941760 0.092857 0.903346 0.089286
2 0.030979 0.200000 0.024783 0.232143 0.023544 0.810714 0.033457 0.842857 0.100372 0.842857 0.109046 0.803571 0.110285 0.228571 0.105328 0.203571 0.095415 0.196429 0.045849 0.192857
2 0.122677 0.196429 0.116481 0.214286 0.112763 0.332143 0.112763 0.810714 0.125155 0.842857 0.187113 0.842857 0.195787 0.817857 0.198265 0.225000 0.194548 0.207143 0.184634 0.196429
2 0.211896 0.196429 0.204461 0.210714 0.201983 0.242857 0.200743 0.810714 0.211896 0.842857 0.275093 0.842857 0.285006 0.817857 0.286245 0.214286 0.282528 0.203571 0.272615 0.196429
2 0.297398 0.200000 0.292441 0.221429 0.289963 0.300000 0.289963 0.817857 0.297398 0.842857 0.366791 0.842857 0.372986 0.821429 0.374226 0.221429 0.370508 0.203571 0.356877 0.196429
2 0.477076 0.200000 0.470880 0.210714 0.467162 0.253571 0.468401 0.825000 0.474597 0.842857 0.484511 0.846429 0.545229 0.842857 0.550186 0.821429 0.552664 0.300000 0.548947 0.214286 0.545229 0.203571 0.534077 0.196429
