3 0.617143 0.043103 0.614286 0.086207 0.620000 0.178161 0.625714 0.192529 0.654286 0.201149 0.751429 0.201149 0.782857 0.186782 0.785714 0.097701 0.791429 0.083333 0.788571 0.045977 0.782857 0.040230 0.628571 0.037356
3 0.820000 0.045977 0.822857 0.163793 0.831429 0.192529 0.857143 0.201149 0.917143 0.204023 0.954286 0.201149 0.985714 0.186782 0.991429 0.051724 0.982857 0.040230 0.857143 0.037356 0.825714 0.040230
3 0.414286 0.241379 0.417143 0.382184 0.425714 0.393678 0.460000 0.402299 0.534286 0.402299 0.577143 0.390805 0.582857 0.376437 0.585714 0.247126 0.580000 0.241379 0.557143 0.235632 0.448571 0.235632
3 0.617143 0.241379 0.620000 0.376437 0.628571 0.393678 0.714286 0.402299 0.765714 0.396552 0.780000 0.387931 0.788571 0.247126 0.782857 0.241379 0.751429 0.235632 0.642857 0.235632
3 0.820000 0.244253 0.828571 0.390805 0.857143 0.399425 0.951429 0.399425 0.985714 0.385057 0.991429 0.272989 0.982857 0.241379 0.860000 0.235632
3 0.008571 0.439655 0.011429 0.577586 0.020000 0.591954 0.054286 0.600575 0.128571 0.600575 0.171429 0.586207 0.180000 0.456897 0.171429 0.439655 0.114286 0.433908
3 0.211429 0.439655 0.214286 0.577586 0.222857 0.591954 0.271429 0.600575 0.322857 0.600575 0.360000 0.594828 0.374286 0.586207 0.382857 0.454023 0.374286 0.439655
3 0.414286 0.442529 0.417143 0.577586 0.425714 0.591954 0.462857 0.600575 0.534286 0.600575 0.565714 0.594828 0.580000 0.583333 0.585714 0.451149 0.580000 0.439655 0.454286 0.433908 0.420000 0.436782
3 0.617143 0.439655 0.620000 0.568966 0.625714 0.589080 0.648571 0.597701 0.728571 0.600575 0.765714 0.594828 0.782857 0.583333 0.788571 0.445402 0.782857 0.439655
3 0.820000 0.442529 0.822857 0.563218 0.828571 0.589080 0.871429 0.600575 0.940000 0.600575 0.977143 0.591954 0.985714 0.583333 0.991429 0.445402 0.982857 0.436782 0.857143 0.433908
3 0.005714 0.640805 0.014286 0.787356 0.051429 0.798851 0.134286 0.798851 0.160000 0.793103 0.174286 0.781609 0.180000 0.646552 0.174286 0.637931 0.151429 0.632184 0.031429 0.632184
3 0.211429 0.637931 0.214286 0.778736 0.222857 0.790230 0.257143 0.798851 0.340000 0.798851 0.362857 0.793103 0.377143 0.781609 0.382857 0.649425 0.374286 0.637931 0.331429 0.632184
3 0.580000 0.637931 0.520000 0.632184 0.414286 0.637931 0.411429 0.678161 0.420000 0.784483 0.431429 0.793103 0.460000 0.798851 0.534286 0.798851 0.571429 0.790230 0.582857 0.767241 0.585714 0.649425
3 0.617143 0.637931 0.620000 0.775862 0.628571 0.790230 0.662857 0.798851 0.745714 0.798851 0.782857 0.784483 0.788571 0.643678 0.782857 0.637931 0.737143 0.632184
3 0.820000 0.640805 0.822857 0.758621 0.831429 0.790230 0.865714 0.798851 0.940000 0.798851 0.985714 0.784483 0.991429 0.643678 0.985714 0.637931 0.891429 0.632184 0.828571 0.635057
3 0.008571 0.836207 0.005714 0.890805 0.014286 0.985632 0.054286 0.997126 0.128571 0.997126 0.165714 0.988506 0.174286 0.979885 0.180000 0.844828 0.174286 0.836207 0.128571 0.830460
3 0.211429 0.836207 0.208571 0.890805 0.217143 0.985632 0.254286 0.997126 0.331429 0.997126 0.362857 0.991379 0.374286 0.982759 0.382857 0.844828 0.377143 0.836207 0.334286 0.830460
3 0.414286 0.836207 0.417143 0.974138 0.425714 0.988506 0.460000 0.997126 0.528571 0.997126 0.565714 0.991379 0.580000 0.982759 0.585714 0.841954 0.580000 0.836207 0.534286 0.830460
3 0.617143 0.836207 0.620000 0.971264 0.628571 0.988506 0.677143 0.997126 0.731429 0.997126 0.765714 0.991379 0.782857 0.979885 0.788571 0.841954 0.782857 0.836207 0.737143 0.830460
3 0.820000 0.841954 0.828571 0.985632 0.851429 0.994253 0.917143 0.997126 0.968571 0.991379 0.985714 0.979885 0.991429 0.853448 0.982857 0.836207 0.842857 0.833333
