3 0.006711 0.424107 0.003356 0.428571 0.003356 0.444196 0.007830 0.462054 0.010067 0.560268 0.014541 0.591518 0.022371 0.597098 0.050336 0.600446 0.083893 0.600446 0.101790 0.597098 0.108501 0.590402 0.110738 0.577009 0.111857 0.468750 0.117450 0.446429 0.117450 0.429688 0.115213 0.424107 0.108501 0.421875
3 0.133110 0.424107 0.129754 0.427455 0.129754 0.446429 0.133110 0.455357 0.137584 0.582589 0.140940 0.592634 0.151007 0.598214 0.166667 0.600446 0.212528 0.600446 0.227069 0.597098 0.233781 0.592634 0.236018 0.584821 0.238255 0.467634 0.242729 0.447545 0.241611 0.425223 0.238255 0.422991
3 0.364653 0.424107 0.354586 0.421875 0.263982 0.422991 0.255034 0.427455 0.255034 0.446429 0.258389 0.457589 0.262864 0.584821 0.268456 0.594866 0.275168 0.598214 0.290828 0.600446 0.341163 0.600446 0.351230 0.598214 0.359060 0.592634 0.362416 0.573661 0.363535 0.468750 0.368009 0.444196 0.368009 0.431920
3 0.383669 0.424107 0.380313 0.428571 0.380313 0.444196 0.384787 0.465402 0.387025 0.560268 0.391499 0.591518 0.398210 0.597098 0.420582 0.600446 0.460850 0.600446 0.479866 0.595982 0.485459 0.590402 0.487696 0.577009 0.488814 0.478795 0.494407 0.444196 0.494407 0.429688 0.489933 0.422991
3 0.087248 0.154018 0.072707 0.158482 0.063758 0.164062 0.055928 0.178571 0.055928 0.210938 0.059284 0.227679 0.060403 0.334821 0.064877 0.382812 0.070470 0.392857 0.078300 0.399554 0.104027 0.408482 0.151007 0.410714 0.175615 0.405134 0.187919 0.398438 0.197987 0.388393 0.202461 0.380580 0.204698 0.368304 0.208054 0.228795 0.212528 0.208705 0.210291 0.175223 0.200224 0.162946 0.190157 0.157366 0.175615 0.154018 0.128635 0.150670
3 0.298658 0.154018 0.276286 0.164062 0.267338 0.181920 0.267338 0.210938 0.270694 0.227679 0.272931 0.356027 0.277405 0.386161 0.287472 0.398438 0.297539 0.404018 0.333333 0.411830 0.361298 0.410714 0.390380 0.404018 0.408277 0.390625 0.416107 0.370536 0.420582 0.256696 0.419463 0.228795 0.423937 0.207589 0.423937 0.187500 0.420582 0.172991 0.407159 0.160714 0.379195 0.152902 0.322148 0.151786
3 0.115213 0.623884 0.108501 0.621652 0.079418 0.620536 0.014541 0.622768 0.004474 0.626116 0.011186 0.777902 0.013423 0.789062 0.019016 0.795759 0.038031 0.799107 0.096197 0.797991 0.107383 0.791295 0.111857 0.761161 0.112975 0.658482 0.116331 0.646205
3 0.133110 0.622768 0.129754 0.626116 0.128635 0.637277 0.134228 0.669643 0.136465 0.766741 0.140940 0.791295 0.145414 0.795759 0.165548 0.799107 0.225951 0.796875 0.232662 0.792411 0.237136 0.775670 0.238255 0.681920 0.242729 0.643973 0.241611 0.625000 0.236018 0.621652 0.157718 0.620536
3 0.115213 0.821429 0.081655 0.818080 0.004474 0.821429 0.003356 0.842634 0.007830 0.868304 0.010067 0.958705 0.012304 0.984375 0.016779 0.992188 0.031320 0.996652 0.057047 0.997768 0.095078 0.996652 0.107383 0.989955 0.111857 0.956473 0.112975 0.862723 0.117450 0.841518
3 0.241611 0.821429 0.203579 0.818080 0.134228 0.820312 0.129754 0.822545 0.128635 0.842634 0.133110 0.861607 0.136465 0.966518 0.138702 0.985491 0.143177 0.992188 0.156600 0.996652 0.200224 0.997768 0.222595 0.996652 0.233781 0.989955 0.237136 0.969866 0.238255 0.877232 0.240492 0.851562 0.243848 0.841518
3 0.259508 0.623884 0.255034 0.627232 0.255034 0.643973 0.257271 0.647321 0.259508 0.669643 0.261745 0.770089 0.266219 0.791295 0.270694 0.795759 0.291946 0.799107 0.351230 0.796875 0.359060 0.790179 0.362416 0.771205 0.362416 0.696429 0.366890 0.626116 0.361298 0.622768 0.281879 0.621652
3 0.257271 0.821429 0.253915 0.828125 0.253915 0.841518 0.258389 0.863839 0.261745 0.966518 0.265101 0.988839 0.275168 0.995536 0.324385 0.997768 0.351230 0.995536 0.359060 0.988839 0.362416 0.965402 0.363535 0.868304 0.368009 0.843750 0.366890 0.822545 0.355705 0.819196
3 0.384787 0.622768 0.380313 0.627232 0.380313 0.643973 0.384787 0.667411 0.388143 0.779018 0.391499 0.791295 0.397092 0.795759 0.414989 0.799107 0.465324 0.799107 0.478747 0.795759 0.484340 0.791295 0.487696 0.780134 0.488814 0.691964 0.491051 0.649554 0.494407 0.640625 0.493289 0.626116 0.487696 0.621652 0.472036 0.620536
3 0.382550 0.821429 0.379195 0.829241 0.379195 0.840402 0.382550 0.849330 0.384787 0.870536 0.387025 0.958705 0.391499 0.989955 0.399329 0.995536 0.449664 0.997768 0.478747 0.994420 0.484340 0.989955 0.487696 0.974330 0.489933 0.862723 0.494407 0.843750 0.493289 0.822545 0.485459 0.819196 0.406040 0.819196
3 0.510067 0.424107 0.505593 0.429688 0.510067 0.465402 0.512304 0.560268 0.516779 0.591518 0.525727 0.597098 0.551454 0.600446 0.585011 0.600446 0.602908 0.597098 0.608501 0.593750 0.611857 0.583705 0.614094 0.468750 0.618568 0.437500 0.616331 0.425223 0.610738 0.422991
3 0.634228 0.425223 0.631991 0.429688 0.631991 0.445312 0.636465 0.475446 0.638702 0.568080 0.642058 0.591518 0.649888 0.597098 0.674497 0.600446 0.712528 0.600446 0.729306 0.597098 0.736018 0.591518 0.738255 0.578125 0.740492 0.466518 0.743848 0.448661 0.743848 0.427455 0.737136 0.422991 0.647651 0.422991
3 0.508949 0.623884 0.505593 0.628348 0.505593 0.640625 0.510067 0.661830 0.512304 0.766741 0.516779 0.790179 0.523490 0.795759 0.543624 0.799107 0.582774 0.799107 0.605145 0.794643 0.610738 0.786830 0.612975 0.771205 0.614094 0.666295 0.617450 0.626116 0.614094 0.622768 0.530201 0.621652
3 0.510067 0.821429 0.505593 0.829241 0.505593 0.840402 0.508949 0.845982 0.512304 0.958705 0.514541 0.982143 0.517897 0.991071 0.535794 0.996652 0.600671 0.995536 0.608501 0.989955 0.611857 0.981027 0.614094 0.867188 0.618568 0.839286 0.616331 0.822545 0.610738 0.820312
3 0.759508 0.425223 0.756152 0.436384 0.761745 0.472098 0.763982 0.566964 0.767338 0.591518 0.776286 0.597098 0.812081 0.600446 0.845638 0.599330 0.857942 0.594866 0.862416 0.587054 0.865772 0.464286 0.869128 0.446429 0.869128 0.428571 0.865772 0.424107 0.766219 0.422991
3 0.884787 0.425223 0.882550 0.429688 0.882550 0.443080 0.887025 0.465402 0.889262 0.560268 0.892617 0.590402 0.901566 0.597098 0.926174 0.600446 0.959732 0.600446 0.982103 0.595982 0.988814 0.584821 0.991051 0.469866 0.994407 0.426339 0.985459 0.422991 0.890380 0.422991
3 0.635347 0.623884 0.631991 0.627232 0.631991 0.642857 0.635347 0.658482 0.638702 0.770089 0.642058 0.789062 0.648770 0.795759 0.667785 0.799107 0.712528 0.799107 0.733781 0.792411 0.738255 0.780134 0.740492 0.664062 0.743848 0.627232 0.739374 0.622768 0.655481 0.621652
3 0.864653 0.621652 0.780761 0.621652 0.758389 0.625000 0.757271 0.643973 0.761745 0.669643 0.763982 0.771205 0.766219 0.786830 0.770694 0.793527 0.785235 0.797991 0.834452 0.799107 0.847875 0.797991 0.859060 0.792411 0.863535 0.777902 0.865772 0.664062 0.869128 0.642857 0.869128 0.628348
3 0.884787 0.623884 0.882550 0.637277 0.887025 0.664062 0.889262 0.767857 0.893736 0.791295 0.899329 0.795759 0.914989 0.799107 0.963087 0.799107 0.982103 0.794643 0.987696 0.787946 0.989933 0.770089 0.991051 0.666295 0.994407 0.646205 0.994407 0.626116 0.982103 0.621652 0.904922 0.621652
3 0.741611 0.821429 0.705817 0.819196 0.642058 0.820312 0.633110 0.823661 0.631991 0.842634 0.636465 0.879464 0.638702 0.968750 0.640940 0.986607 0.645414 0.992188 0.658837 0.996652 0.699105 0.997768 0.722595 0.996652 0.734899 0.989955 0.739374 0.953125 0.740492 0.862723 0.744966 0.841518 0.743848 0.824777
3 0.866890 0.821429 0.828859 0.819196 0.767338 0.820312 0.758389 0.822545 0.756152 0.835938 0.759508 0.845982 0.761745 0.871652 0.763982 0.969866 0.766219 0.986607 0.774049 0.994420 0.824385 0.997768 0.847875 0.996652 0.859060 0.991071 0.862416 0.983259 0.864653 0.953125 0.865772 0.860491 0.869128 0.843750 0.869128 0.823661
3 0.885906 0.821429 0.882550 0.827009 0.882550 0.840402 0.887025 0.867188 0.891499 0.986607 0.899329 0.994420 0.908277 0.996652 0.950783 0.997768 0.972036 0.996652 0.982103 0.993304 0.987696 0.984375 0.989933 0.964286 0.991051 0.867188 0.995526 0.842634 0.994407 0.822545 0.987696 0.820312
