0 0.800000 0.060000 0.685000 0.062500 0.680000 0.110000 0.682500 0.170000 0.657500 0.205000 0.610000 0.310000 0.610000 0.437500 0.615000 0.467500 0.625000 0.455000 0.627500 0.440000 0.642500 0.427500 0.675000 0.372500 0.690000 0.247500 0.697500 0.227500 0.715000 0.210000 0.740000 0.202500 0.780000 0.202500 0.790000 0.207500 0.802500 0.202500 0.795000 0.187500 0.805000 0.067500
0 0.082500 0.470000 0.062500 0.490000 0.050000 0.517500 0.067500 0.662500 0.035000 0.730000 0.022500 0.777500 0.022500 0.865000 0.032500 0.922500 0.045000 0.932500 0.320000 0.930000 0.322500 0.902500 0.312500 0.762500 0.280000 0.695000 0.215000 0.625000 0.207500 0.552500 0.192500 0.485000 0.177500 0.465000 0.160000 0.457500 0.120000 0.455000
0 0.855000 0.717500 0.822500 0.700000 0.780000 0.697500 0.752500 0.702500 0.720000 0.732500 0.712500 0.765000 0.705000 0.855000 0.707500 0.885000 0.692500 0.907500 0.670000 0.925000 0.672500 0.930000 0.877500 0.930000 0.885000 0.775000 0.872500 0.737500
0 0.450000 0.445000 0.422500 0.462500 0.407500 0.497500 0.412500 0.625000 0.360000 0.722500 0.350000 0.750000 0.345000 0.790000 0.350000 0.795000 0.360000 0.780000 0.402500 0.755000 0.437500 0.755000 0.470000 0.765000 0.492500 0.785000 0.507500 0.815000 0.517500 0.930000 0.635000 0.930000 0.637500 0.767500 0.605000 0.680000 0.560000 0.615000 0.560000 0.505000 0.555000 0.475000 0.537500 0.452500 0.517500 0.442500 0.480000 0.437500
0 0.842500 0.425000 0.820000 0.420000 0.782500 0.425000 0.765000 0.435000 0.750000 0.452500 0.735000 0.567500 0.737500 0.592500 0.680000 0.665000 0.657500 0.722500 0.647500 0.780000 0.650000 0.922500 0.655000 0.930000 0.670000 0.927500 0.705000 0.890000 0.712500 0.752500 0.722500 0.730000 0.750000 0.702500 0.785000 0.695000 0.817500 0.697500 0.850000 0.712500 0.865000 0.725000 0.882500 0.752500 0.882500 0.930000 0.905000 0.932500 0.930000 0.925000 0.942500 0.812500 0.937500 0.722500 0.885000 0.617500 0.895000 0.500000 0.892500 0.475000 0.875000 0.445000
0 0.157500 0.245000 0.125000 0.260000 0.105000 0.290000 0.107500 0.390000 0.115000 0.415000 0.105000 0.452500 0.135000 0.450000 0.162500 0.455000 0.192500 0.482500 0.202500 0.510000 0.220000 0.625000 0.265000 0.672500 0.307500 0.737500 0.327500 0.827500 0.340000 0.782500 0.340000 0.750000 0.335000 0.730000 0.337500 0.675000 0.330000 0.565000 0.320000 0.512500 0.297500 0.465000 0.247500 0.392500 0.242500 0.325000 0.232500 0.275000 0.202500 0.247500 0.185000 0.242500
0 0.472500 0.230000 0.445000 0.227500 0.415000 0.235000 0.392500 0.250000 0.380000 0.277500 0.385000 0.392500 0.372500 0.432500 0.345000 0.487500 0.337500 0.512500 0.335000 0.552500 0.340000 0.652500 0.352500 0.725000 0.357500 0.725000 0.410000 0.622500 0.407500 0.500000 0.415000 0.475000 0.432500 0.452500 0.467500 0.437500 0.510000 0.437500 0.535000 0.450000 0.552500 0.470000 0.562500 0.507500 0.565000 0.617500 0.587500 0.655000 0.597500 0.657500 0.595000 0.542500 0.585000 0.490000 0.570000 0.457500 0.517500 0.387500 0.517500 0.312500 0.507500 0.255000
0 0.787500 0.207500 0.735000 0.205000 0.717500 0.210000 0.697500 0.227500 0.690000 0.252500 0.685000 0.362500 0.680000 0.380000 0.635000 0.442500 0.617500 0.485000 0.610000 0.542500 0.615000 0.687500 0.627500 0.730000 0.642500 0.752500 0.650000 0.750000 0.657500 0.710000 0.672500 0.675000 0.732500 0.597500 0.740000 0.502500 0.752500 0.450000 0.785000 0.422500 0.825000 0.417500 0.827500 0.412500 0.817500 0.382500 0.827500 0.272500 0.825000 0.250000 0.812500 0.225000
0 0.177500 0.062500 0.157500 0.082500 0.157500 0.155000 0.162500 0.185000 0.170000 0.192500 0.170000 0.217500 0.162500 0.235000 0.165000 0.240000 0.205000 0.247500 0.232500 0.275000 0.242500 0.317500 0.250000 0.392500 0.327500 0.510000 0.352500 0.465000 0.360000 0.437500 0.357500 0.340000 0.335000 0.275000 0.305000 0.240000 0.285000 0.205000 0.272500 0.075000 0.265000 0.065000 0.247500 0.060000
0 0.435000 0.060000 0.422500 0.082500 0.422500 0.177500 0.407500 0.197500 0.400000 0.240000 0.455000 0.225000 0.490000 0.237500 0.507500 0.255000 0.515000 0.277500 0.522500 0.390000 0.575000 0.462500 0.587500 0.497500 0.597500 0.510000 0.607500 0.337500 0.592500 0.277500 0.540000 0.197500 0.545000 0.170000 0.545000 0.085000 0.540000 0.067500 0.532500 0.060000 0.512500 0.057500
0 1.000000 0.060000 0.940000 0.062500 0.932500 0.125000 0.935000 0.160000 0.892500 0.207500 0.860000 0.272500 0.852500 0.307500 0.852500 0.422500 0.892500 0.460000 0.900000 0.482500 0.932500 0.390000 0.955000 0.362500 0.962500 0.342500 1.000000 0.297500
