3 0.009167 0.006045 0.005833 0.008636 0.005000 0.031088 0.012500 0.049223 0.012500 0.091537 0.010833 0.094991 0.012500 0.122625 0.010000 0.129534 0.009167 0.208981 0.012500 0.217617 0.020833 0.226252 0.040833 0.230570 0.088333 0.231434 0.104167 0.229706 0.117500 0.225389 0.125000 0.215889 0.126667 0.204663 0.125000 0.068221 0.126667 0.045769 0.130833 0.038860 0.132500 0.031088 0.131667 0.008636 0.124167 0.005181 0.020833 0.004318
3 0.006667 0.261658 0.005000 0.265112 0.005833 0.275475 0.004167 0.287565 0.008333 0.302245 0.009167 0.455095 0.010833 0.466321 0.015000 0.475820 0.025000 0.483592 0.047500 0.487047 0.091667 0.487047 0.115833 0.482729 0.123333 0.475820 0.126667 0.460276 0.128333 0.297927 0.132500 0.286701 0.131667 0.265976 0.122500 0.259931 0.021667 0.259067
3 0.142500 0.261658 0.140833 0.264249 0.140833 0.287565 0.145000 0.294473 0.145833 0.302245 0.145000 0.455959 0.147500 0.469775 0.157500 0.482729 0.171667 0.486183 0.224167 0.488774 0.247500 0.485320 0.255833 0.480138 0.260000 0.474957 0.264167 0.461140 0.264167 0.312608 0.265833 0.296200 0.268333 0.289292 0.268333 0.265976 0.263333 0.261658 0.165000 0.259931
3 0.144167 0.005181 0.140833 0.008636 0.140833 0.034542 0.144167 0.044041 0.145000 0.190846 0.148333 0.218480 0.154167 0.226252 0.160833 0.229706 0.176667 0.232297 0.227500 0.233161 0.248333 0.229706 0.257500 0.223661 0.263333 0.207254 0.264167 0.056995 0.268333 0.032815 0.268333 0.009499 0.266667 0.006908 0.261667 0.005181 0.245000 0.004318
3 0.009167 0.513817 0.005000 0.518135 0.005000 0.543178 0.010000 0.556131 0.009167 0.711572 0.011667 0.725389 0.016667 0.733161 0.025000 0.737478 0.040000 0.740933 0.093333 0.741796 0.115000 0.736615 0.124167 0.727979 0.127500 0.717617 0.127500 0.552677 0.132500 0.540587 0.131667 0.518135 0.123333 0.514680 0.096667 0.512953
3 0.144167 0.513817 0.140833 0.518135 0.140833 0.538860 0.147500 0.558722 0.148333 0.572539 0.147500 0.676166 0.149167 0.725389 0.156667 0.734888 0.170833 0.739206 0.220000 0.741796 0.240833 0.740933 0.249167 0.738342 0.257500 0.733161 0.264167 0.716753 0.262500 0.682211 0.264167 0.553541 0.268333 0.536269 0.267500 0.517271 0.264167 0.514680 0.248333 0.512953
3 0.007500 0.769430 0.005000 0.772021 0.005000 0.797064 0.009167 0.810881 0.009167 0.965458 0.013333 0.983592 0.021667 0.991364 0.034167 0.995682 0.090833 0.996546 0.105000 0.994819 0.116667 0.990501 0.124167 0.984456 0.127500 0.968048 0.126667 0.809154 0.131667 0.797927 0.131667 0.772021 0.127500 0.769430 0.104167 0.767703 0.015833 0.767703
3 0.144167 0.768566 0.140833 0.771157 0.140000 0.778929 0.140833 0.797064 0.145000 0.803109 0.146667 0.811744 0.146667 0.956822 0.149167 0.981002 0.156667 0.990501 0.175000 0.995682 0.230000 0.995682 0.247500 0.993092 0.260833 0.982729 0.265000 0.968912 0.265000 0.813472 0.267500 0.795337 0.267500 0.773748 0.264167 0.769430 0.229167 0.766839
3 0.283333 0.768566 0.278333 0.772884 0.278333 0.796200 0.282500 0.810017 0.283333 0.829016 0.282500 0.968048 0.285833 0.981002 0.296667 0.991364 0.309167 0.994819 0.355833 0.996546 0.372500 0.995682 0.386667 0.991364 0.395833 0.981865 0.398333 0.974957 0.399167 0.810017 0.403333 0.795337 0.404167 0.773748 0.394167 0.769430
3 0.281667 0.513817 0.277500 0.517271 0.277500 0.542314 0.282500 0.556995 0.281667 0.717617 0.283333 0.724525 0.289167 0.734024 0.302500 0.740933 0.357500 0.743523 0.386667 0.738342 0.396667 0.729706 0.400000 0.716753 0.399167 0.556131 0.405000 0.537997 0.404167 0.517271 0.396667 0.514680 0.370833 0.512953
3 0.280833 0.259931 0.275833 0.266839 0.275833 0.287565 0.280833 0.302245 0.282500 0.468048 0.290000 0.480138 0.302500 0.485320 0.365833 0.487047 0.385833 0.483592 0.394167 0.476684 0.398333 0.467185 0.400000 0.306563 0.401667 0.291019 0.404167 0.287565 0.404167 0.265112 0.400833 0.260794 0.387500 0.259067
3 0.280000 0.006045 0.277500 0.009499 0.276667 0.030225 0.280000 0.037997 0.281667 0.206390 0.284167 0.217617 0.290833 0.226252 0.299167 0.229706 0.312500 0.231434 0.370000 0.232297 0.388333 0.227979 0.397500 0.217617 0.400000 0.201209 0.400000 0.055268 0.401667 0.037997 0.405000 0.028497 0.404167 0.007772 0.399167 0.005181 0.287500 0.004318
3 0.415000 0.005181 0.413333 0.008636 0.413333 0.032815 0.418333 0.044905 0.418333 0.208981 0.421667 0.220207 0.426667 0.225389 0.434167 0.228843 0.453333 0.231434 0.501667 0.232297 0.520000 0.229706 0.526667 0.226252 0.533333 0.218480 0.535833 0.209845 0.536667 0.067358 0.538333 0.038860 0.540833 0.032815 0.540000 0.006908 0.538333 0.005181 0.525000 0.003454 0.422500 0.003454
3 0.549167 0.006045 0.547500 0.008636 0.547500 0.030225 0.552500 0.043178 0.554167 0.207254 0.556667 0.219344 0.562500 0.226252 0.567500 0.228843 0.595000 0.232297 0.646667 0.231434 0.662500 0.226252 0.668333 0.218480 0.670833 0.210708 0.672500 0.040587 0.675833 0.033679 0.675000 0.008636 0.670833 0.005181 0.560833 0.004318
3 0.687500 0.005181 0.685000 0.008636 0.685000 0.031952 0.688333 0.041451 0.689167 0.196891 0.692500 0.216753 0.699167 0.225389 0.710000 0.229706 0.720833 0.231434 0.778333 0.232297 0.794167 0.228843 0.803333 0.221934 0.807500 0.209845 0.809167 0.048359 0.814167 0.032815 0.813333 0.008636 0.810833 0.005181 0.792500 0.004318
3 0.415833 0.259067 0.413333 0.262522 0.413333 0.288428 0.417500 0.294473 0.418333 0.462867 0.420000 0.471503 0.426667 0.480138 0.434167 0.484456 0.442500 0.486183 0.484167 0.487910 0.522500 0.484456 0.530833 0.478411 0.535000 0.468048 0.537500 0.297927 0.538333 0.292746 0.541667 0.288428 0.541667 0.264249 0.539167 0.260794 0.533333 0.259067
3 0.553333 0.259067 0.550000 0.262522 0.549167 0.269430 0.550833 0.287565 0.554167 0.296200 0.554167 0.450777 0.556667 0.470639 0.563333 0.480138 0.578333 0.485320 0.623333 0.487047 0.658333 0.483592 0.668333 0.474957 0.671667 0.461140 0.672500 0.294473 0.678333 0.287565 0.678333 0.265112 0.671667 0.259067
3 0.689167 0.260794 0.685833 0.265112 0.685833 0.288428 0.689167 0.300518 0.689167 0.442142 0.691667 0.469775 0.696667 0.478411 0.703333 0.482729 0.718333 0.486183 0.770000 0.487047 0.795000 0.484456 0.804167 0.476684 0.806667 0.470639 0.808333 0.456822 0.809167 0.303972 0.814167 0.289292 0.813333 0.265976 0.810833 0.262522
3 0.415833 0.513817 0.414167 0.516408 0.413333 0.538860 0.418333 0.553541 0.418333 0.717617 0.422500 0.731434 0.431667 0.737478 0.446667 0.740933 0.510000 0.740933 0.522500 0.737478 0.530000 0.732297 0.533333 0.719344 0.534167 0.560449 0.535833 0.551813 0.540833 0.542314 0.540000 0.518998 0.537500 0.515544 0.530000 0.513817
3 0.550833 0.515544 0.549167 0.530225 0.555000 0.558722 0.554167 0.716753 0.557500 0.728843 0.562500 0.734888 0.576667 0.740069 0.613333 0.742660 0.647500 0.740069 0.664167 0.734024 0.670000 0.726252 0.671667 0.720207 0.671667 0.556131 0.673333 0.546632 0.677500 0.538860 0.676667 0.518135 0.674167 0.515544 0.667500 0.513817 0.614167 0.514680 0.563333 0.512953
3 0.689167 0.513817 0.685833 0.517271 0.685833 0.540587 0.690833 0.560449 0.690833 0.717617 0.692500 0.726252 0.697500 0.733161 0.707500 0.738342 0.723333 0.741796 0.772500 0.742660 0.795000 0.736615 0.805000 0.727979 0.808333 0.709845 0.807500 0.581174 0.808333 0.558722 0.813333 0.544905 0.813333 0.518998 0.810833 0.515544
3 0.415833 0.768566 0.413333 0.772884 0.414167 0.794473 0.419167 0.799655 0.419167 0.968048 0.421667 0.981865 0.429167 0.990501 0.442500 0.994819 0.496667 0.995682 0.521667 0.992228 0.530000 0.985320 0.534167 0.974957 0.534167 0.860967 0.532500 0.846287 0.535000 0.804836 0.540000 0.796200 0.539167 0.771157 0.533333 0.768566 0.423333 0.766839
3 0.551667 0.768566 0.549167 0.772021 0.549167 0.792746 0.555000 0.811744 0.555000 0.973230 0.558333 0.983592 0.565000 0.991364 0.579167 0.995682 0.635833 0.996546 0.654167 0.993955 0.661667 0.990501 0.670000 0.981002 0.672500 0.971503 0.672500 0.810881 0.674167 0.801382 0.677500 0.795337 0.676667 0.774611 0.675000 0.770294 0.669167 0.768566 0.563333 0.766839
3 0.686667 0.768566 0.685000 0.772021 0.685000 0.792746 0.690833 0.809154 0.692500 0.835060 0.691667 0.972366 0.694167 0.982729 0.697500 0.987047 0.705833 0.992228 0.728333 0.996546 0.773333 0.996546 0.798333 0.991364 0.805833 0.983592 0.809167 0.968912 0.808333 0.829879 0.809167 0.814335 0.813333 0.799655 0.813333 0.774611 0.811667 0.770294 0.791667 0.767703 0.763333 0.768566 0.737500 0.766839 0.696667 0.766839
