1 0.306467 0.885000 0.281162 0.868125 0.254920 0.857500 0.237113 0.856875 0.230553 0.855000 0.200562 0.854375 0.172446 0.858750 0.120900 0.861250 0.111528 0.864375 0.085286 0.879375 0.070291 0.893125 0.056232 0.912500 0.048735 0.930625 0.047798 0.958750 0.057170 0.983125 0.069353 1.000000 0.304592 1.000000 0.304592 0.997500 0.313027 0.988750 0.326148 0.966250 0.330834 0.951250 0.330834 0.932500 0.327085 0.915000 0.315839 0.896250
1 0.122774 0.681250 0.090909 0.681875 0.072165 0.684375 0.067479 0.686875 0.063730 0.686875 0.040300 0.696250 0.036551 0.700625 0.024367 0.704375 0.020619 0.707500 0.009372 0.711875 0.000000 0.721875 0.000000 0.821875 0.009372 0.831875 0.048735 0.850625 0.080600 0.856875 0.111528 0.858125 0.134958 0.853125 0.159325 0.851875 0.190253 0.846875 0.202437 0.842500 0.225867 0.826250 0.237113 0.811250 0.245548 0.781875 0.245548 0.765625 0.242737 0.752500 0.225867 0.727500 0.210872 0.711875 0.195876 0.701875 0.173383 0.691875 0.144330 0.683750
1 0.402999 0.708750 0.399250 0.708750 0.396439 0.711250 0.384255 0.710625 0.380506 0.713750 0.376757 0.711250 0.373008 0.714375 0.369260 0.713750 0.365511 0.715000 0.355201 0.713125 0.349578 0.715000 0.340206 0.713750 0.329897 0.714375 0.312090 0.720000 0.291471 0.731250 0.274602 0.743750 0.262418 0.758750 0.251172 0.783125 0.251172 0.811875 0.256795 0.827500 0.265230 0.842500 0.283037 0.860625 0.299906 0.873750 0.318650 0.882500 0.339269 0.889375 0.372071 0.895000 0.410497 0.894375 0.428304 0.891875 0.458294 0.885625 0.489222 0.872500 0.506092 0.858125 0.520150 0.841250 0.527648 0.826250 0.531396 0.813125 0.532334 0.795000 0.530459 0.782500 0.525773 0.773125 0.514527 0.761250 0.499531 0.750625 0.490159 0.746250 0.482662 0.738125 0.457357 0.720625 0.440487 0.716875 0.435801 0.717500 0.425492 0.713125 0.417994 0.711875 0.412371 0.713125
1 0.710403 0.872500 0.698219 0.864375 0.682287 0.857500 0.635426 0.848125 0.618557 0.842500 0.605436 0.841250 0.585754 0.843125 0.559513 0.849375 0.548266 0.850625 0.524836 0.858750 0.519213 0.862500 0.508903 0.866250 0.492971 0.876875 0.477976 0.891875 0.468604 0.907500 0.460169 0.931875 0.459231 0.948750 0.461106 0.963125 0.465792 0.971875 0.466729 0.986250 0.476101 1.000000 0.727273 1.000000 0.740394 0.983125 0.744142 0.971250 0.747891 0.966250 0.749766 0.930625 0.741331 0.907500
1 0.795689 0.700000 0.735708 0.716875 0.717901 0.727500 0.702905 0.742500 0.688847 0.765625 0.682287 0.789375 0.684161 0.811875 0.690722 0.830000 0.689784 0.841250 0.694470 0.846250 0.694470 0.850625 0.716963 0.868750 0.724461 0.873125 0.747891 0.876875 0.759138 0.881875 0.798500 0.885625 0.837863 0.885625 0.858482 0.883125 0.888472 0.875000 0.905342 0.868125 0.922212 0.858125 0.938144 0.843750 0.955014 0.811250 0.955951 0.785625 0.952202 0.766875 0.942830 0.750000 0.926898 0.735000 0.901593 0.718125 0.889410 0.712500 0.862231 0.703750 0.845361 0.700625 0.829428 0.699375
1 0.622306 0.586250 0.595127 0.585625 0.585754 0.587500 0.569822 0.593125 0.554827 0.603750 0.552015 0.604375 0.549203 0.602500 0.540769 0.601875 0.524836 0.610000 0.509841 0.615000 0.485473 0.631250 0.465792 0.657500 0.462043 0.676875 0.462980 0.690000 0.477976 0.705000 0.477976 0.710000 0.481724 0.716250 0.487348 0.720625 0.492971 0.736875 0.504217 0.748125 0.540769 0.771250 0.552015 0.771875 0.563261 0.775000 0.601687 0.775625 0.627929 0.773750 0.662605 0.765625 0.679475 0.756875 0.686036 0.746875 0.698219 0.734375 0.716963 0.719375 0.725398 0.705625 0.726336 0.696875 0.728210 0.695000 0.729147 0.676875 0.721649 0.654375 0.710403 0.638750 0.701031 0.630000 0.675726 0.611875 0.671040 0.611250 0.655108 0.598125 0.637301 0.590000
1 0.257732 0.531875 0.242737 0.540625 0.233365 0.550625 0.227741 0.561250 0.228679 0.578125 0.219306 0.579375 0.215558 0.577500 0.215558 0.580625 0.210872 0.583125 0.209934 0.586875 0.202437 0.591250 0.205248 0.595625 0.202437 0.598750 0.203374 0.605625 0.199625 0.610000 0.201500 0.634375 0.199625 0.641250 0.200562 0.653750 0.205248 0.665625 0.211809 0.673750 0.227741 0.686875 0.257732 0.701875 0.300843 0.712500 0.318650 0.712500 0.333646 0.708750 0.343955 0.708125 0.352390 0.705625 0.358950 0.700625 0.365511 0.698750 0.373008 0.698750 0.376757 0.700625 0.387067 0.699375 0.396439 0.700625 0.416120 0.694375 0.423618 0.689375 0.432990 0.686250 0.438613 0.681875 0.446111 0.671875 0.451734 0.657500 0.455483 0.640625 0.454545 0.622500 0.445173 0.606875 0.428304 0.592500 0.402062 0.575000 0.386129 0.571250 0.381443 0.571875 0.364574 0.567500 0.358013 0.564375 0.354264 0.565000 0.345829 0.559375 0.343955 0.554375 0.337395 0.549375 0.336457 0.545625 0.328022 0.538750 0.317713 0.533750 0.302718 0.529375 0.285848 0.527500 0.275539 0.528125
1 0.000000 0.499375 0.000000 0.674375 0.029991 0.686875 0.044986 0.688125 0.074039 0.679375 0.126523 0.676250 0.139644 0.673750 0.164011 0.657500 0.179944 0.641250 0.179944 0.631875 0.177132 0.626250 0.183693 0.623125 0.190253 0.578750 0.186504 0.566875 0.178069 0.551875 0.163074 0.536250 0.159325 0.533750 0.154639 0.535000 0.149953 0.531875 0.148079 0.532500 0.142455 0.530000 0.138707 0.525625 0.124649 0.516875 0.123711 0.513125 0.112465 0.507500 0.056232 0.501250 0.048735 0.502500 0.036551 0.508125 0.030928 0.508750 0.019681 0.505000 0.013121 0.500625
1 0.110590 0.289375 0.096532 0.296250 0.087160 0.304375 0.080600 0.314375 0.078725 0.325000 0.079663 0.332500 0.084349 0.338750 0.084349 0.341875 0.090909 0.350000 0.105904 0.361250 0.121837 0.387500 0.120900 0.393750 0.111528 0.396875 0.107779 0.403125 0.095595 0.411250 0.088097 0.426875 0.088097 0.440000 0.090909 0.448125 0.113402 0.482500 0.130272 0.497500 0.139644 0.501250 0.153702 0.511250 0.158388 0.511250 0.165886 0.515000 0.189316 0.517500 0.197751 0.520000 0.235239 0.521875 0.250234 0.520625 0.252109 0.518750 0.264292 0.519375 0.268978 0.516875 0.273664 0.516875 0.283974 0.509375 0.295220 0.506875 0.299906 0.502500 0.303655 0.502500 0.312090 0.498750 0.314902 0.480625 0.318650 0.479375 0.319588 0.476250 0.323336 0.476250 0.324274 0.480000 0.326148 0.480000 0.326148 0.476875 0.323336 0.476250 0.323336 0.473125 0.316776 0.467500 0.316776 0.462500 0.323336 0.451250 0.327085 0.436250 0.326148 0.411250 0.313027 0.388750 0.295220 0.368750 0.277413 0.356250 0.262418 0.348750 0.249297 0.345000 0.243674 0.341875 0.238988 0.341875 0.231490 0.338125 0.224930 0.338750 0.220244 0.337500 0.217432 0.339375 0.212746 0.336250 0.202437 0.313750 0.193065 0.301250 0.179007 0.291875 0.164011 0.286875 0.145267 0.283750 0.126523 0.285000 0.121837 0.287500
1 0.439550 0.338125 0.417057 0.346250 0.407685 0.353125 0.399250 0.364375 0.396439 0.383750 0.378632 0.392500 0.361762 0.404375 0.344892 0.425625 0.342081 0.440000 0.347704 0.494375 0.349578 0.500000 0.361762 0.518125 0.370197 0.523125 0.372071 0.526250 0.376757 0.523750 0.394564 0.533125 0.416120 0.539375 0.423618 0.545000 0.435801 0.545625 0.439550 0.544375 0.450797 0.544375 0.459231 0.548750 0.466729 0.548750 0.470478 0.546250 0.481724 0.545625 0.494845 0.546875 0.505155 0.541250 0.514527 0.540625 0.529522 0.535000 0.535145 0.530000 0.544517 0.526250 0.570759 0.505000 0.581068 0.493125 0.586692 0.483750 0.593252 0.461875 0.592315 0.443750 0.587629 0.421250 0.583880 0.412500 0.577320 0.406250 0.537957 0.383750 0.513590 0.374375 0.506092 0.359375 0.500469 0.353125 0.488285 0.345000 0.465792 0.338125
1 0.767573 0.390625 0.742268 0.390000 0.727273 0.392500 0.721649 0.395000 0.702905 0.407500 0.696345 0.417500 0.693533 0.428125 0.689784 0.431250 0.673852 0.433125 0.665417 0.438125 0.660731 0.437500 0.657919 0.439375 0.653233 0.438750 0.650422 0.440625 0.647610 0.438750 0.643861 0.439375 0.640112 0.441875 0.639175 0.445000 0.629803 0.451250 0.627929 0.455625 0.622306 0.453750 0.616682 0.458125 0.611059 0.466250 0.612933 0.471250 0.610122 0.473750 0.605436 0.494375 0.606373 0.503125 0.602624 0.527500 0.602624 0.545625 0.611059 0.555000 0.627929 0.567500 0.639175 0.572500 0.642924 0.577500 0.650422 0.578750 0.658857 0.583125 0.685098 0.588125 0.697282 0.588125 0.704780 0.590625 0.728210 0.588750 0.734770 0.589375 0.743205 0.587500 0.749766 0.588125 0.765698 0.585000 0.778819 0.580625 0.791003 0.571875 0.798500 0.569375 0.805061 0.565000 0.822868 0.546250 0.823805 0.534375 0.821931 0.519375 0.818182 0.512500 0.820056 0.506875 0.819119 0.501875 0.822868 0.498750 0.820993 0.493750 0.822868 0.489375 0.814433 0.478750 0.814433 0.474375 0.810684 0.475000 0.805998 0.470625 0.806935 0.466250 0.804124 0.463125 0.805061 0.458125 0.803187 0.455000 0.805061 0.450625 0.803187 0.446875 0.807873 0.430625 0.805998 0.416250 0.803187 0.410000 0.793814 0.401250 0.780694 0.394375
1 0.982193 0.528125 0.961575 0.528125 0.939082 0.533125 0.924086 0.540625 0.906279 0.555625 0.892221 0.563125 0.877226 0.563125 0.873477 0.560000 0.866917 0.561250 0.858482 0.560000 0.840675 0.560625 0.824742 0.564375 0.811621 0.570625 0.794752 0.583125 0.788191 0.591875 0.785380 0.606875 0.786317 0.611250 0.776945 0.621875 0.776945 0.628750 0.771321 0.639375 0.769447 0.649375 0.771321 0.658125 0.770384 0.666250 0.776007 0.673750 0.778819 0.684375 0.782568 0.687500 0.791003 0.690000 0.797563 0.694375 0.848172 0.698750 0.873477 0.704375 0.903468 0.716250 0.910028 0.722500 0.918463 0.725000 0.924086 0.729375 0.934396 0.733750 0.940019 0.738750 0.950328 0.737500 0.955014 0.739375 0.958763 0.736875 0.957826 0.731875 0.966261 0.726250 0.970947 0.725625 0.977507 0.719375 1.000000 0.704375 1.000000 0.656250 0.989691 0.652500 0.986879 0.646250 0.982193 0.643750 0.978444 0.638750 0.984067 0.633750 0.996251 0.627500 1.000000 0.627500 1.000000 0.531250
1 0.626054 0.213125 0.603561 0.220000 0.586692 0.235000 0.580131 0.250000 0.574508 0.253750 0.551078 0.262500 0.524836 0.280000 0.508903 0.297500 0.503280 0.310625 0.501406 0.327500 0.510778 0.343125 0.520150 0.350625 0.523899 0.365625 0.530459 0.374375 0.563261 0.393750 0.578257 0.400000 0.591378 0.408750 0.602624 0.411875 0.624180 0.410625 0.635426 0.412500 0.645736 0.410000 0.694470 0.405625 0.701031 0.403750 0.717901 0.395000 0.721649 0.391250 0.731959 0.388750 0.742268 0.381250 0.748828 0.373125 0.750703 0.341250 0.743205 0.310000 0.736645 0.302500 0.731959 0.290625 0.727273 0.289375 0.724461 0.284375 0.715089 0.278125 0.703843 0.276875 0.701031 0.278750 0.694470 0.276250 0.690722 0.278125 0.688847 0.276250 0.686973 0.267500 0.689784 0.246250 0.688847 0.237500 0.685098 0.230625 0.678538 0.224375 0.667291 0.218750 0.647610 0.213750
1 0.022493 0.095625 0.009372 0.103750 0.000000 0.116250 0.000000 0.143125 0.002812 0.144375 0.008435 0.155625 0.027179 0.174375 0.032802 0.186875 0.046860 0.205000 0.044049 0.212500 0.032802 0.221875 0.015933 0.244375 0.014058 0.259375 0.014058 0.275625 0.016870 0.288750 0.021556 0.294375 0.025305 0.293125 0.029053 0.294375 0.023430 0.298750 0.029053 0.306250 0.032802 0.307500 0.032802 0.311250 0.041237 0.320000 0.046860 0.331250 0.056232 0.338750 0.066542 0.341875 0.072165 0.347500 0.079663 0.347500 0.081537 0.345625 0.077788 0.341875 0.077788 0.319375 0.079663 0.313125 0.087160 0.302500 0.105904 0.290000 0.117151 0.286250 0.137769 0.283125 0.162137 0.285000 0.185567 0.293750 0.202437 0.309375 0.205248 0.316250 0.212746 0.325000 0.221181 0.325625 0.227741 0.320625 0.234302 0.311250 0.238988 0.288125 0.248360 0.273750 0.250234 0.265625 0.255858 0.256875 0.255858 0.235000 0.251172 0.228750 0.248360 0.220625 0.236176 0.210625 0.224930 0.204375 0.219306 0.203125 0.191190 0.185625 0.176195 0.181250 0.159325 0.180000 0.145267 0.175000 0.140581 0.170000 0.139644 0.165000 0.125586 0.141250 0.123711 0.130000 0.116214 0.115000 0.108716 0.106875 0.089035 0.095000 0.074977 0.091250 0.058107 0.089375 0.041237 0.090625
1 0.328960 0.146250 0.305530 0.150000 0.298032 0.152500 0.294283 0.155625 0.289597 0.156250 0.283037 0.160000 0.279288 0.167500 0.273664 0.173125 0.272727 0.188750 0.275539 0.200000 0.281162 0.206875 0.283037 0.224375 0.279288 0.227500 0.269916 0.228125 0.262418 0.231875 0.259606 0.249375 0.264292 0.253125 0.259606 0.263125 0.252109 0.267500 0.250234 0.280000 0.242737 0.290625 0.240862 0.296875 0.240862 0.315000 0.246485 0.325625 0.252109 0.326875 0.267104 0.340625 0.274602 0.343750 0.295220 0.356875 0.309278 0.368750 0.325211 0.385625 0.328960 0.387500 0.342081 0.388750 0.346767 0.386875 0.358013 0.386875 0.388004 0.381250 0.394564 0.374375 0.400187 0.360000 0.407685 0.351250 0.417057 0.345000 0.439550 0.336875 0.447985 0.335625 0.469541 0.337500 0.481724 0.336875 0.488285 0.327500 0.489222 0.307500 0.486410 0.281875 0.481724 0.268125 0.472352 0.251875 0.457357 0.238125 0.431115 0.222500 0.417057 0.218125 0.409560 0.218125 0.402062 0.213750 0.395501 0.213750 0.389878 0.202500 0.388004 0.184375 0.384255 0.173750 0.374883 0.160625 0.368322 0.156250 0.362699 0.155000 0.353327 0.150000 0.339269 0.146875
1 0.968135 0.142500 0.938144 0.141875 0.930647 0.143125 0.909091 0.152500 0.898782 0.161250 0.892221 0.173125 0.890347 0.186875 0.882849 0.195625 0.873477 0.200000 0.864105 0.199375 0.852858 0.200625 0.831303 0.205000 0.815370 0.211875 0.793814 0.228125 0.787254 0.240000 0.779756 0.247500 0.780694 0.254375 0.771321 0.283750 0.770384 0.292500 0.773196 0.326875 0.782568 0.333750 0.791940 0.335625 0.809747 0.343125 0.826617 0.353125 0.830366 0.357500 0.840675 0.360000 0.848172 0.359375 0.870665 0.370625 0.873477 0.370625 0.877226 0.366875 0.884724 0.370000 0.905342 0.371875 0.908154 0.370000 0.924086 0.370000 0.934396 0.366250 0.940956 0.360000 0.947516 0.357500 0.964386 0.346875 0.970009 0.341875 0.972821 0.331875 0.990628 0.306875 0.997188 0.288750 1.000000 0.286250 1.000000 0.253125 0.982193 0.228750 0.983130 0.219375 0.987816 0.206250 0.994377 0.201250 0.996251 0.195625 1.000000 0.193750 1.000000 0.160625 0.984067 0.148750
1 0.452671 0.010625 0.431115 0.017500 0.422680 0.023125 0.414246 0.032500 0.411434 0.041250 0.411434 0.052500 0.417057 0.072500 0.416120 0.085625 0.411434 0.090000 0.399250 0.091250 0.385192 0.096250 0.375820 0.102500 0.368322 0.110625 0.368322 0.143750 0.373008 0.153750 0.379569 0.159375 0.388941 0.171875 0.392690 0.196875 0.398313 0.204375 0.402999 0.207500 0.435801 0.219375 0.452671 0.230000 0.475164 0.250000 0.489222 0.276875 0.494845 0.280000 0.504217 0.280625 0.529522 0.269375 0.534208 0.265000 0.559513 0.252500 0.575445 0.234375 0.582006 0.217500 0.588566 0.186875 0.591378 0.141250 0.583880 0.121875 0.569822 0.106250 0.540769 0.085625 0.522024 0.078750 0.519213 0.075625 0.517338 0.064375 0.520150 0.055000 0.520150 0.041875 0.516401 0.032500 0.509841 0.024375 0.500469 0.017500 0.488285 0.015000 0.481724 0.011875 0.467666 0.010000
1 0.157451 0.000000 0.141518 0.011250 0.126523 0.030000 0.121837 0.041250 0.119025 0.066250 0.126523 0.091250 0.141518 0.110000 0.163074 0.130000 0.171509 0.135625 0.174321 0.141250 0.178069 0.143750 0.179007 0.148125 0.183693 0.152500 0.195876 0.178125 0.203374 0.186250 0.213683 0.194375 0.227741 0.201250 0.238051 0.204375 0.250234 0.213750 0.252109 0.218750 0.263355 0.225625 0.276476 0.216250 0.269916 0.190000 0.269916 0.181250 0.274602 0.167500 0.283037 0.158125 0.299906 0.149375 0.316776 0.143750 0.322399 0.140000 0.328022 0.140625 0.337395 0.138750 0.344892 0.133125 0.352390 0.131250 0.354264 0.126875 0.358950 0.123750 0.367385 0.085000 0.367385 0.065625 0.359888 0.043125 0.341143 0.018125 0.326148 0.005625 0.314902 0.002500 0.313027 0.000000
1 0.748828 0.029375 0.723524 0.032500 0.714152 0.036875 0.704780 0.043750 0.696345 0.055625 0.687910 0.091875 0.682287 0.101875 0.676664 0.106875 0.678538 0.111875 0.676664 0.113750 0.671978 0.109375 0.666354 0.109375 0.657919 0.111875 0.634489 0.127500 0.612933 0.156250 0.604499 0.185000 0.606373 0.189375 0.606373 0.210000 0.613871 0.211250 0.626992 0.210000 0.642924 0.210625 0.653233 0.212500 0.670103 0.218125 0.685098 0.228750 0.690722 0.236875 0.693533 0.246250 0.693533 0.260000 0.696345 0.263125 0.714152 0.265000 0.727273 0.271250 0.731959 0.271250 0.734770 0.273125 0.744142 0.272500 0.752577 0.268125 0.787254 0.228750 0.817245 0.205625 0.820993 0.199375 0.821931 0.190625 0.825679 0.185625 0.827554 0.178125 0.825679 0.165625 0.828491 0.163125 0.820993 0.138750 0.816307 0.134375 0.811621 0.125625 0.801312 0.118750 0.789128 0.105000 0.789128 0.094375 0.797563 0.072500 0.795689 0.051875 0.788191 0.042500 0.772259 0.033125
