4 0.504167 0.355556 0.504167 0.433333 0.595833 0.433333 0.595833 0.370370 0.589583 0.351852 0.514583 0.344444
4 0.318750 0.340741 0.314583 0.355556 0.314583 0.418519 0.400000 0.437037 0.406250 0.370370 0.395833 0.340741
4 0.506250 0.437037 0.504167 0.544444 0.512500 0.533333 0.600000 0.537037 0.602083 0.485185 0.600000 0.444444 0.595833 0.437037 0.512500 0.429630
4 0.604167 0.444444 0.604167 0.500000 0.610417 0.544444 0.625000 0.537037 0.702083 0.540741 0.697917 0.440741 0.610417 0.433333
4 0.704167 0.481481 0.706250 0.533333 0.716667 0.548148 0.720833 0.574074 0.743750 0.562963 0.810417 0.566667 0.806250 0.533333 0.808333 0.481481 0.802083 0.470370 0.712500 0.466667
4 0.810417 0.492593 0.810417 0.544444 0.814583 0.562963 0.852083 0.581481 0.914583 0.577778 0.910417 0.551852 0.912500 0.514815 0.906250 0.477778 0.835417 0.474074
4 1.000000 0.481481 0.925000 0.477778 0.914583 0.492593 0.920833 0.574074 0.941667 0.585185 0.945833 0.600000 0.945833 0.662963 0.952083 0.714815 0.922917 0.829630 0.912500 0.892593 0.927083 0.896296 0.939583 0.885185 0.968750 0.762963 1.000000 0.666667
4 0.881250 0.407407 0.887500 0.466667 0.975000 0.474074 0.970833 0.414815 0.962500 0.392593 0.891667 0.385185
4 0.789583 0.396296 0.789583 0.448148 0.800000 0.466667 0.883333 0.466667 0.881250 0.407407 0.872917 0.385185 0.812500 0.377778 0.797917 0.381481
4 0.408333 0.366667 0.408333 0.437037 0.495833 0.440741 0.495833 0.370370 0.489583 0.359259 0.414583 0.359259
4 0.225000 0.355556 0.225000 0.425926 0.297917 0.433333 0.308333 0.414815 0.308333 0.348148 0.233333 0.340741
4 0.600000 0.362963 0.600000 0.425926 0.604167 0.440741 0.614583 0.433333 0.689583 0.433333 0.689583 0.381481 0.681250 0.355556 0.614583 0.348148 0.604167 0.351852
4 0.591667 0.259259 0.589583 0.314815 0.593750 0.351852 0.672917 0.348148 0.672917 0.281481 0.668750 0.266667
4 0.502083 0.259259 0.502083 0.348148 0.585417 0.348148 0.583333 0.266667 0.579167 0.259259
4 0.414583 0.270370 0.412500 0.359259 0.493750 0.362963 0.493750 0.274074 0.489583 0.266667
4 0.325000 0.251852 0.325000 0.337037 0.404167 0.348148 0.404167 0.262963 0.400000 0.251852
4 0.241667 0.255556 0.243750 0.340741 0.314583 0.344444 0.318750 0.333333 0.320833 0.262963 0.316667 0.251852
4 0.160417 0.255556 0.160417 0.333333 0.233333 0.340741 0.237500 0.333333 0.239583 0.274074 0.235417 0.251852 0.164583 0.248148
4 0.137500 0.337037 0.135417 0.429630 0.206250 0.440741 0.218750 0.425926 0.222917 0.351852 0.218750 0.344444 0.172917 0.333333
4 0.943750 0.588889 0.920833 0.581481 0.854167 0.581481 0.835417 0.600000 0.835417 0.714815 0.804167 0.859259 0.800000 0.907407 0.808333 0.914815 0.891667 0.914815 0.910417 0.892593 0.952083 0.714815 0.952083 0.696296 0.943750 0.666667
4 0.727083 0.566667 0.720833 0.574074 0.722917 0.666667 0.704167 0.796296 0.695833 0.907407 0.787500 0.911111 0.795833 0.900000 0.816667 0.785185 0.835417 0.711111 0.831250 0.648148 0.835417 0.574074 0.783333 0.562963
4 0.618750 0.537037 0.612500 0.544444 0.612500 0.677778 0.597917 0.900000 0.627083 0.911111 0.687500 0.907407 0.695833 0.874074 0.702083 0.792593 0.718750 0.688889 0.714583 0.548148 0.704167 0.540741
4 0.508333 0.533333 0.500000 0.674074 0.500000 0.900000 0.587500 0.903704 0.593750 0.885185 0.600000 0.759259 0.608333 0.696296 0.608333 0.548148 0.604167 0.540741 0.535417 0.529630
4 0.397917 0.540741 0.389583 0.648148 0.397917 0.888889 0.412500 0.896296 0.491667 0.896296 0.495833 0.559259 0.485417 0.540741
4 0.297917 0.511111 0.289583 0.525926 0.281250 0.629630 0.297917 0.874074 0.314583 0.888889 0.341667 0.888889 0.345833 0.874074 0.356250 0.874074 0.360417 0.888889 0.389583 0.888889 0.389583 0.544444 0.379167 0.518519
4 0.108333 0.433333 0.102083 0.525926 0.175000 0.537037 0.195833 0.514815 0.200000 0.448148 0.191667 0.433333
4 0.183333 0.525926 0.179167 0.537037 0.181250 0.559259 0.172917 0.618519 0.172917 0.659259 0.189583 0.800000 0.195833 0.818519 0.195833 0.844444 0.204167 0.874074 0.264583 0.874074 0.264583 0.885185 0.270833 0.885185 0.270833 0.874074 0.289583 0.874074 0.285417 0.848148 0.289583 0.844444 0.289583 0.777778 0.281250 0.677778 0.281250 0.537037 0.270833 0.525926
4 0.075000 0.533333 0.066667 0.666667 0.095833 0.840741 0.112500 0.874074 0.185417 0.881481 0.189583 0.874074 0.191667 0.837037 0.170833 0.659259 0.172917 0.544444 0.150000 0.533333
4 0.404167 0.440741 0.402083 0.540741 0.495833 0.544444 0.495833 0.455556 0.491667 0.444444
4 0.306250 0.422222 0.300000 0.511111 0.375000 0.518519 0.389583 0.548148 0.397917 0.518519 0.397917 0.433333 0.341667 0.418519
4 0.204167 0.440741 0.204167 0.522222 0.281250 0.533333 0.293750 0.500000 0.297917 0.455556 0.293750 0.433333 0.220833 0.433333 0.216667 0.425926
