0 0.225240 0.613909 0.214058 0.633094 0.210863 0.649880 0.214058 0.719424 0.172524 0.769784 0.158147 0.793765 0.126198 0.892086 0.126198 0.956835 0.140575 0.997602 0.247604 1.000000 0.253994 0.985612 0.284345 0.961631 0.311502 0.954436 0.353035 0.954436 0.369010 0.964029 0.372204 0.961631 0.389776 0.988010 0.392971 1.000000 0.412141 1.000000 0.428115 0.976019 0.436102 0.954436 0.429712 0.894484 0.399361 0.805755 0.370607 0.762590 0.325879 0.714628 0.329073 0.673861 0.322684 0.625899 0.311502 0.609113 0.287540 0.597122 0.258786 0.597122
0 0.685304 0.000000 0.589457 0.000000 0.587859 0.023981 0.597444 0.079137 0.592652 0.093525 0.563898 0.127098 0.546326 0.155875 0.539936 0.179856 0.543131 0.189448 0.546326 0.249400 0.554313 0.254197 0.565495 0.285372 0.563898 0.299760 0.584665 0.376499 0.595847 0.374101 0.646965 0.318945 0.648562 0.256595 0.666134 0.225420 0.682109 0.218225 0.710863 0.218225 0.747604 0.237410 0.746006 0.208633 0.728435 0.160671 0.678914 0.057554 0.686901 0.014388
0 0.865815 0.067146 0.838658 0.067146 0.811502 0.083933 0.805112 0.117506 0.808307 0.167866 0.801917 0.182254 0.761981 0.223022 0.752396 0.247002 0.750799 0.323741 0.776358 0.352518 0.797125 0.386091 0.825879 0.467626 0.832268 0.513189 0.840256 0.513189 0.861022 0.477218 0.907348 0.436451 0.915335 0.359712 0.923323 0.345324 0.953674 0.330935 0.958466 0.321343 0.953674 0.278177 0.945687 0.254197 0.902556 0.182254 0.904153 0.112710 0.899361 0.091127 0.886581 0.076739
0 0.977636 0.335731 0.945687 0.335731 0.921725 0.350120 0.913738 0.376499 0.912141 0.436451 0.867412 0.477218 0.854633 0.496403 0.837061 0.539568 0.841853 0.585132 0.840256 0.625899 0.875399 0.678657 0.902556 0.729017 0.920128 0.788969 0.929712 0.848921 0.934505 0.860911 0.945687 0.851319 0.971246 0.803357 1.000000 0.772182 1.000000 0.345324
0 0.714058 0.220624 0.678914 0.220624 0.656550 0.237410 0.648562 0.261391 0.650160 0.318945 0.610224 0.362110 0.591054 0.393285 0.571885 0.482014 0.571885 0.501199 0.578275 0.515588 0.610224 0.558753 0.632588 0.604317 0.646965 0.647482 0.656550 0.693046 0.669329 0.685851 0.723642 0.623501 0.728435 0.549161 0.739617 0.529976 0.768371 0.513189 0.790735 0.513189 0.816294 0.525180 0.824281 0.525180 0.825879 0.517986 0.821086 0.472422 0.803514 0.410072 0.781150 0.371703 0.744409 0.326139 0.749201 0.287770 0.749201 0.263789 0.744409 0.244604 0.738019 0.235012
0 0.766773 0.515588 0.749201 0.522782 0.734824 0.537170 0.728435 0.561151 0.728435 0.623501 0.683706 0.671463 0.658147 0.707434 0.640575 0.767386 0.642173 0.846523 0.674121 0.894484 0.702875 0.928058 0.725240 0.976019 0.728435 1.000000 0.822684 1.000000 0.827476 0.942446 0.846645 0.911271 0.876997 0.899281 0.918530 0.901679 0.924920 0.896882 0.926518 0.863309 0.921725 0.815348 0.912141 0.769784 0.888179 0.705036 0.837061 0.630695 0.838658 0.565947 0.833866 0.544365 0.811502 0.522782 0.789137 0.515588
0 0.000000 0.798561 0.000000 1.000000 0.121406 1.000000 0.121406 0.990408 0.116613 0.985612 0.118211 0.980815 0.105431 0.961631 0.065495 0.920863 0.062300 0.863309 0.054313 0.829736 0.035144 0.808153
0 0.159744 0.000000 0.154952 0.019185 0.156550 0.069544 0.148562 0.083933 0.146965 0.103118 0.137380 0.119904 0.137380 0.129496 0.121406 0.175060 0.118211 0.242206 0.119808 0.249400 0.129393 0.254197 0.134185 0.278177 0.161342 0.338129 0.175719 0.383693 0.185304 0.381295 0.194888 0.369305 0.202875 0.292566 0.223642 0.268585 0.247604 0.261391 0.273163 0.263789 0.292332 0.278177 0.297125 0.285372 0.301917 0.309353 0.303514 0.359712 0.314696 0.374101 0.330671 0.378897 0.333866 0.374101 0.335463 0.340528 0.329073 0.232614 0.319489 0.191847 0.293930 0.136691 0.249201 0.079137 0.249201 0.002398
0 0.000000 0.127098 0.000000 0.467626 0.020767 0.472422 0.038339 0.484412 0.051118 0.508393 0.055911 0.573141 0.084665 0.597122 0.095847 0.613909 0.105431 0.616307 0.107029 0.609113 0.113419 0.609113 0.116613 0.549161 0.124601 0.510791 0.154952 0.414868 0.148562 0.347722 0.130990 0.302158 0.116613 0.278177 0.092652 0.254197 0.078275 0.247002 0.065495 0.227818 0.063898 0.213429 0.068690 0.203837 0.068690 0.167866 0.060703 0.136691 0.047923 0.127098 0.035144 0.124700
0 0.480831 0.117506 0.460064 0.112710 0.428115 0.117506 0.415335 0.124700 0.407348 0.136691 0.404153 0.208633 0.391374 0.227818 0.357827 0.306954 0.354633 0.366906 0.361022 0.405276 0.375399 0.450839 0.376997 0.467626 0.402556 0.539568 0.410543 0.537170 0.448882 0.484412 0.452077 0.422062 0.463259 0.400480 0.476038 0.388489 0.488818 0.383693 0.522364 0.383693 0.535144 0.388489 0.559105 0.414868 0.563898 0.438849 0.568690 0.426859 0.568690 0.371703 0.557508 0.314149 0.544728 0.278177 0.515974 0.230216 0.504792 0.220624 0.500000 0.139089
0 0.530351 0.388489 0.477636 0.388489 0.460064 0.405276 0.452077 0.431655 0.453674 0.489209 0.420128 0.527578 0.399361 0.561151 0.383387 0.604317 0.364217 0.690647 0.365815 0.743405 0.405751 0.808153 0.418530 0.839329 0.439297 0.923261 0.468051 0.904077 0.509585 0.851319 0.514377 0.779376 0.517572 0.764988 0.533546 0.741007 0.554313 0.729017 0.586262 0.726619 0.607029 0.733813 0.627796 0.750600 0.635783 0.750600 0.648562 0.719424 0.648562 0.673861 0.630990 0.609113 0.597444 0.546763 0.557508 0.501199 0.555911 0.419664 0.546326 0.400480
0 0.712460 0.966427 0.693291 0.925659 0.637380 0.853717 0.637380 0.779376 0.630990 0.757794 0.615016 0.741007 0.578275 0.729017 0.547923 0.733813 0.523962 0.755396 0.515974 0.779376 0.515974 0.851319 0.453674 0.925659 0.440895 0.952038 0.428115 1.000000 0.715655 1.000000
0 0.000000 0.472422 0.000000 0.796163 0.033546 0.805755 0.051118 0.822542 0.060703 0.841727 0.063898 0.877698 0.071885 0.911271 0.079872 0.925659 0.099042 0.937650 0.102236 0.918465 0.113419 0.908873 0.143770 0.815348 0.158147 0.784173 0.156550 0.745803 0.146965 0.714628 0.108626 0.635492 0.084665 0.604317 0.051118 0.573141 0.052716 0.551559 0.046326 0.498801 0.028754 0.479616
0 0.281150 0.268585 0.239617 0.263789 0.220447 0.270983 0.204473 0.287770 0.201278 0.299760 0.202875 0.369305 0.156550 0.434053 0.126198 0.520384 0.118211 0.589928 0.119808 0.642686 0.167732 0.760192 0.186901 0.750600 0.209265 0.721823 0.210863 0.645084 0.214058 0.630695 0.226837 0.611511 0.252396 0.597122 0.285942 0.594724 0.314696 0.611511 0.327476 0.635492 0.332268 0.705036 0.340256 0.714628 0.349840 0.712230 0.373802 0.611511 0.392971 0.563549 0.396166 0.544365 0.389776 0.513189 0.373802 0.467626 0.343450 0.407674 0.300319 0.362110 0.303514 0.340528 0.298722 0.290168
