1 0.447257 0.000000 0.421941 0.028391 0.421941 0.059937 0.434599 0.085174 0.438819 0.121451 0.379747 0.175079 0.375527 0.186120 0.375527 0.217666 0.392405 0.246057 0.413502 0.263407 0.434599 0.274448 0.462025 0.282334 0.516878 0.282334 0.552743 0.271293 0.586498 0.247634 0.601266 0.223975 0.607595 0.192429 0.586498 0.160883 0.548523 0.135647 0.546414 0.127760 0.533755 0.118297 0.546414 0.055205 0.546414 0.031546 0.537975 0.015773 0.521097 0.000000
1 0.040084 0.015773 0.025316 0.033123 0.023207 0.061514 0.042194 0.089905 0.078059 0.113565 0.105485 0.140379 0.103376 0.175079 0.109705 0.203470 0.124473 0.231861 0.145570 0.255521 0.202532 0.280757 0.234177 0.283912 0.274262 0.279180 0.301688 0.266562 0.331224 0.241325 0.343882 0.209779 0.341772 0.178233 0.312236 0.140379 0.293249 0.126183 0.240506 0.105678 0.234177 0.099369 0.215190 0.096215 0.213080 0.091483 0.185654 0.093060 0.179325 0.089905 0.170886 0.074132 0.156118 0.059937 0.143460 0.033123 0.124473 0.015773 0.090717 0.004732 0.061181 0.006309
1 0.905063 0.017350 0.883966 0.017350 0.875527 0.012618 0.869198 0.018927 0.860759 0.012618 0.852321 0.017350 0.839662 0.015773 0.837553 0.018927 0.829114 0.018927 0.812236 0.033123 0.810127 0.044164 0.801688 0.048896 0.795359 0.067823 0.797468 0.074132 0.789030 0.082019 0.778481 0.104101 0.767932 0.113565 0.763713 0.097792 0.755274 0.096215 0.751055 0.097792 0.753165 0.105678 0.696203 0.105678 0.698312 0.113565 0.691983 0.119874 0.683544 0.116719 0.677215 0.121451 0.677215 0.129338 0.670886 0.127760 0.672996 0.121451 0.666667 0.119874 0.668776 0.129338 0.662447 0.135647 0.662447 0.145110 0.649789 0.148265 0.643460 0.164038 0.647679 0.176656 0.637131 0.190852 0.641350 0.192429 0.645570 0.230284 0.658228 0.249211 0.685654 0.268139 0.725738 0.280757 0.759494 0.280757 0.801688 0.268139 0.808017 0.260252 0.831224 0.255521 0.839662 0.246057 0.848101 0.247634 0.856540 0.238170 0.862869 0.239748 0.869198 0.178233 0.864979 0.165615 0.867089 0.154574 0.862869 0.141956 0.852321 0.138801 0.862869 0.134069 0.883966 0.107256 0.919831 0.075710 0.924051 0.061514 0.921941 0.033123 0.905063 0.028391
1 0.016878 0.334385 0.016878 0.354890 0.031646 0.376972 0.056962 0.391167 0.088608 0.399054 0.116034 0.400631 0.122363 0.405363 0.118143 0.410095 0.124473 0.417981 0.120253 0.424290 0.126582 0.436909 0.162447 0.466877 0.194093 0.470032 0.204641 0.476341 0.242616 0.476341 0.274262 0.466877 0.305907 0.443218 0.327004 0.413249 0.345992 0.399054 0.343882 0.370662 0.331224 0.348580 0.310127 0.329653 0.278481 0.313880 0.217300 0.307571 0.191983 0.313880 0.185654 0.323344 0.172996 0.332808 0.166667 0.332808 0.120253 0.307571 0.094937 0.301262 0.063291 0.301262 0.033755 0.312303
1 0.472574 0.305994 0.424051 0.321767 0.392405 0.345426 0.375527 0.372240 0.371308 0.422713 0.383966 0.443218 0.417722 0.466877 0.455696 0.477918 0.502110 0.479495 0.556962 0.466877 0.592827 0.441640 0.609705 0.414826 0.607595 0.376972 0.592827 0.347003 0.561181 0.321767 0.510549 0.307571
1 0.934599 0.317035 0.898734 0.298107 0.854430 0.298107 0.837553 0.304416 0.812236 0.323344 0.799578 0.326498 0.782700 0.337539 0.780591 0.329653 0.786920 0.326498 0.786920 0.315457 0.763713 0.307571 0.719409 0.309148 0.706751 0.317035 0.696203 0.317035 0.683544 0.323344 0.681435 0.332808 0.662447 0.340694 0.664557 0.348580 0.660338 0.351735 0.651899 0.350158 0.645570 0.356467 0.649789 0.362776 0.641350 0.365931 0.641350 0.389590 0.637131 0.392744 0.641350 0.403785 0.672996 0.443218 0.700422 0.462145 0.734177 0.474763 0.755274 0.476341 0.763713 0.470032 0.770042 0.474763 0.778481 0.466877 0.784810 0.474763 0.793249 0.466877 0.799578 0.470032 0.805907 0.462145 0.814346 0.463722 0.824895 0.452681 0.831224 0.460568 0.835443 0.447950 0.839662 0.444795 0.845992 0.446372 0.852321 0.433754 0.864979 0.427445 0.864979 0.399054 0.873418 0.394322 0.877637 0.399054 0.888186 0.388013 0.909283 0.383281 0.928270 0.370662 0.940928 0.347003
1 0.343882 0.578864 0.331224 0.570978 0.303797 0.537855 0.272152 0.517350 0.248945 0.507886 0.221519 0.503155 0.185654 0.504732 0.160338 0.517350 0.135021 0.536278 0.116034 0.561514 0.094937 0.563091 0.088608 0.572555 0.048523 0.578864 0.031646 0.588328 0.014768 0.608833 0.014768 0.640379 0.023207 0.651420 0.042194 0.662461 0.080169 0.668770 0.107595 0.664038 0.124473 0.657729 0.145570 0.643533 0.170886 0.637224 0.187764 0.654574 0.219409 0.670347 0.261603 0.670347 0.303797 0.654574 0.324895 0.637224 0.343882 0.607256
1 0.449367 0.503155 0.400844 0.523659 0.381857 0.539432 0.369198 0.556782 0.367089 0.577287 0.373418 0.583596 0.375527 0.607256 0.381857 0.621451 0.405063 0.646688 0.445148 0.667192 0.485232 0.673502 0.529536 0.668770 0.561181 0.656151 0.592827 0.629338 0.605485 0.602524 0.609705 0.580442 0.607595 0.556782 0.592827 0.537855 0.567511 0.518927 0.529536 0.503155 0.510549 0.500000
1 0.637131 0.578864 0.637131 0.593060 0.647679 0.599369 0.651899 0.615142 0.662447 0.619874 0.666667 0.629338 0.683544 0.638801 0.683544 0.643533 0.710970 0.654574 0.740506 0.660883 0.776371 0.654574 0.795359 0.635647 0.812236 0.637224 0.848101 0.656151 0.867089 0.660883 0.905063 0.659306 0.934599 0.643533 0.945148 0.624606 0.943038 0.604101 0.930380 0.585174 0.898734 0.569401 0.896624 0.564669 0.892405 0.566246 0.881857 0.556782 0.886076 0.552050 0.881857 0.548896 0.877637 0.550473 0.873418 0.542587 0.867089 0.542587 0.858650 0.533123 0.848101 0.531546 0.839662 0.518927 0.831224 0.517350 0.827004 0.511041 0.816456 0.509464 0.812236 0.504732 0.797468 0.501577 0.746835 0.501577 0.696203 0.518927 0.666667 0.542587 0.656118 0.559937
1 0.297468 0.712934 0.291139 0.714511 0.278481 0.705047 0.255274 0.698738 0.219409 0.698738 0.206751 0.706625 0.198312 0.705047 0.130802 0.731861 0.116034 0.758675 0.120253 0.829653 0.094937 0.850158 0.090717 0.858044 0.046414 0.883281 0.046414 0.888013 0.037975 0.891167 0.031646 0.900631 0.031646 0.930599 0.048523 0.952681 0.071730 0.960568 0.101266 0.960568 0.126582 0.952681 0.147679 0.936909 0.158228 0.913249 0.168776 0.905363 0.172996 0.892744 0.183544 0.889590 0.189873 0.875394 0.204641 0.875394 0.215190 0.869085 0.221519 0.875394 0.229958 0.869085 0.238397 0.870662 0.261603 0.862776 0.272152 0.864353 0.280591 0.853312 0.293249 0.847003 0.299578 0.848580 0.301688 0.840694 0.308017 0.835962 0.316456 0.835962 0.320675 0.823344 0.341772 0.799685 0.341772 0.757098 0.333333 0.753943 0.335443 0.744479 0.331224 0.739748 0.314346 0.736593 0.322785 0.733438 0.314346 0.723975 0.295359 0.720820 0.299578 0.717666
1 0.483122 0.694006 0.445148 0.700315 0.405063 0.720820 0.383966 0.744479 0.375527 0.780757 0.390295 0.810726 0.440928 0.847003 0.436709 0.881703 0.421941 0.916404 0.421941 0.935331 0.430380 0.951104 0.455696 0.966877 0.506329 0.970032 0.531646 0.957413 0.546414 0.936909 0.537975 0.861199 0.550633 0.850158 0.554852 0.839117 0.580169 0.826498 0.599156 0.810726 0.605485 0.798107 0.607595 0.777603 0.601266 0.752366 0.575949 0.720820 0.529536 0.698738
1 0.687764 0.706625 0.658228 0.725552 0.641350 0.747634 0.635021 0.764984 0.637131 0.802839 0.654008 0.831230 0.658228 0.828076 0.683544 0.847003 0.713080 0.861199 0.748945 0.872240 0.757384 0.880126 0.776371 0.880126 0.782700 0.876972 0.810127 0.910095 0.829114 0.943218 0.854430 0.962145 0.869198 0.966877 0.894515 0.968454 0.928270 0.958991 0.945148 0.936909 0.945148 0.914826 0.930380 0.891167 0.896624 0.865931 0.875527 0.840694 0.875527 0.815457 0.881857 0.810726 0.881857 0.794953 0.858650 0.750789 0.848101 0.746057 0.835443 0.746057 0.822785 0.736593 0.816456 0.722397 0.789030 0.714511 0.786920 0.708202 0.765823 0.697161 0.748945 0.694006 0.725738 0.695584
