0 0.139942 0.243523 0.135569 0.251295 0.141399 0.305699 0.129738 0.339378 0.125364 0.365285 0.125364 0.391192 0.153061 0.613990 0.155977 0.670984 0.166181 0.725389 0.169096 0.772021 0.177843 0.795337 0.188047 0.803109 0.217201 0.803109 0.239067 0.790155 0.250729 0.772021 0.255102 0.751295 0.249271 0.658031 0.221574 0.386010 0.217201 0.360104 0.205539 0.326425 0.186589 0.295337 0.185131 0.251295 0.182216 0.243523 0.174927 0.238342
0 0.241983 0.233161 0.239067 0.256477 0.243440 0.295337 0.227405 0.344560 0.225948 0.383420 0.258017 0.743523 0.263848 0.766839 0.275510 0.782383 0.317784 0.782383 0.339650 0.756477 0.345481 0.727979 0.344023 0.676166 0.330904 0.554404 0.317784 0.362694 0.310496 0.326425 0.287172 0.279793 0.287172 0.243523 0.282799 0.230570 0.259475 0.227979
0 0.352770 0.220207 0.348397 0.225389 0.351312 0.279793 0.336735 0.316062 0.332362 0.336788 0.335277 0.468912 0.341108 0.518135 0.344023 0.624352 0.351312 0.722798 0.355685 0.743523 0.365889 0.759067 0.383382 0.769430 0.405248 0.766839 0.424198 0.748705 0.432945 0.717617 0.419825 0.354922 0.409621 0.303109 0.390671 0.269430 0.389213 0.220207
0 0.450437 0.209845 0.444606 0.212435 0.440233 0.225389 0.443149 0.264249 0.430029 0.303109 0.422741 0.360104 0.432945 0.637306 0.440233 0.727979 0.457726 0.746114 0.482507 0.748705 0.502915 0.735751 0.511662 0.709845 0.508746 0.354922 0.502915 0.308290 0.485423 0.266839 0.482507 0.212435
0 0.622449 0.220207 0.610787 0.225389 0.606414 0.235751 0.607872 0.290155 0.591837 0.321244 0.584548 0.344560 0.580175 0.391192 0.578717 0.779793 0.583090 0.795337 0.596210 0.813472 0.610787 0.821244 0.639942 0.821244 0.653061 0.810881 0.664723 0.787565 0.666181 0.748705 0.672012 0.709845 0.669096 0.699482 0.673469 0.647668 0.673469 0.567358 0.669096 0.512953 0.672012 0.500000 0.669096 0.354922 0.651603 0.290155 0.651603 0.235751 0.641399 0.225389
0 0.632653 0.204663 0.628280 0.212435 0.629738 0.220207 0.650146 0.225389 0.654519 0.235751 0.654519 0.282383 0.672012 0.349741 0.676385 0.624352 0.680758 0.624352 0.689504 0.448187 0.689504 0.323834 0.682216 0.292746 0.669096 0.272021 0.672012 0.248705 0.670554 0.207254 0.655977 0.202073
0 0.540816 0.207254 0.533528 0.217617 0.534985 0.264249 0.514577 0.318653 0.516035 0.702073 0.524781 0.730570 0.539359 0.740933 0.562682 0.743523 0.571429 0.740933 0.577259 0.720207 0.575802 0.603627 0.578717 0.510363 0.575802 0.489637 0.575802 0.391192 0.578717 0.349741 0.588921 0.318653 0.588921 0.305699 0.578717 0.290155 0.572886 0.266839 0.577259 0.251295 0.577259 0.215026 0.569971 0.207254
0 0.960641 0.202073 0.922741 0.202073 0.918367 0.220207 0.916910 0.256477 0.897959 0.295337 0.912536 0.347150 0.913994 0.396373 0.903790 0.520725 0.892128 0.616580 0.887755 0.717617 0.906706 0.725389 0.930029 0.720207 0.938776 0.704663 0.981050 0.339378 0.981050 0.305699 0.962099 0.264249 0.967930 0.240933 0.967930 0.207254
0 0.874636 0.204663 0.836735 0.204663 0.832362 0.233161 0.833819 0.253886 0.813411 0.290155 0.806122 0.313472 0.782799 0.611399 0.782799 0.681347 0.803207 0.500000 0.811953 0.370466 0.819242 0.347150 0.816327 0.334197 0.845481 0.279793 0.844023 0.253886 0.849854 0.230570 0.861516 0.220207 0.880466 0.217617
0 0.886297 0.220207 0.858601 0.222798 0.846939 0.238342 0.846939 0.277202 0.820700 0.331606 0.820700 0.352332 0.813411 0.373057 0.807580 0.487047 0.784257 0.676166 0.782799 0.753886 0.797376 0.790155 0.823615 0.808290 0.851312 0.810881 0.867347 0.800518 0.876093 0.782383 0.883382 0.722798 0.912536 0.375648 0.905248 0.326425 0.897959 0.313472 0.892128 0.290155 0.897959 0.230570
0 0.759475 0.202073 0.737609 0.202073 0.731778 0.207254 0.728863 0.220207 0.728863 0.259067 0.711370 0.292746 0.702624 0.336788 0.695335 0.551813 0.690962 0.580311 0.686589 0.670984 0.688047 0.694301 0.695335 0.715026 0.706997 0.727979 0.727405 0.735751 0.752187 0.733161 0.765306 0.717617 0.775510 0.621762 0.788630 0.380829 0.788630 0.318653 0.784257 0.297927 0.769679 0.266839 0.774052 0.212435
0 0.016035 0.238342 0.001458 0.248705 0.007289 0.305699 0.000000 0.321244 0.000000 0.388601 0.011662 0.427461 0.016035 0.481865 0.032070 0.549223 0.040816 0.608808 0.045190 0.613990 0.045190 0.593264 0.042274 0.590674 0.021866 0.448187 0.020408 0.380829 0.023324 0.352332 0.034985 0.321244 0.034985 0.305699 0.027697 0.269430 0.032070 0.256477 0.049563 0.248705 0.049563 0.240933 0.037901 0.235751
0 0.033528 0.256477 0.030612 0.274611 0.037901 0.316062 0.023324 0.360104 0.023324 0.414508 0.032070 0.507772 0.045190 0.575130 0.056851 0.683938 0.065598 0.720207 0.068513 0.759067 0.080175 0.803109 0.087464 0.816062 0.099125 0.823834 0.131195 0.818653 0.158892 0.792746 0.163265 0.784974 0.164723 0.761658 0.145773 0.590674 0.126822 0.455959 0.122449 0.386010 0.109329 0.344560 0.084548 0.305699 0.081633 0.261658 0.077259 0.251295 0.062682 0.248705
