1 0.503846 0.754184 0.500000 0.779289 0.500769 0.811715 0.509231 0.841004 0.523846 0.867155 0.536154 0.881799 0.560769 0.904812 0.572308 0.906904 0.753077 0.905858 0.756923 0.903766 0.743077 0.869247 0.737692 0.846234 0.732308 0.832636 0.714615 0.807531 0.701538 0.783473 0.689231 0.768828 0.671538 0.740586 0.657692 0.722803 0.647692 0.705021 0.634615 0.688285 0.614615 0.672594 0.597692 0.667364 0.581538 0.667364 0.563846 0.672594 0.549231 0.680962 0.533846 0.695607 0.522308 0.712343
1 0.329231 0.708159 0.320769 0.735356 0.316923 0.761506 0.317692 0.780335 0.325385 0.809623 0.329231 0.817992 0.346923 0.839958 0.371538 0.861925 0.406923 0.898536 0.419231 0.905858 0.532308 0.906904 0.550769 0.904812 0.545385 0.892259 0.535385 0.883891 0.518462 0.861925 0.503846 0.831590 0.499231 0.808577 0.499231 0.751046 0.472308 0.717573 0.443846 0.677824 0.431538 0.664226 0.423077 0.657950 0.401538 0.650628 0.391538 0.650628 0.376923 0.654812 0.353077 0.672594
1 0.172308 0.647490 0.170000 0.653766 0.158462 0.670502 0.151538 0.689331 0.147692 0.703975 0.145385 0.723849 0.146154 0.742678 0.149231 0.759414 0.160769 0.780335 0.200769 0.812762 0.222308 0.834728 0.248462 0.856695 0.296923 0.902720 0.307692 0.905858 0.354615 0.906904 0.365385 0.905858 0.375385 0.896444 0.382308 0.881799 0.381538 0.877615 0.373077 0.866109 0.338462 0.832636 0.327692 0.816946 0.320769 0.801255 0.316923 0.778243 0.316154 0.759414 0.323077 0.720711 0.323077 0.711297 0.320000 0.703975 0.303077 0.682008 0.269231 0.647490 0.256923 0.630753 0.240769 0.617155 0.231538 0.614017 0.218462 0.612971 0.202308 0.618201 0.189231 0.627615
1 0.038462 0.649582 0.023077 0.682008 0.020000 0.705021 0.022308 0.742678 0.035385 0.764644 0.049231 0.777197 0.059231 0.782427 0.063846 0.788703 0.075385 0.796025 0.080000 0.802301 0.090000 0.808577 0.100769 0.820084 0.148462 0.852510 0.152308 0.865063 0.173077 0.884937 0.193077 0.888075 0.208462 0.882845 0.219231 0.874477 0.233846 0.857741 0.235385 0.850418 0.233077 0.845188 0.190769 0.806485 0.171538 0.790795 0.166154 0.788703 0.150000 0.764644 0.144615 0.735356 0.145385 0.713389 0.150000 0.690377 0.156923 0.673640 0.158462 0.665272 0.157692 0.661088 0.146154 0.647490 0.116154 0.617155 0.104615 0.610879 0.086154 0.608787 0.072308 0.614017 0.056923 0.626569
1 0.205385 0.305439 0.193077 0.326360 0.181538 0.334728 0.172308 0.347280 0.166923 0.360879 0.163077 0.379707 0.163846 0.403766 0.170769 0.418410 0.191538 0.444561 0.231538 0.488494 0.268462 0.538703 0.280000 0.560669 0.288462 0.570084 0.300769 0.575314 0.312308 0.575314 0.336154 0.561715 0.350769 0.546025 0.366154 0.520921 0.370769 0.506276 0.370769 0.502092 0.366923 0.493724 0.320769 0.426778 0.314615 0.412134 0.310000 0.384937 0.304615 0.375523 0.263077 0.319038 0.248462 0.303347 0.237692 0.297071 0.220000 0.298117
1 0.351538 0.313808 0.336923 0.328452 0.320769 0.354603 0.313846 0.374477 0.312308 0.383891 0.313077 0.398536 0.321538 0.424686 0.350000 0.464435 0.368462 0.494770 0.381538 0.508368 0.393846 0.526151 0.400769 0.540795 0.406923 0.560669 0.416923 0.576360 0.433846 0.587866 0.446154 0.587866 0.458462 0.584728 0.472308 0.576360 0.488462 0.560669 0.506923 0.532427 0.512308 0.514644 0.512308 0.507322 0.507692 0.494770 0.493077 0.470711 0.472308 0.450837 0.470000 0.440377 0.466154 0.436192 0.456154 0.410042 0.447692 0.374477 0.427692 0.334728 0.416154 0.316946 0.398462 0.304393 0.384615 0.299163 0.376154 0.299163
1 0.486923 0.305439 0.483846 0.311715 0.478462 0.314854 0.468462 0.329498 0.460000 0.345188 0.453846 0.361925 0.452308 0.370293 0.453077 0.390167 0.455385 0.403766 0.460769 0.418410 0.476154 0.439331 0.477692 0.446653 0.492308 0.462343 0.502308 0.483264 0.512308 0.496862 0.516923 0.509414 0.535385 0.535565 0.553846 0.576360 0.565385 0.593096 0.585385 0.605649 0.601538 0.605649 0.630769 0.593096 0.646923 0.578452 0.663846 0.554393 0.673846 0.530335 0.673846 0.515690 0.670769 0.502092 0.671538 0.496862 0.660000 0.470711 0.659231 0.464435 0.643077 0.442469 0.641538 0.437238 0.628462 0.417364 0.623846 0.405858 0.603077 0.370293 0.576923 0.319038 0.560769 0.297071 0.550769 0.289749 0.539231 0.285565 0.523846 0.285565 0.507692 0.289749
1 0.689231 0.296025 0.666154 0.316946 0.657692 0.329498 0.654615 0.341004 0.649231 0.346234 0.642308 0.375523 0.642308 0.394351 0.645385 0.413180 0.650000 0.427824 0.691538 0.502092 0.700000 0.523013 0.718462 0.557531 0.730000 0.592050 0.741538 0.608787 0.759231 0.621339 0.779231 0.626569 0.801538 0.621339 0.833846 0.599372 0.843846 0.581590 0.849231 0.576360 0.853077 0.569038 0.853077 0.564854 0.856923 0.560669 0.857692 0.540795 0.859231 0.538703 0.857692 0.519874 0.852308 0.497908 0.843077 0.473849 0.825385 0.438285 0.810000 0.396444 0.798462 0.372385 0.779231 0.319038 0.763077 0.297071 0.738462 0.283473 0.720769 0.282427 0.704615 0.287657 0.692308 0.296025
1 0.939231 0.257322 0.933846 0.261506 0.914615 0.266736 0.907692 0.270921 0.897692 0.280335 0.892308 0.282427 0.876923 0.302301 0.874615 0.311715 0.868462 0.317992 0.866923 0.325314 0.860000 0.335774 0.856154 0.359833 0.856154 0.390167 0.861538 0.414226 0.875385 0.443515 0.892308 0.492678 0.902308 0.513598 0.931538 0.595188 0.938462 0.609833 0.946154 0.621339 0.966154 0.642259 0.984615 0.650628 1.000000 0.651674 1.000000 0.269874 0.966154 0.256276 0.953846 0.255230
1 0.726154 0.000000 0.724615 0.005230 0.724615 0.023013 0.728462 0.044979 0.803846 0.244770 0.812308 0.260460 0.820769 0.271967 0.831538 0.281381 0.848462 0.289749 0.873846 0.287657 0.888462 0.280335 0.907692 0.264644 0.916923 0.248954 0.920769 0.233264 0.923846 0.193515 0.923077 0.178870 0.905385 0.111925 0.890769 0.071130 0.881538 0.032427 0.877692 0.026151 0.873846 0.006276 0.870769 0.000000
1 0.414615 0.016736 0.407692 0.026151 0.400000 0.041841 0.394615 0.058577 0.393846 0.079498 0.398462 0.097280 0.408462 0.118201 0.459231 0.198745 0.494615 0.267782 0.510000 0.284519 0.536923 0.282427 0.563077 0.292887 0.575385 0.287657 0.586154 0.279289 0.590000 0.271967 0.591538 0.261506 0.590000 0.252092 0.590769 0.219665 0.584615 0.193515 0.569231 0.156904 0.546923 0.119247 0.502308 0.031381 0.494615 0.021967 0.490000 0.010460 0.483077 0.000000 0.433846 0.000000 0.427692 0.006276 0.422308 0.008368 0.419231 0.014644
1 0.580000 0.003138 0.576154 0.012552 0.570769 0.016736 0.564615 0.030335 0.559231 0.050209 0.559231 0.070084 0.563077 0.086820 0.568462 0.100418 0.576154 0.112971 0.586154 0.139121 0.590000 0.144351 0.602308 0.176778 0.631538 0.237448 0.648462 0.280335 0.655385 0.290795 0.670769 0.301255 0.677692 0.300209 0.681538 0.296025 0.706923 0.282427 0.727692 0.279289 0.741538 0.271967 0.743846 0.264644 0.743846 0.236402 0.746154 0.223849 0.744615 0.195607 0.736923 0.176778 0.733077 0.161088 0.720769 0.131799 0.716154 0.115063 0.704615 0.089958 0.688462 0.047071 0.686154 0.035565 0.680769 0.025105 0.679231 0.016736 0.674615 0.011506 0.670769 0.000000 0.583077 0.000000
1 0.297692 0.053347 0.296154 0.059623 0.290000 0.065900 0.287692 0.075314 0.282308 0.085774 0.279231 0.100418 0.281538 0.123431 0.298462 0.154812 0.344615 0.217573 0.370000 0.267782 0.382308 0.287657 0.391538 0.296025 0.409231 0.305439 0.418462 0.305439 0.432308 0.301255 0.456154 0.288703 0.476154 0.271967 0.481538 0.257322 0.478462 0.244770 0.468462 0.228033 0.460769 0.206067 0.456154 0.200837 0.436154 0.165272 0.423077 0.147490 0.420000 0.139121 0.400000 0.107741 0.390769 0.085774 0.390000 0.078452 0.376154 0.055439 0.373846 0.042887 0.367692 0.032427 0.362308 0.029289 0.357692 0.023013 0.350000 0.019874 0.337692 0.019874 0.333846 0.023013 0.330000 0.023013 0.324615 0.029289 0.321538 0.029289 0.313077 0.035565
1 0.157692 0.069038 0.155385 0.077406 0.150000 0.083682 0.142308 0.109833 0.143077 0.123431 0.149231 0.139121 0.189231 0.193515 0.225385 0.234310 0.258462 0.285565 0.284615 0.305439 0.290769 0.308577 0.302308 0.309623 0.331538 0.297071 0.343846 0.288703 0.347692 0.283473 0.349231 0.278243 0.343846 0.247908 0.331538 0.212343 0.325385 0.199791 0.296923 0.158996 0.272308 0.114017 0.249231 0.079498 0.224615 0.048117 0.210000 0.037657 0.201538 0.035565 0.190769 0.037657 0.184615 0.043933 0.173846 0.048117 0.170769 0.054393 0.170000 0.061715 0.165385 0.060669
1 0.094615 0.326360 0.078462 0.345188 0.063846 0.375523 0.061538 0.387029 0.061538 0.404812 0.065385 0.415272 0.080769 0.435146 0.091538 0.444561 0.131538 0.500000 0.143077 0.510460 0.152308 0.523013 0.160769 0.541841 0.170000 0.555439 0.180000 0.560669 0.190000 0.560669 0.208462 0.552301 0.223846 0.538703 0.239231 0.517782 0.241538 0.511506 0.240769 0.505230 0.226923 0.485356 0.176154 0.427824 0.166154 0.412134 0.162308 0.400628 0.160769 0.384937 0.166923 0.352510 0.166154 0.343096 0.163846 0.337866 0.156154 0.331590 0.147692 0.330544 0.140769 0.326360 0.139231 0.313808 0.130000 0.311715 0.110769 0.313808
1 0.743077 0.781381 0.739231 0.814854 0.739231 0.838912 0.743077 0.857741 0.750769 0.881799 0.762308 0.904812 0.770769 0.906904 0.983077 0.905858 0.985385 0.903766 0.982308 0.893305 0.938462 0.808577 0.911538 0.745816 0.896154 0.723849 0.872308 0.705021 0.842308 0.694561 0.814615 0.696653 0.798462 0.703975 0.774615 0.722803 0.765385 0.741632 0.753077 0.754184
