2 0.896907 0.689286 0.865979 0.703571 0.829897 0.750000 0.824742 0.803571 0.832474 0.842857 0.850515 0.871429 0.878866 0.892857 0.920103 0.896429 0.940722 0.889286 0.971649 0.853571 0.981959 0.821429 0.984536 0.782143 0.976804 0.746429 0.948454 0.703571 0.920103 0.689286
2 0.546392 0.032143 0.525773 0.050000 0.507732 0.085714 0.502577 0.117857 0.507732 0.178571 0.525773 0.210714 0.546392 0.228571 0.574742 0.235714 0.608247 0.232143 0.623711 0.221429 0.649485 0.175000 0.654639 0.153571 0.649485 0.082143 0.613402 0.032143 0.595361 0.025000
2 0.541237 0.253571 0.510309 0.282143 0.500000 0.303571 0.494845 0.328571 0.497423 0.396429 0.510309 0.425000 0.530928 0.446429 0.567010 0.457143 0.600515 0.450000 0.631443 0.414286 0.639175 0.392857 0.639175 0.314286 0.631443 0.292857 0.595361 0.253571
2 0.569588 0.471429 0.541237 0.489286 0.523196 0.514286 0.512887 0.564286 0.515464 0.603571 0.541237 0.657143 0.572165 0.675000 0.608247 0.675000 0.631443 0.660714 0.652062 0.632143 0.662371 0.596429 0.662371 0.553571 0.652062 0.514286 0.631443 0.485714 0.608247 0.471429
2 0.561856 0.696429 0.533505 0.714286 0.512887 0.746429 0.505155 0.771429 0.507732 0.839286 0.533505 0.885714 0.554124 0.900000 0.592784 0.903571 0.621134 0.889286 0.639175 0.867857 0.654639 0.825000 0.654639 0.775000 0.639175 0.732143 0.613402 0.703571
2 0.386598 0.703571 0.358247 0.735714 0.345361 0.775000 0.345361 0.828571 0.355670 0.860714 0.368557 0.882143 0.399485 0.903571 0.438144 0.903571 0.458763 0.892857 0.479381 0.867857 0.492268 0.828571 0.494845 0.792857 0.484536 0.742857 0.466495 0.714286 0.438144 0.696429
2 0.414948 0.467857 0.391753 0.478571 0.368557 0.503571 0.353093 0.553571 0.353093 0.592857 0.368557 0.639286 0.391753 0.664286 0.417526 0.675000 0.445876 0.675000 0.466495 0.664286 0.492268 0.632143 0.502577 0.592857 0.502577 0.550000 0.492268 0.510714 0.474227 0.485714 0.443299 0.467857
2 0.381443 0.250000 0.360825 0.267857 0.337629 0.310714 0.335052 0.378571 0.342784 0.407143 0.358247 0.432143 0.384021 0.450000 0.440722 0.450000 0.456186 0.439286 0.476804 0.407143 0.484536 0.371429 0.479381 0.310714 0.469072 0.285714 0.440722 0.253571 0.409794 0.246429
2 0.041237 0.257143 0.018041 0.285714 0.005155 0.325000 0.005155 0.367857 0.020619 0.414286 0.041237 0.439286 0.072165 0.453571 0.118557 0.450000 0.139175 0.435714 0.164948 0.382143 0.164948 0.339286 0.152062 0.289286 0.113402 0.250000 0.061856 0.246429
2 0.054124 0.032143 0.030928 0.060714 0.018041 0.107143 0.020619 0.153571 0.038660 0.200000 0.090206 0.235714 0.126289 0.235714 0.162371 0.210714 0.177835 0.182143 0.180412 0.150000 0.172680 0.092857 0.157216 0.053571 0.113402 0.021429 0.077320 0.021429
2 0.064433 0.478571 0.038660 0.510714 0.028351 0.542857 0.025773 0.578571 0.038660 0.632143 0.064433 0.664286 0.092784 0.675000 0.126289 0.675000 0.159794 0.653571 0.182990 0.600000 0.182990 0.550000 0.172680 0.514286 0.146907 0.482143 0.121134 0.467857 0.087629 0.467857
2 0.069588 0.696429 0.041237 0.717857 0.025773 0.742857 0.015464 0.775000 0.018041 0.835714 0.046392 0.885714 0.085052 0.907143 0.123711 0.900000 0.159794 0.867857 0.170103 0.846429 0.170103 0.757143 0.146907 0.717857 0.126289 0.700000 0.105670 0.692857
2 0.234536 0.700000 0.203608 0.725000 0.188144 0.757143 0.182990 0.785714 0.188144 0.850000 0.203608 0.878571 0.229381 0.900000 0.252577 0.907143 0.288660 0.900000 0.314433 0.875000 0.327320 0.846429 0.332474 0.814286 0.329897 0.760714 0.304124 0.714286 0.283505 0.700000
2 0.247423 0.467857 0.226804 0.478571 0.203608 0.507143 0.190722 0.553571 0.193299 0.600000 0.208763 0.639286 0.231959 0.664286 0.265464 0.675000 0.291237 0.671429 0.319588 0.650000 0.335052 0.625000 0.342784 0.600000 0.342784 0.542857 0.335052 0.514286 0.306701 0.478571 0.273196 0.464286
2 0.203608 0.257143 0.188144 0.275000 0.172680 0.310714 0.172680 0.382143 0.185567 0.414286 0.206186 0.439286 0.239691 0.453571 0.286082 0.446429 0.309278 0.428571 0.324742 0.400000 0.324742 0.335714 0.311856 0.289286 0.288660 0.257143 0.255155 0.242857
2 0.226804 0.025000 0.208763 0.039286 0.188144 0.075000 0.188144 0.167857 0.211340 0.210714 0.234536 0.228571 0.257732 0.235714 0.288660 0.232143 0.309278 0.217857 0.335052 0.171429 0.337629 0.117857 0.329897 0.075000 0.304124 0.035714 0.273196 0.017857
2 0.384021 0.032143 0.360825 0.057143 0.350515 0.082143 0.345361 0.153571 0.355670 0.189286 0.368557 0.210714 0.399485 0.232143 0.451031 0.235714 0.479381 0.210714 0.494845 0.167857 0.494845 0.103571 0.481959 0.060714 0.443299 0.025000 0.407216 0.021429
2 0.706186 0.250000 0.688144 0.260714 0.659794 0.307143 0.654639 0.335714 0.659794 0.396429 0.675258 0.428571 0.695876 0.446429 0.716495 0.453571 0.762887 0.446429 0.791237 0.414286 0.804124 0.375000 0.806701 0.339286 0.796392 0.292857 0.757732 0.250000
2 0.726804 0.471429 0.703608 0.489286 0.680412 0.528571 0.675258 0.557143 0.680412 0.617857 0.711340 0.664286 0.737113 0.675000 0.775773 0.671429 0.796392 0.657143 0.822165 0.607143 0.824742 0.550000 0.806701 0.500000 0.778351 0.475000 0.750000 0.467857
2 0.719072 0.696429 0.698454 0.710714 0.672680 0.750000 0.664948 0.778571 0.667526 0.828571 0.672680 0.850000 0.698454 0.885714 0.721649 0.900000 0.757732 0.900000 0.783505 0.885714 0.809278 0.850000 0.817010 0.814286 0.811856 0.753571 0.786082 0.710714 0.750000 0.692857
2 0.731959 0.017857 0.695876 0.035714 0.677835 0.060714 0.664948 0.100000 0.664948 0.157143 0.672680 0.185714 0.690722 0.214286 0.716495 0.228571 0.755155 0.232143 0.783505 0.214286 0.806701 0.178571 0.814433 0.142857 0.814433 0.100000 0.806701 0.067857 0.783505 0.035714 0.760309 0.021429
2 0.902062 0.464286 0.868557 0.482143 0.845361 0.510714 0.842784 0.535714 0.832474 0.557143 0.837629 0.567857 0.835052 0.592857 0.842784 0.621429 0.868557 0.657143 0.899485 0.671429 0.932990 0.671429 0.956186 0.657143 0.979381 0.625000 0.989691 0.589286 0.989691 0.546429 0.984536 0.521429 0.961340 0.482143 0.930412 0.464286
2 0.855670 0.253571 0.832474 0.278571 0.814433 0.325000 0.814433 0.375000 0.822165 0.400000 0.840206 0.428571 0.873711 0.450000 0.914948 0.450000 0.938144 0.435714 0.956186 0.410714 0.969072 0.375000 0.971649 0.339286 0.961340 0.289286 0.932990 0.253571 0.907216 0.242857 0.881443 0.242857
2 0.865979 0.025000 0.845361 0.042857 0.829897 0.071429 0.822165 0.121429 0.827320 0.178571 0.858247 0.221429 0.891753 0.232143 0.927835 0.228571 0.951031 0.210714 0.969072 0.182143 0.979381 0.142857 0.976804 0.085714 0.963918 0.053571 0.932990 0.025000 0.917526 0.017857
