3 0.063500 0.054000 0.056000 0.059500 0.053000 0.063500 0.049500 0.075000 0.050000 0.093000 0.055500 0.107500 0.059000 0.111500 0.060000 0.115000 0.054500 0.143000 0.052000 0.184500 0.051000 0.259500 0.052000 0.268500 0.056000 0.280500 0.064000 0.290500 0.072500 0.296500 0.089000 0.302500 0.098500 0.304000 0.106000 0.306500 0.129500 0.309500 0.162500 0.310500 0.190000 0.307500 0.207500 0.303000 0.220500 0.296500 0.233000 0.282000 0.238500 0.266500 0.240500 0.236000 0.242000 0.156000 0.240500 0.139000 0.238500 0.133000 0.238000 0.127000 0.241000 0.118000 0.248500 0.108000 0.251000 0.099000 0.252500 0.079000 0.252000 0.073500 0.249000 0.064500 0.236000 0.056000 0.216500 0.049000 0.196500 0.045500 0.169000 0.042500 0.133500 0.042000 0.088000 0.045500 0.074000 0.049000
3 0.306000 0.056000 0.291000 0.065000 0.286500 0.073500 0.285500 0.080000 0.286500 0.101000 0.289000 0.108000 0.295500 0.119500 0.295500 0.127000 0.291500 0.142000 0.289500 0.158000 0.287500 0.250000 0.288000 0.273000 0.290500 0.283000 0.293500 0.288500 0.299000 0.295000 0.305000 0.299500 0.318500 0.305500 0.338000 0.311000 0.368000 0.315500 0.405000 0.315500 0.426000 0.313000 0.444500 0.308000 0.456000 0.302000 0.465500 0.293500 0.469500 0.288000 0.475000 0.271500 0.478000 0.167000 0.477500 0.155500 0.474000 0.132500 0.474500 0.127000 0.483000 0.116000 0.487000 0.104500 0.488500 0.093500 0.488500 0.082500 0.486000 0.072500 0.478000 0.064000 0.465000 0.058500 0.443500 0.053000 0.417000 0.049000 0.393500 0.047500 0.351500 0.048000 0.322500 0.051500
3 0.533500 0.065000 0.524500 0.072500 0.520500 0.085000 0.521500 0.107000 0.530500 0.123500 0.529500 0.134000 0.527000 0.146000 0.525000 0.150000 0.523500 0.165000 0.521500 0.255500 0.522000 0.279000 0.524500 0.287500 0.529500 0.296000 0.538000 0.304000 0.552500 0.311000 0.572000 0.316500 0.597500 0.320000 0.648000 0.320000 0.674500 0.315500 0.690000 0.308500 0.703000 0.295000 0.707500 0.285000 0.710000 0.273000 0.710500 0.220500 0.711500 0.218000 0.711500 0.189000 0.712500 0.178500 0.711000 0.152500 0.708500 0.141500 0.710000 0.129500 0.717500 0.119000 0.721500 0.106000 0.722000 0.087000 0.720500 0.080000 0.714500 0.072500 0.710000 0.071000 0.705500 0.067500 0.699000 0.064500 0.682500 0.060000 0.659000 0.056000 0.628000 0.054500 0.577000 0.055500 0.568500 0.057000 0.563500 0.056500 0.559000 0.058500 0.548000 0.060000 0.544500 0.062000 0.541500 0.062000
3 0.063500 0.364500 0.056000 0.369000 0.049000 0.376000 0.046000 0.387000 0.046500 0.406500 0.056500 0.427500 0.055000 0.440000 0.050500 0.457500 0.048000 0.483500 0.047000 0.578000 0.051500 0.592000 0.054500 0.596500 0.062500 0.604500 0.072500 0.610500 0.091000 0.617000 0.114000 0.621500 0.137500 0.623000 0.160500 0.623000 0.194000 0.619000 0.209000 0.614500 0.217000 0.610000 0.227500 0.599000 0.234500 0.584500 0.235500 0.578000 0.239500 0.482000 0.238500 0.465000 0.234500 0.439500 0.236500 0.432500 0.244000 0.421000 0.247500 0.412000 0.249000 0.389000 0.246500 0.381000 0.241000 0.374500 0.233500 0.369500 0.224000 0.365500 0.205000 0.360000 0.176500 0.356500 0.145000 0.355000 0.110000 0.356000 0.087000 0.358000 0.072000 0.361000
3 0.291500 0.374500 0.283500 0.385000 0.281500 0.401000 0.283500 0.416000 0.292000 0.433000 0.291500 0.441000 0.289000 0.450000 0.285500 0.473000 0.283000 0.532000 0.283000 0.580000 0.285500 0.592000 0.290000 0.601000 0.298500 0.610000 0.317500 0.619000 0.336500 0.624000 0.368500 0.628000 0.389500 0.628500 0.428000 0.624500 0.442500 0.620000 0.456000 0.612000 0.461000 0.607500 0.466500 0.599500 0.469500 0.591000 0.471500 0.580000 0.473000 0.525500 0.474500 0.507000 0.474500 0.473000 0.470500 0.448500 0.470500 0.440000 0.479500 0.427500 0.483500 0.419500 0.485000 0.396500 0.484000 0.390500 0.481500 0.385000 0.473000 0.376500 0.451500 0.368500 0.426000 0.363500 0.393500 0.360500 0.352000 0.360500 0.329500 0.362500 0.307000 0.367500
3 0.529500 0.377000 0.524000 0.381500 0.517500 0.390500 0.515500 0.401500 0.516500 0.419500 0.527000 0.439000 0.520000 0.475000 0.517500 0.530000 0.517500 0.588500 0.521000 0.600500 0.524500 0.606500 0.534000 0.616000 0.547000 0.623000 0.559500 0.627000 0.584500 0.631500 0.613000 0.633500 0.647000 0.632000 0.666000 0.629000 0.683000 0.623000 0.693000 0.616000 0.698500 0.609000 0.703500 0.599500 0.705500 0.590000 0.709500 0.488500 0.708500 0.472500 0.705000 0.455500 0.705000 0.447000 0.706500 0.442500 0.716500 0.427500 0.718000 0.421500 0.719000 0.398500 0.717500 0.392000 0.710500 0.384000 0.696500 0.376500 0.668500 0.370000 0.644000 0.367000 0.594000 0.366000 0.571000 0.367500 0.548000 0.371000
3 0.775500 0.064500 0.764000 0.071000 0.760000 0.075000 0.757000 0.081000 0.755500 0.089500 0.757000 0.110500 0.759500 0.117500 0.765500 0.127000 0.766000 0.129500 0.760500 0.157000 0.759000 0.173000 0.757000 0.270500 0.758000 0.283500 0.762000 0.294500 0.770500 0.304500 0.781500 0.311500 0.803000 0.318500 0.826000 0.323000 0.844000 0.324500 0.882500 0.323000 0.897000 0.321000 0.911500 0.317500 0.925500 0.311500 0.938000 0.299000 0.943500 0.288000 0.945500 0.278500 0.948000 0.169500 0.945000 0.140500 0.946000 0.134000 0.954000 0.123500 0.958500 0.108000 0.959000 0.090500 0.955000 0.079500 0.947000 0.072500 0.925500 0.064000 0.886500 0.058000 0.861000 0.056500 0.828000 0.057000 0.792500 0.060500
3 0.767000 0.380000 0.759000 0.385500 0.754500 0.392000 0.752000 0.399000 0.752500 0.421000 0.758000 0.434000 0.762500 0.440000 0.762500 0.447000 0.758500 0.463000 0.756000 0.485500 0.753000 0.575000 0.754000 0.593500 0.756000 0.601500 0.759500 0.609000 0.769500 0.619500 0.779500 0.625500 0.795000 0.630500 0.810500 0.634000 0.829500 0.636500 0.862500 0.637500 0.882000 0.636000 0.903500 0.632000 0.913000 0.629000 0.922000 0.624500 0.927500 0.620500 0.935500 0.611000 0.937500 0.607000 0.942000 0.590000 0.943500 0.532000 0.945000 0.513500 0.945000 0.484500 0.941000 0.454500 0.942500 0.447500 0.946500 0.440500 0.950500 0.436500 0.953500 0.428500 0.955000 0.416000 0.955000 0.403000 0.951500 0.392500 0.942000 0.385000 0.925000 0.377500 0.879500 0.370500 0.862000 0.369500 0.813000 0.370500 0.782500 0.374500 0.774500 0.376500
3 0.295500 0.692000 0.287500 0.697500 0.281500 0.703500 0.279000 0.714000 0.279000 0.728500 0.280500 0.738500 0.283000 0.744000 0.288500 0.751500 0.289500 0.755500 0.288000 0.766500 0.283000 0.783000 0.281000 0.802000 0.279500 0.900500 0.280500 0.910500 0.283000 0.918000 0.294000 0.931000 0.304000 0.937000 0.323500 0.943500 0.345000 0.948000 0.363500 0.949500 0.386500 0.949500 0.407500 0.948000 0.427000 0.945000 0.449000 0.936500 0.458500 0.928000 0.462500 0.921500 0.466000 0.913000 0.467500 0.905500 0.471500 0.811500 0.471000 0.796000 0.467500 0.774000 0.467500 0.765000 0.469000 0.758500 0.476500 0.748500 0.481000 0.732500 0.481500 0.716000 0.477500 0.705500 0.468500 0.698000 0.455000 0.692000 0.440000 0.688000 0.408000 0.683500 0.379000 0.682000 0.343500 0.683000 0.307000 0.687500
3 0.759500 0.704000 0.751500 0.713000 0.748500 0.726000 0.748500 0.738000 0.750000 0.747500 0.759500 0.763500 0.759000 0.771000 0.756000 0.779000 0.756000 0.782500 0.752000 0.797500 0.750500 0.822000 0.750000 0.910500 0.752000 0.922000 0.757500 0.932500 0.761500 0.937000 0.771500 0.944000 0.782000 0.949000 0.795000 0.953000 0.821000 0.957000 0.859500 0.958000 0.883500 0.956500 0.904000 0.953000 0.918000 0.946000 0.930000 0.935500 0.935000 0.925500 0.938000 0.912500 0.941500 0.807500 0.937500 0.783000 0.937500 0.771500 0.939000 0.767500 0.947000 0.756000 0.950500 0.748000 0.952000 0.724000 0.949500 0.717000 0.941500 0.708500 0.933500 0.704000 0.924500 0.701000 0.894500 0.694500 0.864500 0.691500 0.820000 0.691500 0.790500 0.694000 0.775000 0.697500
3 0.532500 0.696000 0.517500 0.706000 0.514000 0.713500 0.513000 0.721000 0.514000 0.740500 0.516000 0.747000 0.520000 0.752000 0.523500 0.761000 0.523500 0.767000 0.519500 0.779000 0.517000 0.791000 0.515000 0.818500 0.514000 0.907500 0.516500 0.921500 0.522500 0.930500 0.531500 0.938500 0.543500 0.944500 0.553500 0.948000 0.575500 0.953000 0.609500 0.955000 0.634500 0.954500 0.654500 0.952500 0.677500 0.945500 0.686000 0.940000 0.694000 0.931500 0.699000 0.921500 0.701500 0.912500 0.703000 0.898000 0.705500 0.829000 0.705500 0.803500 0.701500 0.777000 0.701500 0.767500 0.709500 0.756000 0.713500 0.747000 0.716000 0.723000 0.713000 0.713000 0.704500 0.704000 0.689500 0.697500 0.675000 0.693500 0.643500 0.688500 0.619500 0.687000 0.580000 0.687500 0.555500 0.690000
3 0.056500 0.687500 0.047000 0.695500 0.043500 0.704500 0.042500 0.714000 0.044500 0.733000 0.052500 0.750500 0.051500 0.759000 0.049500 0.764000 0.047000 0.777000 0.045000 0.810500 0.044000 0.898500 0.045500 0.907500 0.048000 0.914000 0.056000 0.923500 0.071000 0.932500 0.089000 0.938500 0.115500 0.943000 0.129500 0.944000 0.167500 0.943500 0.190000 0.940000 0.209500 0.933500 0.216500 0.928500 0.224500 0.920000 0.228000 0.913000 0.232500 0.897000 0.235500 0.812500 0.234500 0.779000 0.232000 0.767500 0.233500 0.752500 0.239500 0.745500 0.244000 0.733500 0.246000 0.715500 0.245500 0.709000 0.243500 0.703000 0.236500 0.695000 0.222500 0.687500 0.206000 0.683000 0.174500 0.678000 0.145500 0.676500 0.105000 0.677500 0.073000 0.682000
