0 0.230000 0.108939 0.222000 0.136872 0.226000 0.195531 0.222000 0.217877 0.256000 0.201117 0.288000 0.201117 0.310000 0.209497 0.324000 0.240223 0.328000 0.346369 0.378000 0.388268 0.386000 0.388268 0.390000 0.349162 0.388000 0.298883 0.372000 0.270950 0.334000 0.243017 0.338000 0.231844 0.322000 0.203911 0.324000 0.142458 0.320000 0.117318 0.302000 0.100559 0.264000 0.097765
0 0.792000 0.094972 0.778000 0.086592 0.748000 0.083799 0.716000 0.089385 0.700000 0.100559 0.696000 0.117318 0.700000 0.178771 0.696000 0.201117 0.700000 0.220670 0.682000 0.245810 0.650000 0.268156 0.634000 0.304469 0.634000 0.337989 0.646000 0.410615 0.652000 0.407821 0.660000 0.385475 0.678000 0.360335 0.710000 0.332402 0.718000 0.304469 0.716000 0.237430 0.722000 0.215084 0.748000 0.195531 0.796000 0.192737 0.798000 0.122905
0 0.812000 0.203911 0.796000 0.195531 0.766000 0.192737 0.734000 0.201117 0.720000 0.217877 0.716000 0.237430 0.718000 0.307263 0.712000 0.332402 0.670000 0.368715 0.648000 0.421788 0.646000 0.483240 0.650000 0.547486 0.656000 0.544693 0.676000 0.508380 0.718000 0.474860 0.718000 0.446927 0.724000 0.424581 0.722000 0.351955 0.732000 0.335196 0.758000 0.318436 0.788000 0.315642 0.826000 0.329609 0.838000 0.346369 0.842000 0.368715 0.840000 0.441341 0.844000 0.446927 0.844000 0.474860 0.876000 0.494413 0.884000 0.491620 0.888000 0.460894 0.884000 0.405028 0.874000 0.382682 0.830000 0.324022 0.824000 0.226257
0 0.824000 0.329609 0.798000 0.318436 0.760000 0.318436 0.734000 0.332402 0.724000 0.346369 0.724000 0.435754 0.718000 0.449721 0.722000 0.472067 0.680000 0.505587 0.668000 0.522346 0.650000 0.567039 0.650000 0.687151 0.656000 0.687151 0.676000 0.656425 0.718000 0.622905 0.722000 0.500000 0.740000 0.472067 0.766000 0.460894 0.802000 0.460894 0.824000 0.469274 0.842000 0.486034 0.850000 0.505587 0.848000 0.583799 0.854000 0.625698 0.894000 0.662011 0.902000 0.659218 0.910000 0.608939 0.906000 0.553073 0.898000 0.530726 0.874000 0.494413 0.840000 0.472067 0.844000 0.455307 0.840000 0.441341 0.840000 0.357542
0 0.744000 0.469274 0.728000 0.486034 0.722000 0.511173 0.724000 0.581006 0.718000 0.600559 0.720000 0.625698 0.680000 0.653631 0.648000 0.709497 0.644000 0.751397 0.652000 0.846369 0.650000 1.000000 0.908000 1.000000 0.914000 0.851955 0.924000 0.784916 0.924000 0.731844 0.920000 0.712291 0.896000 0.664804 0.850000 0.625698 0.850000 0.516760 0.846000 0.497207 0.834000 0.477654 0.796000 0.460894
0 0.480000 0.203911 0.468000 0.229050 0.468000 0.332402 0.508000 0.318436 0.538000 0.321229 0.560000 0.332402 0.570000 0.346369 0.574000 0.363128 0.574000 0.438547 0.578000 0.449721 0.574000 0.477654 0.632000 0.539106 0.640000 0.505587 0.640000 0.413408 0.620000 0.371508 0.576000 0.337989 0.576000 0.243017 0.564000 0.203911 0.542000 0.192737 0.508000 0.192737
0 0.476000 0.326816 0.462000 0.343575 0.456000 0.363128 0.454000 0.405028 0.458000 0.430168 0.452000 0.458101 0.454000 0.480447 0.466000 0.477654 0.472000 0.469274 0.508000 0.466480 0.530000 0.472067 0.544000 0.483240 0.560000 0.513966 0.564000 0.628492 0.606000 0.667598 0.626000 0.698324 0.634000 0.701117 0.642000 0.625698 0.640000 0.564246 0.620000 0.525140 0.572000 0.480447 0.576000 0.449721 0.572000 0.441341 0.572000 0.357542 0.568000 0.340782 0.542000 0.321229 0.514000 0.318436
0 0.456000 0.477654 0.436000 0.500000 0.432000 0.519553 0.436000 0.589385 0.432000 0.631285 0.384000 0.675978 0.366000 0.729050 0.364000 0.782123 0.374000 0.837989 0.374000 0.997207 0.638000 1.000000 0.638000 0.740223 0.634000 0.715084 0.610000 0.673184 0.562000 0.628492 0.564000 0.614525 0.558000 0.592179 0.560000 0.513966 0.548000 0.486034 0.520000 0.469274 0.476000 0.469274
0 0.228000 0.215084 0.220000 0.226257 0.216000 0.245810 0.220000 0.329609 0.270000 0.332402 0.286000 0.340782 0.296000 0.354749 0.302000 0.377095 0.302000 0.432961 0.308000 0.452514 0.308000 0.486034 0.354000 0.527933 0.382000 0.575419 0.390000 0.561453 0.394000 0.430168 0.384000 0.396648 0.372000 0.379888 0.326000 0.343575 0.324000 0.248603 0.318000 0.223464 0.310000 0.212291 0.292000 0.203911 0.250000 0.203911
0 0.220000 0.332402 0.196000 0.346369 0.188000 0.360335 0.184000 0.388268 0.188000 0.469274 0.236000 0.477654 0.258000 0.502793 0.264000 0.533520 0.264000 0.586592 0.274000 0.622905 0.318000 0.662011 0.336000 0.689944 0.344000 0.712291 0.350000 0.751397 0.344000 0.812849 0.344000 0.924581 0.350000 0.963687 0.356000 0.960894 0.362000 0.969274 0.368000 0.938547 0.368000 0.832402 0.360000 0.782123 0.360000 0.737430 0.376000 0.673184 0.380000 0.581006 0.360000 0.536313 0.306000 0.491620 0.302000 0.379888 0.296000 0.351955 0.272000 0.332402
0 0.472000 0.103352 0.464000 0.125698 0.466000 0.189944 0.462000 0.198324 0.460000 0.237430 0.422000 0.265363 0.406000 0.301676 0.404000 0.335196 0.412000 0.388268 0.418000 0.388268 0.442000 0.360335 0.450000 0.357542 0.470000 0.326816 0.464000 0.237430 0.480000 0.203911 0.504000 0.192737 0.544000 0.192737 0.572000 0.215084 0.578000 0.245810 0.578000 0.335196 0.624000 0.371508 0.630000 0.343575 0.628000 0.296089 0.612000 0.265363 0.578000 0.237430 0.578000 0.217877 0.564000 0.192737 0.566000 0.134078 0.562000 0.108939 0.554000 0.100559 0.524000 0.094972
0 0.166000 0.480447 0.150000 0.491620 0.136000 0.516760 0.134000 0.569832 0.140000 0.594972 0.136000 0.642458 0.098000 0.675978 0.080000 0.701117 0.068000 0.737430 0.066000 0.782123 0.082000 0.865922 0.090000 0.997207 0.336000 1.000000 0.340000 0.991620 0.342000 0.935754 0.338000 0.846369 0.346000 0.756983 0.344000 0.726257 0.336000 0.695531 0.320000 0.670391 0.268000 0.622905 0.262000 0.589385 0.258000 0.511173 0.250000 0.491620 0.238000 0.480447 0.220000 0.474860
