1 0.157718 0.454887 0.154362 0.503759 0.155481 0.703008 0.157718 0.718045 0.163311 0.725564 0.209172 0.721805 0.258389 0.804511 0.267338 0.810150 0.278523 0.810150 0.287472 0.802632 0.295302 0.783835 0.295302 0.761278 0.287472 0.740602 0.266219 0.703008 0.265101 0.689850 0.268456 0.678571 0.268456 0.652256 0.263982 0.616541 0.256152 0.593985 0.214765 0.526316 0.192394 0.498120 0.177852 0.473684 0.163311 0.456767
1 0.086130 0.099624 0.079418 0.122180 0.077181 0.142857 0.078300 0.169173 0.082774 0.186090 0.095078 0.214286 0.117450 0.248120 0.143177 0.251880 0.153244 0.265038 0.156600 0.310150 0.163311 0.323308 0.184564 0.325188 0.212528 0.321429 0.229306 0.347744 0.247204 0.368421 0.259508 0.390977 0.268456 0.398496 0.284116 0.402256 0.297539 0.389098 0.300895 0.377820 0.299776 0.349624 0.272931 0.304511 0.270694 0.296992 0.274049 0.265038 0.272931 0.238722 0.265101 0.212406 0.250559 0.186090 0.162192 0.078947 0.143177 0.063910 0.121924 0.062030 0.109620 0.067669 0.096197 0.080827
1 0.218121 0.069549 0.206935 0.101504 0.204698 0.114662 0.205817 0.125940 0.257271 0.191729 0.270694 0.221805 0.280761 0.265038 0.298658 0.300752 0.306488 0.306391 0.352349 0.302632 0.370246 0.330827 0.408277 0.374060 0.423937 0.375940 0.436242 0.360902 0.438479 0.351504 0.436242 0.321429 0.427293 0.304511 0.406040 0.278195 0.406040 0.231203 0.401566 0.206767 0.391499 0.180451 0.375839 0.157895 0.270694 0.046992 0.259508 0.043233 0.239374 0.046992
1 0.344519 0.073308 0.337808 0.099624 0.337808 0.114662 0.384787 0.167293 0.397092 0.187970 0.410515 0.234962 0.426174 0.253759 0.438479 0.276316 0.450783 0.287594 0.491051 0.287594 0.504474 0.312030 0.522371 0.328947 0.549217 0.362782 0.563758 0.360902 0.576063 0.343985 0.578300 0.330827 0.577181 0.313910 0.569351 0.296992 0.550336 0.280075 0.541387 0.263158 0.539150 0.218045 0.523490 0.178571 0.439597 0.077068 0.407159 0.046992 0.393736 0.039474 0.368009 0.043233 0.353468 0.056391
1 0.460850 0.062030 0.455257 0.086466 0.460850 0.105263 0.467562 0.109023 0.521253 0.172932 0.538031 0.206767 0.565996 0.248120 0.571588 0.265038 0.579418 0.270677 0.618568 0.268797 0.637584 0.298872 0.653244 0.312030 0.668904 0.332707 0.680089 0.340226 0.693512 0.340226 0.703579 0.327068 0.706935 0.312030 0.704698 0.287594 0.695749 0.272556 0.665548 0.238722 0.664430 0.208647 0.654362 0.174812 0.638702 0.150376 0.558166 0.062030 0.522371 0.030075 0.503356 0.022556 0.492170 0.024436 0.477629 0.033835
1 0.579418 0.046992 0.576063 0.062030 0.578300 0.084586 0.590604 0.093985 0.646532 0.157895 0.667785 0.195489 0.684564 0.216165 0.703579 0.251880 0.746085 0.251880 0.762864 0.280075 0.808725 0.321429 0.819911 0.319549 0.829978 0.304511 0.832215 0.283835 0.827740 0.265038 0.818792 0.251880 0.793065 0.227444 0.786353 0.216165 0.784116 0.182331 0.772931 0.156015 0.762864 0.140977 0.713647 0.088346 0.654362 0.031955 0.625280 0.013158 0.601790 0.016917 0.588367 0.030075
1 0.694631 0.039474 0.690157 0.058271 0.695749 0.071429 0.761745 0.139098 0.782998 0.172932 0.807606 0.203008 0.816555 0.219925 0.818792 0.233083 0.832215 0.236842 0.864653 0.234962 0.873602 0.242481 0.883669 0.263158 0.930649 0.302632 0.945190 0.304511 0.951902 0.296992 0.957494 0.274436 0.954139 0.251880 0.935123 0.227444 0.911633 0.208647 0.907159 0.199248 0.906040 0.172932 0.899329 0.150376 0.889262 0.131579 0.870246 0.110902 0.807606 0.060150 0.772931 0.024436 0.743848 0.003759 0.723714 0.003759 0.713647 0.009398 0.702461 0.022556
1 0.211409 0.439850 0.202461 0.469925 0.201342 0.492481 0.204698 0.507519 0.257271 0.592105 0.263982 0.607143 0.277405 0.659774 0.298658 0.699248 0.312081 0.701128 0.345638 0.695489 0.400447 0.774436 0.418345 0.778195 0.430649 0.765038 0.435123 0.742481 0.432886 0.725564 0.400447 0.667293 0.403803 0.629699 0.397092 0.590226 0.389262 0.569549 0.355705 0.516917 0.333333 0.486842 0.314318 0.468045 0.281879 0.422932 0.268456 0.411654 0.230425 0.415414 0.221477 0.422932
1 0.343400 0.421053 0.332215 0.456767 0.332215 0.481203 0.393736 0.575188 0.408277 0.609023 0.409396 0.624060 0.421700 0.637218 0.427293 0.652256 0.436242 0.661654 0.438479 0.671053 0.483221 0.672932 0.500000 0.699248 0.521253 0.723684 0.532438 0.746241 0.543624 0.755639 0.557047 0.757519 0.571588 0.740602 0.573826 0.731203 0.571588 0.703008 0.534676 0.646617 0.536913 0.614662 0.527964 0.573308 0.467562 0.481203 0.420582 0.421053 0.391499 0.396617 0.368009 0.396617 0.352349 0.407895
1 0.454139 0.407895 0.448546 0.434211 0.449664 0.454887 0.507830 0.537594 0.531320 0.577068 0.539150 0.609023 0.544743 0.614662 0.549217 0.633459 0.564877 0.650376 0.610738 0.646617 0.665548 0.719925 0.683445 0.721805 0.694631 0.710526 0.697987 0.695489 0.696868 0.672932 0.684564 0.650376 0.657718 0.616541 0.656600 0.578947 0.648770 0.546992 0.631991 0.516917 0.579418 0.453008 0.561521 0.426692 0.531320 0.392857 0.511186 0.375940 0.476510 0.379699 0.463087 0.390977
1 0.578300 0.387218 0.569351 0.417293 0.569351 0.436090 0.578300 0.451128 0.637584 0.522556 0.655481 0.558271 0.659955 0.588346 0.667785 0.593985 0.673378 0.609023 0.689038 0.625940 0.740492 0.625940 0.758389 0.654135 0.799776 0.699248 0.814318 0.699248 0.825503 0.686090 0.827740 0.676692 0.825503 0.650376 0.818792 0.637218 0.791946 0.607143 0.782998 0.592105 0.781879 0.560150 0.777405 0.537594 0.762864 0.509398 0.662192 0.390977 0.625280 0.360902 0.605145 0.360902 0.593960 0.366541
1 0.689038 0.366541 0.681208 0.390977 0.680089 0.409774 0.762864 0.507519 0.779642 0.535714 0.786353 0.575188 0.793065 0.578947 0.798658 0.595865 0.807606 0.605263 0.856823 0.599624 0.866890 0.609023 0.875839 0.625940 0.920582 0.671053 0.934004 0.671053 0.944072 0.657895 0.946309 0.648496 0.946309 0.625940 0.944072 0.618421 0.935123 0.603383 0.919463 0.590226 0.898210 0.562030 0.897092 0.535714 0.889262 0.501880 0.871365 0.473684 0.747204 0.345865 0.739374 0.342105 0.711409 0.343985 0.703579 0.347744
