1 0.590604 0.035920 0.585011 0.022989 0.565996 0.008621 0.540268 0.004310 0.504474 0.014368 0.466443 0.030172 0.342282 0.071839 0.327740 0.080460 0.312081 0.097701 0.305369 0.109195 0.294183 0.140805 0.271812 0.153736 0.257271 0.156609 0.220358 0.172414 0.212528 0.179598 0.206935 0.193966 0.206935 0.218391 0.211409 0.231322 0.220358 0.242816 0.231544 0.248563 0.250559 0.245690 0.313199 0.218391 0.338926 0.186782 0.382550 0.179598 0.455257 0.146552 0.469799 0.104885 0.485459 0.086207 0.512304 0.070402 0.580537 0.047414 0.587248 0.043103
1 0.765101 0.070402 0.758389 0.048851 0.748322 0.030172 0.730425 0.014368 0.705817 0.007184 0.674497 0.014368 0.653244 0.024425 0.515660 0.070402 0.493289 0.080460 0.476510 0.096264 0.464206 0.119253 0.461969 0.137931 0.457494 0.147989 0.376957 0.183908 0.366890 0.204023 0.366890 0.228448 0.374720 0.247126 0.381432 0.254310 0.389262 0.258621 0.404922 0.258621 0.476510 0.231322 0.496644 0.216954 0.502237 0.209770 0.505593 0.209770 0.511186 0.201149 0.526846 0.193966 0.589485 0.195402 0.598434 0.201149 0.604027 0.211207 0.624161 0.209770 0.634228 0.201149 0.685682 0.186782 0.708054 0.173851 0.723714 0.156609 0.741611 0.152299 0.752796 0.142241 0.763982 0.116379 0.766219 0.100575
1 0.437360 0.303161 0.434004 0.300287 0.346756 0.291667 0.309843 0.294540 0.298658 0.298851 0.286353 0.308908 0.251678 0.323276 0.247204 0.329023 0.224832 0.340517 0.189038 0.354885 0.172260 0.367816 0.156600 0.390805 0.151007 0.408046 0.148770 0.425287 0.145414 0.431034 0.063758 0.474138 0.061521 0.481322 0.055928 0.485632 0.055928 0.515805 0.061521 0.528736 0.070470 0.538793 0.078300 0.543103 0.092841 0.541667 0.155481 0.510057 0.168904 0.500000 0.191275 0.472701 0.214765 0.466954 0.251678 0.466954 0.263982 0.459770 0.282998 0.439655 0.304251 0.429598 0.310962 0.416667 0.314318 0.397989 0.323266 0.382184 0.336689 0.366379 0.364653 0.347701 0.378076 0.343391 0.391499 0.334770 0.392617 0.330460 0.403803 0.329023 0.419463 0.320402 0.423937 0.313218 0.437360 0.311782
1 0.600671 0.317529 0.589485 0.311782 0.563758 0.311782 0.475391 0.301724 0.459732 0.303161 0.346756 0.360632 0.336689 0.367816 0.322148 0.386494 0.316555 0.402299 0.312081 0.433908 0.308725 0.438218 0.282998 0.449713 0.265101 0.461207 0.262864 0.466954 0.236018 0.475575 0.218121 0.491379 0.213647 0.514368 0.219239 0.537356 0.224832 0.545977 0.234899 0.553161 0.250559 0.554598 0.290828 0.531609 0.309843 0.524425 0.327740 0.511494 0.343400 0.494253 0.362416 0.485632 0.406040 0.488506 0.423937 0.482759 0.453020 0.462644 0.458613 0.455460 0.472036 0.409483 0.486577 0.390805 0.502237 0.377874 0.515660 0.373563 0.519016 0.369253 0.544743 0.356322 0.549217 0.350575 0.576063 0.339080 0.581655 0.330460 0.593960 0.327586
1 0.749441 0.329023 0.721477 0.323276 0.621924 0.316092 0.605145 0.321839 0.494407 0.385057 0.479866 0.399425 0.470917 0.415230 0.461969 0.445402 0.464206 0.455460 0.459732 0.461207 0.408277 0.492816 0.379195 0.517241 0.373602 0.531609 0.375839 0.563218 0.387025 0.579023 0.393736 0.583333 0.411633 0.584770 0.491051 0.533046 0.497763 0.531609 0.508949 0.518678 0.529083 0.508621 0.564877 0.507184 0.576063 0.502874 0.614094 0.471264 0.624161 0.449713 0.628635 0.429598 0.644295 0.408046 0.653244 0.403736 0.659955 0.395115 0.675615 0.389368 0.691275 0.377874 0.717002 0.366379 0.721477 0.360632 0.731544 0.357759 0.737136 0.346264 0.749441 0.343391
1 0.749441 0.350575 0.742729 0.350575 0.682327 0.389368 0.657718 0.399425 0.643177 0.412356 0.629754 0.435345 0.624161 0.471264 0.619687 0.478448 0.592841 0.492816 0.554810 0.521552 0.539150 0.538793 0.533557 0.561782 0.539150 0.586207 0.553691 0.602011 0.560403 0.604885 0.576063 0.603448 0.667785 0.550287 0.674497 0.553161 0.690157 0.534483 0.703579 0.530172 0.743848 0.528736 0.748322 0.522989 0.751678 0.375000
1 0.390380 0.609195 0.372483 0.600575 0.289709 0.587644 0.259508 0.590517 0.247204 0.603448 0.202461 0.629310 0.182327 0.646552 0.173378 0.658046 0.164430 0.679598 0.157718 0.712644 0.153244 0.718391 0.145414 0.719828 0.079418 0.765805 0.071588 0.780172 0.071588 0.806034 0.078300 0.821839 0.085011 0.829023 0.096197 0.834770 0.108501 0.833333 0.173378 0.787356 0.191275 0.765805 0.204698 0.758621 0.223714 0.754310 0.242729 0.755747 0.268456 0.748563 0.279642 0.741379 0.287472 0.725575 0.297539 0.689655 0.315436 0.665230 0.382550 0.620690 0.390380 0.613506
1 0.534676 0.636494 0.524609 0.626437 0.491051 0.622126 0.482103 0.617816 0.430649 0.609195 0.400447 0.610632 0.391499 0.616379 0.388143 0.622126 0.375839 0.626437 0.364653 0.636494 0.322148 0.662356 0.306488 0.678161 0.294183 0.708333 0.291946 0.735632 0.279642 0.750000 0.259508 0.761494 0.202461 0.804598 0.196868 0.813218 0.194631 0.823276 0.195749 0.847701 0.200224 0.857759 0.210291 0.869253 0.219239 0.873563 0.229306 0.873563 0.248322 0.864943 0.314318 0.814655 0.327740 0.810345 0.351230 0.788793 0.365772 0.783046 0.400447 0.783046 0.409396 0.787356 0.427293 0.780172 0.439597 0.765805 0.442953 0.747126 0.459732 0.711207 0.470917 0.696839 0.505593 0.669540 0.515660 0.658046 0.525727 0.655172
1 0.709172 0.658046 0.693512 0.652299 0.659955 0.647989 0.637584 0.640805 0.611857 0.639368 0.604027 0.635057 0.577181 0.630747 0.562640 0.630747 0.544743 0.640805 0.472036 0.696839 0.454139 0.724138 0.446309 0.750000 0.441834 0.775862 0.378076 0.829023 0.366890 0.841954 0.361298 0.854885 0.361298 0.876437 0.366890 0.892241 0.383669 0.906609 0.402685 0.906609 0.418345 0.897989 0.472036 0.852011 0.497763 0.839080 0.503356 0.830460 0.512304 0.827586 0.519016 0.820402 0.532438 0.816092 0.568233 0.818966 0.589485 0.810345 0.602908 0.794540 0.609620 0.760057 0.629754 0.721264 0.637584 0.716954 0.644295 0.706897 0.653244 0.704023 0.673378 0.688218 0.684564 0.685345 0.691275 0.673851 0.700224 0.670977 0.709172 0.662356
1 0.743848 0.658046 0.730425 0.655172 0.714765 0.658046 0.633110 0.719828 0.610738 0.761494 0.607383 0.775862 0.606264 0.798851 0.531320 0.867816 0.526846 0.880747 0.525727 0.896552 0.532438 0.919540 0.548098 0.933908 0.568233 0.936782 0.644295 0.877874 0.673378 0.873563 0.697987 0.852011 0.723714 0.849138 0.739374 0.841954 0.744966 0.829023 0.746085 0.696839 0.748322 0.668103
