1 0.281875 0.473602 0.263750 0.461957 0.246250 0.458075 0.232500 0.458075 0.218750 0.455745 0.201250 0.456522 0.182500 0.462733 0.171875 0.468944 0.165625 0.475155 0.156875 0.486801 0.153125 0.496118 0.151875 0.504658 0.145625 0.511646 0.133750 0.519410 0.126250 0.530280 0.124375 0.539596 0.124375 0.551242 0.126250 0.562112 0.136250 0.576863 0.148125 0.583851 0.159375 0.586957 0.165625 0.595497 0.171875 0.600932 0.190625 0.611025 0.201250 0.613354 0.221875 0.612578 0.233750 0.608696 0.255625 0.597826 0.263750 0.590839 0.268750 0.589286 0.279375 0.579193 0.282500 0.571429 0.288750 0.563665 0.294375 0.561335 0.300000 0.552795 0.300625 0.541149 0.303125 0.537267 0.303750 0.531832 0.302500 0.512422 0.300625 0.510093 0.300625 0.506211 0.295625 0.493012 0.290000 0.486025 0.289375 0.482143
1 0.135000 0.197205 0.127500 0.215062 0.127500 0.227484 0.133750 0.246894 0.143750 0.260093 0.142500 0.266304 0.143125 0.291925 0.151250 0.322205 0.159375 0.337733 0.174375 0.355590 0.193750 0.369565 0.195000 0.375000 0.197500 0.377329 0.197500 0.381211 0.201250 0.384317 0.205000 0.392081 0.210000 0.393634 0.213125 0.396739 0.216875 0.395963 0.219375 0.398292 0.238125 0.398292 0.250625 0.401398 0.277500 0.397516 0.283125 0.391304 0.288125 0.389752 0.295625 0.381211 0.296250 0.376553 0.302500 0.371894 0.305625 0.361801 0.309375 0.357143 0.309375 0.346273 0.311250 0.343168 0.311250 0.329193 0.312500 0.326863 0.310000 0.309783 0.305000 0.300466 0.305625 0.294255 0.298125 0.285714 0.296875 0.281056 0.290000 0.271739 0.287500 0.263975 0.274375 0.246118 0.265000 0.226708 0.256250 0.215062 0.251250 0.210404 0.238750 0.203416 0.218125 0.196429 0.195625 0.197205 0.185000 0.201087 0.166875 0.190217 0.149375 0.188665 0.143125 0.190994
1 0.391250 0.201087 0.383750 0.205745 0.375625 0.222826 0.374375 0.232919 0.358125 0.249224 0.345000 0.272516 0.340625 0.304348 0.340625 0.324534 0.343125 0.343168 0.351250 0.366460 0.368125 0.389752 0.372500 0.393634 0.378750 0.396739 0.402500 0.401398 0.426250 0.399068 0.441250 0.393634 0.447500 0.388199 0.460000 0.373447 0.464375 0.362578 0.468125 0.357919 0.476875 0.323758 0.475000 0.298137 0.471875 0.290373 0.468750 0.274845 0.463750 0.267857 0.460625 0.258540 0.445625 0.241460 0.434375 0.232143 0.428750 0.215839 0.420000 0.204193 0.410000 0.200311
1 0.411875 0.441770 0.391875 0.446429 0.381875 0.452640 0.369375 0.465062 0.360000 0.478261 0.352500 0.494565 0.348750 0.517081 0.351250 0.546584 0.360000 0.568323 0.373125 0.585404 0.381875 0.592391 0.397500 0.598602 0.405000 0.598602 0.408125 0.600932 0.412500 0.600932 0.417500 0.595497 0.435625 0.597050 0.443125 0.593944 0.451875 0.586957 0.461250 0.576087 0.468750 0.562888 0.475625 0.543478 0.478750 0.524845 0.477500 0.504658 0.468125 0.479814 0.461875 0.470497 0.451875 0.458851 0.434375 0.447205
1 0.596875 0.194099 0.579375 0.195652 0.566875 0.204193 0.556250 0.204969 0.547500 0.210404 0.535625 0.221273 0.525625 0.236025 0.516250 0.259317 0.513125 0.287267 0.513125 0.311335 0.515625 0.336180 0.524375 0.358696 0.537500 0.375000 0.556250 0.387422 0.565000 0.388199 0.567500 0.390528 0.580000 0.393634 0.590000 0.393634 0.599375 0.391304 0.611250 0.381211 0.615000 0.373447 0.615000 0.361801 0.617500 0.355590 0.630625 0.334627 0.640625 0.310559 0.643125 0.290373 0.643750 0.274845 0.642500 0.263199 0.638750 0.247671 0.633750 0.236025 0.628750 0.227484 0.621875 0.220497 0.616250 0.208075 0.610625 0.200311 0.605000 0.196429
1 0.858125 0.225932 0.853750 0.220497 0.846250 0.215839 0.838125 0.213509 0.824375 0.215839 0.815000 0.222050 0.810000 0.222826 0.803750 0.217391 0.788125 0.211180 0.765000 0.209627 0.758125 0.210404 0.743125 0.215839 0.727500 0.226708 0.705625 0.253882 0.701875 0.255435 0.695000 0.262422 0.693750 0.267081 0.683750 0.277950 0.682500 0.283385 0.678750 0.288820 0.677500 0.298913 0.673750 0.309783 0.674375 0.322205 0.673125 0.326863 0.680000 0.357143 0.685625 0.365683 0.690000 0.367236 0.693125 0.371894 0.697500 0.374224 0.696875 0.375776 0.691875 0.375776 0.692500 0.378882 0.697500 0.381988 0.701875 0.382764 0.705000 0.378882 0.710000 0.382764 0.716875 0.384317 0.720000 0.381988 0.723750 0.385093 0.731875 0.385093 0.737500 0.388975 0.751250 0.386646 0.758125 0.392081 0.760000 0.395963 0.765625 0.395963 0.769375 0.392081 0.768125 0.388975 0.771250 0.388199 0.771250 0.385093 0.774375 0.380435 0.778750 0.378106 0.783750 0.379658 0.803125 0.365683 0.819375 0.347050 0.826875 0.335404 0.831250 0.322205 0.831875 0.315994 0.835000 0.310559 0.835625 0.299689 0.838750 0.288043 0.850000 0.279503 0.856875 0.271739 0.861875 0.261646 0.863750 0.253882 0.863125 0.237578
1 0.571250 0.438665 0.564375 0.440217 0.548125 0.447981 0.534375 0.461180 0.526875 0.471273 0.516250 0.493789 0.513750 0.507764 0.513750 0.525621 0.515000 0.536491 0.521875 0.557453 0.527500 0.569876 0.533125 0.577640 0.540625 0.585404 0.553750 0.594720 0.564375 0.598602 0.578750 0.599379 0.599375 0.593944 0.615000 0.585404 0.630000 0.560559 0.639375 0.537267 0.642500 0.521739 0.642500 0.512422 0.640625 0.496894 0.630625 0.470497 0.624375 0.461957 0.610625 0.450311 0.594375 0.441770 0.582500 0.438665
1 0.308750 0.661491 0.294375 0.642081 0.278750 0.632764 0.263750 0.628882 0.253750 0.624224 0.232500 0.632764 0.220625 0.635093 0.215625 0.639752 0.211250 0.640528 0.203750 0.647516 0.200000 0.654503 0.194375 0.656832 0.180000 0.678571 0.173125 0.692547 0.169375 0.706522 0.168750 0.720497 0.165000 0.725155 0.156250 0.729814 0.152500 0.733696 0.141875 0.749224 0.139375 0.763199 0.140000 0.775621 0.141875 0.782609 0.150625 0.796584 0.156875 0.800466 0.165000 0.802019 0.176875 0.801242 0.193750 0.792702 0.201250 0.798137 0.213125 0.802795 0.235625 0.809006 0.253750 0.809006 0.272500 0.800466 0.280625 0.798913 0.281875 0.795807 0.286875 0.794255 0.288750 0.791149 0.294375 0.788043 0.296875 0.783385 0.303125 0.779503 0.303125 0.776398 0.310000 0.765528 0.311250 0.753106 0.313750 0.746894 0.316875 0.729814 0.321250 0.718168 0.321250 0.708075 0.317500 0.697981 0.312500 0.670031
1 0.436250 0.641304 0.413125 0.635870 0.385625 0.638975 0.367500 0.652950 0.356250 0.667702 0.348750 0.681677 0.345625 0.692547 0.342500 0.716615 0.345625 0.753106 0.349375 0.762422 0.353750 0.767857 0.353125 0.771739 0.357500 0.778727 0.376875 0.802019 0.385625 0.807453 0.403750 0.807453 0.415625 0.802795 0.420625 0.798913 0.423750 0.798913 0.428750 0.795807 0.431875 0.791149 0.443125 0.785714 0.453125 0.773292 0.456875 0.762422 0.462500 0.755435 0.467500 0.743789 0.468750 0.736801 0.468750 0.710404 0.466250 0.686335 0.459375 0.668478 0.453125 0.657609 0.446250 0.652950 0.443750 0.649068 0.440625 0.648292
1 0.555000 0.635870 0.546875 0.640528 0.541250 0.645963 0.537500 0.653727 0.529375 0.661491 0.523750 0.672360 0.522500 0.677795 0.513750 0.692547 0.510625 0.708075 0.510625 0.726708 0.513750 0.748447 0.528125 0.778727 0.542500 0.795807 0.549375 0.798913 0.555625 0.804348 0.575000 0.808230 0.600000 0.806677 0.606875 0.804348 0.615625 0.796584 0.627500 0.781056 0.632500 0.772516 0.635000 0.762422 0.640625 0.749224 0.642500 0.732919 0.642500 0.714286 0.640625 0.700311 0.633125 0.684783 0.631875 0.679348 0.624375 0.666149 0.608750 0.648292 0.596875 0.640528 0.581875 0.634317 0.563750 0.633540
1 0.666250 0.496894 0.665000 0.506988 0.666250 0.532609 0.669375 0.545807 0.673125 0.549689 0.678125 0.564441 0.685000 0.568323 0.689375 0.573758 0.698750 0.580745 0.721875 0.591615 0.734375 0.593944 0.748125 0.593944 0.757500 0.589286 0.777500 0.568323 0.780625 0.559783 0.781250 0.553571 0.783750 0.548913 0.804375 0.549689 0.821250 0.552795 0.830625 0.551242 0.841250 0.543478 0.845625 0.537267 0.850625 0.519410 0.850000 0.508540 0.843125 0.492236 0.837500 0.486801 0.825625 0.481366 0.798125 0.482143 0.795625 0.478261 0.793750 0.467391 0.788125 0.461180 0.786875 0.457298 0.767500 0.444099 0.763125 0.439441 0.751875 0.437112 0.747500 0.433230 0.734375 0.432453 0.712500 0.437112 0.706875 0.440994 0.696875 0.443323 0.692500 0.449534 0.681875 0.454193 0.678125 0.462733 0.671875 0.471273
1 0.673125 0.663820 0.668750 0.677019 0.665625 0.699534 0.665625 0.718168 0.668750 0.731366 0.668750 0.738354 0.671250 0.748447 0.682500 0.770186 0.685000 0.772516 0.689375 0.772516 0.693750 0.777950 0.696250 0.778727 0.700625 0.785714 0.715625 0.794255 0.721250 0.794255 0.738125 0.800466 0.749375 0.801242 0.751875 0.798913 0.756250 0.799689 0.759375 0.797360 0.774375 0.795031 0.785625 0.788043 0.787500 0.784938 0.808750 0.793478 0.822500 0.805124 0.835000 0.809006 0.847500 0.807453 0.856875 0.800466 0.861250 0.794255 0.865625 0.781056 0.865625 0.767857 0.858125 0.750776 0.852500 0.747671 0.850625 0.744565 0.830625 0.735248 0.815625 0.724379 0.815000 0.708075 0.812500 0.696429 0.803750 0.672360 0.788125 0.652174 0.776875 0.644410 0.771250 0.638199 0.764375 0.633540 0.736875 0.622671 0.726875 0.621894 0.720625 0.623447 0.696875 0.634317 0.692500 0.640528 0.689375 0.641304 0.685000 0.647516 0.681875 0.649068
