1 0.262500 0.250909 0.245000 0.260000 0.240000 0.274545 0.241250 0.312727 0.251250 0.385455 0.248750 0.425455 0.241250 0.467273 0.246250 0.474545 0.266250 0.480000 0.281250 0.470909 0.296250 0.467273 0.311250 0.454545 0.320000 0.436364 0.321250 0.418182 0.320000 0.405455 0.311250 0.387273 0.295000 0.370909 0.287500 0.285455 0.282500 0.261818 0.273750 0.252727
1 0.322500 0.096364 0.312500 0.101818 0.306250 0.114545 0.313750 0.225455 0.297500 0.278182 0.296250 0.303636 0.297500 0.323636 0.301250 0.330909 0.336250 0.334545 0.363750 0.320000 0.372500 0.310909 0.382500 0.294545 0.382500 0.278182 0.370000 0.247273 0.352500 0.218182 0.348750 0.110909 0.338750 0.098182
1 0.402500 0.329091 0.392500 0.338182 0.388750 0.354545 0.391250 0.392727 0.390000 0.450909 0.381250 0.454545 0.376250 0.465455 0.367500 0.507273 0.370000 0.510909 0.368750 0.514545 0.373750 0.520000 0.372500 0.527273 0.380000 0.536364 0.392500 0.545455 0.412500 0.547273 0.428750 0.541818 0.447500 0.529091 0.460000 0.507273 0.462500 0.478182 0.456250 0.458182 0.436250 0.434545 0.432500 0.354545 0.428750 0.340000 0.420000 0.329091
1 0.500000 0.134545 0.482500 0.134545 0.473750 0.141818 0.470000 0.150909 0.465000 0.267273 0.438750 0.307273 0.433750 0.329091 0.435000 0.372727 0.446250 0.389091 0.462500 0.394545 0.487500 0.389091 0.506250 0.374545 0.521250 0.349091 0.530000 0.343636 0.530000 0.325455 0.525000 0.309091 0.508750 0.278182 0.515000 0.178182 0.513750 0.154545 0.510000 0.143636
1 0.553750 0.363636 0.540000 0.370909 0.532500 0.383636 0.532500 0.487273 0.527500 0.496364 0.516250 0.501818 0.503750 0.518182 0.496250 0.543636 0.497500 0.563636 0.508750 0.590909 0.527500 0.609091 0.546250 0.616364 0.557500 0.616364 0.591250 0.598182 0.601250 0.585455 0.608750 0.561818 0.608750 0.545455 0.602500 0.523636 0.577500 0.489091 0.576250 0.390909 0.573750 0.380000 0.568750 0.370909
1 0.620000 0.240000 0.607500 0.243636 0.598750 0.256364 0.595000 0.350909 0.578750 0.400000 0.578750 0.441818 0.583750 0.447273 0.607500 0.454545 0.616250 0.454545 0.645000 0.438182 0.652500 0.423636 0.638750 0.345455 0.636250 0.292727 0.638750 0.283636 0.638750 0.252727 0.631250 0.243636
1 0.695000 0.445455 0.682500 0.452727 0.675000 0.470909 0.676250 0.550909 0.668750 0.561818 0.657500 0.569091 0.648750 0.583636 0.643750 0.600000 0.642500 0.620000 0.652500 0.629091 0.661250 0.643636 0.666250 0.665455 0.688750 0.680000 0.712500 0.681818 0.742500 0.661818 0.756250 0.641818 0.758750 0.609091 0.750000 0.583636 0.741250 0.570909 0.721250 0.552727 0.717500 0.465455 0.706250 0.447273
1 0.745000 0.294545 0.735000 0.300000 0.726250 0.318182 0.727500 0.336364 0.731250 0.347273 0.731250 0.369091 0.727500 0.403636 0.717500 0.441818 0.717500 0.461818 0.722500 0.498182 0.728750 0.507273 0.743750 0.512727 0.760000 0.512727 0.786250 0.498182 0.790000 0.485455 0.777500 0.441818 0.771250 0.407273 0.768750 0.358182 0.770000 0.312727 0.763750 0.301818
1 0.936250 0.309091 0.921250 0.309091 0.915000 0.312727 0.910000 0.321818 0.896250 0.423636 0.887500 0.438182 0.872500 0.450909 0.856250 0.487273 0.856250 0.498182 0.877500 0.501818 0.888750 0.523636 0.887500 0.580000 0.890000 0.585455 0.887500 0.621818 0.905000 0.652727 0.911250 0.714545 0.915000 0.714545 0.920000 0.707273 0.945000 0.623636 0.962500 0.532727 0.960000 0.483636 0.938750 0.440000 0.952500 0.332727 0.948750 0.320000
1 0.860000 0.500000 0.852500 0.503636 0.845000 0.514545 0.836250 0.609091 0.806250 0.640000 0.800000 0.658182 0.798750 0.681818 0.805000 0.709091 0.826250 0.723636 0.843750 0.756364 0.846250 0.780000 0.837500 0.809091 0.841250 0.823636 0.860000 0.841818 0.876250 0.843636 0.898750 0.778182 0.906250 0.732727 0.907500 0.676364 0.903750 0.652727 0.882500 0.620000 0.882500 0.570909 0.886250 0.545455 0.885000 0.520000 0.877500 0.512727 0.880000 0.509091 0.873750 0.501818
1 0.628750 0.625455 0.617500 0.636364 0.613750 0.649091 0.615000 0.721818 0.618750 0.727273 0.647500 0.741818 0.663750 0.743636 0.662500 0.658182 0.660000 0.643636 0.645000 0.625455
