1 0.132500 0.217028 0.128750 0.230384 0.128750 0.248748 0.133750 0.263773 0.146250 0.283806 0.145000 0.307179 0.150000 0.340568 0.157500 0.358932 0.180000 0.388982 0.201250 0.402337 0.216250 0.390651 0.240000 0.380634 0.256250 0.365609 0.280000 0.327212 0.282500 0.305509 0.281250 0.280467 0.265000 0.243740 0.250000 0.223706 0.221250 0.212020 0.193750 0.212020 0.183750 0.217028 0.165000 0.203673 0.147500 0.203673
1 0.245000 0.497496 0.223750 0.490818 0.202500 0.490818 0.187500 0.494157 0.171250 0.504174 0.157500 0.520868 0.150000 0.544240 0.126250 0.569282 0.125000 0.597663 0.127500 0.609349 0.140000 0.622705 0.156250 0.627713 0.172500 0.646077 0.185000 0.652755 0.200000 0.639399 0.223750 0.632721 0.250000 0.607679 0.265000 0.587646 0.273750 0.565943 0.273750 0.547579 0.270000 0.535893 0.258750 0.519199 0.257500 0.512521 0.246250 0.502504
1 0.181250 0.722871 0.168750 0.747913 0.168750 0.774624 0.153750 0.784641 0.141250 0.804674 0.140000 0.831386 0.147500 0.851419 0.152500 0.858097 0.161250 0.861436 0.177500 0.861436 0.193750 0.854758 0.200000 0.861436 0.235000 0.873122 0.255000 0.873122 0.271250 0.861436 0.281250 0.846411 0.282500 0.836394 0.272500 0.823038 0.257500 0.782972 0.250000 0.774624 0.248750 0.766277 0.237500 0.754591 0.221250 0.744574 0.216250 0.734558 0.200000 0.721202 0.192500 0.717863
1 0.382500 0.499165 0.373750 0.507513 0.361250 0.540902 0.358750 0.575960 0.368750 0.606010 0.387500 0.622705 0.402500 0.626043 0.407500 0.631052 0.425000 0.632721 0.446250 0.609349 0.460000 0.582638 0.462500 0.569282 0.460000 0.532554 0.443750 0.500835 0.422500 0.495826
1 0.388750 0.215359 0.381250 0.220367 0.375000 0.235392 0.373750 0.252087 0.360000 0.265442 0.350000 0.282137 0.345000 0.295492 0.346250 0.325543 0.352500 0.347245 0.376250 0.380634 0.400000 0.393990 0.417500 0.393990 0.436250 0.380634 0.455000 0.350584 0.461250 0.328881 0.462500 0.292154 0.453750 0.272120 0.433750 0.252087 0.425000 0.220367 0.412500 0.215359
1 0.593750 0.207012 0.580000 0.210351 0.567500 0.220367 0.556250 0.220367 0.532500 0.242070 0.525000 0.258765 0.520000 0.292154 0.525000 0.320534 0.548750 0.363940 0.556250 0.372287 0.580000 0.387312 0.601250 0.390651 0.612500 0.387312 0.628750 0.373957 0.638750 0.355593 0.642500 0.342237 0.641250 0.277129 0.636250 0.258765 0.621250 0.235392 0.616250 0.220367 0.608750 0.212020
1 0.750000 0.228715 0.728750 0.243740 0.717500 0.258765 0.710000 0.275459 0.710000 0.288815 0.716250 0.298831 0.727500 0.335559 0.750000 0.373957 0.778750 0.393990 0.788750 0.397329 0.798750 0.395659 0.818750 0.375626 0.828750 0.357262 0.835000 0.327212 0.833750 0.312187 0.858750 0.288815 0.863750 0.270451 0.861250 0.250417 0.857500 0.242070 0.842500 0.230384 0.827500 0.230384 0.810000 0.240401 0.801250 0.232053 0.787500 0.227045 0.760000 0.225376
1 0.777500 0.480801 0.751250 0.492487 0.735000 0.509182 0.718750 0.540902 0.716250 0.570952 0.722500 0.592654 0.742500 0.622705 0.773750 0.639399 0.787500 0.641068 0.808750 0.594324 0.830000 0.592654 0.846250 0.577629 0.851250 0.560935 0.851250 0.550918 0.840000 0.524207 0.830000 0.517529 0.808750 0.515860 0.788750 0.482471
1 0.385000 0.731219 0.385000 0.737896 0.362500 0.754591 0.345000 0.779633 0.337500 0.809683 0.340000 0.831386 0.353750 0.849750 0.387500 0.869783 0.406250 0.869783 0.437500 0.859766 0.453750 0.841402 0.458750 0.826377 0.451250 0.781302 0.436250 0.756260 0.412500 0.737896 0.407500 0.737896 0.405000 0.731219
1 0.580000 0.472454 0.560000 0.485810 0.546250 0.504174 0.533750 0.527546 0.523750 0.559265 0.527500 0.577629 0.550000 0.624374 0.568750 0.639399 0.595000 0.646077 0.610000 0.639399 0.640000 0.612688 0.647500 0.601002 0.653750 0.582638 0.656250 0.552588 0.646250 0.519199 0.628750 0.494157 0.607500 0.477462 0.595000 0.472454
1 0.583750 0.727880 0.571250 0.732888 0.546250 0.761269 0.528750 0.803005 0.527500 0.829716 0.533750 0.843072 0.550000 0.859766 0.580000 0.871452 0.595000 0.871452 0.615000 0.858097 0.633750 0.834725 0.637500 0.819699 0.643750 0.816361 0.645000 0.796327 0.640000 0.772955 0.625000 0.749583 0.600000 0.729549
1 0.865000 0.821369 0.857500 0.804674 0.828750 0.787980 0.815000 0.774624 0.803750 0.724541 0.791250 0.721202 0.747500 0.757930 0.727500 0.794658 0.708750 0.839733 0.711250 0.849750 0.731250 0.858097 0.762500 0.859766 0.785000 0.849750 0.792500 0.849750 0.825000 0.868114 0.842500 0.869783 0.856250 0.861436 0.865000 0.843072
