4 0.297826 0.415058 0.290217 0.444015 0.290217 0.590734 0.297826 0.611969 0.304348 0.621622 0.305435 0.629344 0.331522 0.675676 0.333696 0.658301 0.334783 0.532819 0.339130 0.503861 0.344565 0.488417 0.341304 0.424710 0.336957 0.415058
4 0.891304 0.142857 0.888043 0.148649 0.882609 0.185328 0.859783 0.223938 0.857609 0.233591 0.859783 0.484556 0.907609 0.507722 0.985870 0.536680 0.989130 0.528958 0.988043 0.445946 0.990217 0.436293 0.991304 0.229730 0.961957 0.167954 0.961957 0.140927 0.957609 0.135135
4 0.693478 0.138996 0.688043 0.150579 0.685870 0.175676 0.673913 0.196911 0.669565 0.212355 0.671739 0.409266 0.676087 0.415058 0.719565 0.434363 0.769565 0.449807 0.771739 0.445946 0.771739 0.388031 0.769565 0.347490 0.770652 0.220077 0.768478 0.204633 0.760870 0.179537 0.752174 0.162162 0.748913 0.137066 0.744565 0.133205
4 0.689130 0.135135 0.647826 0.137066 0.633696 0.142857 0.632609 0.167954 0.618478 0.208494 0.620652 0.386100 0.623913 0.393822 0.661957 0.409266 0.669565 0.409266 0.670652 0.405405 0.668478 0.210425 0.672826 0.196911 0.685870 0.173745 0.686957 0.154440 0.690217 0.142857
4 0.586957 0.137066 0.580435 0.140927 0.579348 0.167954 0.567391 0.196911 0.567391 0.326255 0.569565 0.370656 0.591304 0.382239 0.616304 0.388031 0.619565 0.374517 0.617391 0.206564 0.630435 0.167954 0.632609 0.140927 0.621739 0.135135
4 0.531522 0.137066 0.526087 0.142857 0.525000 0.169884 0.517391 0.191120 0.519565 0.343629 0.536957 0.351351 0.547826 0.364865 0.566304 0.368726 0.565217 0.202703 0.577174 0.169884 0.577174 0.138996 0.573913 0.135135
4 0.477174 0.137066 0.470652 0.185328 0.471739 0.324324 0.479348 0.337838 0.514130 0.345560 0.517391 0.341699 0.516304 0.193050 0.522826 0.171815 0.523913 0.140927 0.521739 0.137066 0.502174 0.135135
4 0.445652 0.137066 0.442391 0.140927 0.442391 0.152510 0.435870 0.187259 0.436957 0.297297 0.468478 0.316602 0.470652 0.281853 0.469565 0.189189 0.475000 0.156371 0.475000 0.140927 0.472826 0.137066
4 0.400000 0.140927 0.391304 0.179537 0.392391 0.281853 0.397826 0.287645 0.433696 0.297297 0.435870 0.295367 0.433696 0.191120 0.436957 0.175676 0.436957 0.146718 0.432609 0.138996
4 0.321739 0.140927 0.322826 0.266409 0.340217 0.281853 0.360870 0.279923 0.359783 0.142857 0.356522 0.137066
4 0.392391 0.137066 0.370652 0.138996 0.366304 0.142857 0.361957 0.177606 0.363043 0.274131 0.365217 0.281853 0.389130 0.283784 0.391304 0.279923 0.390217 0.179537 0.395652 0.156371 0.395652 0.138996
4 0.389130 0.490347 0.344565 0.490347 0.341304 0.494208 0.335870 0.527027 0.334783 0.685328 0.343478 0.712355 0.358696 0.741313 0.363043 0.741313 0.364130 0.615830 0.366304 0.594595 0.376087 0.577220 0.378261 0.559846 0.382609 0.552124 0.396739 0.544402 0.393478 0.505792
4 0.426087 0.540541 0.382609 0.552124 0.379348 0.557915 0.378261 0.573359 0.367391 0.590734 0.365217 0.600386 0.365217 0.750965 0.383696 0.783784 0.391304 0.810811 0.400000 0.820463 0.402174 0.832046 0.404348 0.832046 0.402174 0.801158 0.407609 0.779923 0.409783 0.698842 0.415217 0.658301 0.421739 0.646718 0.444565 0.642857 0.445652 0.631274 0.443478 0.598456 0.439130 0.590734 0.431522 0.546332
4 0.498913 0.700772 0.485870 0.700772 0.463043 0.710425 0.438043 0.712355 0.434783 0.720077 0.432609 0.739382 0.423913 0.754826 0.421739 0.947876 0.423913 0.965251 0.440217 1.000000 0.514130 0.998069 0.517391 0.787645 0.504348 0.710425
4 0.479348 0.644788 0.421739 0.646718 0.415217 0.656371 0.409783 0.706564 0.409783 0.749035 0.404348 0.814672 0.406522 0.818533 0.407609 0.895753 0.410870 0.905405 0.414130 0.936293 0.418478 0.947876 0.420652 0.947876 0.422826 0.756757 0.431522 0.741313 0.434783 0.718147 0.438043 0.712355 0.466304 0.708494 0.485870 0.698842 0.483696 0.650579
