2 0.473904 0.063725 0.398747 0.058824 0.356994 0.063725 0.304802 0.063725 0.294363 0.068627 0.281837 0.109477 0.286013 0.351307 0.490605 0.351307 0.496868 0.111111 0.486430 0.073529
2 0.743215 0.661765 0.734864 0.666667 0.728601 0.679739 0.722338 0.714052 0.722338 0.939542 0.726514 0.954248 0.741127 0.964052 0.766180 0.967320 0.874739 0.970588 0.916493 0.967320 0.929019 0.959150 0.935282 0.946078 0.935282 0.700980 0.929019 0.671569 0.918580 0.661765
2 0.296451 0.660131 0.283925 0.692810 0.283925 0.910131 0.288100 0.952614 0.296451 0.960784 0.329854 0.967320 0.440501 0.968954 0.480167 0.964052 0.492693 0.955882 0.496868 0.929739 0.496868 0.763072 0.490605 0.692810 0.484342 0.684641 0.482255 0.668301 0.465553 0.661765 0.411273 0.663399 0.392484 0.660131 0.365344 0.663399
2 0.079332 0.658497 0.068894 0.684641 0.070981 0.952614 0.083507 0.959150 0.137787 0.964052 0.148225 0.968954 0.237996 0.967320 0.263048 0.962418 0.275574 0.954248 0.279749 0.942810 0.277662 0.687908 0.267223 0.661765 0.248434 0.656863
2 0.524008 0.666667 0.503132 0.681373 0.503132 0.892157 0.509395 0.954248 0.524008 0.964052 0.540710 0.967320 0.695198 0.967320 0.713987 0.950980 0.718163 0.921569 0.716075 0.718954 0.703549 0.705882 0.707724 0.702614 0.707724 0.692810 0.701461 0.679739 0.691023 0.673203 0.668058 0.669935 0.553236 0.669935
2 0.734864 0.062092 0.726514 0.071895 0.720251 0.109477 0.722338 0.348039 0.728601 0.351307 0.753653 0.348039 0.864301 0.348039 0.929019 0.352941 0.933194 0.093137 0.924843 0.065359 0.910230 0.058824 0.862213 0.055556 0.780793 0.057190
2 0.083507 0.356209 0.075157 0.361111 0.068894 0.390523 0.070981 0.650327 0.079332 0.655229 0.265136 0.653595 0.273486 0.648693 0.277662 0.624183 0.277662 0.392157 0.271399 0.362745 0.260960 0.356209 0.248434 0.354575
2 0.300626 0.357843 0.294363 0.361111 0.281837 0.398693 0.283925 0.650327 0.290188 0.655229 0.302714 0.656863 0.467641 0.655229 0.478079 0.647059 0.478079 0.627451 0.492693 0.607843 0.494781 0.395425 0.486430 0.364379 0.482255 0.359477 0.463466 0.356209 0.417537 0.354575
2 0.517745 0.357843 0.511482 0.362745 0.501044 0.415033 0.503132 0.622549 0.517745 0.638889 0.563674 0.638889 0.609603 0.643791 0.691023 0.638889 0.713987 0.622549 0.716075 0.416667 0.713987 0.392157 0.703549 0.361111 0.684760 0.356209 0.607516 0.352941
2 0.732777 0.357843 0.720251 0.388889 0.722338 0.616013 0.732777 0.640523 0.747390 0.650327 0.774530 0.653595 0.929019 0.655229 0.933194 0.643791 0.933194 0.398693 0.922756 0.361111 0.887265 0.356209
2 0.699374 0.063725 0.617954 0.058824 0.567850 0.063725 0.538622 0.062092 0.524008 0.063725 0.513570 0.070261 0.505219 0.093137 0.503132 0.125817 0.505219 0.348039 0.509395 0.352941 0.707724 0.352941 0.711900 0.349673 0.716075 0.098039 0.707724 0.070261
2 0.089770 0.063725 0.077244 0.070261 0.068894 0.094771 0.070981 0.351307 0.269311 0.352941 0.277662 0.343137 0.279749 0.217320 0.277662 0.094771 0.271399 0.073529 0.263048 0.066993 0.235908 0.062092
