2 0.220588 0.536408 0.212418 0.543689 0.210784 0.563107 0.214052 0.754854 0.223856 0.762136 0.263072 0.762136 0.267974 0.766990 0.271242 0.752427 0.269608 0.541262 0.261438 0.536408
2 0.338235 0.538835 0.333333 0.548544 0.333333 0.750000 0.338235 0.759709 0.385621 0.762136 0.390523 0.757282 0.392157 0.740291 0.390523 0.543689 0.387255 0.538835
2 0.181373 0.225728 0.178105 0.281553 0.179739 0.441748 0.232026 0.444175 0.235294 0.439320 0.236928 0.373786 0.235294 0.228155 0.222222 0.223301
2 0.243464 0.223301 0.238562 0.230583 0.236928 0.288835 0.238562 0.439320 0.241830 0.444175 0.290850 0.444175 0.294118 0.436893 0.294118 0.230583 0.290850 0.223301
2 0.299020 0.228155 0.295752 0.266990 0.297386 0.439320 0.302288 0.444175 0.348039 0.444175 0.352941 0.439320 0.352941 0.233010 0.349673 0.225728
2 0.359477 0.228155 0.356209 0.240291 0.356209 0.434466 0.361111 0.444175 0.406863 0.444175 0.411765 0.434466 0.411765 0.233010 0.393791 0.225728
2 0.187908 0.009709 0.179739 0.019417 0.181373 0.220874 0.232026 0.225728 0.235294 0.220874 0.235294 0.016990 0.227124 0.009709
2 0.245098 0.012136 0.238562 0.024272 0.240196 0.225728 0.272876 0.228155 0.274510 0.233010 0.277778 0.228155 0.292484 0.228155 0.295752 0.203883 0.294118 0.016990 0.279412 0.009709
2 0.302288 0.009709 0.297386 0.016990 0.297386 0.220874 0.303922 0.225728 0.348039 0.225728 0.354575 0.216019 0.352941 0.016990 0.336601 0.007282
2 0.361111 0.012136 0.356209 0.024272 0.357843 0.218447 0.367647 0.223301 0.411765 0.220874 0.413399 0.186893 0.410131 0.131068 0.411765 0.021845 0.406863 0.014563 0.390523 0.009709
2 0.421569 0.012136 0.413399 0.024272 0.415033 0.225728 0.467320 0.228155 0.468954 0.019417 0.467320 0.014563 0.452614 0.009709
2 0.522876 0.009709 0.500000 0.007282 0.475490 0.012136 0.472222 0.016990 0.470588 0.167476 0.473856 0.225728 0.526144 0.225728 0.527778 0.016990
2 0.537582 0.009709 0.531046 0.014563 0.532680 0.223301 0.581699 0.225728 0.586601 0.220874 0.586601 0.016990 0.571895 0.007282
2 0.596405 0.009709 0.589869 0.014563 0.588235 0.046117 0.589869 0.220874 0.594771 0.228155 0.643791 0.228155 0.647059 0.216019 0.647059 0.016990 0.640523 0.007282
2 0.416667 0.230583 0.413399 0.264563 0.415033 0.436893 0.419935 0.444175 0.467320 0.444175 0.470588 0.432039 0.468954 0.233010 0.454248 0.228155
2 0.475490 0.228155 0.472222 0.240291 0.475490 0.444175 0.486928 0.446602 0.526144 0.444175 0.529412 0.439320 0.531046 0.327670 0.527778 0.230583 0.516340 0.225728
2 0.539216 0.225728 0.532680 0.230583 0.532680 0.439320 0.542484 0.446602 0.584967 0.444175 0.588235 0.436893 0.584967 0.230583 0.575163 0.225728
2 0.593137 0.228155 0.589869 0.237864 0.591503 0.436893 0.594771 0.444175 0.602941 0.446602 0.643791 0.444175 0.647059 0.436893 0.645425 0.233010 0.642157 0.228155 0.625817 0.225728
2 0.656863 0.009709 0.650327 0.016990 0.648693 0.031553 0.650327 0.223301 0.702614 0.225728 0.705882 0.201456 0.705882 0.016990 0.702614 0.009709 0.694444 0.007282
2 0.712418 0.012136 0.707516 0.021845 0.707516 0.213592 0.712418 0.223301 0.750000 0.225728 0.763072 0.220874 0.764706 0.016990 0.756536 0.009709
2 0.776144 0.009709 0.767974 0.016990 0.766340 0.046117 0.767974 0.218447 0.781046 0.225728 0.812092 0.225728 0.823529 0.218447 0.823529 0.016990 0.802288 0.007282
2 0.831699 0.009709 0.828431 0.014563 0.828431 0.218447 0.833333 0.223301 0.880719 0.223301 0.883987 0.201456 0.883987 0.058252 0.880719 0.014563 0.872549 0.007282
2 0.651961 0.228155 0.648693 0.235437 0.650327 0.439320 0.653595 0.444175 0.678105 0.446602 0.704248 0.444175 0.707516 0.373786 0.704248 0.228155
2 0.712418 0.225728 0.707516 0.237864 0.709150 0.436893 0.712418 0.444175 0.764706 0.444175 0.764706 0.228155 0.759804 0.223301
2 0.771242 0.228155 0.767974 0.233010 0.766340 0.288835 0.767974 0.439320 0.771242 0.444175 0.821895 0.444175 0.825163 0.439320 0.823529 0.235437 0.815359 0.228155 0.799020 0.225728
2 0.830065 0.223301 0.826797 0.240291 0.828431 0.439320 0.834967 0.444175 0.882353 0.441748 0.885621 0.436893 0.883987 0.228155 0.879085 0.223301
2 0.158497 0.762136 0.160131 0.766990 0.155229 0.776699 0.153595 0.873786 0.156863 0.970874 0.178105 0.978155 0.204248 0.975728 0.209150 0.968447 0.210784 0.951456 0.209150 0.776699 0.200980 0.759709
2 0.400327 0.541262 0.395425 0.553398 0.393791 0.614078 0.395425 0.752427 0.398693 0.757282 0.446078 0.757282 0.450980 0.750000 0.449346 0.546117 0.446078 0.541262
2 0.457516 0.541262 0.452614 0.550971 0.454248 0.750000 0.459150 0.757282 0.504902 0.757282 0.509804 0.752427 0.508170 0.543689 0.501634 0.538835
2 0.516340 0.538835 0.511438 0.550971 0.513072 0.750000 0.516340 0.757282 0.566993 0.757282 0.570261 0.677184 0.565359 0.541262
2 0.398693 0.759709 0.393791 0.769417 0.392157 0.803398 0.393791 0.968447 0.400327 0.978155 0.444444 0.978155 0.450980 0.968447 0.450980 0.766990 0.442810 0.759709
2 0.457516 0.759709 0.454248 0.764563 0.452614 0.834951 0.454248 0.970874 0.460784 0.978155 0.508170 0.975728 0.511438 0.951456 0.509804 0.762136
2 0.516340 0.757282 0.513072 0.813107 0.514706 0.968447 0.521242 0.975728 0.563725 0.975728 0.570261 0.961165 0.568627 0.762136 0.565359 0.757282 0.549020 0.754854
2 0.575163 0.757282 0.571895 0.759709 0.575163 0.970874 0.580065 0.975728 0.625817 0.975728 0.629085 0.963592 0.629085 0.902913 0.625817 0.883495 0.629085 0.873786 0.629085 0.798544 0.625817 0.759709
2 0.571895 0.538835 0.568627 0.553398 0.571895 0.757282 0.624183 0.757282 0.624183 0.541262 0.612745 0.536408
2 0.633987 0.757282 0.630719 0.769417 0.632353 0.968447 0.642157 0.978155 0.687908 0.975728 0.687908 0.759709
2 0.694444 0.759709 0.691176 0.771845 0.692810 0.970874 0.704248 0.978155 0.745098 0.975728 0.750000 0.968447 0.748366 0.762136 0.738562 0.757282
2 0.754902 0.757282 0.751634 0.762136 0.750000 0.820388 0.751634 0.968447 0.756536 0.975728 0.766340 0.978155 0.803922 0.975728 0.808824 0.968447 0.807190 0.762136 0.797386 0.757282
2 0.813725 0.752427 0.810458 0.762136 0.812092 0.970874 0.825163 0.978155 0.862745 0.975728 0.867647 0.970874 0.869281 0.951456 0.867647 0.769417 0.861111 0.754854
2 0.810458 0.538835 0.808824 0.548544 0.813725 0.701456 0.812092 0.750000 0.815359 0.754854 0.861111 0.754854 0.866013 0.703883 0.864379 0.541262 0.857843 0.536408
2 0.754902 0.541262 0.751634 0.546117 0.750000 0.584951 0.751634 0.621359 0.756536 0.643204 0.751634 0.718447 0.753268 0.750000 0.756536 0.754854 0.774510 0.757282 0.807190 0.752427 0.805556 0.548544 0.797386 0.538835
2 0.694444 0.541262 0.691176 0.548544 0.692810 0.754854 0.702614 0.759709 0.746732 0.757282 0.748366 0.677184 0.745098 0.643204 0.748366 0.628641 0.748366 0.546117 0.738562 0.538835
2 0.635621 0.538835 0.630719 0.550971 0.629085 0.648058 0.632353 0.750000 0.640523 0.757282 0.686275 0.757282 0.689542 0.548544 0.684641 0.538835
2 0.267974 0.757282 0.214052 0.762136 0.212418 0.888350 0.215686 0.975728 0.264706 0.978155 0.269608 0.970874 0.271242 0.805825
2 0.274510 0.759709 0.274510 0.973301 0.279412 0.978155 0.323529 0.978155 0.328431 0.970874 0.330065 0.905340 0.328431 0.762136 0.323529 0.757282
2 0.336601 0.759709 0.331699 0.800971 0.333333 0.968447 0.338235 0.978155 0.383987 0.978155 0.388889 0.968447 0.390523 0.769417 0.385621 0.759709
2 0.156863 0.538835 0.151961 0.548544 0.153595 0.754854 0.202614 0.759709 0.210784 0.752427 0.209150 0.546117 0.205882 0.538835 0.191176 0.536408
2 0.282680 0.536408 0.272876 0.543689 0.271242 0.560680 0.272876 0.754854 0.326797 0.759709 0.330065 0.752427 0.328431 0.541262 0.316993 0.536408
