0 1.000000 0.000000 0.969649 0.002398 0.966454 0.031175 0.968051 0.064748 0.961661 0.081535 0.963259 0.115108 0.907348 0.239808 0.875399 0.338129 0.864217 0.388489 0.864217 0.402878 0.875399 0.419664 0.883387 0.443645 0.880192 0.522782 0.883387 0.546763 0.880192 0.577938 0.883387 0.628297 0.899361 0.688249 0.926518 0.719424 0.939297 0.719424 0.937700 0.659472 0.952077 0.637890 0.956869 0.623501 0.955272 0.611511 0.960064 0.609113 0.961661 0.587530 0.971246 0.577938 1.000000 0.575540
0 0.055911 0.741007 0.047923 0.757794 0.043131 0.784173 0.043131 0.851319 0.046326 0.870504 0.043131 0.913669 0.051118 0.942446 0.039936 0.971223 0.035144 1.000000 0.223642 1.000000 0.193291 0.916067 0.196486 0.887290 0.188498 0.846523 0.188498 0.784173 0.178914 0.743405 0.161342 0.719424 0.132588 0.707434 0.091054 0.712230 0.065495 0.729017
0 0.107029 0.407674 0.094249 0.422062 0.084665 0.450839 0.084665 0.508393 0.087859 0.529976 0.084665 0.575540 0.092652 0.601918 0.065495 0.705036 0.063898 0.726619 0.087859 0.712230 0.111821 0.705036 0.142173 0.707434 0.162939 0.719424 0.178914 0.741007 0.185304 0.757794 0.190096 0.796163 0.190096 0.853717 0.196486 0.875300 0.196486 0.923261 0.225240 0.997602 0.324281 1.000000 0.309904 0.892086 0.279553 0.762590 0.212460 0.587530 0.217252 0.551559 0.210863 0.525180 0.210863 0.465228 0.204473 0.429257 0.190096 0.407674 0.167732 0.395683 0.132588 0.395683
0 0.162939 0.167866 0.142173 0.187050 0.134185 0.208633 0.135783 0.299760 0.132588 0.321343 0.140575 0.338129 0.140575 0.352518 0.134185 0.369305 0.130990 0.393285 0.164537 0.393285 0.191693 0.407674 0.209265 0.441247 0.212460 0.527578 0.217252 0.539568 0.217252 0.597122 0.273163 0.741007 0.289137 0.793765 0.309904 0.887290 0.327476 1.000000 0.340256 1.000000 0.346645 0.952038 0.349840 0.731415 0.338658 0.635492 0.329073 0.609113 0.325879 0.582734 0.295527 0.465228 0.246006 0.335731 0.250799 0.302158 0.244409 0.285372 0.246006 0.232614 0.239617 0.194245 0.231629 0.179856 0.214058 0.167866
0 0.159744 0.000000 0.156550 0.028777 0.161342 0.093525 0.158147 0.115108 0.166134 0.139089 0.161342 0.163070 0.201278 0.163070 0.223642 0.170264 0.241214 0.194245 0.247604 0.230216 0.246006 0.285372 0.250799 0.299760 0.249201 0.342926 0.295527 0.462830 0.309904 0.508393 0.332268 0.611511 0.338658 0.618705 0.351438 0.565947 0.351438 0.494005 0.346645 0.441247 0.337061 0.383693 0.309904 0.270983 0.260383 0.131894 0.263578 0.095923 0.258786 0.081535 0.257188 0.002398
0 0.523962 0.000000 0.444089 0.000000 0.436102 0.016787 0.432907 0.040767 0.434505 0.103118 0.429712 0.117506 0.436102 0.151079 0.407348 0.230216 0.391374 0.287770 0.375399 0.362110 0.359425 0.462830 0.356230 0.580336 0.364217 0.618705 0.373802 0.587530 0.386581 0.515588 0.405751 0.467626 0.408946 0.441247 0.437700 0.359712 0.437700 0.342926 0.432907 0.330935 0.437700 0.297362 0.436102 0.244604 0.445687 0.203837 0.455272 0.189448 0.479233 0.177458 0.500000 0.175060 0.535144 0.187050 0.527157 0.155875 0.533546 0.134293 0.535144 0.038369 0.530351 0.011990
0 0.531949 0.187050 0.506390 0.177458 0.466454 0.182254 0.453674 0.191847 0.440895 0.218225 0.437700 0.237410 0.439297 0.302158 0.436102 0.316547 0.440895 0.354916 0.415335 0.429257 0.405751 0.482014 0.391374 0.513189 0.364217 0.630695 0.356230 0.721823 0.357827 0.829736 0.364217 0.860911 0.370607 0.848921 0.384984 0.788969 0.405751 0.731415 0.405751 0.721823 0.440895 0.630695 0.437700 0.587530 0.442492 0.570743 0.442492 0.510791 0.447284 0.474820 0.453674 0.460432 0.479233 0.434053 0.492013 0.429257 0.528754 0.431655 0.552716 0.446043 0.562300 0.458034 0.571885 0.484412 0.576677 0.486811 0.568690 0.431655 0.547923 0.362110 0.554313 0.328537 0.551118 0.316547 0.552716 0.232614 0.546326 0.206235
0 0.551118 0.446043 0.525559 0.431655 0.485623 0.431655 0.461661 0.448441 0.452077 0.462830 0.445687 0.489209 0.445687 0.565947 0.439297 0.587530 0.439297 0.606715 0.444089 0.625899 0.423323 0.678657 0.420128 0.697842 0.372204 0.841727 0.353035 0.940048 0.346645 1.000000 0.444089 1.000000 0.447284 0.995204 0.445687 0.988010 0.440895 0.988010 0.426518 0.971223 0.428115 0.961631 0.420128 0.937650 0.424920 0.889688 0.424920 0.812950 0.431310 0.786571 0.440895 0.767386 0.477636 0.741007 0.527157 0.745803 0.536741 0.750600 0.560703 0.779376 0.570288 0.810552 0.570288 0.911271 0.573482 0.937650 0.565495 0.968825 0.570288 0.995204 0.575080 1.000000 0.627796 1.000000 0.630990 0.956835 0.616613 0.832134 0.607029 0.784173 0.595847 0.755396 0.591054 0.726619 0.565495 0.642686 0.565495 0.630695 0.571885 0.611511 0.568690 0.580336 0.571885 0.529976 0.570288 0.486811 0.562300 0.460432
0 0.444089 0.762590 0.431310 0.786571 0.424920 0.815348 0.424920 0.892086 0.420128 0.918465 0.424920 0.961631 0.412141 1.000000 0.571885 1.000000 0.565495 0.976019 0.575080 0.937650 0.575080 0.920863 0.568690 0.899281 0.570288 0.815348 0.559105 0.774580 0.536741 0.750600 0.514377 0.741007 0.469649 0.743405
0 0.793930 0.000000 0.699681 0.000000 0.698083 0.004796 0.699681 0.059952 0.693291 0.071942 0.694888 0.107914 0.662939 0.189448 0.632588 0.282974 0.610224 0.383693 0.600639 0.448441 0.603834 0.532374 0.618211 0.640288 0.627796 0.637890 0.638978 0.577938 0.667732 0.472422 0.686901 0.417266 0.725240 0.328537 0.726837 0.306954 0.723642 0.294964 0.731629 0.261391 0.733227 0.213429 0.738019 0.184652 0.757188 0.155875 0.789137 0.148681 0.785942 0.112710 0.792332 0.095923 0.790735 0.052758 0.795527 0.026379
0 0.817891 0.160671 0.789137 0.151079 0.766773 0.153477 0.752396 0.160671 0.736422 0.189448 0.733227 0.263789 0.725240 0.290168 0.728435 0.321343 0.688498 0.414868 0.664537 0.486811 0.653355 0.539568 0.640575 0.577938 0.626198 0.652278 0.626198 0.868106 0.632588 0.899281 0.638978 0.899281 0.638978 0.887290 0.677316 0.745803 0.720447 0.635492 0.749201 0.575540 0.747604 0.539568 0.752396 0.517986 0.753994 0.460432 0.760383 0.426859 0.771565 0.407674 0.793930 0.390887 0.845048 0.390887 0.843450 0.371703 0.835463 0.345324 0.835463 0.330935 0.840256 0.316547 0.838658 0.282974 0.845048 0.242206 0.845048 0.199041 0.830671 0.170264
0 0.861022 0.405276 0.835463 0.390887 0.797125 0.390887 0.773163 0.405276 0.761981 0.424460 0.755591 0.458034 0.755591 0.508393 0.749201 0.532374 0.749201 0.580336 0.725240 0.628297 0.675719 0.762590 0.677316 0.767386 0.642173 0.894484 0.637380 0.940048 0.640575 1.000000 0.731629 1.000000 0.779553 0.896882 0.782748 0.839329 0.790735 0.820144 0.793930 0.757794 0.803514 0.724221 0.822684 0.697842 0.840256 0.688249 0.869010 0.685851 0.892971 0.693046 0.891374 0.671463 0.872204 0.597122 0.880192 0.563549 0.875399 0.532374 0.881789 0.458034 0.875399 0.424460
0 0.924920 0.726619 0.907348 0.705036 0.876997 0.688249 0.843450 0.688249 0.813099 0.707434 0.797125 0.743405 0.792332 0.817746 0.782748 0.848921 0.784345 0.889688 0.758786 0.940048 0.736422 0.992806 0.736422 1.000000 0.939297 1.000000 0.924920 0.928058 0.929712 0.892086 0.928115 0.846523 0.936102 0.803357 0.936102 0.760192
