2 0.622549 0.017157 0.562092 0.009804 0.513072 0.014706 0.503268 0.024510 0.501634 0.355392 0.503268 0.470588 0.509804 0.502451 0.526144 0.500000 0.529412 0.492647 0.545752 0.492647 0.547386 0.497549 0.553922 0.492647 0.555556 0.500000 0.563725 0.492647 0.571895 0.497549 0.584967 0.495098 0.586601 0.500000 0.622549 0.500000 0.627451 0.485294 0.627451 0.051471
2 0.642157 0.495098 0.635621 0.514706 0.635621 0.622549 0.632353 0.644608 0.638889 0.968137 0.645425 0.975490 0.756536 0.977941 0.761438 0.968137 0.761438 0.750000 0.756536 0.705882 0.759804 0.686275 0.756536 0.642157 0.759804 0.566176 0.754902 0.497549 0.748366 0.492647
2 0.516340 0.495098 0.508170 0.504902 0.504902 0.769608 0.508170 0.968137 0.513072 0.975490 0.524510 0.977941 0.625817 0.975490 0.630719 0.968137 0.629085 0.710784 0.625817 0.703431 0.629085 0.593137 0.627451 0.517157 0.624183 0.502451 0.604575 0.492647
2 0.382353 0.497549 0.375817 0.512255 0.374183 0.549020 0.377451 0.968137 0.382353 0.977941 0.488562 0.980392 0.498366 0.975490 0.501634 0.960784 0.498366 0.509804 0.486928 0.492647 0.398693 0.492647
2 0.251634 0.500000 0.248366 0.514706 0.248366 0.605392 0.245098 0.639706 0.248366 0.718137 0.246732 0.916667 0.250000 0.970588 0.266340 0.977941 0.366013 0.975490 0.369281 0.968137 0.370915 0.933824 0.369281 0.789216 0.372549 0.750000 0.367647 0.509804 0.356209 0.497549 0.274510 0.495098
2 0.124183 0.497549 0.117647 0.517157 0.117647 0.943627 0.122549 0.968137 0.133987 0.975490 0.236928 0.973039 0.241830 0.960784 0.241830 0.509804 0.236928 0.500000
2 0.000000 0.500000 0.000000 0.975490 0.111111 0.975490 0.116013 0.970588 0.114379 0.541667 0.111111 0.507353 0.107843 0.500000 0.073529 0.497549
2 0.379085 0.014706 0.374183 0.024510 0.372549 0.061275 0.375817 0.487745 0.380719 0.500000 0.390523 0.500000 0.398693 0.492647 0.493464 0.492647 0.500000 0.468137 0.498366 0.051471 0.495098 0.022059 0.483660 0.009804 0.415033 0.007353
2 0.253268 0.017157 0.246732 0.024510 0.245098 0.046569 0.246732 0.477941 0.250000 0.500000 0.366013 0.500000 0.370915 0.482843 0.370915 0.132353 0.367647 0.026961 0.359477 0.014706 0.290850 0.012255
2 0.119281 0.017157 0.116013 0.041667 0.117647 0.485294 0.125817 0.492647 0.240196 0.490196 0.243464 0.482843 0.243464 0.044118 0.240196 0.019608 0.227124 0.012255 0.205882 0.014706 0.200980 0.009804
2 0.000000 0.012255 0.000000 0.492647 0.106209 0.492647 0.112745 0.482843 0.114379 0.468137 0.111111 0.017157 0.101307 0.009804 0.014706 0.007353
2 0.900327 0.490196 0.893791 0.512255 0.897059 0.968137 0.901961 0.975490 0.995098 0.977941 1.000000 0.975490 1.000000 0.490196
2 0.771242 0.492647 0.766340 0.497549 0.763072 0.534314 0.767974 0.639706 0.764706 0.651961 0.769608 0.659314 0.766340 0.661765 0.766340 0.968137 0.772876 0.975490 0.888889 0.975490 0.892157 0.970588 0.893791 0.936275 0.888889 0.502451 0.883987 0.490196 0.866013 0.487745
2 0.900327 0.014706 0.892157 0.022059 0.892157 0.404412 0.897059 0.426471 0.895425 0.470588 0.898693 0.500000 0.957516 0.500000 0.962418 0.495098 0.967320 0.500000 1.000000 0.500000 1.000000 0.014706 0.983660 0.009804 0.923203 0.009804
2 0.769608 0.017157 0.763072 0.029412 0.761438 0.286765 0.764706 0.323529 0.766340 0.500000 0.771242 0.504902 0.818627 0.497549 0.882353 0.502451 0.888889 0.485294 0.890523 0.460784 0.887255 0.267157 0.888889 0.098039 0.885621 0.024510 0.882353 0.017157 0.848039 0.009804 0.841503 0.014706 0.820261 0.009804
2 0.642157 0.014706 0.632353 0.024510 0.629085 0.115196 0.633987 0.482843 0.638889 0.500000 0.684641 0.492647 0.753268 0.500000 0.758170 0.482843 0.759804 0.436275 0.758170 0.058824 0.754902 0.024510 0.751634 0.017157 0.733660 0.012255 0.705882 0.014706 0.689542 0.009804 0.684641 0.014706
