0 0.888750 0.007491 0.873750 0.001873 0.843750 0.001873 0.827500 0.009363 0.821250 0.020599 0.813750 0.071161 0.812500 0.101124 0.805000 0.117978 0.800000 0.157303 0.795000 0.170412 0.783750 0.185393 0.781250 0.213483 0.776250 0.222846 0.777500 0.228464 0.773750 0.247191 0.768750 0.256554 0.766250 0.275281 0.767500 0.301498 0.765000 0.307116 0.766250 0.342697 0.773750 0.350187 0.816250 0.352060 0.835000 0.323970 0.848750 0.295880 0.871250 0.211610 0.876250 0.176030 0.882500 0.159176 0.896250 0.142322 0.896250 0.116105 0.903750 0.086142 0.906250 0.044944 0.902500 0.024345
0 0.197500 0.441948 0.181250 0.453184 0.167500 0.477528 0.165000 0.488764 0.166250 0.569288 0.168750 0.584270 0.176250 0.597378 0.176250 0.604869 0.155000 0.649813 0.127500 0.737828 0.122500 0.775281 0.118750 0.784644 0.117500 0.822097 0.127500 0.880150 0.132500 0.968165 0.146250 1.000000 0.346250 1.000000 0.357500 0.994382 0.362500 0.975655 0.366250 0.932584 0.363750 0.859551 0.365000 0.780899 0.358750 0.741573 0.346250 0.711610 0.342500 0.694757 0.295000 0.602996 0.281250 0.584270 0.286250 0.544944 0.280000 0.486891 0.273750 0.462547 0.265000 0.449438 0.240000 0.436330 0.211250 0.436330
0 0.486250 0.410112 0.470000 0.421348 0.461250 0.434457 0.456250 0.449438 0.452500 0.496255 0.452500 0.529963 0.456250 0.558052 0.440000 0.588015 0.403750 0.672285 0.390000 0.728464 0.390000 0.865169 0.398750 0.915730 0.412500 0.958801 0.413750 0.994382 0.416250 1.000000 0.607500 0.998127 0.611250 0.990637 0.612500 0.945693 0.626250 0.882022 0.631250 0.762172 0.626250 0.713483 0.591250 0.612360 0.566250 0.561798 0.570000 0.513109 0.566250 0.458801 0.561250 0.438202 0.551250 0.423221 0.531250 0.408240 0.502500 0.404494
0 0.996250 0.357678 0.992500 0.361423 0.981250 0.415730 0.982500 0.453184 0.955000 0.488764 0.908750 0.563670 0.892500 0.599251 0.883750 0.638577 0.885000 0.726592 0.876250 0.797753 0.873750 0.863296 0.891250 0.932584 0.891250 0.983146 0.895000 0.994382 0.912500 0.994382 1.000000 0.975655 1.000000 0.359551
0 0.827500 0.367041 0.803750 0.357678 0.780000 0.357678 0.765000 0.363296 0.751250 0.378277 0.743750 0.408240 0.736250 0.460674 0.738750 0.492509 0.688750 0.573034 0.658750 0.634831 0.647500 0.679775 0.636250 0.812734 0.638750 0.910112 0.648750 0.956929 0.650000 0.977528 0.656250 1.000000 0.832500 1.000000 0.841250 0.986891 0.841250 0.977528 0.845000 0.971910 0.850000 0.943820 0.851250 0.917603 0.871250 0.829588 0.873750 0.790262 0.881250 0.749064 0.881250 0.692884 0.872500 0.638577 0.856250 0.574906 0.837500 0.518727 0.847500 0.500000 0.851250 0.481273 0.853750 0.408240 0.845000 0.383895
0 0.188750 0.249064 0.178750 0.258427 0.172500 0.269663 0.170000 0.282772 0.171250 0.350187 0.180000 0.385768 0.156250 0.440075 0.137500 0.505618 0.132500 0.533708 0.135000 0.691011 0.138750 0.694757 0.141250 0.683521 0.147500 0.674157 0.157500 0.636704 0.172500 0.606742 0.172500 0.595506 0.165000 0.584270 0.163750 0.496255 0.166250 0.477528 0.176250 0.458801 0.188750 0.445693 0.221250 0.432584 0.255000 0.440075 0.273750 0.458801 0.280000 0.477528 0.282500 0.511236 0.290000 0.535581 0.291250 0.554307 0.293750 0.556180 0.288750 0.561798 0.287500 0.586142 0.312500 0.627341 0.313750 0.636704 0.320000 0.642322 0.337500 0.679775 0.343750 0.683521 0.350000 0.661049 0.348750 0.580524 0.343750 0.573034 0.342500 0.529963 0.340000 0.518727 0.332500 0.509363 0.332500 0.503745 0.321250 0.483146 0.303750 0.426966 0.273750 0.368914 0.278750 0.342697 0.278750 0.323970 0.270000 0.264045 0.261250 0.249064 0.236250 0.237828 0.217500 0.237828
0 0.496250 0.219101 0.453750 0.219101 0.438750 0.228464 0.430000 0.241573 0.425000 0.260300 0.422500 0.288390 0.425000 0.352060 0.393750 0.423221 0.362500 0.511236 0.360000 0.528090 0.361250 0.666667 0.368750 0.728464 0.375000 0.737828 0.376250 0.794007 0.380000 0.808989 0.382500 0.799625 0.382500 0.737828 0.390000 0.717228 0.392500 0.691011 0.397500 0.687266 0.407500 0.651685 0.451250 0.561798 0.448750 0.516854 0.457500 0.441948 0.473750 0.415730 0.490000 0.406367 0.503750 0.402622 0.535000 0.404494 0.531250 0.383895 0.516250 0.352060 0.523750 0.327715 0.522500 0.254682 0.513750 0.234082
0 0.703750 0.179775 0.680000 0.181648 0.666250 0.189139 0.656250 0.202247 0.648750 0.249064 0.651250 0.299625 0.620000 0.361423 0.597500 0.417603 0.593750 0.438202 0.592500 0.486891 0.590000 0.496255 0.581250 0.501873 0.580000 0.537453 0.577500 0.546816 0.578750 0.576779 0.593750 0.606742 0.596250 0.619850 0.623750 0.687266 0.626250 0.704120 0.633750 0.722846 0.640000 0.720974 0.648750 0.659176 0.656250 0.634831 0.688750 0.567416 0.731250 0.500000 0.733750 0.492509 0.735000 0.447566 0.753750 0.368914 0.753750 0.359551 0.737500 0.320225 0.746250 0.284644 0.747500 0.220974 0.740000 0.202247 0.728750 0.189139
0 0.923750 0.144195 0.900000 0.146067 0.885000 0.157303 0.880000 0.166667 0.860000 0.273408 0.850000 0.299625 0.822500 0.352060 0.825000 0.363296 0.843750 0.380150 0.856250 0.410112 0.853750 0.485019 0.850000 0.503745 0.845000 0.509363 0.843750 0.528090 0.858750 0.573034 0.876250 0.644195 0.880000 0.642322 0.883750 0.617978 0.893750 0.588015 0.908750 0.558052 0.937500 0.509363 0.968750 0.468165 0.977500 0.447566 0.977500 0.352060 0.968750 0.316479 0.955000 0.282772 0.967500 0.241573 0.968750 0.179775 0.955000 0.159176
0 0.217500 0.089888 0.202500 0.086142 0.171250 0.088015 0.157500 0.095506 0.148750 0.110487 0.146250 0.155431 0.150000 0.187266 0.155000 0.185393 0.156250 0.205993 0.141250 0.250936 0.128750 0.323970 0.127500 0.380150 0.123750 0.398876 0.125000 0.458801 0.122500 0.471910 0.125000 0.503745 0.132500 0.507491 0.138750 0.494382 0.140000 0.479401 0.147500 0.466292 0.156250 0.432584 0.168750 0.402622 0.167500 0.393258 0.172500 0.385768 0.168750 0.340824 0.168750 0.286517 0.173750 0.267790 0.182500 0.254682 0.197500 0.243446 0.215000 0.237828 0.241250 0.237828 0.263750 0.247191 0.257500 0.207865 0.252500 0.200375 0.246250 0.202247 0.242500 0.196629 0.241250 0.149813 0.233750 0.110487 0.226250 0.095506
0 0.458750 0.063670 0.438750 0.058052 0.407500 0.063670 0.393750 0.074906 0.385000 0.091760 0.383750 0.159176 0.387500 0.185393 0.358750 0.264045 0.345000 0.350187 0.346250 0.481273 0.351250 0.500000 0.357500 0.501873 0.367500 0.488764 0.391250 0.417603 0.420000 0.352060 0.421250 0.290262 0.425000 0.258427 0.430000 0.241573 0.438750 0.228464 0.448750 0.220974 0.485000 0.211610 0.485000 0.202247 0.473750 0.177903 0.476250 0.157303 0.473750 0.091760 0.468750 0.074906
0 0.677500 0.033708 0.670000 0.029963 0.636250 0.029963 0.627500 0.035581 0.616250 0.058052 0.610000 0.108614 0.608750 0.153558 0.590000 0.207865 0.575000 0.267790 0.573750 0.282772 0.566250 0.294007 0.567500 0.297753 0.562500 0.307116 0.566250 0.316479 0.560000 0.325843 0.552500 0.368914 0.551250 0.406367 0.556250 0.419476 0.562500 0.425094 0.563750 0.436330 0.571250 0.445693 0.585000 0.445693 0.597500 0.406367 0.642500 0.310861 0.650000 0.226592 0.657500 0.198502 0.670000 0.185393 0.696250 0.174157 0.692500 0.144195 0.700000 0.121723 0.702500 0.073034 0.696250 0.050562
0 0.000000 0.104869 0.000000 0.308989 0.002500 0.312734 0.000000 0.322097 0.000000 0.350187 0.002500 0.357678 0.000000 0.389513 0.031250 0.434457 0.047500 0.470037 0.078750 0.516854 0.080000 0.524345 0.088750 0.537453 0.092500 0.533708 0.096250 0.514981 0.105000 0.514981 0.097500 0.509363 0.105000 0.507491 0.106250 0.500000 0.102500 0.455056 0.103750 0.378277 0.095000 0.372659 0.082500 0.353933 0.060000 0.271536 0.050000 0.254682 0.025000 0.226592 0.026250 0.176030 0.022500 0.149813 0.015000 0.119850
