1 0.330625 0.409680 0.321875 0.412273 0.313750 0.417459 0.306250 0.425238 0.298125 0.438202 0.294375 0.451167 0.292500 0.471046 0.292500 0.491789 0.297500 0.507347 0.316250 0.527226 0.329375 0.533276 0.342500 0.533276 0.358125 0.527226 0.373125 0.513397 0.376875 0.503025 0.380000 0.498704 0.382500 0.489196 0.383750 0.475367 0.383125 0.461538 0.381250 0.450303 0.373125 0.432152 0.362500 0.418323 0.349375 0.410545
1 0.390000 0.321521 0.376250 0.330164 0.365625 0.345722 0.361250 0.355229 0.358750 0.372515 0.360625 0.403630 0.367500 0.419188 0.381250 0.437338 0.395625 0.445117 0.408125 0.445981 0.418750 0.443388 0.434375 0.432152 0.443125 0.420052 0.445625 0.414002 0.450000 0.392394 0.450000 0.373379 0.448125 0.360415 0.436250 0.337079 0.423750 0.324978 0.417500 0.321521 0.405000 0.319793
1 0.464375 0.227312 0.453750 0.230769 0.438125 0.243734 0.430625 0.257563 0.425000 0.277442 0.424375 0.295592 0.428750 0.319793 0.431250 0.325843 0.436250 0.331029 0.443125 0.343129 0.459375 0.354365 0.474375 0.356093 0.488125 0.350908 0.497500 0.343993 0.506875 0.331029 0.514375 0.311150 0.516250 0.298185 0.516250 0.280899 0.510625 0.260156 0.500625 0.246327 0.496875 0.238548 0.482500 0.229041
1 0.524375 0.136560 0.509375 0.146932 0.501250 0.157303 0.492500 0.180640 0.491250 0.189283 0.492500 0.221262 0.495625 0.231634 0.499375 0.236819 0.501250 0.242869 0.515625 0.258427 0.531250 0.265341 0.551250 0.263613 0.561875 0.256698 0.563750 0.251513 0.577500 0.233362 0.583750 0.210026 0.583750 0.190147 0.581250 0.175454 0.576875 0.163354 0.568125 0.150389 0.555625 0.140882 0.545000 0.135696 0.533125 0.134831
1 0.408750 0.503889 0.393125 0.504754 0.378125 0.518583 0.361875 0.541054 0.358125 0.560069 0.358750 0.577355 0.368125 0.606742 0.379375 0.620570 0.388125 0.625756 0.393125 0.625756 0.401875 0.635264 0.405625 0.635264 0.409375 0.630942 0.410000 0.627485 0.412500 0.627485 0.423750 0.619706 0.423750 0.615385 0.420000 0.616249 0.419375 0.614520 0.422500 0.610199 0.427500 0.610199 0.430000 0.604149 0.435000 0.600691 0.440625 0.592048 0.444375 0.582541 0.446250 0.571305 0.445625 0.543647 0.441875 0.532411 0.436250 0.522040 0.420000 0.506482
1 0.455625 0.414002 0.440625 0.427831 0.436875 0.435609 0.431875 0.439931 0.426875 0.448574 0.422500 0.464131 0.423750 0.492653 0.426250 0.500432 0.438125 0.515990 0.439375 0.521175 0.446250 0.529818 0.461875 0.537597 0.478125 0.537597 0.492500 0.529818 0.508125 0.505618 0.511250 0.496975 0.513750 0.481417 0.513750 0.467589 0.511875 0.455488 0.506250 0.439931 0.495000 0.423509 0.490000 0.419188 0.476250 0.413137
1 0.524375 0.323250 0.518125 0.325843 0.509375 0.332757 0.501875 0.342264 0.493750 0.356958 0.489375 0.379430 0.489375 0.392394 0.491250 0.406223 0.496875 0.421780 0.509375 0.438202 0.516875 0.443388 0.528125 0.447710 0.545000 0.446845 0.558125 0.439067 0.571875 0.420916 0.577500 0.405359 0.578750 0.394987 0.578125 0.379430 0.570000 0.362143 0.563750 0.337943 0.560000 0.332757 0.544375 0.323250
1 0.621875 0.235955 0.605000 0.229905 0.593750 0.230769 0.581250 0.235955 0.563750 0.260156 0.557500 0.274849 0.555625 0.293863 0.556250 0.306828 0.559375 0.323250 0.575625 0.346586 0.580000 0.358686 0.597500 0.359551 0.601875 0.357822 0.604375 0.352636 0.611875 0.357822 0.618125 0.351772 0.623125 0.350908 0.640000 0.329300 0.643750 0.315471 0.646250 0.311150 0.648125 0.298185 0.646875 0.276577 0.639375 0.255834 0.630625 0.243734
1 0.476250 0.597234 0.447500 0.598963 0.440625 0.606742 0.435625 0.621435 0.430000 0.626621 0.425000 0.638721 0.422500 0.649957 0.423125 0.675022 0.430625 0.694901 0.439375 0.705272 0.445625 0.717373 0.450625 0.723423 0.462500 0.729473 0.475000 0.725151 0.488125 0.707001 0.494375 0.701815 0.500000 0.694036 0.500625 0.689715 0.505000 0.682800 0.509375 0.665514 0.510000 0.649957 0.508125 0.634399 0.505625 0.626621 0.494375 0.606742 0.485625 0.599827
1 0.520000 0.508211 0.504375 0.519447 0.491875 0.539326 0.487500 0.560069 0.487500 0.574762 0.489375 0.587727 0.493750 0.595506 0.498750 0.599827 0.501875 0.607606 0.513750 0.621435 0.528750 0.626621 0.546875 0.624892 0.557500 0.614520 0.572500 0.591184 0.575625 0.582541 0.576875 0.570441 0.575000 0.547969 0.568750 0.531547 0.560625 0.521175 0.549375 0.510804 0.536250 0.506482
1 0.595625 0.415730 0.579375 0.420916 0.565625 0.435609 0.555000 0.456353 0.552500 0.476232 0.554375 0.495246 0.556250 0.501296 0.573750 0.529818 0.585000 0.537597 0.599375 0.540190 0.607500 0.538462 0.615000 0.533276 0.620625 0.525497 0.633125 0.513397 0.640625 0.498704 0.642500 0.490925 0.643125 0.468453 0.637500 0.445981 0.622500 0.426102 0.606875 0.416595
1 0.661875 0.324978 0.649375 0.328436 0.633750 0.342264 0.626250 0.356093 0.621250 0.374244 0.620000 0.394987 0.623125 0.416595 0.635000 0.436474 0.650000 0.448574 0.666875 0.452031 0.680000 0.447710 0.701875 0.424373 0.708750 0.412273 0.711250 0.404494 0.713125 0.383751 0.706250 0.356958 0.702500 0.348315 0.693125 0.336214 0.682500 0.328436 0.669375 0.324978
1 0.524375 0.688850 0.510625 0.693172 0.501250 0.706137 0.496875 0.708729 0.491250 0.720830 0.485625 0.743302 0.485625 0.760588 0.490625 0.778738 0.498125 0.791703 0.511250 0.806396 0.516250 0.818496 0.525625 0.832325 0.533750 0.834918 0.543125 0.830596 0.553125 0.817632 0.556875 0.794296 0.561250 0.789974 0.571250 0.771824 0.574375 0.756266 0.574375 0.745030 0.573125 0.734659 0.568125 0.717373 0.556875 0.697494 0.550000 0.691443
1 0.572500 0.603284 0.565000 0.613656 0.554375 0.637857 0.553125 0.656007 0.557500 0.679343 0.563750 0.693172 0.576250 0.710458 0.583750 0.717373 0.589375 0.719101 0.603125 0.730337 0.611875 0.731201 0.623125 0.726016 0.629375 0.716508 0.631875 0.709594 0.633125 0.694036 0.639375 0.677615 0.639375 0.654278 0.631875 0.628349 0.623750 0.613656 0.614375 0.603284 0.598125 0.601556 0.592500 0.598963 0.580625 0.598963
1 0.635000 0.521175 0.622500 0.541054 0.618750 0.553155 0.618750 0.563526 0.622500 0.574762 0.623750 0.597234 0.628125 0.605877 0.643750 0.623163 0.659375 0.632671 0.666250 0.632671 0.673125 0.629213 0.683125 0.631806 0.689375 0.630942 0.695625 0.627485 0.701875 0.620570 0.705625 0.611927 0.706875 0.604149 0.706250 0.567848 0.701875 0.546240 0.693750 0.528954 0.685625 0.518583 0.670625 0.512532 0.648750 0.513397 0.643125 0.515125
1 0.688750 0.446845 0.683125 0.471046 0.684375 0.499568 0.688750 0.513397 0.705000 0.535004 0.719375 0.542783 0.727500 0.544512 0.733750 0.543647 0.740625 0.540190 0.753125 0.528954 0.756250 0.529818 0.770000 0.526361 0.780000 0.515125 0.783750 0.498704 0.782500 0.486603 0.779375 0.478825 0.776250 0.475367 0.772500 0.458946 0.765625 0.441659 0.757500 0.431288 0.749375 0.424373 0.733750 0.418323 0.718750 0.419188 0.704375 0.427831 0.696875 0.434745
1 0.167500 0.739844 0.164375 0.738116 0.145625 0.741573 0.139375 0.739844 0.135000 0.736387 0.129375 0.728608 0.126250 0.720830 0.125625 0.705272 0.127500 0.692308 0.119375 0.693172 0.101875 0.705272 0.095625 0.712187 0.086875 0.728608 0.082500 0.753673 0.083125 0.764045 0.081250 0.768366 0.073125 0.778738 0.063750 0.783924 0.055625 0.796889 0.051250 0.812446 0.051250 0.821953 0.053750 0.831461 0.058125 0.838375 0.064375 0.842697 0.078125 0.842697 0.085000 0.839239 0.092500 0.832325 0.096250 0.826275 0.115000 0.809853 0.123125 0.813310 0.133750 0.811582 0.145000 0.807260 0.151875 0.802074 0.166250 0.785653 0.170625 0.775281 0.171250 0.751945
1 0.234375 0.630942 0.225000 0.616249 0.218750 0.611063 0.216250 0.606742 0.204375 0.602420 0.190625 0.602420 0.181875 0.605013 0.165000 0.617978 0.157500 0.628349 0.153125 0.637857 0.149375 0.650821 0.147500 0.673293 0.134375 0.686258 0.128125 0.695765 0.125625 0.704408 0.125625 0.720830 0.129375 0.730337 0.136875 0.738980 0.145625 0.741573 0.154375 0.740709 0.162500 0.736387 0.178750 0.719101 0.181875 0.718237 0.185625 0.720830 0.190000 0.719965 0.195625 0.721694 0.206250 0.720830 0.222500 0.708729 0.235000 0.691443 0.240000 0.672429 0.240000 0.652550 0.238125 0.647364 0.237500 0.638721
1 0.288125 0.707001 0.279375 0.700951 0.273125 0.699222 0.250000 0.699222 0.243750 0.703544 0.220625 0.736387 0.216250 0.751945 0.216250 0.769231 0.218125 0.771824 0.218750 0.777874 0.215625 0.785653 0.206250 0.797753 0.202500 0.808124 0.202500 0.828003 0.205000 0.836646 0.208125 0.840968 0.215625 0.845290 0.233125 0.843561 0.241875 0.833189 0.251875 0.815903 0.264375 0.815903 0.271875 0.813310 0.279375 0.806396 0.289375 0.790838 0.301875 0.749352 0.301875 0.738116 0.296875 0.719965
1 0.350000 0.796024 0.341875 0.790838 0.324375 0.789974 0.312500 0.795160 0.295000 0.813310 0.287500 0.826275 0.282500 0.845290 0.283125 0.858254 0.287500 0.872083 0.287500 0.879862 0.276250 0.907519 0.276250 0.911841 0.274375 0.916162 0.275625 0.921348 0.316875 0.922213 0.320000 0.920484 0.326875 0.906655 0.335000 0.903198 0.337500 0.899741 0.343750 0.898012 0.350000 0.891962 0.360625 0.872947 0.366250 0.858254 0.368125 0.845290 0.366875 0.826275 0.361250 0.810717
1 0.240000 0.860847 0.235625 0.856525 0.233125 0.850475 0.229375 0.847882 0.224375 0.849611 0.208750 0.842697 0.205000 0.837511 0.201875 0.817632 0.203750 0.802939 0.202500 0.794296 0.191250 0.791703 0.185000 0.793431 0.172500 0.802074 0.157500 0.823682 0.155000 0.831461 0.153750 0.842697 0.155000 0.865169 0.133125 0.898876 0.127500 0.919620 0.130625 0.922213 0.170625 0.922213 0.176875 0.918755 0.185625 0.905791 0.198750 0.904927 0.206250 0.899741 0.218125 0.899741 0.233750 0.890233 0.240625 0.875540
1 0.706250 0.810717 0.696250 0.833189 0.694375 0.844425 0.694375 0.873812 0.700000 0.888505 0.715000 0.912705 0.724375 0.919620 0.730000 0.921348 0.783750 0.922213 0.788750 0.920484 0.788750 0.915298 0.776875 0.897148 0.773750 0.888505 0.773750 0.879862 0.776250 0.872083 0.775625 0.859983 0.773125 0.851340 0.754375 0.821089 0.740625 0.806396 0.733125 0.802939 0.723125 0.802939 0.712500 0.805532
1 0.770625 0.726880 0.766875 0.732066 0.763750 0.742437 0.758750 0.774417 0.759375 0.788245 0.764375 0.801210 0.775625 0.809853 0.794375 0.829732 0.804375 0.830596 0.809375 0.828003 0.815000 0.831461 0.837500 0.863440 0.845000 0.868626 0.857500 0.869490 0.864375 0.865169 0.870000 0.857390 0.871875 0.851340 0.872500 0.836646 0.868750 0.821953 0.863750 0.814175 0.852500 0.803803 0.842500 0.787381 0.845000 0.782195 0.846250 0.767502 0.842500 0.750216 0.838750 0.741573 0.823125 0.724287 0.815625 0.719101 0.805000 0.715644 0.790000 0.717373 0.786875 0.719965 0.775000 0.723423
1 0.829375 0.656007 0.828750 0.666379 0.825000 0.685393 0.825000 0.706137 0.829375 0.720830 0.848750 0.743302 0.858125 0.748487 0.867500 0.748487 0.883750 0.740709 0.888125 0.740709 0.904375 0.750216 0.923125 0.767502 0.931250 0.770095 0.941875 0.768366 0.951250 0.759723 0.953750 0.750216 0.953750 0.735523 0.951875 0.727744 0.946875 0.719965 0.941250 0.716508 0.937500 0.711322 0.923125 0.701815 0.916875 0.693172 0.916250 0.675886 0.911250 0.658600 0.895625 0.637857 0.885000 0.630078 0.875625 0.625756 0.859375 0.625756 0.852500 0.629213 0.849375 0.633535 0.838750 0.641314 0.834375 0.648228 0.833750 0.653414
1 0.853750 0.787381 0.852500 0.795160 0.855000 0.797753 0.855000 0.802074 0.864375 0.815039 0.871250 0.831461 0.872500 0.837511 0.871875 0.848747 0.864375 0.864304 0.857500 0.869490 0.852500 0.870354 0.850625 0.872947 0.846875 0.872083 0.842500 0.866033 0.835000 0.859983 0.829375 0.859118 0.826875 0.853933 0.825000 0.853933 0.823125 0.856525 0.825000 0.861711 0.822500 0.870354 0.823125 0.880726 0.825625 0.890233 0.831250 0.902334 0.838750 0.907519 0.843125 0.917027 0.847500 0.920484 0.921875 0.921348 0.933125 0.919620 0.933750 0.916162 0.930625 0.914434 0.926875 0.907519 0.923750 0.906655 0.921250 0.899741 0.915000 0.897148 0.913125 0.890233 0.910000 0.887640 0.908125 0.881590 0.909375 0.878133 0.908125 0.873812 0.908125 0.860847 0.904375 0.840968 0.891250 0.815039 0.878125 0.798617 0.871250 0.795160 0.862500 0.787381
1 0.895625 0.756266 0.891875 0.764909 0.889375 0.776145 0.889375 0.796024 0.893125 0.807260 0.907500 0.826275 0.926875 0.836646 0.945000 0.838375 0.954375 0.835782 0.966875 0.840104 0.974375 0.844425 0.992500 0.869490 1.000000 0.872083 1.000000 0.803803 0.985000 0.791703 0.980000 0.778738 0.975625 0.752809 0.965625 0.735523 0.959375 0.728608 0.953750 0.726880 0.952500 0.731201 0.953750 0.747623 0.951250 0.758859 0.943125 0.767502 0.935000 0.770959 0.924375 0.767502 0.912500 0.758859 0.908750 0.757995 0.904375 0.752809 0.900000 0.752809
1 0.043125 0.115817 0.041875 0.132239 0.046875 0.145203 0.050625 0.150389 0.072500 0.169404 0.075000 0.172861 0.078750 0.186690 0.093750 0.210890 0.110625 0.225583 0.116250 0.225583 0.123750 0.219533 0.128125 0.213483 0.138750 0.207433 0.150625 0.207433 0.157500 0.204840 0.166875 0.193604 0.168750 0.186690 0.169375 0.171132 0.168125 0.157303 0.165000 0.146067 0.153750 0.121003 0.148750 0.114088 0.138125 0.104581 0.124375 0.100259 0.116250 0.100259 0.103125 0.104581 0.095625 0.111495 0.091250 0.111495 0.075625 0.100259 0.068750 0.097666 0.059375 0.097666 0.048125 0.104581
1 0.208750 0.204840 0.198750 0.200519 0.181250 0.199654 0.173750 0.202247 0.165000 0.208297 0.164375 0.211755 0.161250 0.215212 0.150625 0.210890 0.134375 0.210890 0.125625 0.216076 0.120000 0.224719 0.118125 0.231634 0.118750 0.243734 0.123750 0.256698 0.129375 0.264477 0.149375 0.280035 0.149375 0.287813 0.152500 0.291271 0.154375 0.299049 0.158125 0.305099 0.165000 0.312014 0.170000 0.312014 0.173125 0.305964 0.177500 0.303371 0.179375 0.298185 0.186250 0.291271 0.190000 0.283492 0.193125 0.282627 0.225000 0.239412 0.226250 0.235091 0.225625 0.228176 0.219375 0.219533 0.218125 0.214347
1 0.123125 0.000000 0.118750 0.014693 0.120625 0.030251 0.123750 0.038029 0.130000 0.046672 0.139375 0.054451 0.145000 0.062230 0.146875 0.067416 0.146875 0.076059 0.151250 0.092481 0.155000 0.096802 0.158750 0.108038 0.168750 0.114088 0.174375 0.121003 0.186875 0.122731 0.190000 0.118410 0.193750 0.118410 0.205000 0.103717 0.221250 0.100259 0.228750 0.093345 0.228750 0.088159 0.233750 0.076059 0.233125 0.070873 0.229375 0.064823 0.231875 0.059637 0.227500 0.056180 0.225625 0.049265 0.226875 0.044944 0.219375 0.030251 0.217500 0.022472 0.211250 0.016422 0.201250 0.010372 0.192500 0.010372 0.189375 0.012100 0.185000 0.007779 0.173750 0.012100 0.166250 0.006050 0.162500 0.000000
1 0.203750 0.107174 0.196250 0.119274 0.195000 0.139153 0.200625 0.155575 0.215000 0.170268 0.215625 0.184097 0.223125 0.205704 0.231875 0.215212 0.240000 0.215212 0.248125 0.207433 0.288125 0.152118 0.290625 0.138289 0.286875 0.126188 0.282500 0.121003 0.280000 0.114952 0.272500 0.109767 0.257500 0.106309 0.246250 0.106309 0.239375 0.109767 0.235000 0.109767 0.218125 0.103717
1 0.280625 0.000000 0.279375 0.005186 0.275625 0.009507 0.273125 0.018150 0.273750 0.035436 0.281250 0.056180 0.280000 0.064823 0.280625 0.094209 0.283125 0.105445 0.286250 0.112360 0.295000 0.124460 0.303125 0.127053 0.310625 0.121003 0.358125 0.055315 0.360625 0.043215 0.357500 0.034572 0.341250 0.016422 0.318125 0.012100 0.308750 0.002593 0.308125 0.000000
1 0.810000 0.015557 0.800000 0.012965 0.790000 0.014693 0.781875 0.018150 0.779375 0.023336 0.775625 0.025065 0.753125 0.020743 0.736250 0.026793 0.733125 0.031115 0.727500 0.032844 0.721250 0.041487 0.720625 0.045808 0.727500 0.058773 0.751250 0.094209 0.758125 0.101988 0.766875 0.116681 0.775625 0.122731 0.783125 0.122731 0.788125 0.120138 0.795625 0.112360 0.801875 0.092481 0.800625 0.084702 0.801875 0.078652 0.806875 0.071737 0.812500 0.067416 0.819375 0.052723 0.820625 0.046672 0.820000 0.031979 0.818125 0.026793
1 0.973750 0.028522 0.966250 0.019015 0.962500 0.016422 0.953750 0.014693 0.943125 0.016422 0.930625 0.025929 0.927500 0.030251 0.916875 0.034572 0.900625 0.025065 0.890000 0.024201 0.876250 0.026793 0.861250 0.038029 0.849375 0.055315 0.844375 0.070873 0.842500 0.087295 0.845000 0.108902 0.848125 0.115817 0.851250 0.118410 0.860625 0.121003 0.873125 0.120138 0.888125 0.127917 0.891875 0.136560 0.895625 0.140882 0.902500 0.140017 0.910625 0.134831 0.920625 0.122731 0.928125 0.108902 0.934375 0.090752 0.940000 0.085566 0.945625 0.083838 0.960625 0.073466 0.968125 0.065687 0.975625 0.044944
1 0.939375 0.126188 0.931875 0.131374 0.921875 0.142610 0.920000 0.152118 0.915625 0.159896 0.908750 0.181504 0.908750 0.205704 0.913125 0.216076 0.923750 0.230769 0.950000 0.231634 0.958750 0.235955 0.965625 0.242869 0.972500 0.241141 0.983125 0.233362 0.991250 0.222126 0.997500 0.205704 0.997500 0.200519 1.000000 0.199654 1.000000 0.136560 0.986250 0.140017 0.982500 0.133967 0.976250 0.128781 0.963125 0.123596
1 0.851875 0.231634 0.852500 0.241141 0.860000 0.256698 0.876250 0.280035 0.879375 0.281763 0.898750 0.311150 0.901875 0.312878 0.908125 0.321521 0.913750 0.318064 0.928750 0.297321 0.949375 0.288678 0.958750 0.280899 0.965625 0.263613 0.966250 0.253241 0.965000 0.246327 0.959375 0.237684 0.953125 0.233362 0.937500 0.232498 0.920625 0.237684 0.915000 0.237684 0.905000 0.222990 0.898125 0.218669 0.888750 0.216076 0.868750 0.217805 0.858750 0.223855
1 0.786875 0.136560 0.786250 0.140882 0.788125 0.146932 0.797500 0.162489 0.811875 0.180640 0.813750 0.185825 0.827500 0.203976 0.830625 0.210890 0.837500 0.219533 0.845000 0.224719 0.853750 0.216940 0.865625 0.191876 0.881250 0.180640 0.886875 0.173725 0.893750 0.154710 0.893750 0.145203 0.890625 0.133967 0.884375 0.126188 0.875000 0.122731 0.861250 0.123596 0.849375 0.131374 0.846875 0.131374 0.841875 0.125324 0.827500 0.119274 0.816250 0.119274 0.805000 0.122731 0.791250 0.131374
