2 0.452446 0.010246 0.438859 0.026639 0.438859 0.053279 0.423913 0.090164 0.422554 0.108607 0.423913 0.473361 0.438859 0.500000 0.452446 0.508197 0.455163 0.514344 0.502717 0.520492 0.559783 0.514344 0.562500 0.508197 0.577446 0.500000 0.588315 0.483607 0.591033 0.473361 0.593750 0.375000 0.592391 0.286885 0.599185 0.155738 0.599185 0.090164 0.586957 0.051230 0.585598 0.028689 0.574728 0.014344 0.524457 0.002049 0.471467 0.004098
2 0.263587 0.508197 0.248641 0.561475 0.252717 0.604508 0.251359 0.645492 0.254076 0.670082 0.251359 0.674180 0.251359 0.754098 0.258152 0.915984 0.271739 0.944672 0.297554 0.961066 0.349185 0.965164 0.381793 0.954918 0.396739 0.944672 0.408967 0.928279 0.414402 0.913934 0.417120 0.893443 0.418478 0.559426 0.415761 0.543033 0.402174 0.508197 0.372283 0.522541 0.351902 0.526639 0.305707 0.526639
2 0.269022 0.012295 0.256793 0.022541 0.251359 0.063525 0.241848 0.090164 0.248641 0.260246 0.247283 0.319672 0.250000 0.364754 0.245924 0.473361 0.248641 0.485656 0.263587 0.508197 0.293478 0.522541 0.312500 0.526639 0.358696 0.524590 0.389946 0.514344 0.403533 0.506148 0.414402 0.489754 0.418478 0.473361 0.418478 0.092213 0.407609 0.067623 0.402174 0.026639 0.394022 0.016393 0.351902 0.004098 0.297554 0.004098
2 0.226902 0.504098 0.211957 0.506148 0.188859 0.518443 0.161685 0.522541 0.130435 0.522541 0.086957 0.512295 0.081522 0.520492 0.067935 0.561475 0.066576 0.586066 0.074728 0.743852 0.078804 0.905738 0.086957 0.940574 0.110054 0.963115 0.149457 0.973361 0.194293 0.967213 0.216033 0.956967 0.232337 0.942623 0.248641 0.911885 0.250000 0.790984 0.243207 0.657787 0.244565 0.561475 0.240489 0.534836
2 0.070652 0.006148 0.061141 0.020492 0.061141 0.040984 0.048913 0.075820 0.046196 0.096311 0.063859 0.477459 0.069293 0.493852 0.085598 0.516393 0.148098 0.524590 0.175272 0.522541 0.207880 0.514344 0.213315 0.508197 0.226902 0.508197 0.229620 0.497951 0.236413 0.489754 0.241848 0.469262 0.240489 0.456967 0.245924 0.385246 0.244565 0.321721 0.240489 0.315574 0.243207 0.311475 0.239130 0.221311 0.241848 0.217213 0.239130 0.190574 0.241848 0.186475 0.239130 0.108607 0.232337 0.077869 0.217391 0.038934 0.216033 0.020492 0.209239 0.008197 0.194293 0.000000 0.086957 0.000000
2 0.782609 0.508197 0.767663 0.543033 0.764946 0.563525 0.762228 0.653689 0.752717 0.795082 0.752717 0.903689 0.758152 0.920082 0.769022 0.936475 0.782609 0.948770 0.813859 0.965164 0.868207 0.969262 0.898098 0.959016 0.913043 0.944672 0.918478 0.922131 0.925272 0.790984 0.938859 0.622951 0.940217 0.573770 0.937500 0.557377 0.923913 0.526639 0.889946 0.534836 0.855978 0.534836 0.822011 0.526639 0.789402 0.508197
2 0.822011 0.012295 0.809783 0.024590 0.807065 0.043033 0.786685 0.094262 0.785326 0.186475 0.770380 0.438525 0.770380 0.479508 0.782609 0.502049 0.798913 0.514344 0.827446 0.526639 0.858696 0.532787 0.898098 0.532787 0.918478 0.526639 0.933424 0.516393 0.942935 0.500000 0.952446 0.428279 0.953804 0.381148 0.960598 0.327869 0.970109 0.184426 0.976902 0.139344 0.976902 0.092213 0.964674 0.053279 0.963315 0.028689 0.949728 0.016393 0.889946 0.004098
2 0.610054 0.506148 0.593750 0.543033 0.586957 0.750000 0.586957 0.905738 0.599185 0.928279 0.618207 0.944672 0.660326 0.959016 0.694293 0.959016 0.718750 0.950820 0.740489 0.928279 0.747283 0.893443 0.748641 0.776639 0.760870 0.579918 0.758152 0.545082 0.745924 0.516393 0.716033 0.526639 0.661685 0.522541
2 0.646739 0.006148 0.633152 0.012295 0.623641 0.022541 0.622283 0.047131 0.607337 0.081967 0.603261 0.104508 0.604620 0.149590 0.600543 0.293033 0.603261 0.368852 0.600543 0.379098 0.601902 0.401639 0.599185 0.418033 0.600543 0.432377 0.597826 0.438525 0.597826 0.475410 0.610054 0.500000 0.625000 0.508197 0.626359 0.514344 0.717391 0.524590 0.743207 0.516393 0.758152 0.497951 0.766304 0.469262 0.783967 0.139344 0.783967 0.092213 0.770380 0.047131 0.770380 0.028689 0.759511 0.016393 0.730978 0.006148 0.699728 0.002049
2 0.438859 0.500000 0.421196 0.538934 0.423913 0.905738 0.442935 0.934426 0.471467 0.948770 0.512228 0.952869 0.548913 0.942623 0.567935 0.928279 0.577446 0.913934 0.581522 0.895492 0.584239 0.811475 0.582880 0.713115 0.589674 0.571721 0.588315 0.547131 0.573370 0.502049 0.538043 0.518443 0.506793 0.520492 0.467391 0.514344
