0 0.782680 0.984733 0.772876 0.936387 0.756536 0.890585 0.727124 0.842239 0.705882 0.819338 0.700980 0.727735 0.694444 0.715013 0.686275 0.709924 0.681373 0.684478 0.655229 0.666667 0.632353 0.666667 0.594771 0.679389 0.593137 0.694656 0.580065 0.732824 0.573529 0.801527 0.529412 0.847328 0.509804 0.877863 0.493464 0.916031 0.478758 0.977099 0.477124 1.000000 0.782680 1.000000
0 0.132353 0.984733 0.132353 1.000000 0.431373 1.000000 0.433007 0.974555 0.423203 0.921120 0.406863 0.875318 0.385621 0.837150 0.344771 0.791349 0.330065 0.681934 0.312092 0.661578 0.297386 0.653944 0.267974 0.651399 0.241830 0.661578 0.220588 0.687023 0.215686 0.712468 0.212418 0.801527 0.194444 0.837150 0.155229 0.895674 0.142157 0.933842
0 0.171569 0.409669 0.153595 0.402036 0.122549 0.402036 0.096405 0.417303 0.086601 0.432570 0.081699 0.458015 0.081699 0.549618 0.071895 0.557252 0.037582 0.613232 0.019608 0.666667 0.009804 0.732824 0.006536 0.783715 0.009804 0.821883 0.006536 0.826972 0.011438 0.837150 0.013072 0.867684 0.019608 0.882952 0.019608 0.893130 0.031046 0.926209 0.042484 0.944020 0.106209 0.951654 0.114379 0.969466 0.109477 0.984733 0.104575 0.984733 0.101307 0.977099 0.094771 0.984733 0.086601 0.984733 0.084967 0.977099 0.081699 0.977099 0.081699 0.984733 0.070261 0.984733 0.066993 0.977099 0.065359 0.984733 0.055556 0.989822 0.050654 0.984733 0.049020 0.989822 0.047386 0.984733 0.040850 0.987277 0.035948 0.977099 0.034314 0.984733 0.027778 0.984733 0.032680 1.000000 0.039216 1.000000 0.040850 0.992366 0.049020 1.000000 0.053922 1.000000 0.057190 0.992366 0.062092 1.000000 0.073529 0.994911 0.086601 1.000000 0.088235 0.994911 0.094771 1.000000 0.116013 1.000000 0.130719 0.966921 0.132353 0.946565 0.148693 0.895674 0.181373 0.832061 0.205882 0.804071 0.212418 0.750636 0.212418 0.720102 0.222222 0.681934 0.245098 0.656489 0.269608 0.646310 0.266340 0.625954 0.248366 0.590331 0.232026 0.567430 0.196078 0.534351 0.197712 0.521628 0.187908 0.430025
0 0.988562 0.048346 0.978758 0.053435 0.968954 0.068702 0.960784 0.152672 0.911765 0.201018 0.900327 0.218830 0.893791 0.239186 0.942810 0.241730 0.957516 0.249364 0.973856 0.269720 0.977124 0.279898 0.977124 0.381679 0.985294 0.396947 1.000000 0.409669 1.000000 0.048346
0 0.776144 0.424936 0.758170 0.432570 0.743464 0.450382 0.730392 0.549618 0.720588 0.567430 0.704248 0.582697 0.707516 0.592875 0.696078 0.610687 0.689542 0.631043 0.689542 0.661578 0.692810 0.679389 0.699346 0.689567 0.697712 0.709924 0.707516 0.722646 0.710784 0.814249 0.748366 0.867684 0.772876 0.926209 0.789216 1.000000 0.816993 1.000000 0.823529 0.956743 0.848039 0.885496 0.888889 0.824427 0.919935 0.798982 0.921569 0.765903 0.911765 0.722646 0.897059 0.692112 0.887255 0.646310 0.875817 0.628499 0.877451 0.620865 0.864379 0.605598 0.836601 0.592875 0.844771 0.577608 0.849673 0.549618 0.849673 0.478372 0.843137 0.452926 0.831699 0.437659 0.816993 0.430025
0 1.000000 0.666667 0.965686 0.674300 0.946078 0.697201 0.928105 0.798982 0.883987 0.837150 0.857843 0.875318 0.843137 0.905852 0.828431 0.951654 0.821895 0.992366 0.823529 1.000000 1.000000 1.000000
0 0.890523 0.246819 0.875817 0.277354 0.866013 0.361323 0.838235 0.386768 0.820261 0.414758 0.820261 0.427481 0.834967 0.437659 0.849673 0.468193 0.851307 0.559796 0.848039 0.585242 0.874183 0.590331 1.000000 0.587786 1.000000 0.417303 0.972222 0.379135 0.975490 0.368957 0.975490 0.277354 0.962418 0.254453 0.942810 0.244275 0.903595 0.241730
0 0.740196 0.063613 0.715686 0.068702 0.700980 0.083969 0.696078 0.109415 0.694444 0.183206 0.658497 0.216285 0.653595 0.226463 0.669935 0.259542 0.673203 0.353690 0.700980 0.391858 0.704248 0.404580 0.718954 0.424936 0.720588 0.437659 0.730392 0.458015 0.740196 0.452926 0.751634 0.432570 0.769608 0.422392 0.810458 0.419847 0.815359 0.407125 0.821895 0.404580 0.830065 0.389313 0.849673 0.368957 0.844771 0.302799 0.834967 0.264631 0.826797 0.244275 0.787582 0.190840 0.790850 0.173028 0.790850 0.104326 0.787582 0.089059 0.774510 0.073791
0 0.637255 0.226463 0.599673 0.223919 0.573529 0.241730 0.566993 0.272265 0.563725 0.348601 0.532680 0.381679 0.516340 0.412214 0.516340 0.430025 0.524510 0.455471 0.531046 0.547074 0.581699 0.623410 0.586601 0.620865 0.588235 0.597964 0.596405 0.587786 0.686275 0.587786 0.700980 0.577608 0.709150 0.562341 0.717320 0.559796 0.732026 0.506361 0.728758 0.473282 0.710784 0.422392 0.668301 0.356234 0.669935 0.284987 0.666667 0.251908 0.653595 0.234097
0 0.495098 0.055980 0.472222 0.050891 0.452614 0.053435 0.431373 0.068702 0.426471 0.086514 0.423203 0.170483 0.383987 0.218830 0.374183 0.241730 0.375817 0.335878 0.426471 0.417303 0.455882 0.407125 0.478758 0.407125 0.508170 0.417303 0.522876 0.391858 0.560458 0.346056 0.566993 0.246819 0.555556 0.218830 0.524510 0.173028 0.516340 0.078880 0.508170 0.063613
0 0.312092 0.000000 0.313725 0.025445 0.282680 0.061069 0.266340 0.094148 0.254902 0.134860 0.254902 0.160305 0.290850 0.208651 0.334967 0.208651 0.354575 0.218830 0.372549 0.239186 0.419935 0.170483 0.428105 0.058524 0.401961 0.027990 0.401961 0.000000
0 0.184641 0.045802 0.156863 0.063613 0.153595 0.076336 0.153595 0.167939 0.127451 0.195929 0.104575 0.241730 0.094771 0.277354 0.093137 0.330789 0.117647 0.358779 0.138889 0.394402 0.169935 0.404580 0.184641 0.417303 0.196078 0.460560 0.200980 0.460560 0.225490 0.394402 0.261438 0.343511 0.264706 0.330789 0.267974 0.246819 0.287582 0.216285 0.287582 0.208651 0.251634 0.160305 0.245098 0.083969 0.240196 0.063613 0.215686 0.045802
0 0.040850 0.206107 0.000000 0.208651 0.000000 0.737913 0.004902 0.727735 0.016340 0.651399 0.055556 0.567430 0.076797 0.539440 0.080065 0.463104 0.086601 0.430025 0.096405 0.414758 0.129085 0.396947 0.127451 0.384224 0.114379 0.361323 0.080065 0.325700 0.076797 0.269720 0.068627 0.226463 0.055556 0.211196
0 0.310458 0.211196 0.287582 0.218830 0.272876 0.234097 0.267974 0.254453 0.266340 0.340967 0.241830 0.368957 0.218954 0.412214 0.204248 0.455471 0.199346 0.503817 0.202614 0.529262 0.243464 0.577608 0.276144 0.643766 0.308824 0.653944 0.328431 0.666667 0.334967 0.659033 0.338235 0.643766 0.357843 0.603053 0.403595 0.544529 0.411765 0.455471 0.419935 0.417303 0.413399 0.399491 0.372549 0.335878 0.372549 0.292621 0.366013 0.239186 0.344771 0.216285
0 0.446078 0.412214 0.424837 0.424936 0.418301 0.435115 0.413399 0.452926 0.406863 0.547074 0.379085 0.580153 0.344771 0.636132 0.334967 0.671756 0.334967 0.689567 0.343137 0.732824 0.344771 0.781170 0.351307 0.796438 0.370915 0.814249 0.398693 0.854962 0.419935 0.900763 0.436275 0.964377 0.437908 1.000000 0.472222 1.000000 0.486928 0.931298 0.501634 0.888041 0.535948 0.834606 0.568627 0.801527 0.576797 0.758270 0.580065 0.715013 0.586601 0.689567 0.586601 0.653944 0.578431 0.623410 0.558824 0.590331 0.526144 0.549618 0.524510 0.480916 0.516340 0.435115 0.491830 0.414758
