1 0.150160 0.404306 0.143770 0.399522 0.132588 0.401914 0.099042 0.421053 0.084665 0.442584 0.083067 0.454545 0.065495 0.492823 0.065495 0.507177 0.070288 0.519139 0.079872 0.523923 0.097444 0.519139 0.130990 0.521531 0.146965 0.511962 0.153355 0.495215
1 0.153355 0.511962 0.142173 0.516746 0.126198 0.540670 0.111821 0.602871 0.113419 0.622010 0.119808 0.631579 0.130990 0.633971 0.138978 0.629187 0.154952 0.602871
1 0.107029 0.605263 0.087859 0.614833 0.071885 0.655502 0.070288 0.672249 0.055911 0.710526 0.059105 0.727273 0.067093 0.736842 0.079872 0.736842 0.099042 0.715311 0.107029 0.710526 0.113419 0.712919 0.127796 0.693780 0.135783 0.655502 0.134185 0.645933 0.113419 0.626794
1 0.095847 0.543062 0.060703 0.507177 0.036741 0.516746 0.023962 0.538278 0.014377 0.576555 0.000000 0.595694 0.000000 0.622010 0.007987 0.631579 0.022364 0.631579 0.033546 0.619617 0.046326 0.626794 0.067093 0.626794 0.094249 0.581340 0.099042 0.562201
1 0.150160 0.729665 0.134185 0.732057 0.124601 0.753589 0.123003 0.782297 0.111821 0.813397 0.113419 0.832536 0.121406 0.844498 0.138978 0.842105 0.153355 0.813397 0.154952 0.734450
1 0.269968 0.703349 0.250799 0.708134 0.236422 0.729665 0.226837 0.753589 0.223642 0.834928 0.231629 0.849282 0.249201 0.846890 0.266773 0.822967 0.281150 0.796651 0.285942 0.772727 0.290735 0.765550
1 0.325879 0.610048 0.313099 0.607656 0.305112 0.612440 0.281150 0.657895 0.277955 0.674641 0.279553 0.732057 0.290735 0.748804 0.303514 0.748804 0.324281 0.734450 0.337061 0.717703 0.341853 0.703349 0.341853 0.653110 0.330671 0.631579
1 0.271565 0.516746 0.252396 0.519139 0.231629 0.547847 0.225240 0.564593 0.220447 0.636364 0.228435 0.650718 0.242812 0.650718 0.255591 0.641148 0.277955 0.612440 0.289137 0.578947 0.287540 0.550239 0.281150 0.543062
1 0.373802 0.516746 0.353035 0.523923 0.335463 0.552632 0.332268 0.571770 0.335463 0.629187 0.341853 0.645933 0.348243 0.650718 0.378594 0.643541 0.381789 0.633971 0.397764 0.617225 0.405751 0.593301 0.397764 0.543062 0.389776 0.528708
1 0.325879 0.428230 0.306709 0.428230 0.290735 0.444976 0.281150 0.464115 0.277955 0.483254 0.279553 0.526316 0.290735 0.545455 0.305112 0.545455 0.332268 0.523923 0.346645 0.492823 0.346645 0.464115
1 0.279553 0.337321 0.250799 0.346890 0.242812 0.356459 0.233227 0.385167 0.231629 0.413876 0.234824 0.425837 0.263578 0.449761 0.277955 0.447368 0.292332 0.430622 0.300319 0.392344 0.298722 0.373206
1 0.305112 0.251196 0.284345 0.279904 0.281150 0.313397 0.282748 0.325359 0.293930 0.342105 0.309904 0.356459 0.317891 0.356459 0.333866 0.339713 0.338658 0.342105 0.338658 0.334928 0.349840 0.318182 0.349840 0.303828 0.341853 0.282297 0.322684 0.253589
1 0.365815 0.332536 0.345048 0.351675 0.333866 0.385167 0.333866 0.418660 0.345048 0.437799 0.364217 0.437799 0.378594 0.428230 0.394569 0.411483 0.400958 0.397129 0.396166 0.375598
1 0.476038 0.308612 0.464856 0.318182 0.453674 0.337321 0.450479 0.385167 0.455272 0.404306 0.469649 0.423445 0.498403 0.433014 0.511182 0.421053 0.522364 0.399522 0.527157 0.377990 0.525559 0.351675 0.515974 0.325359 0.498403 0.308612
1 0.450479 0.222488 0.423323 0.222488 0.405751 0.244019 0.399361 0.260766 0.399361 0.296651 0.407348 0.318182 0.424920 0.337321 0.442492 0.334928 0.469649 0.303828 0.474441 0.279904 0.471246 0.251196 0.464856 0.236842
1 0.525559 0.220096 0.515974 0.227273 0.501597 0.253589 0.501597 0.294258 0.509585 0.311005 0.531949 0.332536 0.554313 0.332536 0.560703 0.327751 0.576677 0.294258 0.573482 0.244019 0.554313 0.220096
1 0.381789 0.133971 0.362620 0.145933 0.351438 0.167464 0.348243 0.203349 0.361022 0.232057 0.376997 0.253589 0.389776 0.253589 0.399361 0.248804 0.421725 0.215311 0.423323 0.179426 0.416933 0.157895 0.405751 0.141148
1 0.324281 0.043062 0.308307 0.055024 0.298722 0.071770 0.295527 0.107656 0.298722 0.124402 0.313099 0.150718 0.338658 0.179426 0.362620 0.141148 0.375399 0.129187 0.376997 0.105263 0.370607 0.071770 0.356230 0.050239 0.343450 0.043062
1 0.428115 0.047847 0.415335 0.055024 0.404153 0.071770 0.399361 0.088517 0.399361 0.117225 0.405751 0.136364 0.421725 0.155502 0.442492 0.162679 0.450479 0.157895 0.472843 0.126794 0.474441 0.090909 0.469649 0.071770 0.460064 0.057416 0.447284 0.047847
1 0.480831 0.129187 0.471246 0.133971 0.455272 0.153110 0.450479 0.174641 0.450479 0.203349 0.453674 0.220096 0.468051 0.236842 0.480831 0.244019 0.498403 0.244019 0.511182 0.232057 0.525559 0.200957 0.525559 0.174641 0.514377 0.145933 0.498403 0.131579
1 0.523962 0.043062 0.509585 0.055024 0.501597 0.069378 0.496805 0.095694 0.498403 0.122010 0.523962 0.155502 0.546326 0.155502 0.571885 0.124402 0.575080 0.110048 0.573482 0.081340 0.568690 0.064593 0.555911 0.047847 0.547923 0.043062
1 0.594249 0.124402 0.579872 0.126794 0.563898 0.138756 0.551118 0.167464 0.547923 0.188995 0.552716 0.212919 0.584665 0.253589 0.600639 0.248804 0.615016 0.234450 0.624601 0.217703 0.630990 0.186603 0.623003 0.148325 0.608626 0.129187
1 0.646965 0.035885 0.627796 0.038278 0.618211 0.045455 0.594249 0.086124 0.594249 0.122010 0.605431 0.124402 0.615016 0.133971 0.634185 0.165072 0.654952 0.155502 0.670927 0.131579 0.678914 0.107656 0.678914 0.069378 0.669329 0.050239
1 0.338658 0.832536 0.327476 0.832536 0.324281 0.842105 0.313099 0.846890 0.311502 0.856459 0.295527 0.885167 0.293930 0.959330 0.297125 0.973684 0.308307 0.983254 0.317891 0.978469 0.356230 0.921053 0.356230 0.868421 0.351438 0.856459 0.340256 0.846890
1 0.391374 0.825359 0.376997 0.837321 0.367412 0.856459 0.364217 0.897129 0.367412 0.928230 0.380192 0.949761 0.384984 0.973684 0.399361 0.980861 0.407348 0.976077 0.413738 0.956938 0.434505 0.928230 0.434505 0.882775 0.428115 0.866029 0.402556 0.827751
1 0.471246 0.830144 0.445687 0.861244 0.442492 0.870813 0.442492 0.913876 0.445687 0.930622 0.468051 0.966507 0.471246 0.980861 0.477636 0.988038 0.488818 0.988038 0.496805 0.978469 0.503195 0.952153 0.515974 0.930622 0.515974 0.897129 0.512780 0.880383 0.484026 0.832536
1 0.557508 0.825359 0.547923 0.834928 0.527157 0.875598 0.525559 0.921053 0.531949 0.942584 0.549521 0.959330 0.562300 0.983254 0.578275 0.988038 0.589457 0.971292 0.591054 0.949761 0.597444 0.928230 0.595847 0.904306 0.584665 0.863636
1 0.637380 0.813397 0.627796 0.830144 0.624601 0.856459 0.616613 0.868421 0.602236 0.877990 0.608626 0.928230 0.616613 0.944976 0.642173 0.961722 0.653355 0.983254 0.669329 0.985646 0.677316 0.971292 0.677316 0.937799 0.682109 0.913876 0.680511 0.870813 0.670927 0.849282 0.658147 0.834928 0.653355 0.820574 0.646965 0.813397
1 0.575080 0.736842 0.559105 0.755981 0.559105 0.787081 0.563898 0.806220 0.575080 0.832536 0.595847 0.863636 0.613419 0.868421 0.623003 0.856459 0.624601 0.822967 0.632588 0.801435 0.632588 0.784689 0.603834 0.736842 0.595847 0.732057
1 0.500000 0.736842 0.492013 0.741627 0.482428 0.760766 0.479233 0.782297 0.480831 0.801435 0.490415 0.832536 0.512780 0.868421 0.523962 0.868421 0.533546 0.856459 0.549521 0.808612 0.546326 0.763158 0.536741 0.748804 0.525559 0.746411 0.520767 0.739234
1 0.514377 0.612440 0.501597 0.622010 0.495208 0.636364 0.495208 0.674641 0.504792 0.686603 0.507987 0.700957 0.504792 0.705742 0.523962 0.729665 0.536741 0.729665 0.546326 0.717703 0.551118 0.684211 0.559105 0.665072 0.551118 0.643541 0.528754 0.612440
1 0.595847 0.502392 0.570288 0.528708 0.563898 0.552632 0.565495 0.586124 0.575080 0.607656 0.587859 0.622010 0.619808 0.622010 0.632588 0.607656 0.638978 0.543062 0.632588 0.526316 0.619808 0.509569 0.608626 0.502392
1 0.646965 0.581340 0.638978 0.605263 0.621406 0.631579 0.619808 0.674641 0.626198 0.693780 0.640575 0.710526 0.659744 0.712919 0.669329 0.720096 0.682109 0.717703 0.690096 0.703349 0.686901 0.672249 0.690096 0.638756 0.670927 0.595694 0.656550 0.581340
1 0.696486 0.691388 0.696486 0.698565 0.667732 0.736842 0.666134 0.755981 0.670927 0.772727 0.688498 0.803828 0.715655 0.808612 0.730032 0.822967 0.744409 0.818182 0.749201 0.791866 0.741214 0.729665 0.733227 0.715311 0.725240 0.710526 0.725240 0.703349 0.717252 0.696172 0.712460 0.698565 0.709265 0.688995
1 0.686901 0.504785 0.677316 0.519139 0.670927 0.540670 0.674121 0.569378 0.690096 0.590909 0.715655 0.612440 0.726837 0.617225 0.741214 0.614833 0.746006 0.600478 0.744409 0.562201 0.731629 0.521531 0.710863 0.502392 0.694888 0.500000
1 0.586262 0.404306 0.571885 0.401914 0.567093 0.406699 0.535144 0.468900 0.536741 0.495215 0.554313 0.514354 0.560703 0.516746 0.573482 0.502392 0.592652 0.500000 0.602236 0.488038 0.607029 0.464115 0.605431 0.435407 0.600639 0.421053
1 0.666134 0.351675 0.664537 0.366029 0.672524 0.394737 0.688498 0.413876 0.728435 0.418660 0.738019 0.411483 0.741214 0.380383 0.733227 0.349282 0.725240 0.334928 0.710863 0.325359 0.691693 0.325359 0.675719 0.334928
1 0.824281 0.473684 0.821086 0.514354 0.825879 0.533493 0.853035 0.562201 0.884984 0.576555 0.896166 0.576555 0.905751 0.564593 0.905751 0.543062 0.884984 0.516746 0.881789 0.502392 0.865815 0.471292 0.846645 0.461722
1 0.857827 0.382775 0.861022 0.413876 0.870607 0.433014 0.870607 0.444976 0.881789 0.461722 0.889776 0.464115 0.896166 0.456938 0.907348 0.466507 0.929712 0.464115 0.940895 0.468900 0.952077 0.464115 0.958466 0.454545 0.955272 0.428230 0.937700 0.413876 0.918530 0.382775 0.905751 0.370813 0.888179 0.366029 0.872204 0.368421
