2 0.353906 0.118932 0.348438 0.126214 0.342187 0.160194 0.342187 0.208738 0.346094 0.293689 0.345313 0.479369 0.347656 0.514563 0.356250 0.518204 0.384375 0.521845 0.421094 0.519417 0.424219 0.516990 0.436719 0.518204 0.442969 0.515777 0.445312 0.508495 0.446875 0.483010 0.445312 0.458738 0.445312 0.384709 0.443750 0.372573 0.444531 0.179612 0.443750 0.163835 0.437500 0.141990 0.436719 0.127427 0.425781 0.118932 0.411719 0.116505 0.365625 0.116505
2 0.462500 0.117718 0.453906 0.126214 0.451562 0.144417 0.446875 0.161408 0.450781 0.512136 0.453906 0.518204 0.461719 0.521845 0.519531 0.521845 0.528906 0.519417 0.531250 0.521845 0.538281 0.521845 0.546875 0.514563 0.550000 0.500000 0.549219 0.388350 0.546875 0.353155 0.547656 0.184466 0.546094 0.154126 0.541406 0.138350 0.540625 0.127427 0.531250 0.117718 0.511719 0.114078 0.485156 0.114078
2 0.566406 0.118932 0.557031 0.126214 0.553906 0.133495 0.550781 0.151699 0.550000 0.171117 0.554688 0.509709 0.559375 0.519417 0.564063 0.515777 0.647656 0.516990 0.650781 0.514563 0.654687 0.497573 0.655469 0.449029 0.654687 0.367718 0.653125 0.349515 0.652344 0.162621 0.647656 0.126214 0.638281 0.116505 0.625781 0.112864 0.593750 0.112864
2 0.538281 0.520631 0.530469 0.523058 0.459375 0.523058 0.453906 0.542476 0.454688 0.917476 0.457813 0.924757 0.469531 0.936893 0.478906 0.940534 0.500000 0.944175 0.529687 0.938107 0.546094 0.924757 0.550000 0.916262 0.551562 0.905340 0.550781 0.830097 0.549219 0.820388 0.548438 0.558252 0.546094 0.543689
2 0.564844 0.519417 0.555469 0.547330 0.553125 0.566748 0.553906 0.871359 0.556250 0.917476 0.563281 0.928398 0.571875 0.935680 0.586719 0.941748 0.613281 0.944175 0.630469 0.940534 0.646875 0.929612 0.655469 0.911408 0.653906 0.554612 0.648438 0.530340 0.640625 0.519417 0.614844 0.519417 0.604688 0.516990
2 0.672656 0.122573 0.663281 0.129854 0.657031 0.157767 0.657031 0.263350 0.659375 0.316748 0.657813 0.410194 0.659375 0.422330 0.660156 0.510922 0.665625 0.520631 0.671094 0.519417 0.673438 0.521845 0.728906 0.523058 0.732812 0.520631 0.734375 0.523058 0.753125 0.523058 0.758594 0.514563 0.760156 0.483010 0.760938 0.233010 0.757031 0.125000 0.749219 0.117718 0.738281 0.115291 0.696875 0.116505
2 0.665625 0.531553 0.660156 0.538835 0.657813 0.561893 0.657813 0.904126 0.660156 0.912621 0.664844 0.919903 0.688281 0.934466 0.718750 0.936893 0.740625 0.932039 0.749219 0.925971 0.755469 0.916262 0.757031 0.908981 0.756250 0.759709 0.757812 0.748786 0.757812 0.587379 0.759375 0.570388 0.757031 0.538835 0.753906 0.532767 0.712500 0.535194
2 0.857031 0.109223 0.842187 0.104369 0.789844 0.109223 0.767188 0.117718 0.761719 0.125000 0.760156 0.131068 0.764062 0.243932 0.763281 0.498786 0.764844 0.510922 0.771094 0.516990 0.796875 0.519417 0.852344 0.518204 0.857031 0.515777 0.860938 0.506068 0.860938 0.379854 0.864844 0.152913 0.860938 0.118932
2 0.773438 0.520631 0.767969 0.527913 0.764062 0.561893 0.762500 0.747573 0.760938 0.751214 0.760938 0.905340 0.768750 0.919903 0.797656 0.935680 0.844531 0.935680 0.857812 0.925971 0.862500 0.911408 0.861719 0.827670 0.863281 0.717233 0.860938 0.673544 0.860938 0.566748 0.859375 0.548544 0.854688 0.530340 0.850000 0.520631 0.828906 0.520631 0.814844 0.525485 0.791406 0.525485 0.783594 0.520631
2 0.134375 0.117718 0.131250 0.125000 0.128906 0.146845 0.128125 0.194175 0.129688 0.213592 0.135156 0.514563 0.141406 0.524272 0.175000 0.524272 0.232031 0.518204 0.235156 0.513350 0.233594 0.290049 0.232031 0.251214 0.230469 0.248786 0.229687 0.195388 0.230469 0.155340 0.232813 0.146845 0.232813 0.133495 0.224219 0.123786 0.210938 0.117718 0.197656 0.115291 0.146094 0.114078
2 0.243750 0.117718 0.238281 0.126214 0.233594 0.156553 0.233594 0.218447 0.236719 0.292476 0.235937 0.396845 0.237500 0.498786 0.239063 0.514563 0.244531 0.521845 0.302344 0.523058 0.339062 0.518204 0.342187 0.514563 0.343750 0.506068 0.342969 0.407767 0.341406 0.400485 0.342969 0.299757 0.339844 0.251214 0.339062 0.160194 0.335156 0.149272 0.334375 0.132282 0.330469 0.125000 0.321875 0.118932 0.306250 0.115291 0.266406 0.112864
2 0.232031 0.523058 0.164844 0.526699 0.153906 0.530340 0.142969 0.530340 0.138281 0.557039 0.135156 0.564320 0.133594 0.672330 0.135156 0.793689 0.134375 0.910194 0.135156 0.923544 0.138281 0.934466 0.155469 0.947816 0.187500 0.949029 0.217969 0.940534 0.232031 0.930825 0.238281 0.919903 0.240625 0.889563 0.240625 0.770631 0.238281 0.748786 0.237500 0.683252 0.240625 0.627427 0.240625 0.572816 0.238281 0.529126
2 0.338281 0.525485 0.331250 0.523058 0.321094 0.523058 0.318750 0.525485 0.306250 0.524272 0.303125 0.526699 0.263281 0.526699 0.260156 0.524272 0.248438 0.525485 0.246094 0.531553 0.243750 0.561893 0.244531 0.626214 0.241406 0.680825 0.241406 0.731796 0.246094 0.791262 0.242969 0.932039 0.250000 0.945388 0.257812 0.950243 0.288281 0.953883 0.314844 0.947816 0.333594 0.935680 0.345313 0.918689 0.346875 0.906553 0.345313 0.762136 0.343750 0.746359 0.345313 0.591019 0.340625 0.535194
2 0.442969 0.527913 0.419531 0.533981 0.397656 0.532767 0.381250 0.536408 0.370312 0.531553 0.356250 0.530340 0.351562 0.535194 0.348438 0.565534 0.349219 0.649272 0.346875 0.672330 0.348438 0.695388 0.346875 0.745146 0.348438 0.758495 0.347656 0.799757 0.350000 0.918689 0.352344 0.929612 0.357031 0.936893 0.369531 0.945388 0.394531 0.949029 0.421875 0.942961 0.435937 0.935680 0.446875 0.919903 0.448437 0.907767 0.447656 0.860437 0.450000 0.796117 0.448437 0.743932 0.449219 0.699029 0.446875 0.673544 0.447656 0.628641 0.446094 0.611650 0.447656 0.598301 0.446875 0.560680 0.445312 0.557039 0.446094 0.536408
