3 0.062500 0.054500 0.056500 0.059000 0.053500 0.063000 0.050500 0.070000 0.049500 0.076000 0.050500 0.094500 0.052500 0.100500 0.059500 0.113500 0.059500 0.120000 0.054500 0.142500 0.053500 0.156000 0.051000 0.250500 0.052000 0.268500 0.057500 0.283000 0.064500 0.291000 0.074500 0.297500 0.090500 0.303000 0.096000 0.303500 0.108000 0.307000 0.128500 0.309500 0.155500 0.310500 0.177500 0.309500 0.202000 0.305000 0.210500 0.302500 0.218500 0.298500 0.225000 0.293500 0.234000 0.281500 0.239500 0.265000 0.242500 0.160500 0.238500 0.126500 0.240500 0.119500 0.248500 0.108000 0.251000 0.100500 0.252500 0.090000 0.252500 0.075000 0.249500 0.065500 0.246000 0.062000 0.235000 0.055500 0.214500 0.048500 0.197000 0.045500 0.167000 0.042500 0.125000 0.042500 0.088000 0.045500 0.074500 0.049000
3 0.532500 0.064500 0.524500 0.071500 0.521000 0.079000 0.519500 0.088000 0.521000 0.107500 0.530000 0.125000 0.529500 0.134000 0.525000 0.151000 0.523500 0.165500 0.521500 0.267500 0.523500 0.284000 0.529500 0.295500 0.539500 0.304500 0.556000 0.312000 0.576500 0.317000 0.597000 0.319500 0.614000 0.320500 0.648500 0.319500 0.673500 0.315500 0.683000 0.312000 0.694000 0.305000 0.702500 0.295500 0.706500 0.287500 0.708500 0.280500 0.712000 0.194000 0.712000 0.162500 0.708500 0.141500 0.709500 0.132000 0.716500 0.122000 0.721500 0.108000 0.722500 0.087000 0.720500 0.079000 0.713500 0.071000 0.695500 0.062500 0.670500 0.057000 0.644500 0.054000 0.609500 0.053000 0.572500 0.055000 0.541000 0.061000
3 0.291000 0.375000 0.283500 0.385000 0.282000 0.391500 0.282500 0.412000 0.284500 0.418500 0.290000 0.427500 0.292000 0.434000 0.285500 0.473000 0.283000 0.532000 0.283000 0.579500 0.286500 0.594500 0.290500 0.601500 0.298500 0.610000 0.307500 0.615000 0.319000 0.619500 0.336500 0.624000 0.369000 0.628000 0.389500 0.628500 0.428000 0.624500 0.442500 0.620000 0.456000 0.612000 0.461000 0.607500 0.467000 0.598500 0.471500 0.579500 0.473000 0.525500 0.474500 0.507000 0.474500 0.472500 0.471000 0.453000 0.470500 0.440000 0.479500 0.427500 0.483500 0.419000 0.485000 0.397500 0.483500 0.389000 0.481500 0.385000 0.473000 0.376500 0.451500 0.368500 0.426000 0.363500 0.393500 0.360500 0.388500 0.361500 0.385000 0.360500 0.352500 0.360500 0.329500 0.362500 0.307000 0.367500
3 0.297500 0.691000 0.290000 0.695500 0.282000 0.703000 0.280500 0.705500 0.279000 0.714500 0.280000 0.736500 0.283000 0.744000 0.289000 0.752500 0.287500 0.768000 0.282500 0.785500 0.280500 0.813500 0.279500 0.904000 0.281000 0.913000 0.284000 0.919500 0.293500 0.930500 0.303000 0.936500 0.325000 0.944000 0.345000 0.948000 0.363500 0.949500 0.386500 0.949500 0.407500 0.948000 0.429000 0.944500 0.448000 0.937000 0.454000 0.932500 0.459500 0.926500 0.465500 0.914500 0.467500 0.905500 0.471500 0.814500 0.471000 0.795500 0.467500 0.772500 0.467500 0.766000 0.468500 0.760000 0.470500 0.756000 0.476500 0.748500 0.481000 0.732500 0.481500 0.716000 0.477500 0.705500 0.467500 0.697500 0.455000 0.692000 0.440000 0.688000 0.434500 0.688000 0.408000 0.683500 0.379000 0.682000 0.343500 0.683000 0.307000 0.687500
3 0.055500 0.688000 0.049500 0.692500 0.046000 0.697000 0.043500 0.704000 0.042500 0.713000 0.043000 0.725500 0.044500 0.733000 0.052500 0.750500 0.046500 0.782000 0.044500 0.826000 0.044000 0.898500 0.046000 0.909500 0.048000 0.914000 0.056000 0.923500 0.068500 0.931500 0.088500 0.938500 0.115000 0.943000 0.146000 0.944500 0.168000 0.943500 0.194500 0.939000 0.209500 0.933500 0.216500 0.928500 0.225000 0.919000 0.228000 0.913000 0.232500 0.897000 0.235500 0.795500 0.234500 0.779000 0.232000 0.768000 0.232000 0.760000 0.233500 0.753000 0.240000 0.744500 0.244000 0.733500 0.246000 0.717500 0.244500 0.704500 0.238500 0.696500 0.224000 0.688000 0.206000 0.683000 0.175000 0.678000 0.147000 0.676500 0.103500 0.677500 0.072500 0.682000
3 0.063500 0.364500 0.057000 0.368500 0.049000 0.376000 0.046000 0.387000 0.047000 0.408000 0.056500 0.427500 0.055000 0.440000 0.050500 0.457500 0.048000 0.484000 0.047000 0.577500 0.050000 0.588500 0.052500 0.593500 0.062500 0.604500 0.072500 0.610500 0.091000 0.617000 0.114500 0.621500 0.145500 0.623000 0.177500 0.621500 0.194500 0.619000 0.209000 0.614500 0.216500 0.610500 0.227000 0.600000 0.234000 0.586000 0.235500 0.578500 0.239500 0.481000 0.238500 0.465000 0.234500 0.439000 0.236500 0.432500 0.241000 0.426500 0.247500 0.412500 0.249000 0.400000 0.249000 0.388500 0.246000 0.380000 0.241000 0.374500 0.233500 0.369500 0.225500 0.366000 0.205500 0.360000 0.177000 0.356500 0.145000 0.355000 0.103500 0.356500 0.072000 0.361000
3 0.306000 0.056000 0.291000 0.065000 0.287000 0.072000 0.285500 0.080000 0.286500 0.101000 0.289000 0.108000 0.295500 0.119000 0.295500 0.127500 0.291500 0.142000 0.289500 0.162000 0.287500 0.249500 0.288000 0.272500 0.290500 0.283000 0.293000 0.287500 0.298500 0.294500 0.310500 0.302500 0.336000 0.310500 0.369000 0.315500 0.404000 0.315500 0.426000 0.313000 0.444500 0.308000 0.456000 0.302000 0.468500 0.289500 0.475000 0.271500 0.478000 0.169500 0.477500 0.156500 0.474000 0.131000 0.475000 0.126000 0.483500 0.114500 0.487000 0.104000 0.488500 0.093000 0.488500 0.082500 0.486000 0.072500 0.478000 0.064000 0.462500 0.057500 0.446500 0.053500 0.417000 0.049000 0.394500 0.047500 0.351000 0.048000 0.322500 0.051500
3 0.529500 0.377000 0.524500 0.381000 0.517500 0.390500 0.515500 0.402500 0.516500 0.419500 0.527000 0.439000 0.520000 0.474500 0.517500 0.530000 0.517500 0.588500 0.520500 0.599000 0.524500 0.606500 0.534000 0.616000 0.548000 0.623500 0.561500 0.627500 0.584500 0.631500 0.613500 0.633500 0.647000 0.632000 0.666000 0.629000 0.677000 0.626000 0.683000 0.623000 0.693000 0.616000 0.697500 0.610500 0.703000 0.601000 0.705500 0.590500 0.709500 0.506500 0.709500 0.487500 0.708500 0.472000 0.705000 0.455500 0.705000 0.447000 0.706500 0.442500 0.716500 0.427500 0.718000 0.421500 0.719000 0.398500 0.716500 0.390500 0.709000 0.383000 0.693500 0.375500 0.671000 0.370500 0.644000 0.367000 0.593500 0.366000 0.570500 0.367500 0.548000 0.371000
3 0.532500 0.696000 0.518000 0.705500 0.514500 0.712000 0.513000 0.721500 0.514000 0.740500 0.517000 0.749000 0.520000 0.752000 0.522500 0.757000 0.523500 0.761500 0.523500 0.767000 0.517000 0.790500 0.515000 0.818500 0.514000 0.907500 0.516500 0.921500 0.523000 0.931000 0.531500 0.938500 0.552000 0.947500 0.572000 0.952500 0.609000 0.955000 0.635000 0.954500 0.654500 0.952500 0.677500 0.945500 0.686000 0.940000 0.694500 0.931000 0.699000 0.921500 0.701500 0.913000 0.703000 0.898500 0.705500 0.829500 0.705500 0.803500 0.701500 0.776500 0.701500 0.768000 0.709500 0.756000 0.713500 0.747000 0.716000 0.723000 0.713000 0.713000 0.706000 0.705000 0.690500 0.698000 0.675000 0.693500 0.643500 0.688500 0.639000 0.689000 0.635500 0.688000 0.613500 0.687000 0.580500 0.687500 0.556000 0.690000
3 0.776000 0.064500 0.765500 0.070000 0.759000 0.076500 0.757000 0.081000 0.755500 0.090500 0.756500 0.108500 0.760000 0.118500 0.766000 0.129000 0.759500 0.164500 0.757000 0.276000 0.758500 0.286000 0.762500 0.295500 0.771000 0.305000 0.782500 0.312000 0.802500 0.318500 0.825000 0.323000 0.843500 0.324500 0.880000 0.323500 0.895000 0.321500 0.912000 0.317500 0.927500 0.310500 0.937000 0.301000 0.943500 0.288500 0.945500 0.280000 0.948500 0.189000 0.948000 0.166500 0.945000 0.141000 0.946000 0.134000 0.954000 0.123500 0.958500 0.108000 0.959000 0.090500 0.955000 0.079500 0.947000 0.072500 0.926000 0.064000 0.877000 0.057000 0.844500 0.056500 0.814000 0.058000 0.789500 0.061000
3 0.767000 0.380000 0.760000 0.384500 0.754000 0.392500 0.751500 0.403500 0.752500 0.421000 0.757500 0.433000 0.762500 0.440500 0.762500 0.447000 0.758500 0.463000 0.756500 0.478500 0.753000 0.573500 0.753500 0.591000 0.755500 0.600000 0.759500 0.609000 0.770000 0.620000 0.779500 0.625500 0.806000 0.633000 0.829000 0.636500 0.862000 0.637500 0.882000 0.636000 0.896000 0.634000 0.913000 0.629000 0.922000 0.624500 0.927500 0.620500 0.935500 0.611000 0.940000 0.599000 0.942000 0.590000 0.945000 0.485000 0.941000 0.455000 0.942500 0.447500 0.946500 0.440500 0.950500 0.436500 0.953500 0.428500 0.955000 0.419000 0.955000 0.402500 0.952500 0.394000 0.948000 0.389000 0.942000 0.385000 0.923500 0.377000 0.880000 0.370500 0.846500 0.369000 0.812500 0.370500 0.775500 0.376000
3 0.760000 0.703500 0.752000 0.712000 0.749000 0.721000 0.748500 0.737000 0.750000 0.747000 0.760000 0.764000 0.752000 0.796500 0.750500 0.821500 0.750000 0.908000 0.752000 0.921500 0.757000 0.931500 0.763000 0.938000 0.780000 0.948000 0.796000 0.953000 0.822500 0.957000 0.857500 0.958000 0.886500 0.956000 0.903500 0.953000 0.919500 0.945000 0.929500 0.936000 0.935000 0.925500 0.937500 0.914500 0.939000 0.865500 0.941500 0.828000 0.941500 0.807000 0.937500 0.783500 0.937000 0.774500 0.939000 0.767500 0.947000 0.756000 0.950500 0.748000 0.952000 0.724500 0.949500 0.717000 0.943000 0.709500 0.932500 0.703500 0.909500 0.697000 0.879500 0.692500 0.865000 0.691500 0.819000 0.691500 0.798000 0.693000 0.774500 0.697500
