4 0.458462 0.612698 0.446923 0.615873 0.429231 0.631746 0.424615 0.632804 0.420000 0.638095 0.396923 0.645503 0.392308 0.644444 0.388462 0.647619 0.366923 0.647619 0.343846 0.652910 0.320769 0.652910 0.306923 0.659259 0.303846 0.663492 0.304615 0.737566 0.309231 0.813757 0.312308 0.827513 0.370000 0.827513 0.418462 0.823280 0.433077 0.810582 0.433077 0.807407 0.444615 0.787302 0.455385 0.760847 0.459231 0.755556 0.465385 0.736508 0.466154 0.703704 0.463077 0.666667 0.463077 0.637037 0.461538 0.621164
4 0.707692 0.062434 0.703077 0.071958 0.702308 0.083598 0.688462 0.149206 0.686154 0.212698 0.686154 0.278307 0.687692 0.283598 0.692308 0.285714 0.732308 0.283598 0.747692 0.286772 0.751538 0.283598 0.772308 0.283598 0.806154 0.252910 0.816923 0.248677 0.824615 0.242328 0.829231 0.233862 0.830769 0.220106 0.832308 0.144974 0.834615 0.115344 0.834615 0.063492 0.830769 0.060317 0.803077 0.062434 0.713077 0.060317
4 0.780769 0.286772 0.782308 0.318519 0.786923 0.332275 0.790769 0.335450 0.830769 0.328042 0.873077 0.324868 0.880769 0.321693 0.886154 0.316402 0.962308 0.315344 0.971538 0.312169 0.975385 0.306878 0.976923 0.295238 0.983846 0.151323 0.983077 0.135450 0.980000 0.133333 0.852308 0.132275 0.843846 0.139683 0.837692 0.152381 0.836154 0.198942 0.833077 0.224339 0.829231 0.239153 0.819231 0.249735 0.813077 0.251852 0.790769 0.269841 0.781538 0.281481
4 0.968462 0.326984 0.961538 0.322751 0.946154 0.322751 0.904615 0.328042 0.843846 0.331217 0.821538 0.336508 0.810769 0.342857 0.790000 0.349206 0.783077 0.353439 0.780000 0.361905 0.780000 0.372487 0.778462 0.375661 0.780769 0.463492 0.783077 0.482540 0.791538 0.489947 0.843077 0.502646 0.942308 0.496296 0.967692 0.491005 0.969231 0.483598 0.967692 0.430688 0.970000 0.423280 0.970769 0.405291 0.969231 0.386243 0.970000 0.340741
4 0.780000 0.503704 0.776923 0.533333 0.776923 0.620106 0.781538 0.632804 0.796923 0.653968 0.805385 0.670899 0.822308 0.696296 0.830769 0.702646 0.880769 0.702646 0.922308 0.705820 0.952308 0.705820 0.955385 0.702646 0.956923 0.695238 0.956923 0.665608 0.960000 0.637037 0.961538 0.571429 0.963077 0.560847 0.962308 0.544974 0.960000 0.539683 0.934615 0.529101 0.865385 0.524868 0.845385 0.518519 0.838462 0.513228 0.832308 0.513228 0.813846 0.504762 0.792308 0.499471 0.785385 0.499471
4 0.768462 0.646561 0.766923 0.706878 0.768462 0.752381 0.770769 0.765079 0.813846 0.865608 0.819231 0.873016 0.843077 0.876190 0.883846 0.873016 0.945385 0.874074 0.946923 0.871958 0.947692 0.817989 0.949231 0.808466 0.948462 0.748148 0.950000 0.733333 0.950000 0.712169 0.945385 0.707937 0.880000 0.707937 0.828462 0.703704 0.812308 0.683598 0.787692 0.643386 0.774615 0.640212
4 0.070769 0.118519 0.075385 0.271958 0.078462 0.277249 0.096154 0.281481 0.116154 0.281481 0.136923 0.277249 0.183846 0.276190 0.197692 0.271958 0.197692 0.260317 0.200769 0.250794 0.202308 0.225397 0.199231 0.185185 0.201538 0.170370 0.202308 0.143915 0.201538 0.126984 0.193846 0.113228 0.186923 0.108995 0.132308 0.110053 0.116154 0.107937 0.096154 0.114286 0.076923 0.114286
4 0.053077 0.647619 0.050769 0.652910 0.052308 0.703704 0.044615 0.720635 0.043846 0.741799 0.053846 0.767196 0.053846 0.796825 0.055385 0.804233 0.060769 0.809524 0.067692 0.811640 0.105385 0.811640 0.160769 0.814815 0.164615 0.812698 0.169231 0.803175 0.170769 0.776720 0.164615 0.752381 0.165385 0.735450 0.170769 0.719577 0.169231 0.649735 0.160000 0.647619 0.093846 0.647619 0.069231 0.645503
4 0.455385 0.482540 0.450769 0.477249 0.443077 0.475132 0.398462 0.473016 0.372308 0.476190 0.346154 0.476190 0.328462 0.479365 0.321538 0.478307 0.301538 0.480423 0.294615 0.483598 0.292308 0.494180 0.292308 0.511111 0.296923 0.579894 0.297692 0.623280 0.300000 0.639153 0.306154 0.643386 0.311538 0.643386 0.316154 0.641270 0.344615 0.639153 0.378462 0.640212 0.409231 0.637037 0.423846 0.631746 0.459231 0.606349 0.462308 0.601058 0.463077 0.582011 0.460000 0.508995
4 0.291538 0.477249 0.283077 0.473016 0.234615 0.473016 0.178462 0.477249 0.172308 0.480423 0.169231 0.485714 0.171538 0.532275 0.171538 0.569312 0.173077 0.572487 0.173077 0.625397 0.174615 0.632804 0.186923 0.635979 0.254615 0.635979 0.272308 0.633862 0.286154 0.634921 0.293077 0.631746 0.296154 0.624339 0.295385 0.578836 0.293846 0.575661 0.291538 0.542857
4 0.048462 0.489947 0.048462 0.573545 0.050000 0.583069 0.050000 0.630688 0.052308 0.643386 0.150769 0.645503 0.163846 0.644444 0.171538 0.638095 0.172308 0.590476 0.170769 0.528042 0.168462 0.494180 0.164615 0.485714 0.152308 0.483598 0.056154 0.484656
4 0.171538 0.301587 0.163077 0.300529 0.146154 0.304762 0.063077 0.307937 0.056923 0.310053 0.054615 0.313228 0.056154 0.396825 0.059231 0.408466 0.059231 0.452910 0.063077 0.468783 0.165385 0.464550 0.176923 0.462434 0.180000 0.459259 0.182308 0.451852 0.181538 0.417989 0.178462 0.412698 0.175385 0.386243 0.175385 0.376720 0.179231 0.358730 0.179231 0.340741 0.175385 0.312169
4 0.302308 0.300529 0.291538 0.293122 0.256923 0.293122 0.226154 0.296296 0.186923 0.295238 0.179231 0.298413 0.178462 0.324868 0.180769 0.341799 0.180769 0.357672 0.176923 0.379894 0.177692 0.389418 0.184615 0.413757 0.186923 0.460317 0.189231 0.465608 0.201538 0.467725 0.268462 0.464550 0.303846 0.459259 0.313077 0.452910 0.313846 0.442328 0.311538 0.419048 0.307692 0.320635 0.306154 0.306878
4 0.429231 0.306878 0.414615 0.305820 0.328462 0.311111 0.314615 0.313228 0.312308 0.316402 0.311538 0.353439 0.313846 0.382011 0.313846 0.420106 0.317692 0.456085 0.322308 0.474074 0.388462 0.469841 0.436154 0.468783 0.440000 0.465608 0.439231 0.434921 0.434615 0.380952 0.433077 0.325926
4 0.551538 0.283598 0.540769 0.280423 0.508462 0.285714 0.501538 0.284656 0.497692 0.286772 0.485385 0.286772 0.439231 0.294180 0.432308 0.298413 0.431538 0.306878 0.436154 0.358730 0.438462 0.426455 0.440769 0.458201 0.443846 0.465608 0.483077 0.465608 0.553077 0.457143 0.561538 0.453968 0.566923 0.446561 0.569231 0.435979 0.569231 0.408466 0.561538 0.313228 0.556923 0.301587 0.555385 0.289947
4 0.568462 0.076190 0.553846 0.075132 0.521538 0.080423 0.456154 0.083598 0.450000 0.086772 0.447692 0.102646 0.449231 0.111111 0.450769 0.164021 0.453077 0.180952 0.454615 0.237037 0.456154 0.255026 0.461538 0.265608 0.478462 0.278307 0.494615 0.282540 0.544615 0.278307 0.550769 0.280423 0.556154 0.285714 0.576154 0.285714 0.583846 0.281481 0.585385 0.269841 0.583846 0.188360 0.574615 0.103704 0.570769 0.080423
4 0.444615 0.123810 0.430769 0.121693 0.412308 0.124868 0.369231 0.126984 0.328462 0.134392 0.326923 0.139683 0.326154 0.167196 0.329231 0.220106 0.330769 0.292063 0.333846 0.300529 0.342308 0.303704 0.373846 0.301587 0.377692 0.298413 0.423846 0.296296 0.440769 0.289947 0.452308 0.288889 0.460769 0.280423 0.460000 0.271958 0.456154 0.265608 0.453077 0.253968 0.451538 0.212698 0.449231 0.194709 0.447692 0.135450
4 0.208462 0.105820 0.205385 0.117460 0.204615 0.161905 0.201538 0.175661 0.201538 0.197884 0.203846 0.211640 0.204615 0.273016 0.210769 0.279365 0.229231 0.283598 0.260000 0.286772 0.272308 0.284656 0.298462 0.289947 0.323846 0.287831 0.326154 0.281481 0.323077 0.197884 0.323846 0.137566 0.326923 0.128042 0.325385 0.120635 0.314615 0.113228 0.279231 0.111111 0.266923 0.107937 0.222308 0.103704
4 0.173846 0.651852 0.171538 0.656085 0.170769 0.671958 0.171538 0.719577 0.168462 0.732275 0.166154 0.735450 0.165385 0.753439 0.172308 0.775661 0.172308 0.810582 0.176923 0.820106 0.283846 0.824339 0.300000 0.807407 0.304615 0.794709 0.304615 0.767196 0.303077 0.760847 0.302308 0.704762 0.300769 0.699471 0.300769 0.664550 0.302308 0.655026 0.298462 0.649735 0.294615 0.647619 0.266923 0.647619 0.260000 0.649735 0.246154 0.645503 0.205385 0.642328 0.201538 0.644444 0.189231 0.644444
