1 0.033077 0.310798 0.030769 0.317371 0.030769 0.328638 0.035385 0.340845 0.046154 0.350235 0.059231 0.353052 0.072308 0.361502 0.076154 0.366197 0.079231 0.376526 0.095385 0.389671 0.119231 0.395305 0.138462 0.392488 0.152308 0.382160 0.163077 0.368075 0.167692 0.358685 0.166923 0.349296 0.156923 0.340845 0.153846 0.330516 0.149231 0.323005 0.150000 0.307042 0.154615 0.296714 0.153846 0.292019 0.146923 0.283568 0.124615 0.273239 0.109231 0.274178 0.093077 0.281690 0.075385 0.294836 0.047692 0.297653 0.040000 0.302347
1 0.000000 0.422535 0.000000 0.479812 0.024615 0.485446 0.040769 0.498592 0.058462 0.507981 0.088462 0.506103 0.119231 0.483568 0.119231 0.478873 0.101538 0.463850 0.096923 0.447887 0.101538 0.431925 0.108462 0.423474 0.116154 0.419718 0.124615 0.412207 0.124615 0.407512 0.120000 0.402817 0.076923 0.384038 0.062308 0.383099 0.049231 0.386854 0.039231 0.392488 0.020769 0.414085
1 0.000000 0.173709 0.000000 0.231925 0.011538 0.234742 0.023846 0.243192 0.036923 0.260094 0.040769 0.271362 0.048462 0.276995 0.055385 0.279812 0.078462 0.280751 0.102308 0.273239 0.114615 0.263850 0.123846 0.246009 0.121538 0.236620 0.100769 0.219718 0.095385 0.211268 0.092308 0.200000 0.094615 0.175587 0.087692 0.168075 0.078462 0.165258 0.058462 0.166197 0.048462 0.170892 0.038462 0.180282 0.020000 0.180282
1 0.095385 0.182160 0.093846 0.191549 0.094615 0.205634 0.096923 0.212207 0.100769 0.217840 0.113846 0.226291 0.130769 0.245070 0.131538 0.253521 0.137692 0.264789 0.151538 0.277934 0.163846 0.281690 0.179231 0.281690 0.186154 0.278873 0.210000 0.262911 0.222308 0.248826 0.223077 0.231925 0.221538 0.223474 0.208462 0.202817 0.206154 0.193427 0.205385 0.177465 0.202308 0.172770 0.186923 0.161502 0.179231 0.159624 0.163077 0.160563 0.152308 0.165258 0.143846 0.171831 0.130000 0.173709 0.110769 0.170892 0.103077 0.172770
1 0.158462 0.294836 0.152308 0.308920 0.152308 0.315493 0.157692 0.335211 0.162308 0.341784 0.177692 0.351174 0.183077 0.357746 0.183077 0.361502 0.186923 0.369014 0.197692 0.381221 0.216923 0.390610 0.233846 0.390610 0.256923 0.374648 0.264615 0.364319 0.270769 0.339906 0.270000 0.306103 0.265385 0.293897 0.251538 0.278873 0.233077 0.269484 0.219231 0.268545 0.203077 0.275117 0.200769 0.282629 0.196154 0.283568 0.192308 0.287324 0.173077 0.289202
1 0.102308 0.431925 0.099231 0.442254 0.099231 0.452582 0.103846 0.464789 0.106923 0.467606 0.136154 0.477934 0.142308 0.483568 0.143077 0.487324 0.157692 0.498592 0.184615 0.501408 0.192308 0.498592 0.213077 0.484507 0.216923 0.478873 0.216154 0.475117 0.219231 0.473239 0.216923 0.462911 0.213077 0.458216 0.208462 0.443192 0.210769 0.429108 0.218462 0.418779 0.217692 0.412207 0.210000 0.398122 0.203077 0.391549 0.186154 0.382160 0.170769 0.381221 0.159231 0.384038 0.143077 0.396244 0.138462 0.404695 0.130000 0.414085 0.120769 0.420657 0.109231 0.423474
1 0.273846 0.527700 0.266923 0.514554 0.252308 0.497653 0.246154 0.493897 0.235385 0.490141 0.219231 0.490141 0.207692 0.493897 0.188462 0.507981 0.180769 0.523944 0.178462 0.536150 0.169231 0.546479 0.163846 0.548357 0.156923 0.554930 0.153846 0.564319 0.156154 0.571831 0.156923 0.586854 0.161538 0.593427 0.169231 0.596244 0.188462 0.597183 0.204615 0.608451 0.226923 0.612207 0.246923 0.608451 0.256923 0.600939 0.266154 0.588732 0.267692 0.563380 0.273846 0.546479
1 0.219231 0.167136 0.211538 0.174648 0.209231 0.180282 0.209231 0.200939 0.212308 0.208451 0.223077 0.220657 0.230000 0.241315 0.229231 0.248826 0.233846 0.259155 0.246923 0.273239 0.269231 0.279812 0.280769 0.279812 0.290769 0.276995 0.305385 0.268545 0.321538 0.248826 0.326923 0.225352 0.324615 0.196244 0.322308 0.188732 0.310000 0.172770 0.301538 0.167136 0.296923 0.161502 0.283077 0.153991 0.272308 0.153991 0.260000 0.157746 0.244615 0.166197 0.227692 0.164319
1 0.322308 0.266667 0.314615 0.269484 0.306154 0.275117 0.301538 0.280751 0.297692 0.281690 0.293077 0.290141 0.286923 0.295775 0.281538 0.297653 0.275385 0.306103 0.273077 0.328638 0.276154 0.341784 0.273077 0.357746 0.273077 0.369014 0.275385 0.373709 0.285385 0.381221 0.290769 0.380282 0.299231 0.374648 0.303077 0.380282 0.317692 0.390610 0.338462 0.391549 0.368462 0.372770 0.376154 0.360563 0.379231 0.351174 0.377692 0.338028 0.379231 0.316432 0.371538 0.293897 0.363077 0.282629 0.340000 0.268545
1 0.343077 0.172770 0.336154 0.180282 0.333846 0.186854 0.334615 0.213146 0.333077 0.230047 0.337692 0.248826 0.354615 0.272300 0.368462 0.281690 0.380769 0.283568 0.393846 0.282629 0.405385 0.276995 0.421538 0.261972 0.430000 0.247887 0.431538 0.226291 0.427692 0.197183 0.418462 0.180282 0.403846 0.167136 0.391538 0.161502 0.376154 0.161502 0.363846 0.168075 0.353077 0.169014
1 0.423846 0.269484 0.413846 0.274178 0.396923 0.292019 0.390769 0.310798 0.387692 0.313615 0.386923 0.320188 0.388462 0.327700 0.386154 0.342723 0.391538 0.350235 0.392308 0.361502 0.398462 0.371831 0.408462 0.381221 0.422308 0.389671 0.433077 0.392488 0.450769 0.389671 0.470769 0.374648 0.475385 0.369014 0.480000 0.358685 0.483846 0.345540 0.483846 0.311737 0.475385 0.292958 0.464615 0.281690 0.442308 0.269484
1 0.395385 0.377465 0.385385 0.375587 0.371538 0.376526 0.352308 0.384977 0.343846 0.394366 0.336154 0.408451 0.333846 0.422535 0.330000 0.431925 0.329231 0.447887 0.332308 0.460094 0.343846 0.482629 0.363846 0.499531 0.391538 0.500469 0.397692 0.498592 0.420769 0.482629 0.430000 0.463850 0.432308 0.449765 0.432308 0.416901 0.430000 0.408451 0.418462 0.391549
1 0.477692 0.377465 0.470769 0.379343 0.454615 0.390610 0.442308 0.407512 0.438462 0.415962 0.436154 0.429108 0.436923 0.449765 0.438462 0.459155 0.446154 0.476056 0.458462 0.491080 0.473846 0.499531 0.490769 0.500469 0.500769 0.497653 0.521538 0.482629 0.526923 0.471362 0.530769 0.468545 0.536154 0.436620 0.536154 0.428169 0.530769 0.407512 0.520000 0.393427 0.497692 0.379343
1 0.523077 0.266667 0.501538 0.280751 0.488462 0.305164 0.485385 0.319249 0.485385 0.338967 0.487692 0.353052 0.493077 0.364319 0.501538 0.375587 0.519231 0.389671 0.524615 0.391549 0.552308 0.389671 0.568462 0.379343 0.579231 0.366197 0.584615 0.355869 0.587692 0.342723 0.587692 0.318310 0.585385 0.306103 0.578462 0.291080 0.561538 0.274178 0.543846 0.266667
1 0.470000 0.160563 0.451538 0.173709 0.440000 0.189671 0.434615 0.207512 0.434615 0.227230 0.436923 0.241315 0.446923 0.261972 0.463077 0.276995 0.474615 0.281690 0.496154 0.280751 0.521538 0.262911 0.530000 0.247887 0.534615 0.232864 0.533077 0.201878 0.523846 0.179343 0.506923 0.165258 0.489231 0.158685
1 0.579231 0.154930 0.563846 0.163380 0.547692 0.179343 0.538462 0.205634 0.538462 0.231925 0.540769 0.240376 0.555385 0.264789 0.564615 0.273239 0.576154 0.277934 0.601538 0.276995 0.620000 0.265728 0.633077 0.249765 0.640000 0.225352 0.639231 0.203756 0.631538 0.181221 0.616923 0.163380 0.596154 0.154930
1 0.236923 0.618779 0.230769 0.615962 0.224615 0.617840 0.221538 0.615962 0.216154 0.616901 0.185385 0.600939 0.170769 0.600939 0.157692 0.604695 0.134615 0.626291 0.116154 0.661033 0.108462 0.671362 0.095385 0.681690 0.090769 0.691080 0.088462 0.701408 0.088462 0.707981 0.091538 0.718310 0.097692 0.725822 0.114615 0.728638 0.141538 0.721127 0.158462 0.722066 0.186923 0.718310 0.209231 0.707981 0.215385 0.701408 0.215385 0.692958 0.219231 0.676056 0.228462 0.661972 0.230769 0.654460 0.230769 0.641315 0.236923 0.624413
1 0.265385 0.375587 0.251538 0.382160 0.234615 0.400000 0.230000 0.411268 0.215385 0.424413 0.210000 0.441315 0.212308 0.455399 0.220000 0.465728 0.231538 0.470423 0.252308 0.492019 0.263077 0.497653 0.272308 0.499531 0.288462 0.498592 0.296923 0.494836 0.307692 0.485446 0.320769 0.467606 0.326154 0.445070 0.324615 0.418779 0.319231 0.403756 0.303846 0.385915 0.294615 0.382160 0.283846 0.383099 0.276154 0.376526
1 0.320000 0.485446 0.306923 0.490141 0.297692 0.497653 0.288462 0.512676 0.283077 0.517371 0.278462 0.533333 0.277692 0.544601 0.274615 0.547418 0.269231 0.562441 0.269231 0.579343 0.273846 0.588732 0.278462 0.592488 0.298462 0.599061 0.313846 0.608451 0.330769 0.612207 0.342308 0.611268 0.358462 0.600000 0.366923 0.590610 0.374615 0.576526 0.378462 0.556808 0.378462 0.534272 0.372308 0.516432 0.360000 0.500469 0.350000 0.492019 0.337692 0.485446
1 0.428462 0.485446 0.408462 0.494836 0.393846 0.508920 0.384615 0.532394 0.383077 0.549296 0.383846 0.557746 0.389231 0.569014 0.390769 0.580282 0.399231 0.592488 0.419231 0.607512 0.436923 0.609390 0.453846 0.604695 0.469231 0.592488 0.470000 0.588732 0.475385 0.583099 0.480769 0.573709 0.483846 0.563380 0.484615 0.534272 0.478462 0.516432 0.468462 0.502347 0.446923 0.486385
1 0.333077 0.621596 0.327692 0.615962 0.306923 0.608451 0.275385 0.593427 0.268462 0.595305 0.259231 0.601878 0.254615 0.607512 0.250000 0.609390 0.243846 0.619718 0.236923 0.636620 0.236154 0.646948 0.231538 0.662911 0.220000 0.677934 0.218462 0.686385 0.220000 0.706103 0.226923 0.714554 0.242308 0.717371 0.256154 0.713615 0.279231 0.722066 0.294615 0.720188 0.304615 0.714554 0.319231 0.703286 0.326154 0.691080 0.328462 0.677934 0.329231 0.650704 0.333846 0.627230
1 0.126923 0.626291 0.121538 0.621596 0.110769 0.617840 0.089231 0.604695 0.077692 0.604695 0.062308 0.611268 0.060000 0.615023 0.040000 0.630047 0.031538 0.640376 0.029231 0.646009 0.012308 0.664789 0.000000 0.672300 0.000000 0.723005 0.010769 0.723005 0.020769 0.717371 0.053077 0.716432 0.061538 0.719249 0.066154 0.725822 0.077692 0.725822 0.081538 0.719249 0.084615 0.719249 0.086923 0.716432 0.086154 0.699531 0.087692 0.691080 0.098462 0.676056 0.106923 0.670423 0.117692 0.654460 0.126154 0.637559 0.127692 0.631925
1 0.180000 0.512676 0.174615 0.507981 0.163846 0.505164 0.138462 0.491080 0.125385 0.491080 0.112308 0.494836 0.094615 0.507981 0.079231 0.524883 0.073077 0.538028 0.056154 0.554930 0.042308 0.572770 0.040000 0.579343 0.040769 0.584038 0.048462 0.595305 0.058462 0.600939 0.075385 0.601878 0.087692 0.600000 0.115385 0.616901 0.123077 0.618779 0.137692 0.616901 0.160000 0.600000 0.160000 0.594366 0.154615 0.584038 0.154615 0.571831 0.152308 0.569014 0.154615 0.557746 0.175385 0.537089
1 0.411538 0.608451 0.397692 0.600000 0.376923 0.597183 0.360769 0.602817 0.341538 0.618779 0.335385 0.630986 0.332308 0.642254 0.331538 0.676995 0.329231 0.680751 0.326923 0.695775 0.329231 0.709859 0.334615 0.717371 0.346923 0.723944 0.354615 0.723005 0.362308 0.718310 0.368462 0.717371 0.378462 0.721127 0.390000 0.721127 0.405385 0.714554 0.418462 0.701408 0.429231 0.676995 0.430000 0.644131 0.423077 0.623474
1 0.505385 0.601878 0.491538 0.599061 0.470769 0.600000 0.454615 0.610329 0.444615 0.621596 0.437692 0.633803 0.433846 0.657277 0.433846 0.666667 0.436923 0.682629 0.444615 0.697653 0.449231 0.713615 0.454615 0.720188 0.462308 0.724883 0.468462 0.725822 0.480769 0.722066 0.493077 0.722066 0.507692 0.715493 0.522308 0.700469 0.530769 0.681690 0.533846 0.661972 0.533846 0.651643 0.530769 0.634742 0.523077 0.618779
1 0.532308 0.486385 0.516923 0.492019 0.499231 0.510798 0.491538 0.525822 0.488462 0.538967 0.487692 0.556808 0.493077 0.577465 0.500000 0.588732 0.510769 0.600939 0.521538 0.608451 0.527692 0.610329 0.547692 0.610329 0.553846 0.608451 0.563077 0.601878 0.579231 0.584977 0.586154 0.568075 0.587692 0.558685 0.586923 0.530516 0.580769 0.512676 0.570769 0.499531 0.551538 0.487324
1 0.583846 0.377465 0.567692 0.384038 0.548462 0.402817 0.540769 0.423474 0.541538 0.451643 0.547692 0.474178 0.558462 0.487324 0.578462 0.499531 0.599231 0.499531 0.623846 0.484507 0.626154 0.478873 0.635385 0.467606 0.640000 0.453521 0.640769 0.433803 0.639231 0.422535 0.633846 0.408451 0.622308 0.392488 0.606923 0.381221 0.593846 0.377465
1 0.625385 0.266667 0.610769 0.276056 0.602308 0.285446 0.595385 0.297653 0.590769 0.321127 0.590769 0.339906 0.593077 0.350235 0.606154 0.371831 0.611538 0.378404 0.621538 0.384977 0.636923 0.388732 0.656154 0.386854 0.676154 0.373709 0.685385 0.358685 0.691538 0.338967 0.691538 0.313615 0.687692 0.299531 0.683077 0.290141 0.670769 0.274178 0.660000 0.267606 0.650769 0.264789
1 0.682308 0.155869 0.666154 0.165258 0.654615 0.180282 0.648462 0.196244 0.645385 0.211268 0.647692 0.237559 0.656923 0.258216 0.672308 0.272300 0.686923 0.278873 0.708462 0.277934 0.718462 0.273239 0.730000 0.263850 0.740769 0.247887 0.746154 0.231925 0.746923 0.224413 0.745385 0.196244 0.733846 0.173709 0.716923 0.159624 0.699231 0.153991
1 0.681538 0.375587 0.657692 0.391549 0.649231 0.405634 0.644615 0.424413 0.645385 0.450704 0.649231 0.464789 0.655385 0.476056 0.670000 0.489202 0.680000 0.494836 0.692308 0.498592 0.710769 0.496714 0.727692 0.485446 0.736154 0.475117 0.740769 0.464789 0.743846 0.451643 0.744615 0.422535 0.733846 0.396244 0.717692 0.381221 0.706923 0.375587
1 0.630769 0.484507 0.609231 0.498592 0.595385 0.515493 0.590769 0.532394 0.593846 0.567136 0.601538 0.584038 0.609231 0.594366 0.618462 0.601878 0.636154 0.611268 0.647692 0.612207 0.661538 0.609390 0.671538 0.602817 0.678462 0.595305 0.688462 0.577465 0.692308 0.561502 0.690769 0.530516 0.686154 0.516432 0.668462 0.492958 0.651538 0.484507
1 0.586923 0.591549 0.570769 0.600000 0.549231 0.618779 0.543846 0.637559 0.543077 0.659155 0.547692 0.678873 0.553846 0.690141 0.579231 0.718310 0.589231 0.723005 0.594615 0.723005 0.606923 0.717371 0.613077 0.707042 0.623077 0.699531 0.631538 0.687324 0.639231 0.663850 0.640000 0.640376 0.634615 0.621596 0.628462 0.613146 0.603077 0.594366 0.596923 0.591549 0.592308 0.593427
1 0.681538 0.599061 0.672308 0.604695 0.659231 0.616901 0.649231 0.633803 0.646923 0.647887 0.646923 0.661972 0.650000 0.679812 0.660769 0.699531 0.680769 0.718310 0.690000 0.721127 0.700000 0.721127 0.708462 0.725822 0.714615 0.726761 0.725385 0.724883 0.732308 0.720188 0.737692 0.712676 0.741538 0.689202 0.747692 0.678873 0.749231 0.655399 0.746154 0.635681 0.742308 0.626291 0.733077 0.613146 0.716154 0.600939 0.702308 0.597183
1 0.738462 0.484507 0.720000 0.493897 0.716923 0.497653 0.710769 0.500469 0.703846 0.508920 0.696923 0.524883 0.696923 0.556808 0.703846 0.579343 0.714615 0.593427 0.730000 0.603756 0.737692 0.606573 0.756923 0.605634 0.779231 0.594366 0.786923 0.587793 0.793846 0.572770 0.794615 0.564319 0.796923 0.561502 0.796923 0.533333 0.793077 0.519249 0.776154 0.493897 0.758462 0.485446
1 0.734615 0.267606 0.720769 0.274178 0.716923 0.278873 0.712308 0.280751 0.703846 0.291080 0.695385 0.316432 0.695385 0.339906 0.702308 0.361502 0.706923 0.369014 0.723846 0.382160 0.738462 0.386854 0.753846 0.386854 0.764615 0.384038 0.780000 0.374648 0.787692 0.365258 0.794615 0.349296 0.795385 0.309859 0.787692 0.290141 0.773077 0.274178 0.746923 0.266667
1 0.040000 0.056338 0.036154 0.068545 0.036154 0.077934 0.039231 0.089202 0.062308 0.111737 0.076923 0.136150 0.083846 0.153991 0.093846 0.166197 0.100000 0.169014 0.116923 0.168075 0.135385 0.170892 0.147692 0.165258 0.163846 0.152113 0.170769 0.131455 0.172308 0.122066 0.171538 0.110798 0.159231 0.094836 0.155385 0.076995 0.150769 0.063850 0.139231 0.055399 0.128462 0.052582 0.110769 0.052582 0.098462 0.057277 0.078462 0.055399 0.063077 0.047887 0.049231 0.048826
1 0.157692 0.056338 0.156154 0.061972 0.156154 0.076995 0.160000 0.092019 0.176923 0.111737 0.176923 0.130516 0.179231 0.138967 0.187692 0.154930 0.199231 0.166197 0.209231 0.170892 0.226923 0.162441 0.238462 0.163380 0.248462 0.161502 0.253077 0.157746 0.265385 0.153991 0.273077 0.146479 0.279231 0.127700 0.276923 0.103286 0.264615 0.076056 0.253077 0.062911 0.241538 0.055399 0.230000 0.052582 0.213846 0.054460 0.204615 0.059155 0.198462 0.057277 0.185385 0.047887 0.168462 0.047887
1 0.283077 0.060094 0.279231 0.071362 0.279231 0.088263 0.283846 0.105164 0.282308 0.111737 0.287692 0.138967 0.296923 0.157746 0.310000 0.169953 0.323077 0.177465 0.328462 0.178404 0.346154 0.169014 0.359231 0.165258 0.370769 0.156808 0.379231 0.136150 0.380000 0.110798 0.374615 0.083568 0.366154 0.071362 0.343077 0.056338 0.328462 0.056338 0.324615 0.059155 0.318462 0.059155 0.311538 0.054460 0.297692 0.051643 0.290000 0.054460
1 0.408462 0.042254 0.399231 0.047887 0.391538 0.061972 0.389231 0.098592 0.383846 0.113615 0.385385 0.132394 0.393077 0.149296 0.406154 0.163380 0.420769 0.170892 0.444615 0.170892 0.460000 0.161502 0.468462 0.153052 0.475385 0.141784 0.481538 0.114554 0.481538 0.099531 0.479231 0.087324 0.475385 0.076995 0.469231 0.068545 0.453077 0.053521 0.442308 0.047887 0.431538 0.049765 0.420769 0.043192
1 0.525385 0.046948 0.509231 0.061972 0.503846 0.064789 0.493077 0.080751 0.486154 0.102347 0.486923 0.125822 0.493077 0.143662 0.502308 0.156808 0.510000 0.163380 0.524615 0.171831 0.546923 0.171831 0.568462 0.157746 0.577692 0.147418 0.586154 0.125822 0.586154 0.097653 0.580769 0.087324 0.576154 0.071362 0.569231 0.062911 0.561538 0.058216 0.557692 0.058216 0.540769 0.046948
1 0.670769 0.037559 0.663077 0.034742 0.649231 0.035681 0.618462 0.047887 0.603846 0.061033 0.594615 0.076995 0.590769 0.102347 0.593077 0.124883 0.601538 0.141784 0.610769 0.153991 0.619231 0.160563 0.638462 0.166197 0.650000 0.166197 0.662308 0.163380 0.677692 0.152113 0.687692 0.139906 0.693846 0.125822 0.696923 0.113615 0.695385 0.079812 0.683846 0.061972 0.678462 0.045070
1 0.796154 0.046948 0.781538 0.044131 0.766923 0.048826 0.753077 0.049765 0.750769 0.046009 0.743846 0.044131 0.735385 0.046009 0.719231 0.055399 0.716923 0.061033 0.711538 0.065728 0.705385 0.076995 0.701538 0.089202 0.700769 0.120188 0.706154 0.138028 0.720769 0.157746 0.735385 0.168075 0.753846 0.169953 0.770769 0.165258 0.782308 0.156808 0.789231 0.148357 0.797692 0.129577 0.798462 0.095775 0.803077 0.084507 0.805385 0.069484 0.803846 0.056338
1 0.920769 0.047887 0.911538 0.044131 0.900000 0.044131 0.895385 0.046948 0.880000 0.049765 0.865385 0.041315 0.845385 0.043192 0.830000 0.050704 0.812308 0.071362 0.806154 0.086385 0.803077 0.111737 0.803077 0.121127 0.806154 0.137089 0.816154 0.151174 0.823077 0.156808 0.843846 0.167136 0.862308 0.169953 0.881538 0.162441 0.893846 0.151174 0.904615 0.135211 0.909231 0.110798 0.913846 0.096714 0.920769 0.092019 0.928462 0.076056 0.928462 0.061972 0.926154 0.054460
1 0.946154 0.046009 0.938462 0.049765 0.930769 0.057277 0.931538 0.066667 0.930000 0.076056 0.921538 0.092958 0.913846 0.103286 0.910769 0.118310 0.911538 0.131455 0.914615 0.140845 0.923846 0.152113 0.935385 0.157746 0.939231 0.162441 0.953077 0.167136 0.969231 0.167136 0.976923 0.163380 0.990000 0.150235 0.992308 0.139906 0.996923 0.133333 1.000000 0.132394 1.000000 0.051643 0.986154 0.051643 0.969231 0.045070
1 0.859231 0.177465 0.850769 0.172770 0.837692 0.169953 0.813846 0.155869 0.797692 0.155869 0.782308 0.162441 0.770000 0.172770 0.758462 0.188732 0.753077 0.213146 0.753846 0.232864 0.758462 0.249765 0.770769 0.265728 0.790000 0.278873 0.808462 0.280751 0.826923 0.274178 0.843077 0.256338 0.853077 0.228169 0.858462 0.222535 0.865385 0.210329 0.866154 0.189671
1 0.976154 0.174648 0.969231 0.171831 0.942308 0.171831 0.926923 0.159624 0.915385 0.154930 0.901538 0.154930 0.891538 0.158685 0.868462 0.178404 0.868462 0.200939 0.864615 0.215962 0.857692 0.227230 0.856154 0.235681 0.856923 0.249765 0.863077 0.260094 0.900000 0.277934 0.913846 0.276995 0.938462 0.263850 0.946923 0.255399 0.956154 0.235681 0.973077 0.223474 0.982308 0.212207 0.984615 0.205634 0.984615 0.189671 0.982308 0.181221
1 0.845385 0.265728 0.815385 0.284507 0.810000 0.292019 0.804615 0.295775 0.801538 0.305164 0.803077 0.343662 0.805385 0.349296 0.810000 0.353052 0.812308 0.360563 0.818462 0.369953 0.835385 0.385915 0.846154 0.390610 0.867692 0.390610 0.883077 0.383099 0.893846 0.374648 0.905385 0.357746 0.920769 0.350235 0.930000 0.335211 0.931538 0.318310 0.926923 0.307042 0.920769 0.298592 0.903077 0.294836 0.899231 0.286385 0.886154 0.274178 0.868462 0.265728
1 0.789231 0.374648 0.783077 0.376526 0.766154 0.387793 0.755385 0.400000 0.750000 0.419718 0.748462 0.436620 0.749231 0.458216 0.752308 0.462911 0.751538 0.467606 0.758462 0.476056 0.783077 0.494836 0.797692 0.498592 0.816154 0.496714 0.834615 0.484507 0.851538 0.463850 0.855385 0.452582 0.855385 0.438498 0.843846 0.402817 0.826923 0.383099 0.809231 0.374648
1 0.853077 0.409390 0.852308 0.416901 0.857692 0.440376 0.859231 0.466667 0.867692 0.478873 0.897692 0.498592 0.905385 0.499531 0.924615 0.495775 0.941538 0.483568 0.946923 0.476995 0.969231 0.476995 0.974615 0.475117 0.980769 0.468545 0.985385 0.459155 0.985385 0.441315 0.980000 0.430986 0.967692 0.422535 0.959231 0.419718 0.954615 0.410329 0.953846 0.404695 0.944615 0.392488 0.923077 0.378404 0.911538 0.375587 0.899231 0.375587 0.861538 0.398122
1 0.813077 0.507981 0.810000 0.520188 0.803846 0.532394 0.804615 0.561502 0.812308 0.581221 0.821538 0.592488 0.831538 0.600939 0.843846 0.606573 0.865385 0.606573 0.873846 0.603756 0.885385 0.594366 0.904615 0.592488 0.911538 0.588732 0.915385 0.583099 0.917692 0.573709 0.916154 0.557746 0.905385 0.539906 0.903077 0.523944 0.897692 0.511737 0.888462 0.499531 0.881538 0.493897 0.866923 0.485446 0.843846 0.483568 0.830000 0.491080 0.818462 0.500469
1 0.859231 0.622535 0.855385 0.634742 0.855385 0.641315 0.860000 0.664789 0.876154 0.696714 0.891538 0.710798 0.906154 0.716432 0.917692 0.716432 0.927692 0.711737 0.943077 0.711737 0.950769 0.713615 0.956154 0.717371 0.973846 0.718310 0.981538 0.713615 0.986154 0.707042 0.988462 0.692958 0.982308 0.675117 0.970000 0.661972 0.963077 0.646009 0.960000 0.630986 0.952308 0.615962 0.936154 0.599061 0.919231 0.590610 0.905385 0.594366 0.891538 0.595305 0.869231 0.609390
1 0.765385 0.607512 0.757692 0.617840 0.753077 0.631925 0.751538 0.659155 0.754615 0.678873 0.760769 0.682629 0.767692 0.692019 0.767692 0.705164 0.783846 0.715493 0.792308 0.718310 0.807692 0.718310 0.813077 0.715493 0.818462 0.715493 0.830769 0.720188 0.842308 0.720188 0.850769 0.715493 0.856923 0.706103 0.859231 0.690141 0.851538 0.668545 0.850000 0.657277 0.850769 0.642254 0.843077 0.617840 0.826923 0.600939 0.807692 0.591549 0.790000 0.591549
1 0.804615 0.727700 0.804615 0.740845 0.803077 0.743662 0.804615 0.773709 0.806923 0.783099 0.822308 0.807512 0.833846 0.816901 0.842308 0.815962 0.845385 0.812207 0.851538 0.819718 0.903846 0.851643 0.920000 0.851643 0.925385 0.844131 0.930000 0.841315 0.932308 0.830986 0.932308 0.820657 0.930769 0.814085 0.923846 0.804695 0.916923 0.787793 0.915385 0.780282 0.916923 0.776526 0.916923 0.765258 0.913846 0.747418 0.906154 0.731455 0.896923 0.720188 0.871538 0.702347 0.861538 0.700469 0.857692 0.708920 0.847692 0.719249 0.840769 0.722066 0.813077 0.720188
1 0.707692 0.735211 0.703077 0.742723 0.700000 0.769014 0.703846 0.792488 0.710000 0.802817 0.719231 0.813146 0.734615 0.822535 0.747692 0.826291 0.761538 0.841315 0.766154 0.843192 0.779231 0.843192 0.785385 0.839437 0.790000 0.833803 0.793077 0.824413 0.791538 0.801878 0.792308 0.795305 0.796154 0.788732 0.798462 0.773709 0.797692 0.749296 0.794615 0.738967 0.787692 0.727700 0.776154 0.717371 0.761538 0.712676 0.755385 0.716432 0.743077 0.715493 0.735385 0.718310 0.731538 0.723005
1 0.625385 0.709859 0.610000 0.722066 0.601538 0.732394 0.597692 0.741784 0.593846 0.757746 0.593846 0.781221 0.596154 0.791549 0.603077 0.805634 0.607692 0.808451 0.617692 0.809390 0.624615 0.817840 0.641538 0.849765 0.653077 0.853521 0.666923 0.850704 0.674615 0.842254 0.678462 0.830986 0.680769 0.815023 0.687692 0.808451 0.696154 0.789671 0.697692 0.769014 0.693846 0.746479 0.684615 0.727700 0.676923 0.719249 0.664615 0.710798 0.650000 0.707981
1 0.553077 0.701408 0.531538 0.700469 0.524615 0.702347 0.511538 0.715493 0.500000 0.722066 0.491538 0.734272 0.489231 0.744601 0.489231 0.773709 0.493846 0.787793 0.497692 0.793427 0.500769 0.793427 0.503077 0.796244 0.513846 0.829108 0.518462 0.834742 0.529231 0.839437 0.534615 0.839437 0.543077 0.835681 0.557692 0.814085 0.567692 0.810329 0.579231 0.796244 0.586923 0.779343 0.589231 0.759624 0.585385 0.737089 0.578462 0.722066 0.560769 0.704225
1 0.436154 0.693897 0.431538 0.693897 0.423846 0.698592 0.417692 0.707042 0.400000 0.722066 0.393077 0.730516 0.388462 0.742723 0.386154 0.774648 0.387692 0.786854 0.393077 0.794366 0.393077 0.815023 0.396923 0.825352 0.408462 0.833803 0.419231 0.833803 0.428462 0.830047 0.433077 0.824413 0.451538 0.819718 0.466154 0.809390 0.476154 0.795305 0.483846 0.771831 0.483846 0.747418 0.479231 0.728638 0.476154 0.726761 0.464615 0.727700 0.455385 0.722066 0.448462 0.714554 0.444615 0.704225 0.440000 0.701408
1 0.375385 0.726761 0.362308 0.721127 0.346154 0.725822 0.332308 0.716432 0.326923 0.707042 0.323077 0.705164 0.313077 0.709859 0.300000 0.720188 0.289231 0.734272 0.283846 0.751174 0.283846 0.786854 0.274615 0.812207 0.274615 0.826291 0.283846 0.842254 0.289231 0.844131 0.302308 0.844131 0.320769 0.829108 0.334615 0.830047 0.348462 0.825352 0.366154 0.810329 0.375385 0.796244 0.380769 0.781221 0.383077 0.768075 0.382308 0.742723
1 0.280000 0.730516 0.273846 0.723944 0.258462 0.716432 0.250769 0.715493 0.248462 0.717371 0.233846 0.718310 0.217692 0.708920 0.200769 0.719249 0.189231 0.734272 0.185385 0.744601 0.179231 0.780282 0.173846 0.785915 0.170000 0.794366 0.163846 0.799061 0.160000 0.806573 0.158462 0.823474 0.163846 0.837559 0.170769 0.843192 0.186923 0.844131 0.193077 0.842254 0.197692 0.836620 0.213077 0.830986 0.241538 0.830986 0.252308 0.829108 0.265385 0.818779 0.272308 0.809390 0.279231 0.788732 0.281538 0.751174 0.283077 0.748357 0.283077 0.738028
1 0.176923 0.731455 0.166923 0.724883 0.153077 0.723944 0.133077 0.724883 0.116923 0.730516 0.098462 0.729577 0.094615 0.731455 0.087692 0.743662 0.077692 0.772770 0.056154 0.796244 0.050000 0.805634 0.047692 0.813146 0.049231 0.830047 0.056154 0.839437 0.063077 0.843192 0.070000 0.844131 0.083846 0.840376 0.096154 0.830986 0.110769 0.827230 0.144615 0.828169 0.147692 0.823474 0.149231 0.815023 0.163846 0.798122 0.177692 0.775587 0.181538 0.739906
