2 0.017115 0.685714 0.014670 0.732143 0.007335 0.742857 0.004890 0.800000 0.012225 0.825000 0.105134 0.839286 0.188264 0.835714 0.188264 0.703571 0.149144 0.642857 0.112469 0.625000 0.073350 0.628571 0.036675 0.653571
2 0.594132 0.085714 0.577017 0.142857 0.579462 0.189286 0.594132 0.217857 0.611247 0.228571 0.635697 0.217857 0.694377 0.225000 0.718826 0.217857 0.728606 0.185714 0.728606 0.146429 0.718826 0.089286 0.701711 0.064286 0.672372 0.053571 0.630807 0.053571 0.611247 0.064286
2 0.244499 0.432143 0.227384 0.460714 0.212714 0.521429 0.212714 0.564286 0.224939 0.635714 0.266504 0.614286 0.320293 0.617857 0.347188 0.639286 0.386308 0.707143 0.396088 0.685714 0.388753 0.571429 0.391198 0.510714 0.376528 0.467857 0.347188 0.425000 0.312958 0.410714 0.273839 0.414286
2 0.095355 0.253571 0.073350 0.296429 0.063570 0.350000 0.073350 0.425000 0.083130 0.428571 0.107579 0.417857 0.149144 0.421429 0.171149 0.435714 0.205379 0.489286 0.215159 0.485714 0.220049 0.457143 0.234719 0.439286 0.229829 0.303571 0.200489 0.250000 0.178484 0.235714 0.134474 0.232143
2 0.117359 0.089286 0.102689 0.117857 0.090465 0.175000 0.097800 0.242857 0.154034 0.225000 0.171149 0.228571 0.200489 0.250000 0.227384 0.296429 0.234719 0.296429 0.254279 0.250000 0.249389 0.142857 0.227384 0.089286 0.212714 0.071429 0.185819 0.060714 0.149144 0.064286
2 0.281174 0.078571 0.266504 0.103571 0.256724 0.146429 0.264059 0.239286 0.317848 0.217857 0.347188 0.221429 0.371638 0.239286 0.393643 0.282143 0.405868 0.282143 0.413203 0.150000 0.391198 0.082143 0.356968 0.057143 0.317848 0.057143
2 0.440098 0.096429 0.418093 0.160714 0.420538 0.267857 0.425428 0.271429 0.454768 0.242857 0.506112 0.235714 0.537897 0.250000 0.562347 0.282143 0.569682 0.167857 0.550122 0.092857 0.520782 0.071429 0.474328 0.071429
2 0.432763 0.442857 0.415648 0.467857 0.396088 0.539286 0.403423 0.664286 0.410758 0.664286 0.418093 0.650000 0.442543 0.632143 0.491443 0.625000 0.540342 0.646429 0.547677 0.671429 0.564792 0.692857 0.569682 0.675000 0.569682 0.514286 0.545232 0.453571 0.528117 0.435714 0.501222 0.425000 0.454768 0.428571
2 0.704156 0.414286 0.657702 0.403571 0.623472 0.414286 0.601467 0.435714 0.574572 0.503571 0.579462 0.682143 0.621027 0.621429 0.657702 0.607143 0.694377 0.610714 0.721271 0.625000 0.740831 0.646429 0.753056 0.539286 0.750611 0.496429 0.733496 0.446429
2 0.907090 0.435714 0.865526 0.407143 0.826406 0.407143 0.797066 0.421429 0.765281 0.467857 0.755501 0.507143 0.757946 0.567857 0.750611 0.610714 0.750611 0.660714 0.755501 0.671429 0.772616 0.675000 0.809291 0.625000 0.848411 0.607143 0.921760 0.625000 0.933985 0.564286 0.933985 0.517857 0.921760 0.464286
2 0.885086 0.246429 0.845966 0.225000 0.804401 0.225000 0.779951 0.239286 0.753056 0.282143 0.743276 0.328571 0.745721 0.367857 0.740831 0.400000 0.740831 0.442857 0.750611 0.485714 0.794621 0.421429 0.816626 0.407143 0.855746 0.403571 0.902200 0.421429 0.914425 0.339286 0.902200 0.275000
2 0.721271 0.250000 0.677262 0.221429 0.638142 0.221429 0.606357 0.239286 0.594132 0.257143 0.574572 0.314286 0.579462 0.371429 0.577017 0.475000 0.584352 0.475000 0.591687 0.450000 0.611247 0.421429 0.640587 0.403571 0.687042 0.403571 0.726161 0.428571 0.733496 0.425000 0.740831 0.321429
2 0.437653 0.257143 0.422983 0.278571 0.408313 0.325000 0.405868 0.371429 0.413203 0.410714 0.413203 0.460714 0.435208 0.435714 0.454768 0.425000 0.503667 0.421429 0.537897 0.439286 0.562347 0.478571 0.572127 0.346429 0.564792 0.307143 0.547677 0.267857 0.533007 0.250000 0.503667 0.239286 0.462103 0.242857
2 0.261614 0.250000 0.251834 0.264286 0.234719 0.328571 0.244499 0.421429 0.283619 0.407143 0.327628 0.410714 0.354523 0.428571 0.393643 0.489286 0.393643 0.478571 0.405868 0.467857 0.400978 0.414286 0.403423 0.307143 0.376528 0.250000 0.364303 0.235714 0.337408 0.225000 0.290954 0.228571
2 0.212714 0.664286 0.193154 0.742857 0.195599 0.800000 0.207824 0.839286 0.381418 0.839286 0.383863 0.714286 0.374083 0.685714 0.342298 0.635714 0.308068 0.617857 0.266504 0.617857 0.237164 0.632143
2 0.405868 0.678571 0.391198 0.717857 0.386308 0.760714 0.391198 0.832143 0.398533 0.842857 0.518337 0.846429 0.567237 0.835714 0.572127 0.803571 0.569682 0.728571 0.559902 0.696429 0.528117 0.646429 0.498778 0.632143 0.454768 0.632143 0.425428 0.650000
2 0.579462 0.692857 0.574572 0.717857 0.579462 0.835714 0.689487 0.839286 0.738386 0.832143 0.755501 0.821429 0.765281 0.757143 0.762836 0.717857 0.740831 0.653571 0.721271 0.628571 0.687042 0.610714 0.635697 0.614286 0.611247 0.632143
2 0.767726 0.700000 0.770171 0.782143 0.799511 0.825000 0.885086 0.821429 0.953545 0.785714 0.953545 0.728571 0.946210 0.685714 0.921760 0.639286 0.899756 0.621429 0.877751 0.614286 0.819071 0.621429 0.782396 0.664286
2 0.202934 0.492857 0.171149 0.439286 0.146699 0.425000 0.112469 0.421429 0.073350 0.439286 0.048900 0.471429 0.034230 0.539286 0.034230 0.578571 0.048900 0.632143 0.083130 0.621429 0.151589 0.632143 0.171149 0.621429 0.202934 0.575000 0.207824 0.514286
2 0.753056 0.096429 0.740831 0.157143 0.743276 0.192857 0.750611 0.210714 0.777506 0.232143 0.811736 0.217857 0.850856 0.221429 0.877751 0.235714 0.885086 0.228571 0.889976 0.214286 0.889976 0.139286 0.872861 0.085714 0.843521 0.064286 0.804401 0.057143 0.767726 0.075000
