4 0.406069 0.146154 0.447977 0.148718 0.497110 0.161538 0.507225 0.141026 0.507225 0.130769 0.498555 0.087179 0.492775 0.076923 0.439306 0.069231 0.421965 0.082051 0.407514 0.130769
4 0.381503 0.153846 0.374277 0.166667 0.369942 0.223077 0.365607 0.238462 0.338150 0.292308 0.326590 0.338462 0.329480 0.451282 0.335260 0.505128 0.341040 0.646154 0.356936 0.866667 0.361272 1.000000 0.481214 1.000000 0.475434 0.653846 0.471098 0.574359 0.469653 0.384615 0.478324 0.330769 0.497110 0.282051 0.505780 0.248718 0.500000 0.179487 0.495665 0.166667 0.450867 0.151282
4 0.530347 0.169231 0.520231 0.184615 0.520231 0.205128 0.510116 0.235897 0.505780 0.269231 0.478324 0.343590 0.472543 0.407692 0.475434 0.458974 0.475434 0.638462 0.478324 0.646154 0.478324 0.738462 0.484104 0.774359 0.488439 1.000000 0.647399 1.000000 0.650289 0.956410 0.656069 0.474359 0.658960 0.433333 0.671965 0.361538 0.693642 0.297436 0.693642 0.279487 0.686416 0.253846 0.686416 0.205128 0.671965 0.179487 0.618497 0.164103
4 0.728324 0.187179 0.721098 0.194872 0.716763 0.241026 0.676301 0.361538 0.661850 0.443590 0.656069 0.671795 0.654624 0.997436 0.891618 1.000000 0.916185 0.715385 0.917630 0.661538 0.926301 0.607692 0.929191 0.502564 0.937861 0.461538 0.946532 0.358974 0.926301 0.282051 0.924855 0.220513 0.916185 0.205128 0.869942 0.187179 0.816474 0.182051 0.748555 0.182051
4 0.385838 0.069231 0.349711 0.066667 0.338150 0.074359 0.307803 0.153846 0.302023 0.182051 0.310694 0.294872 0.313584 0.387179 0.320809 0.464103 0.325145 0.584615 0.329480 0.592308 0.336705 0.589744 0.336705 0.556410 0.328035 0.456410 0.326590 0.369231 0.323699 0.351282 0.328035 0.323077 0.343931 0.274359 0.365607 0.235897 0.369942 0.179487 0.374277 0.161538 0.381503 0.151282 0.404624 0.138462 0.404624 0.120513 0.397399 0.079487
4 0.267341 0.066667 0.261561 0.076923 0.232659 0.158974 0.234104 0.241026 0.239884 0.279487 0.241329 0.325641 0.251445 0.425641 0.258671 0.553846 0.265896 0.564103 0.315029 0.589744 0.322254 0.584615 0.322254 0.533333 0.302023 0.174359 0.319364 0.123077 0.322254 0.105128 0.313584 0.071795 0.296243 0.061538
4 0.190751 0.058974 0.164740 0.112821 0.156069 0.148718 0.156069 0.225641 0.161850 0.253846 0.183526 0.515385 0.190751 0.530769 0.200867 0.533333 0.205202 0.541026 0.225434 0.551282 0.236994 0.551282 0.251445 0.543590 0.255780 0.530769 0.250000 0.423077 0.241329 0.348718 0.238439 0.279487 0.229769 0.189744 0.231214 0.158974 0.241329 0.133333 0.244220 0.112821 0.231214 0.087179 0.225434 0.064103
4 0.125723 0.061538 0.118497 0.066667 0.098266 0.100000 0.086705 0.148718 0.088150 0.194872 0.109827 0.374359 0.118497 0.482051 0.127168 0.500000 0.156069 0.517949 0.169075 0.517949 0.180636 0.507692 0.180636 0.482051 0.153179 0.179487 0.153179 0.158974 0.164740 0.110256 0.164740 0.097436 0.158960 0.071795 0.144509 0.058974
4 0.062139 0.053846 0.031792 0.102564 0.026012 0.143590 0.031792 0.217949 0.046243 0.315385 0.062139 0.469231 0.079480 0.484615 0.105491 0.489744 0.115607 0.482051 0.117052 0.464103 0.085260 0.174359 0.085260 0.146154 0.092486 0.123077 0.095376 0.094872 0.088150 0.064103
4 0.780347 0.048718 0.773121 0.084615 0.758671 0.128205 0.754335 0.164103 0.757225 0.176923 0.869942 0.179487 0.877168 0.117949 0.864162 0.046154 0.845376 0.038462 0.806358 0.035897
4 0.913295 0.038462 0.897399 0.046154 0.890173 0.089744 0.874277 0.146154 0.872832 0.179487 0.874277 0.184615 0.901734 0.192308 0.919075 0.205128 0.927746 0.223077 0.930636 0.289744 0.947977 0.361538 0.945087 0.433333 0.930636 0.525641 0.929191 0.594872 0.932081 0.605128 0.945087 0.607692 0.952312 0.543590 0.952312 0.512821 0.959538 0.489744 0.960983 0.466667 0.966763 0.456410 0.975434 0.420513 0.984104 0.358974 0.985549 0.302564 1.000000 0.156410 0.997110 0.051282 0.989884 0.043590 0.971098 0.038462
4 0.501445 0.184615 0.504335 0.202564 0.513006 0.210256 0.518786 0.202564 0.520231 0.182051 0.528902 0.169231 0.624277 0.161538 0.624277 0.151282 0.611272 0.125641 0.608382 0.087179 0.602601 0.079487 0.576590 0.071795 0.533237 0.074359 0.523121 0.084615 0.520231 0.107692 0.501445 0.161538
4 0.739884 0.043590 0.723988 0.038462 0.686416 0.038462 0.673410 0.043590 0.663295 0.089744 0.647399 0.130769 0.645954 0.164103 0.648844 0.169231 0.667630 0.174359 0.684971 0.194872 0.687861 0.205128 0.687861 0.246154 0.699422 0.271795 0.713873 0.246154 0.719653 0.192308 0.729769 0.182051 0.748555 0.176923 0.754335 0.158974 0.757225 0.107692 0.748555 0.082051 0.745665 0.051282
