5 0.286096 0.277910 0.272727 0.285036 0.267380 0.306413 0.271390 0.498812 0.271390 0.776722 0.274064 0.788599 0.284759 0.800475 0.287433 0.876485 0.308824 0.878860 0.318182 0.876485 0.322193 0.869359 0.324866 0.793349 0.335561 0.774347 0.335561 0.581948 0.328877 0.304038 0.324866 0.289786 0.314171 0.280285
5 0.371658 0.289786 0.344920 0.292162 0.338235 0.296912 0.332888 0.308789 0.336898 0.553444 0.336898 0.776722 0.340909 0.800475 0.342246 0.855107 0.348930 0.859857 0.389037 0.855107 0.395722 0.850356 0.398396 0.840855 0.386364 0.313539 0.382353 0.296912
5 0.406417 0.251781 0.395722 0.256532 0.387701 0.268409 0.386364 0.289786 0.398396 0.760095 0.401070 0.788599 0.411765 0.805226 0.414439 0.878860 0.417112 0.883610 0.445187 0.881235 0.449198 0.874109 0.447861 0.795724 0.457219 0.779097 0.451872 0.581948 0.439840 0.349169 0.439840 0.289786 0.435829 0.256532 0.429144 0.251781
5 0.459893 0.197150 0.445187 0.204276 0.438503 0.218527 0.453209 0.532067 0.459893 0.781473 0.473262 0.800475 0.477273 0.874109 0.479947 0.878860 0.502674 0.878860 0.513369 0.869359 0.512032 0.793349 0.520053 0.779097 0.522727 0.755344 0.509358 0.562945 0.508021 0.482185 0.500000 0.344418 0.489305 0.211401 0.481283 0.199525
5 0.733957 0.133017 0.711230 0.142518 0.700535 0.156770 0.699198 0.209026 0.716578 0.456057 0.720588 0.553444 0.732620 0.674584 0.735294 0.750594 0.740642 0.769596 0.758021 0.786223 0.766043 0.859857 0.770053 0.864608 0.798128 0.862233 0.803476 0.855107 0.800802 0.781473 0.819519 0.752969 0.804813 0.584323 0.778075 0.213777 0.767380 0.142518 0.760695 0.133017
5 0.790107 0.182898 0.779412 0.199525 0.779412 0.223278 0.791444 0.351544 0.814171 0.681710 0.824866 0.781473 0.832888 0.790974 0.846257 0.790974 0.854278 0.802850 0.872995 0.802850 0.881016 0.788599 0.890374 0.786223 0.901070 0.812352 0.922460 0.833729 0.947861 0.847981 0.965241 0.847981 0.970588 0.836105 0.970588 0.809976 0.965241 0.795724 0.937166 0.767221 0.903743 0.760095 0.898396 0.745843 0.897059 0.681710 0.842246 0.187648 0.838235 0.178147 0.823529 0.171021 0.806150 0.173397
5 0.856952 0.159145 0.847594 0.173397 0.847594 0.209026 0.899733 0.688836 0.898396 0.729216 0.903743 0.764846 0.946524 0.764846 0.969251 0.752969 0.967914 0.793349 0.971925 0.817102 0.982620 0.847981 0.993316 0.866983 1.000000 0.871734 1.000000 0.741093 0.989305 0.736342 0.981283 0.695962 0.970588 0.579572 0.957219 0.494062 0.953209 0.444181 0.929144 0.294537 0.922460 0.213777 0.914439 0.159145 0.906417 0.149644 0.879679 0.149644
5 0.189840 0.344418 0.164439 0.346793 0.159091 0.356295 0.155080 0.859857 0.165775 0.864608 0.199198 0.859857 0.205882 0.852732 0.207219 0.814727 0.203209 0.798100 0.203209 0.634204 0.208556 0.361045 0.203209 0.349169
5 0.659091 0.147268 0.644385 0.154394 0.632353 0.171021 0.631016 0.218527 0.639037 0.330166 0.648396 0.560570 0.655080 0.629454 0.656417 0.688836 0.664439 0.798100 0.669786 0.812352 0.728610 0.809976 0.735294 0.795724 0.724599 0.610451 0.719251 0.570071 0.695187 0.163895 0.685829 0.147268
5 0.514706 0.235154 0.501337 0.244656 0.497326 0.254157 0.522727 0.745843 0.525401 0.764846 0.540107 0.781473 0.545455 0.843230 0.562834 0.845606 0.574866 0.838480 0.573529 0.771971 0.585561 0.755344 0.586898 0.745843 0.564171 0.418052 0.556150 0.249406 0.549465 0.237530 0.536096 0.232779
5 0.060160 0.441805 0.037433 0.446556 0.033422 0.472684 0.020053 0.850356 0.024064 0.862233 0.025401 0.912114 0.032086 0.916865 0.053476 0.909739 0.060160 0.852732 0.060160 0.833729 0.054813 0.814727 0.054813 0.769596 0.062834 0.584323 0.062834 0.520190 0.068182 0.453682
5 0.097594 0.263658 0.080214 0.263658 0.074866 0.277910 0.058824 0.755344 0.058824 0.821853 0.062834 0.836105 0.062834 0.864608 0.057487 0.900238 0.064171 0.904988 0.094920 0.900238 0.101604 0.890736 0.101604 0.786223 0.108289 0.646081 0.110963 0.415677 0.116310 0.389549 0.118984 0.292162 0.112299 0.270784
5 0.143048 0.399050 0.118984 0.403800 0.112299 0.420428 0.110963 0.603325 0.104278 0.762470 0.104278 0.819477 0.106952 0.831354 0.105615 0.890736 0.108289 0.895487 0.144385 0.893112 0.148396 0.888361 0.151070 0.871734 0.157754 0.408551 0.152406 0.401425
5 0.568182 0.161520 0.554813 0.173397 0.553476 0.192399 0.562834 0.308789 0.564171 0.368171 0.594920 0.869359 0.600267 0.876485 0.655080 0.871734 0.663102 0.866983 0.663102 0.814727 0.640374 0.486936 0.624332 0.182898 0.618984 0.168646 0.609626 0.161520
5 0.228610 0.263658 0.213904 0.273159 0.209893 0.285036 0.203209 0.786223 0.204545 0.809976 0.219251 0.826603 0.221925 0.890736 0.248663 0.893112 0.254011 0.881235 0.256684 0.819477 0.271390 0.800475 0.267380 0.757720 0.266043 0.289786 0.259358 0.273159 0.251337 0.266033
